8.480758625919643023e+00 -7.437716281076079738e+00 4.821385140444021111e-01 6.806640889578723375e+00
5.654234003419963628e+00 6.586168720304935498e+00 -3.847651866133808607e+00 5.256753610219206507e+00
-1.537608561509254512e+00 5.792435018111059541e-01 5.705935055814291168e+00 -3.613879071644553242e+00
-2.794843511677211012e+00 1.433486865267556087e+00 6.092953302941289451e+00 -4.814121203177784025e+00
1.523208536447270944e+00 8.496712091838405811e+00 -9.527860286482379593e+00 1.351956691131098953e+00
5.843563633609194508e-02 2.506461979837508292e+00 8.024701152165999218e+00 6.495112409702133327e+00
-1.235650548833337137e+00 -4.265831304862363282e+00 8.105078428405626312e+00 6.835596440183766553e+00
5.855139639905948989e+00 3.310348277326093047e+00 -6.689370222366132879e+00 6.382994334293268679e+00
6.090826839499074552e+00 1.002711186318925751e+00 7.967347816930236526e+00 -4.915672401331736552e+00
7.437729983148356538e+00 -1.728832749449029649e+00 6.476737628937924818e+00 -2.938777310524307573e+00
-1.276745398288817057e+00 2.515173386313572124e+00 7.154020521593752235e+00 8.838085793162246517e+00
2.040766527435059707e+00 7.048263765660281344e+00 -4.877415595558094452e+00 5.237914018248721604e+00
5.054974050156936016e+00 6.521341362129429164e+00 -5.321550629134030430e+00 4.360759493328539627e+00
1.398864069557700152e+00 -3.863098462579127812e+00 8.747785387648422173e+00 6.414802743133105167e+00
-1.136297895803475511e+00 -5.530923946010196879e+00 8.400356615679402950e+00 5.069186664957296529e+00
5.732666040010188091e+00 -4.901895150406103241e+00 -6.639441409653330517e-01 7.669430697067926239e+00
-1.419545624188111477e+00 2.980267903168927646e+00 6.183346972358095606e+00 7.776546742973136972e+00
4.659021813821118130e+00 7.603654494121165008e+00 -8.248864620571973560e+00 4.882754256592056752e-01
-2.879239368321830028e+00 2.646476829989083068e+00 3.134499303923786506e+00 -3.837332169663720816e+00
2.606189193426621920e+00 1.043073429943007469e+01 -8.899578859429317035e+00 1.053956930921572388e+00
7.275154748393715565e+00 1.328721698440666010e+00 -4.481054062255340753e+00 -2.948517658112131734e+00
6.844031750461599728e+00 7.939369776214636687e+00 -4.366085504583015364e+00 2.708567821172086276e+00
8.861952270229050299e+00 -5.142362635403520343e+00 3.699554764239697757e+00 6.286973656174971836e+00
5.263120458016424585e+00 -1.458641257994032880e+00 7.032915562486174998e+00 -3.365738948666315622e+00
-1.717183970727001796e+00 -4.220390441097013223e+00 8.249496771921517535e+00 6.314151151123344796e+00
6.744391512175248238e+00 -1.702518386549223717e+00 7.742092734457272307e+00 -5.329720360087085496e+00
8.066507778853848620e+00 -5.831646007602802051e+00 -1.588701827673473232e-01 3.300462987556721295e+00
-8.392009517311284084e-01 -4.876965706878100271e+00 7.839123014964210157e+00 3.815182599505064331e+00
4.352711329802326112e+00 7.786914254545880709e+00 -4.384053437440282863e+00 3.079654676229303778e+00
-6.306637458755152137e-01 -6.146134087040002747e+00 9.912298248783125487e+00 2.740439866185377493e+00
-4.521850249394832044e-02 3.296974005926627260e+00 6.381357789221151933e+00 6.911572590806374095e+00
5.330783201197169419e+00 6.088833799269310454e+00 -3.203910699435716491e+00 1.911886819600447929e+00
7.599110195934739131e+00 -7.581372086820256762e+00 2.466991319090988011e+00 6.254002761093238050e+00
-1.874179606755709715e+00 -6.443567346863634526e+00 5.047927397784807368e+00 7.086068451911329724e+00
7.617121127225011890e+00 -2.908279110753309915e+00 8.189107901729043348e+00 -7.004082211608821495e+00
2.783960114518718054e+00 9.600850890177893504e+00 -8.214522926287683546e+00 3.467696669430301526e+00
7.039830385289301162e+00 -7.891129981866191301e+00 2.113396608054802783e+00 7.463939195047503361e+00
6.099597374488540780e+00 5.454197383828920387e+00 -5.145738375758580396e+00 3.555012307542072758e+00
2.962357580365833520e+00 9.620795205914586035e+00 -9.459670065232954173e+00 -2.361707646497273050e-01
8.283205364845953156e+00 -6.974067163236596478e+00 5.514434073867702235e-01 5.092882029544023581e+00
-3.298759681901902940e+00 2.018194984622280863e+00 6.865057690486890074e+00 7.513577899901633828e+00
6.892450318556362809e+00 -1.662736634363901844e+00 5.384577290701030527e+00 -2.861552096313415561e+00
-1.967760393509030203e+00 2.558764046779870238e+00 6.199452338325178502e+00 8.211311104431684882e+00
-1.929602587992233609e+00 5.357011599707699467e-01 4.214077090309611862e+00 -5.231545863977865807e+00
-3.218592023752631093e-01 -5.418052307972983428e+00 8.840952861564337795e+00 3.667582650363010011e+00
8.321101227752595975e+00 2.576211473323052559e+00 -3.730008131710149666e+00 -3.589250516540178904e+00
2.070174198363944562e+00 1.023502602023419072e+01 -8.553977885300032113e+00 4.826211716246884276e-01
2.411803187908609480e+00 1.129426369275054576e+01 -8.085112200078137690e+00 -1.747677292741622868e-01
-2.259467086847499750e-02 2.802078195248461689e+00 5.221790908471785286e+00 9.124958631501678852e+00
5.941508578549737685e+00 -6.783643478090849221e+00 -1.591691564723074492e-01 7.024264538202419139e+00
3.381073842513194538e+00 6.968465753281511965e+00 -6.383763236633972049e+00 5.270540924502030933e+00
-1.186623798941571550e+00 2.985970380644242805e+00 7.171348040881786901e+00 8.182933247130751653e+00
-6.601726070719177164e-01 -4.229325735876884096e+00 7.376602127873304049e+00 5.443345834821323947e+00
5.540153114317813987e+00 -6.006405177470944601e+00 1.578919738168889531e+00 4.939517437945266209e+00
-1.972898360256893913e+00 2.749167222850530834e+00 4.887929774733028587e+00 -3.707283486274056905e+00
5.809455855745984998e+00 -3.487132252013654288e+00 8.678503384412529442e+00 -5.030247945109742602e+00
-1.413538899696990869e+00 3.749875913429737917e+00 4.989677220854487061e+00 -4.713741968420374739e+00
4.802370875965898733e+00 -7.736693342332812584e+00 -1.316291078176733631e+00 7.265159059241920403e+00
-2.359342325210047608e+00 -5.294899390951878893e+00 4.779688009966454487e+00 4.498400250794947652e+00
-8.399301768378942823e-01 2.649428989986673866e+00 5.651194204195573612e+00 1.027506614523426798e+01
1.540776870140496246e+00 1.105209190916523987e+01 -8.090140804398819441e+00 -2.080898759491508265e+00
5.942682545979931064e+00 -2.200505977784128042e+00 6.824061589428129793e+00 -7.570856044191856427e+00
-7.263457850484053013e-01 1.084266890543998940e+00 4.928607191221492378e+00 -3.549703690295824554e+00
8.060151072787084203e+00 6.225956759581866784e+00 -5.856830154037489855e+00 3.585981523353907185e+00
8.096392575940274838e+00 -4.380563554810418481e+00 2.650787487117174379e-01 6.595402710929302970e+00
8.257943682884123504e+00 -1.171354530873200739e+00 6.411253268825391594e+00 -3.286583933415438530e+00
-2.456303752799656515e+00 4.610414423853489652e+00 4.839007573105917892e+00 8.608491455860511010e+00
7.745130522224911829e+00 3.824236795948410816e-01 -4.271096362264862556e+00 -3.835269336126958972e+00
-1.862867296995039501e+00 -3.370075311418241348e+00 7.456512181916107984e+00 4.001204955568807620e+00
8.274438134453049543e+00 1.555670092990618869e+00 -1.758166733365279288e+00 -3.296033027977769425e+00
2.959064638392319146e+00 9.445725937861022103e+00 -8.413252931502993803e+00 3.763534442540157787e+00
-1.250135058621727691e+00 2.283735080323081590e+00 5.244789252613427877e+00 -4.283140959620545196e+00
3.084349716447043033e+00 5.628726122216866301e+00 -4.350768373851315651e+00 4.045981478627183492e+00
8.189761112439802204e+00 1.158197973404528458e+00 -2.825272533090871008e+00 -2.866890959182698762e+00
7.159049258090554702e+00 -4.256961955097043671e+00 8.291048290057743131e+00 -3.478088125977674139e+00
5.759721082003159687e+00 4.875900443710253995e+00 -6.038026144711454712e+00 3.754181874428579757e+00
-2.704851390901383823e+00 -6.390684820604090710e+00 6.857275475778450868e+00 7.243604474558535955e+00
6.144555343329232144e+00 6.053010177493780120e+00 -5.535733718166106598e+00 2.093345791350934348e+00
6.997633993689965415e+00 -7.597974191002226263e+00 -4.103728826171546551e-01 6.030866043855857228e+00
6.278429060346268464e+00 -5.772392586721365682e+00 2.630145938138624739e+00 7.139053869784889095e+00
7.203074527499959245e+00 -2.643399810265877115e+00 7.937855605738706188e+00 -6.316913696301093673e+00
7.317632829681263829e+00 -6.738463035368047471e+00 2.879305901754677155e+00 7.418035963263931443e+00
6.029718807698010163e-01 9.400739900134691851e+00 -8.680181449394231308e+00 2.893571349883386823e+00
1.035285502517794276e+00 8.228084671589295240e+00 -8.927430613639440793e+00 3.120729347493058636e+00
-2.111297056718842935e+00 2.567516109792967516e+00 3.863089235262404220e+00 -5.236508309011864704e+00
-6.790049561521815935e-01 3.287051557031306803e+00 6.524975694468069243e+00 7.126540902728727644e+00
8.796414859002545938e+00 -1.332071216256049961e-01 6.904581283791497270e+00 -7.063953238841053306e+00
-1.906382859237520266e+00 7.645406577436628659e-01 5.994662313254598196e+00 7.789813424991318236e+00
-1.031903532193289230e+00 3.122008707764625246e+00 3.371735696431927387e+00 -2.989091864474025861e+00
1.499103464147293119e+00 8.871818472812391221e+00 -1.172551814105474577e+01 1.775576186334031581e+00
2.898948972433792015e+00 1.010366484156616629e+01 -8.759634809625334029e+00 1.096501521014250802e+00
-6.026793422331986338e-01 3.139956291335634475e+00 5.083962180870202019e+00 -2.877391714690589630e+00
-1.367066641987943143e+00 2.179895752604472658e-01 4.190879743107754685e+00 -4.600889407624136673e+00
-1.353663330957697308e-01 2.410680917828939229e+00 6.979057578557569919e+00 7.348185763525007630e+00
-2.248344318175365064e+00 1.796529699607111175e+00 7.941766149079733772e+00 -1.918136201203065827e+00
-1.381385152028614671e+00 7.960296174988973350e-01 2.361511414022125610e+00 -3.833696765963131803e+00
6.725933673904303411e+00 -4.360223686035769930e+00 2.447547224268987076e+00 8.884272272805311843e+00
6.861912882303733419e-02 1.357742811555640028e+00 5.939178872076140259e+00 -4.197215803936977352e+00
9.361071807342121076e+00 1.322684772240911855e+00 -4.624398392464621033e+00 -4.046005782327547706e+00
-1.425349447339020470e+00 2.673915550820018083e+00 4.932911340272780443e+00 -2.296788092623298638e+00
-1.788399092346977248e-01 -4.991105512323942506e+00 5.958520430142875135e+00 5.246509028096948413e+00
8.078114516734020256e+00 2.396533875543727099e-03 -3.382587247994531143e+00 -2.417932670138990492e+00
-2.347483871775858155e+00 2.403230082183269722e+00 3.624232347117673392e+00 7.886842604217827457e+00
-2.075166207232667759e+00 -5.785090130495015082e+00 6.181286017756734807e+00 4.293559310713641608e+00
-4.297942467422162238e-01 1.985132215453767834e+00 6.151767177140687437e+00 -3.251196857738937851e+00
-1.026440322890171952e+00 3.552947018263645784e+00 4.884798086069588763e+00 -3.069717220455777440e+00
8.648089775218423370e+00 9.607459550376158397e-01 -4.580373026938240777e+00 -3.016760654175528078e+00
4.504801472711321253e+00 -3.557642359690299294e+00 6.194323705115912126e+00 -5.830057634947446665e+00
6.091781188866534968e+00 -1.142461826319792761e+00 9.175755164126343288e+00 -4.174970911367481996e+00
1.347482591613736957e+00 1.019615292467054957e+01 -9.592005737815785693e+00 1.195177451367364085e-01
1.773918666019478119e+00 7.997738488523296496e+00 -9.050735465260073553e+00 2.292104438959661650e+00
5.541463215728064995e+00 -7.232890948252539864e+00 2.297843049477990895e+00 5.103340579122706444e+00
3.008209781489341594e+00 9.425974498671029878e+00 -9.210158137093122477e+00 2.427609758059195322e+00
8.827235715180773212e+00 -1.749653243832104188e+00 9.044067276659104593e+00 -4.061507928839105830e+00
5.274106244782018393e+00 -1.621880714486277020e+00 8.017822270808093066e+00 -4.184605465999182705e+00
3.777909155419362897e+00 8.923044731002134355e+00 -7.969909466166813949e+00 1.551338824935616811e+00
-1.683567633768414229e+00 9.180538700564864207e-01 5.881573074106118959e+00 6.295485660005502915e+00
-3.026749368170325472e+00 -5.135378480725640848e+00 8.056086941459598805e+00 5.875030946354359074e+00
-1.405935687460470040e+00 -4.809242567961732995e+00 3.642794835104973483e+00 4.821488871166485168e+00
-2.955844774222286642e+00 1.633270097698088730e+00 6.443587498998782692e+00 8.335255769913000989e+00
-1.169256411828649922e+00 4.148066058400412537e+00 6.444923868677155276e+00 7.517640737400904882e+00
-2.749515467864240392e+00 -3.516760789857816594e+00 8.544581837566559201e+00 3.368014470113749326e+00
5.483641506119444564e+00 -5.711070645713577143e+00 2.548224448414238896e+00 5.524759930139757635e+00
7.616077872692645911e+00 -7.141624044053674680e+00 8.500620023031855155e-01 5.437143708402497388e+00
4.658966399115916701e+00 6.107101879398562971e+00 -4.241865281064720605e+00 4.949760540932607533e+00
-6.718804137768892293e-01 3.565756096832834565e+00 5.362813658108580128e+00 -4.102837194252914266e+00
6.918186177506429502e+00 -1.528016009250171559e+00 9.136296386008252668e+00 -3.983677578868630498e+00
4.879946172198366128e+00 9.497478062812835020e+00 -8.816142178927607986e+00 -8.538403802507361640e-01
-8.170865725979190586e-01 -6.098775722664152354e+00 7.206634498715001058e+00 4.242963783684041701e+00
7.052885625219786903e+00 -7.542961929907702867e+00 2.782679047940767703e+00 5.800381807946090262e+00
7.148317817308306843e+00 7.560829662415347041e-02 -5.004414799414535153e+00 -2.775851771667807277e+00
8.627945369916822926e+00 -3.836235377796016088e+00 1.070727581374318893e+00 6.588738163936580960e+00
4.916408196080722881e+00 7.353108591901468927e+00 -4.875421932584860230e+00 6.151314369989236752e+00
-2.307870684693697605e+00 1.819790726778344636e+00 4.067473644891894224e+00 -3.719949878342635685e+00
-2.116047390098525049e+00 -5.263816451334146329e+00 6.153259131366045409e+00 4.701284174540917071e+00
2.328152249689985354e+00 9.215264873481746832e+00 -9.188135332101445840e+00 6.006582789753878160e-02
-1.446670005478313481e+00 1.220335258095403441e+00 3.587131828311771908e+00 -1.847230039288410897e+00
3.833392085577929098e-01 9.716507298559415418e+00 -8.666615374806452721e+00 4.554757467744297017e-02
5.831162919412256507e+00 4.864915818804879777e+00 -6.776613114819377337e+00 4.491314360044348142e+00
4.437656161780956232e+00 6.035981036305560821e+00 -6.082337523296478032e+00 2.561771398554617107e+00
3.649378286358226919e+00 9.993680236923333737e+00 -1.025197732940636364e+01 8.912948662911038822e-01
6.719382725512842214e+00 -3.755992937722492986e+00 3.531760061439952025e+00 6.742512101762405230e+00
8.699847423144754899e+00 2.262809218128704281e+00 -4.538896937866061521e+00 -3.418852329084521191e+00
6.206061403909663099e+00 -6.152559653071897117e+00 2.752595050544491606e+00 5.990658927199691952e+00
8.324816403662390840e+00 3.308490677695954396e-01 -4.681050574878951487e+00 -3.925325320321950251e+00
-2.080586416856110787e+00 4.317560363443029736e+00 6.885991190177803034e+00 9.847388460584372893e+00
7.184388512112591663e+00 -5.362871483559653818e+00 2.029063896154292390e+00 6.576695343725521781e+00
6.603430729212155903e+00 -6.899243192696284055e+00 2.785744064034982426e+00 7.248773083123340122e+00
-8.706018377060998903e-01 9.977148371535643490e-01 5.877888107058065081e+00 -4.510182541550673108e+00
-1.282322443760038233e+00 -5.689477445285367807e+00 5.482716546609953667e+00 4.645795262369688317e+00
2.208306198099835971e+00 1.027948255694065516e+01 -9.023791096861817351e+00 1.925132046342921122e+00
-2.336137971865013263e+00 3.550458569486523164e+00 5.924810293100514436e+00 1.018956729954909690e+01
-4.421013926485466428e-01 1.678238233863881712e+00 5.625248726948050226e+00 -4.438409163692473847e+00
-1.075315198218452561e+00 2.317622682053841920e+00 4.568525980671777731e+00 8.609838651651973152e+00
7.373779016616398785e+00 1.195521253956030705e+00 -4.869448718339539184e+00 -5.135466884805669707e+00
6.312379681819103361e+00 6.236695456308224195e+00 -6.055374095367566767e+00 3.891447663121504252e+00
3.777309121607594022e+00 1.070519818905559539e+01 -8.528623755898788517e+00 2.178484049689692892e+00
4.216758836259468346e+00 -3.495369853231986124e+00 9.588960107869908711e+00 -5.869635314305337026e+00
3.275685690277847062e+00 8.863255630162285570e+00 -8.593972311537285691e+00 -6.462161520128795189e-02
-2.241746216630252864e+00 -4.391602865679311130e+00 7.497430983983093711e+00 8.779530331296532708e+00
-1.199192435809498747e+00 -6.524192723773381886e+00 8.256696722566097435e+00 5.017006496568454210e+00
8.260423640426055591e-01 4.659561528301443545e+00 5.762475143974010727e+00 7.088273477677928369e+00
9.929185085747174178e-01 -1.504716276052457946e-01 4.384079171297170952e+00 -5.163406897156631814e+00
-9.728844539934019542e-01 5.650724378103259227e+00 6.086766725885113694e+00 4.702628312319037107e+00
-6.004391098299819429e-01 4.792360239394612975e+00 8.475827323785825484e+00 8.737128236885885357e+00
-1.983783788446453311e+00 7.443124972497554559e-01 3.120817469951686185e+00 -4.987647295921013857e+00
5.819554903253663092e+00 -2.341101974083112047e+00 6.755455805111083123e+00 -5.235163577837768756e+00
-1.365768407283836527e+00 5.549272573647568763e+00 5.378698467857542020e+00 7.928960201416574982e+00
6.631754682813816970e+00 6.303600629594718008e+00 -5.584953240928674845e+00 4.479089325071968553e+00
4.129051764973990402e+00 -1.862828303697104948e+00 6.913429272836668638e+00 -4.641494349386229956e+00
1.884321321779030889e+00 1.209288854416692871e+01 -6.835389930089011301e+00 1.718438603419224053e+00
1.188141964052262800e-01 1.026896888496950844e+01 -9.516666698389759205e+00 2.717069647844048141e+00
8.111655775144667402e+00 -8.011405764673135366e+00 2.794198645384022406e+00 6.883354548501759318e+00
3.586099134348699646e+00 5.379101244978198970e+00 -7.050016347746916878e+00 1.449115305371011075e+00
5.927307517757521182e+00 6.105723103873814672e-01 7.868189874396621875e+00 -3.650459973225391064e+00
7.949645970232669612e+00 -7.228577126163055588e+00 2.241503322325779202e+00 5.357451715278018334e+00
7.261281632913354933e+00 -3.920946198417519124e+00 1.091497514822802195e+01 -5.293424368286904880e+00
9.303971433153927606e+00 2.202612626128211737e+00 -2.349122609279038265e+00 -4.021611870380313647e+00
-3.457980583161860633e+00 2.247787966606920040e-01 3.625132788372509740e+00 -3.902585395658102474e+00
7.605676140866918011e+00 -6.631648740846783241e+00 2.048777850323380001e+00 7.195125674537584004e+00
6.760440616782029899e+00 9.166502966126440555e+00 -8.015653833105087500e+00 2.905050644282512806e+00
5.536149466342166647e+00 -2.263934502518557323e+00 5.715866844911742461e+00 -5.696174543134670643e+00
6.611365194344721807e+00 5.204110460806794514e-01 -5.366071626289825147e+00 -4.743209039789842763e+00
2.564553821967330727e+00 1.043987571724891517e+01 -6.859789103776713581e+00 1.226040538237153532e+00
8.668635289110390829e+00 7.317829881299109385e-02 -3.630265060614390915e+00 -4.805868888124602556e-01
7.596988251067847919e+00 -2.246333240128661757e-02 -5.019085039110321667e+00 -3.061455540313121837e+00
6.554274278717837632e+00 -7.470221333361694027e-01 6.266073328678734455e+00 -5.050580144283553174e+00
5.122691758886543489e+00 4.361907022622311558e+00 -7.263077408386526379e+00 4.445036799131927729e+00
-3.537302209510236217e+00 1.256588525824271052e+00 5.789314623429405948e+00 -5.250226772134277020e+00
-1.094557482233019741e+00 -6.040178709720606776e+00 5.984452216016495463e+00 5.532104624729845987e+00
8.504866764596853201e+00 3.472343796681231609e+00 -2.929329548462380473e+00 -4.247393962987255023e+00
-2.389482446393973891e+00 -3.603764947391263185e+00 7.898986983630205572e+00 4.607744755974310102e+00
-1.583918717485456984e+00 -4.401553932558347704e+00 5.705372665485325179e+00 5.388343302589417405e+00
-7.943802553703573910e-01 -3.961300151620155141e+00 8.426921681086703586e+00 3.634924812319571874e+00
7.990902578085780306e+00 -7.400692097556126114e+00 2.770633535808444403e+00 6.168492981390451213e+00
8.585399426451043592e-01 9.157602217517311516e+00 -8.465948202465201078e+00 3.888611083276926728e+00
6.137940921273509431e+00 -2.115341403959900557e+00 8.283187965529087649e+00 -7.140437411974745352e+00
-2.071395648616809027e+00 -3.799394186669593054e+00 8.276441021413692312e+00 3.195065920375166790e+00
-1.415797595300446909e+00 -3.834005072959500104e+00 6.242560908193141245e+00 7.579818630859743500e+00
3.247443919328109718e+00 8.933508671609173390e+00 -6.596596258292889203e+00 3.205374492301926281e+00
9.858220304989627536e+00 1.362390441024756260e+00 -3.149029202489679768e+00 -2.775537173029464011e+00
6.802987901619397704e+00 -1.452547397751944747e+00 8.795498505533508649e+00 -5.260461464471164028e+00
5.241471172326088279e+00 7.448307343018536031e+00 -4.216251875103964153e+00 4.594742947988472714e+00
-1.279129456008764931e+00 -5.628657727076502582e+00 7.268489407300096516e+00 5.616814294007588693e+00
8.202589333690582407e+00 -4.461865026227171072e+00 2.945638215106040736e+00 7.086126197116269232e+00
7.482554969312125159e+00 -6.792931318113677008e+00 3.408558327368149676e+00 5.678292498655283183e+00
-2.083102317270195236e+00 1.854379743875688380e+00 5.342371462938189097e+00 -5.751703674340427064e+00
7.104625403314592802e+00 -6.130950152423634947e+00 1.398490342187051816e+00 6.562907780793337587e+00
9.628392245768807811e+00 7.972408641518838879e-01 -4.053643771401763019e+00 -2.460284087731360536e+00
5.658595238091224111e+00 -7.614885705053035636e+00 1.076807040977846741e+00 5.766177127383315337e+00
5.839277177160998811e+00 -8.044661017464795449e+00 2.332375643241502594e+00 5.865222528786922851e+00
9.488749950491200735e+00 -5.276202382745669439e+00 1.891538506864442137e+00 4.717706659518624335e+00
3.890952175578717309e+00 8.792624867811616340e+00 -8.830111229932159134e+00 4.421714006405200514e+00
-1.555855732111706358e+00 2.127852225652912210e+00 5.339948190564626884e+00 -4.031991001359552129e+00
7.765166164910802138e+00 -2.286270153366736224e+00 7.472912085485986289e+00 -5.912935211963491255e+00
-7.377376571660078097e-01 -4.949889435917416591e+00 7.131167765028262551e+00 4.407262984509905834e+00
-2.369549438620879300e+00 3.840857245950656029e+00 4.709208830903443221e+00 7.869139417852205831e+00
4.501094316954711516e+00 6.401448171346445726e+00 -7.455292474909185785e+00 4.424436351260074396e+00
5.762152504491390381e+00 -5.677798382730999682e-01 6.385452924252916773e+00 -6.382648558928830873e+00
8.227677677449177551e+00 1.478079712502698317e+00 -4.050861544230465405e+00 -3.635794899582700523e+00
1.061715893543708766e-01 7.514166914524588181e-01 5.915196206259731859e+00 -5.847625265980667564e+00
-2.260911454188687664e+00 1.103841459324712915e+01 -9.986908784106189430e+00 2.026950344258162673e+00
-2.679185995196508685e+00 -6.027640706052442177e+00 4.234546277808445502e+00 4.686387911677236673e+00
5.066617209362269669e+00 5.953320248330154385e+00 -5.778363355794990497e+00 2.641256540344327775e+00
-3.392226999424025724e+00 2.423540368903000175e+00 6.906827121852519014e+00 7.359017034219873743e+00
4.402267536355694233e+00 1.037633041043025273e+01 -6.756236104006952736e+00 3.716044045260506135e+00
-1.312240871601916270e+00 3.663220596361578707e+00 6.631448714015087731e+00 1.076940124224481465e+01
4.626986345956391133e+00 -3.353699993251995082e+00 7.186510460795543231e+00 -7.236047026034792218e+00
3.692696759052654265e+00 6.376095305228488108e+00 -5.581417530436539209e+00 3.431958719474642816e+00
4.997345789906504798e+00 5.065017031022142291e+00 -6.087184007464638391e+00 4.354772401342782651e+00
8.628251427270189566e+00 -5.149419305828621063e+00 1.911030474660654344e+00 7.902504565774243872e+00
4.657755064676116774e+00 7.771615787467608172e+00 -7.311598409365291040e+00 1.328857344959958109e+00
8.308014195009372216e+00 6.863818940739148111e-01 6.940346471333401546e+00 -5.606925234214376275e+00
7.999135671381480961e+00 5.245723843107503725e-01 -4.858778249009202632e+00 -3.238658968256035831e+00
6.935933737700523238e+00 -3.691308373571803081e+00 7.143996594755525287e+00 -2.935765453296224514e+00
5.884191507473541805e+00 4.901244381276191220e+00 -5.591859052222746485e+00 5.572234388959969920e+00
6.151039560634852243e+00 -7.072166456157511050e+00 7.081621564184035211e-01 7.962024674297000892e+00
6.077623651114453907e+00 -4.872515371927130801e+00 8.562529594153585055e-01 6.853624516981147607e+00
5.501724914372019271e+00 4.881647763087620717e+00 -6.118853943218713454e+00 2.847572944830774944e+00
-2.869645985664994292e+00 -7.241658863464599527e+00 6.917490075432477958e+00 4.092538878874677266e+00
-1.948562356214507130e-01 2.725115488325601021e+00 6.681009394239665333e+00 -2.822401573062749414e+00
-6.520741158584257846e-01 2.131787792766346890e+00 3.936783776436215465e+00 8.017154983106763666e+00
9.787384232720432564e+00 -5.712941967501945495e-01 7.615568475532792370e+00 -4.538749282596375778e+00
2.458148917679598533e+00 9.817856151286282085e+00 -1.170600362038068099e+01 3.304545605157494848e+00
4.919377839651637441e-01 9.677397938450715387e+00 -8.874323149044313297e+00 -1.217900536777914322e+00
5.366470039797470726e-01 -3.572467719200596914e+00 5.019633325838786853e+00 7.220814123827013375e+00
2.453206000943096932e+00 6.742119167369766686e+00 -8.181507796119294795e+00 -2.135457412225127971e-01
-1.609537037197965592e-01 -2.626625476598849929e+00 6.710444945484958623e+00 6.957140700295966873e+00
-1.638886578405942762e+00 3.281653965748488666e+00 7.234879135981334919e+00 8.403339108131998358e+00
6.776297836032312283e+00 7.428660582392486944e+00 -5.985970146317511009e+00 1.301593590009655799e+00
6.309169328078160000e+00 -7.728187833506718007e+00 2.019433252937174128e+00 6.000535130362545821e+00
-1.043470730992259288e+00 2.402946673683113321e+00 5.128595018371012060e+00 -3.203882072783304835e+00
8.719444633162670044e+00 1.724404929639063777e+00 -1.582150562010016248e+00 -3.664738279587132830e+00
-2.519242008057744897e+00 -5.093549387833791187e+00 8.266308053626982399e+00 2.859085228416907487e+00
4.475241714841674323e+00 4.713295307627216602e+00 -4.940434196532335953e+00 1.200962713655729264e+00
-2.009510101927269865e+00 -6.116829229945531132e+00 9.353627926379136426e+00 4.644487617025768067e+00
3.053788782124866596e+00 8.070542934196650364e+00 -8.567000901750509101e+00 3.159042821627517927e+00
8.852733345779292051e+00 1.173991198651354040e+00 -5.712505729743863725e+00 -1.883624068848043009e+00
8.008746436670881153e+00 -1.378195352516009553e+00 -2.906321912039941502e+00 -2.884994896508076057e+00
6.880729867299144153e+00 -8.911319175456378083e-02 6.478175847793959719e+00 -3.582958342880080416e+00
3.482636991783945923e+00 9.514907431477000799e+00 -8.522506715927013587e+00 2.496199791915086230e+00
4.235001763929893137e+00 9.026698755390928142e+00 -7.500430620257082737e+00 1.127302363378324124e+00
7.965484403022655258e+00 -5.582831430864403366e-01 -5.841119567806412505e+00 -3.022922651410829165e+00
7.978645023723219154e+00 1.818731878656591805e+00 -5.565058772799580389e+00 -3.577429558465859749e+00
9.097287846980908199e+00 -6.721014809111347965e+00 3.743558654025174626e+00 7.969040195466816634e+00
-1.373776193088772191e+00 4.664945396790513676e+00 4.337579957733439961e+00 8.263524657121580574e+00
7.448291439824330951e+00 -2.845144240556007897e-01 8.662629494066436564e+00 -4.596347953870445480e+00
6.771954191663934530e+00 -1.237928194216185496e+00 6.660567100821243258e+00 -6.924200036041412432e+00
6.998044743762847020e+00 -9.746108033253096936e-01 8.224427198933414118e+00 -5.171146716489412931e+00
9.087592010037251811e+00 8.488228969017216352e-01 -1.716413334570878746e+00 -1.215762284820221417e+00
2.323903962742293050e+00 2.367966214829967164e+00 6.369120464109849777e+00 5.928285602023772860e+00
2.026577816550945599e+00 3.747239270182067816e+00 6.633138681689819904e+00 8.253230173622776888e+00
-3.143417533102322192e+00 3.238293960134534188e+00 6.157630592426412086e+00 9.916058776107494310e+00
3.396658132615909320e+00 8.849499540674315767e+00 -8.235111333571142112e+00 3.929938057782552008e+00
-1.109993137925580964e+00 -5.298173492115296312e+00 5.613844032803338990e+00 5.692534161484209321e+00
7.186353589317574730e+00 5.518203445143694097e+00 -5.527019284287101542e+00 5.928532610751922505e+00
7.192774891253708169e+00 -2.113809260510219890e+00 8.817402193274407551e+00 -4.242795093628560998e+00
5.480538227939324436e+00 -1.147757655100873020e+00 7.991551064157583539e+00 -4.396606981045687590e+00
9.710907397595811119e+00 1.965412915851209030e-01 -1.703154118800891847e+00 -2.853520561644946607e+00
3.751629246264798212e-02 -2.169849919180053543e+00 7.551913722412951557e+00 4.831972146739407670e+00
4.090451589061999016e+00 9.648627676868269276e+00 -8.946152015314693173e+00 2.525759968232289765e+00
-1.298871057847441834e+00 -3.383121978498708771e-01 4.498950528987188058e+00 -5.370401269600892036e+00
1.652597727960417151e+00 9.913907692730038690e+00 -9.854571760984548234e+00 7.928697855272416328e-01
7.690926639544920285e+00 -9.348296619855221978e-01 7.429722095651166924e+00 -5.963026184217941505e+00
7.560542787341778315e+00 -1.597192342377337315e+00 5.907195140763314534e+00 -3.212507482908865342e+00
-3.005456275914870190e+00 3.191380718043869802e+00 5.777436581247652470e+00 8.764971788789104323e+00
1.007541259126979405e+01 1.549234635227445533e+00 -4.659399820152438920e+00 -2.971693693436900041e+00
4.734780467646205082e+00 7.957357677427475018e+00 -5.597477893836044771e+00 4.237032750615723486e+00
-2.494772732688966155e+00 2.302271599457304418e+00 4.275672861254428803e+00 -3.120163701611249341e+00
-2.928964541671575272e+00 2.232255035444143942e+00 4.466949567615003502e+00 -3.967620702026790180e+00
-1.626622530339467243e+00 7.096787034705658304e-01 4.069881449187761291e+00 -2.906291663462353014e+00
5.105812420952651642e+00 4.695909106835216562e+00 -5.175037197268966160e+00 3.083752639421815545e+00
7.742278993974613499e+00 3.364633933092500140e+00 -4.329076059959348299e+00 -3.762927799674123719e+00
-1.341837863230624928e+00 -4.469665826028260014e+00 9.076448446190145347e+00 5.303449778541320825e+00
-2.309359086547341455e+00 2.114223344666797733e+00 5.429478351112505763e+00 -3.505143288466268103e+00
8.214864348726507615e+00 6.249463416402319949e-01 -3.719667093826214188e+00 -3.469389947838997124e+00
8.578922357461170378e+00 3.884269856318458558e-01 -4.116736977912013096e+00 -3.117369010904658566e+00
6.113962704869813081e+00 7.562747055258192574e+00 -6.376705823470913970e+00 5.108765970954950220e+00
1.230096424488769102e+00 3.407469381602212355e+00 7.538077447706784007e+00 8.232589771063112849e+00
6.241135592013125510e+00 6.130736835459309475e+00 -8.007412111651527553e+00 5.290032305249074973e+00
9.120250936785661011e+00 3.732075966763072628e-01 -4.529707120700575018e+00 -2.558462765768063640e+00
3.694152287719647543e-01 -4.059419199574548109e+00 8.533922698490405523e+00 5.648736397301118650e+00
-1.619183769269533002e+00 1.847531542888478651e+00 4.394101789204875708e+00 -4.543931642889887712e+00
-1.376140381426272929e+00 -7.036175836542626350e-01 6.109425345538972429e+00 -4.160032312824998080e+00
2.169135658509420139e+00 1.347361310369268139e+01 -8.984015015250438552e+00 6.290318679090136644e-01
5.074949049677968560e+00 6.762401698512946702e+00 -4.529375149468894080e+00 1.597995372392513325e+00
6.700514312970128117e+00 -1.452185371538653236e+00 -4.771054922137419219e+00 -2.703685874137668144e+00
4.926603179361473295e+00 7.241738072869672749e+00 -7.838641989652869846e+00 3.441945985628935389e+00
-1.495846099898919146e+00 -5.845637380125276117e+00 7.601832597266126257e+00 6.783238137407693102e+00
1.642273770083034101e+00 2.175764845891985821e+00 4.487064123020759965e+00 8.230899412698455819e+00
-1.363583811555003855e+00 -4.673598926511198570e+00 8.985154742423580032e+00 7.476337967520461980e+00
4.716828208116026211e+00 6.875598361957383275e+00 -7.006145830416834919e+00 5.185191573125145226e+00
5.878801824238301776e+00 6.068324185945062510e+00 -4.779661194672359059e+00 5.493304674487142769e+00
6.390609319675403910e+00 4.450947626238281885e+00 -6.478464204873740862e+00 6.546358608000107715e+00
6.912122222839750307e+00 5.941021214070074663e+00 -6.051018895841763445e+00 2.773183597147445667e+00
1.549340906980277932e+00 9.111476032089770527e+00 -9.531377854048926679e+00 1.179863410572542293e+00
-1.398282959603082132e+00 3.882776581039925734e+00 5.443701177984255679e+00 5.787040560626069308e+00
8.388664922740307617e+00 5.357601113029064610e-01 7.534801888457700159e+00 -4.690436372834033918e+00
1.934347381736130966e+00 8.907524371973035926e+00 -7.689729657378009620e+00 9.744759748818316858e-01
6.160679461066809637e+00 -8.732629643917128703e+00 9.027438996528109882e-01 6.584437010577257610e+00
-1.685865455069955887e+00 5.801593246077447752e-01 6.128349041268148056e+00 -4.319228323129302716e+00
2.076282221233614944e+00 1.068905027630700744e+01 -9.047542117649504334e+00 1.733390093767556150e+00
-2.268909447678106872e+00 -2.141270389856277045e+00 6.041747494329357870e+00 4.189377458715610736e+00
8.286888323708078374e+00 8.690165893352178594e-01 -4.831650351057531267e+00 -2.350861444467812422e+00
-9.259564810522278311e-01 2.686254357249333147e+00 5.355813440946659121e+00 -3.116185309533744174e+00
-2.610821302586204595e+00 6.834513372493362660e-01 5.913764132400166851e+00 -5.024848821601232807e+00
6.318952197408572502e+00 -8.132684012140608543e-01 8.428665881181348851e+00 -3.518314812278536152e+00
7.023709000291205484e+00 -1.339133945263395464e+00 7.133646018468950523e+00 -4.398449468958873787e+00
-1.343601322293206168e+00 1.515796645974786694e+00 3.555785091522000840e+00 -5.457757083559831024e+00
9.806070970548081078e+00 -7.537810567798297612e-02 -5.546937071738640590e+00 -3.896061519904361781e+00
3.525278681091468691e+00 5.883963807020703207e+00 -6.023737958142609372e+00 3.600985582290505249e+00
-2.635153044640359710e+00 3.012557969070265518e+00 5.089919826993690499e+00 -2.596821370736190460e+00
3.694114360199464375e+00 1.093076226201323919e+01 -8.363037479590319734e+00 1.906690071107421058e+00
5.959099057565573787e+00 6.108939232688546994e+00 -4.544936246316926720e+00 4.983888251702989436e+00
3.732067822025493697e+00 1.010545707159499251e+01 -9.917430983106626741e+00 1.183256031574467571e+00
-1.750088347252914955e+00 2.758821941708774261e+00 4.423382568814039573e+00 -3.635511628201685497e+00
-1.451139461104467676e+00 4.157451435889667479e+00 7.820934303869297111e+00 7.995833669355198126e+00
-4.641112272402725392e-01 -4.729453452851941186e+00 8.814518264498650169e+00 7.384073364672538275e+00
-7.453112554539715884e-01 3.852245267322385924e+00 4.927409330503008889e+00 7.871433110955338819e+00
1.134007883434214659e+00 8.253004565047534768e+00 -7.379857695434283826e+00 6.827257370058936736e-01
-1.789698206363071309e+00 1.705568198391858026e-01 4.428966321830019481e+00 -4.233699995930544802e+00
7.276208324258418791e+00 -1.736525561013890773e+00 6.964799602484442076e+00 -6.133399288733200727e+00
-1.247416262720184577e+00 3.245884411340268283e+00 6.410289473473017807e+00 9.931503889053461265e+00
9.931009643656331320e+00 1.359419680800399099e+00 -3.283496216472187257e+00 -3.097398876983112892e+00
-4.320484410311713486e-01 2.409071656395283867e+00 5.629187803810778767e+00 9.486948412343894077e+00
8.396241922796825463e+00 -4.375383240123931206e-01 -3.702902132244580535e+00 -2.468291233170469390e+00
2.057900158517024014e+00 8.813592584181646927e+00 -8.637954010588932974e+00 -1.532172662926738482e-01
8.314748401716272497e+00 -6.473579695458499650e+00 2.839551181805818114e+00 8.219471876634004914e+00
7.959872119179890682e+00 -1.917048577311089463e+00 9.069226825391659474e+00 -6.157497557678200728e+00
5.674564735907361879e+00 -7.468817510180095098e+00 1.396013030290133461e+00 7.065753378667295692e+00
6.360331604821483964e+00 -1.785419803521659077e+00 6.769604251199422329e+00 -2.276371835880156791e+00
8.863830656372510219e+00 2.301412767290095918e+00 -5.184965812604851898e+00 -2.474937673874417321e+00
-2.087238375682832103e+00 1.053665534104815116e+00 7.733166975674004462e+00 -3.972821252579243012e+00
-4.160454506532127894e+00 -5.388285074856982604e+00 8.097416596867001104e+00 6.051217852487265070e+00
1.081276069338645662e+01 1.169316672714805883e+00 -5.110450553372271720e+00 1.033948875116608157e-01
-2.486502246377016778e+00 3.182435907892414040e+00 5.288088428351467307e+00 -5.835303685088469194e+00
8.596126360738201910e+00 4.003548384474814315e-01 -3.569783127272921242e+00 -4.134512474754264311e+00
3.935406988198008271e+00 6.370641078735324925e+00 -3.864944328561146669e+00 3.790879296244681562e+00
-2.133906860019465945e+00 -4.787625437487502467e+00 7.615078863057203051e+00 4.714606827517358489e+00
5.571578448520328131e+00 -4.226347824775400497e-01 9.012704966415252983e+00 -3.679511131831231019e+00
9.002991992435433133e+00 6.788196675592570450e-01 -5.548819807142817417e+00 -3.178171761840247189e+00
-1.235787219171177620e+00 -5.618134038302819988e+00 4.848077300700605718e+00 1.652673113741260469e+00
2.605000807154004949e+00 9.320245767854437702e+00 -7.506830288831220166e+00 1.581927921180450891e+00
-2.020947174130997226e+00 -4.562096668401406596e+00 7.577649625164605496e+00 4.063152858563436887e+00
-1.730094519613305737e+00 -5.061448727155818617e+00 6.946018883080787631e+00 4.146304244099224157e+00
5.699776437549589403e+00 -2.931012134087929155e+00 5.266382397499771884e+00 -5.001788098029829044e+00
8.184240174512435573e+00 -1.284541865015690121e+00 5.053978908666029390e+00 -3.252415882493973953e+00
1.237469754302707781e+00 9.828704442165783206e+00 -8.662480178543228604e+00 2.386985484214350528e+00
-2.038132098017564342e-01 -4.941567977966040637e+00 6.668872163420278554e+00 3.357506544943058113e+00
6.633888509005300804e+00 -6.198666792146228843e+00 5.195952925644894194e+00 6.441798718775045174e+00
-1.027129677051640488e+00 1.612414624244863148e+00 5.379574166250689515e+00 9.048925961100357185e+00
9.511193905405468385e-02 2.185076097938389861e+00 6.784484061042348912e+00 9.106811869210273969e+00
9.169321460538448321e+00 -8.337667492780431289e+00 2.014894453543142117e+00 4.969554445374811280e+00
2.120317847163959435e+00 9.025591126115585894e+00 -8.828422273900114803e+00 2.196995816122613299e+00
7.740698815849486714e+00 -2.265545012150332660e+00 8.836942420238239393e+00 -6.019283795226367140e+00
7.776736789465497957e+00 4.208100826338240785e-01 -5.232111664513587890e+00 -2.245694823078827174e+00
-1.261784909809297250e+00 2.355170518531458423e+00 7.239463926186723519e+00 7.715662855960668587e+00
1.179668971272764821e+00 1.078784199642454844e+01 -1.190324768737268002e+01 1.753117306423065846e+00
-2.175492856171685307e+00 -6.631049221217733880e+00 8.734087787042772888e+00 5.856204813724304792e+00
9.367838177272657774e+00 7.918188841779892906e-01 -4.454019577097526827e+00 -4.427279978202824928e+00
1.199178505771671066e+00 7.934505286591448048e+00 -8.366420117440199533e+00 2.119834098821232971e+00
6.013421867926710185e+00 -4.228918918443954844e+00 2.399521824797484548e+00 5.263193020989417548e+00
-2.400165755513976595e-01 5.089582356048691025e+00 7.686896362077408895e+00 9.081386681782149140e+00
2.661534155803201962e+00 7.598146264246551596e+00 -1.087607428010735511e+01 1.686206531458912083e+00
-1.610765659571730568e+00 -4.260360408044916447e+00 8.135544283374082752e+00 4.186115078027615510e+00
-2.136895417308307898e+00 3.168924441297432004e+00 5.770790581374837913e+00 -3.463408670485074392e+00
-2.065175687405912175e+00 -4.268353302274907612e+00 6.948492619246930957e+00 6.394543137903653474e+00
6.416162690272387614e+00 6.807583074182324445e+00 -6.039693471370277678e+00 4.909415611962977266e+00
-1.858647928648672343e+00 1.475170682723294657e+00 4.650181344220486679e+00 -3.578463651469343976e+00
8.519065147398348969e+00 -6.829489215508649735e+00 2.997243819965894840e+00 7.127945836666176760e+00
-1.517766632038585861e+00 5.055758004950241968e+00 6.555338875047358904e+00 8.551242849210874297e+00
-9.695890544975915848e-01 2.520231464632230356e+00 6.260394739323531965e+00 -4.833515265858370213e+00
2.931871780245129067e+00 7.159979902194239187e+00 -7.487024317100443582e+00 3.720724227550362695e+00
1.333675362259695518e+00 1.147620702409110116e+01 -9.487786151713585525e+00 2.609616159076644681e+00
7.052528718688227727e+00 -3.084282039565391376e-01 -4.365212676919055568e+00 -1.515071738389276224e+00
-2.762142908830875321e+00 4.849796604622314433e+00 5.561436453699359461e+00 8.088567669846757013e+00
-7.130442962075983493e-01 -5.115277922508675523e+00 7.120463436590116046e+00 4.027636403498756401e+00
7.283452107246578322e+00 -1.279973553799750308e+00 7.072688024324902401e+00 -3.425864057071810187e+00
1.043907198396368763e+01 1.775819032402773834e+00 -6.337482641995308086e+00 -4.455311039529096462e+00
9.005358252143539133e+00 3.096196033633003886e+00 -3.764515645293912360e+00 -3.394786181273061310e+00
6.055877555029680614e+00 -9.217477274071143034e-01 8.469967029620779186e+00 -2.857556037731859622e+00
-1.606081581503275846e+00 8.499729015356187745e-01 4.469195097458754873e+00 -4.206594964439076989e+00
9.433789718316551998e+00 -6.484900740815997544e+00 2.551916192269524597e+00 5.171765305832317416e+00
6.153307050887319107e+00 -4.939682267161177975e+00 2.464925523974319077e+00 7.163598921462115854e+00
-1.747758407976773398e+00 1.639181534602440315e+00 5.681684451973201710e+00 -5.162538887841611412e+00
7.295977081357142069e+00 -7.518240823046126842e+00 1.197081444357053881e+00 7.375150054322655357e+00
8.194033226219168853e+00 -6.450385515729124997e+00 4.295602209219478773e+00 4.857375090294668851e+00
-1.379081336801217361e+00 -5.068410963485492360e+00 9.654169790939596041e+00 4.338864205735136537e+00
-2.840808226192671704e+00 1.644770971403539228e+00 5.615330892213424185e+00 -3.341872410082731726e+00
-2.123066680587927468e+00 -7.014852056259565316e+00 6.307297006676316542e+00 3.881129942044360792e+00
1.126784386460861764e-01 1.718275060203333426e+00 7.102671279487594802e+00 7.792677339604293429e+00
7.806316194385091833e+00 9.613371664145402562e-01 -5.676050774161708112e+00 -1.992223768943763851e+00
-6.268080141489322799e-01 3.957375308679067505e+00 7.198188797012537776e+00 9.034147844926456727e+00
7.957627683089006254e+00 -6.926479628772713726e-01 7.387336773796559619e+00 -6.298876796200030270e+00
4.877700942857044808e+00 6.979194580030877226e+00 -7.513260414543477594e+00 3.155764778952865335e+00
-1.679741700896506318e+00 1.860366351973351318e+00 4.278250019940077031e+00 -5.033666487891277797e+00
4.203851150990379537e+00 -5.499111080826878606e+00 1.043831320533797680e+00 6.203266177835140560e+00
1.359841440855807715e+00 1.154694085667971848e+01 -8.343195411910945936e+00 1.004668772012263567e+00
7.734251435500161698e+00 -1.567542945820895373e+00 7.354601613271872118e+00 -4.329459547186370827e+00
-2.187214924557086437e+00 3.005721299720510498e+00 5.232629635707234605e+00 8.201939235021972863e+00
-2.910233716732909315e+00 1.897558455397933219e+00 3.773417658667285401e+00 -4.749947310208312956e+00
7.057898533509815664e+00 -5.333500793151423558e+00 4.590212787018083773e+00 6.110259608006379572e+00
4.710800031150665035e+00 -5.380214104409701825e+00 5.151749105455831312e+00 7.310542380942153251e+00
4.202753061114286481e+00 -2.947362719726007718e-01 7.920886849623683723e+00 -4.799010292003679012e+00
-2.746863896799047744e-01 8.986544689932417285e+00 -8.744703646847460377e+00 2.425911104125324513e+00
8.380474747402569591e+00 -8.222519183666227249e+00 5.349076523001865535e-01 8.272302942169416085e+00
4.932482248857710694e+00 7.193022613647121588e+00 -7.274224890895577111e+00 3.896556696274410037e+00
-2.297266866549905195e+00 -6.143157553753912481e+00 7.626881192668607312e+00 3.218245803521607051e+00
6.247111476960576226e-01 8.468787334900511610e+00 -8.387336556005152488e+00 1.917367755362497039e+00
-9.761404155103622360e-01 2.970142836300222910e+00 5.119015832655345655e+00 -4.707795584335952910e+00
1.984546205927339990e-02 1.707838788840220667e+00 8.363592366458977523e+00 7.156938485173838238e+00
8.984420186243118778e+00 3.875468478171961717e-02 -4.483483727800033236e+00 -2.883201559915884449e+00
9.326824117349911347e+00 2.822007208700175962e+00 -5.061417866696888979e+00 -2.538078538902642123e+00
-3.642694625211777115e+00 -5.356976400694906992e+00 7.702761461393824227e+00 6.393123507454451016e+00
-6.447361945095275715e-01 2.658438778970072747e+00 5.311368362212381733e+00 -4.398626663945027104e+00
8.510920483644783374e+00 -2.091864231586134659e-01 -5.519160466703674217e+00 -1.384049112484826427e+00
-9.655605432109192199e-01 3.991732839085457840e+00 7.996670556050182732e+00 8.008443084638184217e+00
5.275156312242494039e+00 6.190827208691690231e+00 -4.660496446308306950e+00 2.869507508598600154e+00
6.861819492514265484e+00 2.627157770185749586e-01 -4.482336051535305010e+00 -4.230284571127514326e+00
-2.454538412569833739e+00 5.178319763031336009e+00 4.030025643368205124e+00 7.306901590707923333e+00
1.444341310995201688e+00 8.650256060366153577e+00 -9.089718897601242631e+00 3.870781227200570385e+00
-2.775102142111888215e-01 2.383054690062947234e+00 5.375745652248552275e+00 9.230724956577056162e+00
1.470100489048138837e+00 8.505822114442866955e-01 6.588307593095275472e+00 7.453427209013558041e+00
6.441926754093623586e+00 7.497172562443081389e+00 -5.182270217486248498e+00 4.654408526557110903e+00
-1.245713336359185242e+00 3.195971272836407362e+00 6.474985722397772925e+00 9.321394234364023035e+00
6.756286851190767884e+00 -8.868582718122466346e+00 3.073475960987360978e+00 6.649329940193013044e+00
-5.627510872482708315e-01 -3.161841306949360497e+00 7.364032611749317780e+00 3.549664336883540550e+00
2.852800544957593054e+00 9.820300315479027375e+00 -7.988524044402825375e+00 1.536766563989243606e+00
1.962625452180512431e+00 1.129946454429811453e+01 -1.026838031327212519e+01 2.051275323172954579e+00
8.044052369250083601e+00 -6.606820775347991059e+00 -3.403646314532338124e-02 7.359368841063787414e+00
8.544888614546607641e+00 -2.361646937796670898e+00 8.805568911569695345e+00 -5.020626816024987171e+00
8.526306476858505068e-01 1.115435261966895197e+01 -9.532643903043958034e+00 2.823656044334016180e+00
-2.159887192582365500e+00 1.751776657672869275e+00 5.664996232868509729e+00 9.135337304704735928e+00
9.553640276534780540e-01 9.213703347925980225e+00 -9.851459482295014780e+00 9.613936565370810872e-01
5.997831161492571894e+00 -4.697122681108869990e+00 3.971430101507381849e+00 6.506102331800233785e+00
9.659334102237135511e+00 -4.731199353094493354e+00 3.873831131546439543e+00 6.387994009958925190e+00
4.209174807988071976e-01 3.818225360922592238e+00 4.349691649208851985e+00 8.868765271391950478e+00
6.238563216072106066e+00 -4.135964413851109356e+00 3.435508928840573795e+00 8.036724907635287352e+00
3.270336112197546274e+00 1.079975072547745008e+01 -8.274946522328951559e+00 1.203381498529905835e+00
9.749111674512601411e+00 1.782691286964497301e+00 -3.885542076217141094e+00 -1.289913107818302818e+00
7.474194436034285793e+00 -5.571853295257265692e+00 7.161808105112236866e+00 -2.811352971927847832e+00
-1.713516927941356016e+00 4.098808916755099396e+00 7.024680247317576232e+00 1.010995350058556141e+01
4.031036774486720375e-01 -5.531935093430865535e+00 7.776293153675014835e+00 5.848841834006275775e+00
7.148411849837139620e+00 -6.467211739484675981e+00 1.522512031874591276e+00 7.010556515952698575e+00
-2.362639714713843375e+00 -5.424828526560999009e+00 9.477020728504475855e+00 5.885938763145002639e+00
-3.216221063270799263e+00 -4.853381387681814374e+00 6.776664320706432321e+00 4.308311267586949711e+00
8.043279261608837771e+00 1.364410907684488805e+00 -5.016493526124593316e+00 -3.331449854723109727e+00
-2.727852358048653336e+00 -4.557763569457078390e+00 7.242550133953348457e+00 3.823144424383105644e+00
4.039848481027860316e+00 9.561812104980329963e+00 -8.561780398595065122e+00 2.771352798075824353e+00
9.043792108216582193e+00 2.620989044866829376e-01 -3.923625650731529468e+00 -6.319739511465748194e+00
6.167170533978208802e+00 -1.750456590653846733e+00 1.128029192495461075e+01 -5.511808060217754601e+00
-2.638042338868437753e+00 4.732027630454832767e+00 5.331193313069676698e+00 -4.154327702121266341e+00
-1.581303158711516055e+00 2.430866073106820568e+00 6.935118213909626128e+00 9.149793593188984886e+00
6.794805773966928086e+00 -5.545839755422667494e+00 8.857519062856324954e-01 7.852706653139873261e+00
8.396711035049058580e+00 -2.469110047517984352e+00 7.568696998563317457e+00 -6.064921135332454583e+00
9.201720015849661038e+00 -4.305997377400749837e-01 -5.079091482661255874e+00 -2.587179987585636276e+00
7.792725036530063321e+00 -6.179749234526425106e+00 2.636263170288903890e+00 5.564844675872910429e+00
5.239259930407396126e+00 8.374842646417562264e+00 -3.617302819573721795e+00 3.523214461806677633e+00
6.037226004160373805e+00 -2.220485309562143517e+00 8.136025398869604075e+00 -4.215806931862399409e+00
7.018578891843686662e+00 1.082074915862992981e+00 8.420355385391188108e+00 -4.252323858973966253e+00
5.128839300362115772e+00 6.388205937682682745e+00 -7.004808680298999946e+00 5.556196324515449092e+00
7.450063419348617266e+00 -8.325844460884788134e+00 3.095676411154548724e-01 7.261302820135129288e+00
3.701979998668447625e-01 8.161033088530029289e+00 -8.593576757148817080e+00 1.918258961876024404e+00
-8.341801808904072413e-01 -5.823467531956223908e+00 8.003240130280932618e+00 2.511443534928844645e+00
5.720547323007076024e+00 -4.913672785008492028e+00 2.328800752268898933e+00 8.855188851226657221e+00
6.196624760559997114e+00 -3.843672361471299759e-01 8.838771721571639262e+00 -5.080048011238899264e+00
-1.374379834611248352e+00 -4.656974349506184829e+00 5.788589724801489922e+00 6.853200769223807498e+00
7.814182527325874261e+00 6.945755496508764004e+00 -6.185614746690418997e+00 3.585808700638987379e+00
-1.726239022843075732e+00 3.056099939173932079e+00 4.094930438367580194e+00 -4.719828881705586454e+00
8.436229378440568638e+00 -4.995804880921159707e-01 -2.045318768424425393e+00 -2.814607419520058773e+00
-1.170703708864700543e+00 -4.951978844506800925e+00 6.473014624583891319e+00 5.525341019240961771e+00
7.281140832797104778e+00 -6.824757034349759444e+00 1.473086559706882515e+00 6.697387691523488229e+00
-8.680832840473381440e-01 3.076837105767163294e+00 7.836226852195328441e+00 7.219551921917840787e+00
5.445362315897972927e+00 -4.130866111875848290e+00 1.972961181974909994e+00 5.928278374966201802e+00
-1.339453237231109206e+00 -4.877803992100429475e+00 7.389801224594548579e+00 7.266552652014657276e+00
2.336698751895261772e+00 1.073291997482704474e+01 -9.883342390007982203e+00 7.460535186706694910e-01
4.594052903914780828e+00 5.846470100113321244e+00 -4.524857129250810850e+00 5.850269625457469758e+00
-3.013131281478981016e+00 -4.117448932783347892e+00 8.315445527749691479e+00 6.799985902558571382e+00
-1.800024196603966509e+00 1.801602524384366966e+00 6.658247069245043726e+00 7.835445859212061492e+00
-2.354329662411843938e+00 2.014625902734556107e+00 5.431465606180009509e+00 -5.405805455841860230e+00
9.607892853873689631e-01 8.827110350698440300e+00 -9.169385035587394484e+00 6.126471485622766444e-01
5.465855070920333958e+00 6.091584152696321475e+00 -3.904746172426896145e+00 3.028989246737900487e+00
5.920375288074817277e+00 -5.789290360711818018e+00 1.514086067384458278e+00 6.635593377303963258e+00
-3.326558430565766500e+00 1.492981869275355589e+00 4.780763746272071124e+00 -3.915330912125574159e+00
5.723382526984374330e+00 -1.728008240013584107e+00 4.844729385633728569e+00 -3.340570321345832205e+00
3.866450766120746785e+00 8.111253957062997344e+00 -9.802751237644573123e+00 2.094510064512955072e+00
-1.728658736567106446e+00 2.223355404173640970e+00 5.460655130113623912e+00 -3.662821594531156855e+00
7.450695963274234224e+00 -6.922251982387686908e+00 2.135274677891583650e+00 6.964189680245726599e+00
8.138562129230152209e+00 1.545851734511728859e+00 -3.298421736768604617e+00 -2.196043469801387538e+00
-1.385360164949775985e-01 9.410334459747037528e+00 -9.768535176087789651e+00 2.601652015055015532e+00
6.805745125103142001e+00 2.242950896603140842e-01 -5.300203296566668776e+00 -3.692219956105983858e+00
5.842352389808969981e+00 9.708918004081819930e+00 -7.016025590859278793e+00 1.874682008048144333e+00
4.367469957863908903e+00 -7.810240897629477708e+00 1.334214361860762477e+00 5.740353678113676139e+00
6.491395078603607871e+00 -1.591932527103716133e+00 7.884615058351794659e+00 -6.122246197296700387e+00
8.302337594963201894e+00 1.515152634002323584e-01 -4.751508919537152487e+00 -2.547530246314523961e+00
-4.749674840082209748e-01 -2.337351700449302516e+00 8.770937565913982326e+00 4.950119670425932483e+00
7.935406580703040724e+00 -6.740954447579992959e+00 2.434461258104589021e+00 6.414503660440965760e+00
-1.740116687588316058e+00 1.524585458348095113e+00 6.555830556107997253e+00 -4.947411857592651785e+00
-7.776633472056820873e-01 4.236914326319400459e+00 5.593779707257828804e+00 9.013245349218411917e+00
9.041393320042706350e+00 1.126339173182422160e+00 -2.972168153283572423e+00 -3.895571157768359161e+00
6.368966121896335153e+00 5.520259811017892204e+00 -4.355338503958494201e+00 2.441745599171718517e+00
5.990551862292981866e+00 -5.081852672974497054e+00 3.914576851748780228e+00 1.001550034429255653e+01
1.069025269394624278e+00 1.288306835816182438e+00 7.996652992229348555e+00 9.878642937788397305e+00
3.046546503966203634e+00 9.444327169859111137e+00 -8.950369310685218238e+00 1.167455573984042871e+00
-7.561311958547290990e-01 -5.685383302209228162e+00 9.349104594084753472e+00 6.259465822992709150e+00
1.399028520620679839e-01 3.505198638509331666e+00 7.527917712871798450e+00 7.700811938831720660e+00
4.261473052082166646e+00 6.999402744830832468e+00 -4.683773034409016489e+00 5.996769356304984200e+00
-2.674369436236724962e+00 1.546262901902090148e+00 5.164933457645604520e+00 -4.340503478912585145e+00
2.239967735642482527e+00 1.100541745135044991e+01 -9.566743063357298738e+00 3.692111439793863692e-01
-2.134517035934546225e+00 -4.582811126243798938e+00 8.300629425620700275e+00 3.815942918253557359e+00
-3.438871797842081968e+00 4.491207823930229104e+00 7.217316223553480015e+00 7.685771530994189860e+00
-2.121767220938661325e+00 -5.531421666512639668e+00 5.713923064260580276e+00 5.824542039301229934e+00
6.549336409870014641e+00 -5.172804024121147926e+00 2.876074804726650669e+00 6.223979201368641689e+00
6.871961898377004552e+00 -7.010644473568748758e+00 3.003356312239487735e+00 6.798424924612950448e+00
-1.343570892242451187e+00 -4.235292032414794683e+00 5.374154761055925711e+00 5.105774361694672692e+00
8.859682712008222438e+00 2.436057930048019404e+00 -3.442649958578574587e+00 -1.931134879130104176e+00
-1.424237001158045413e+00 2.327649488391008603e+00 5.752977982842153892e+00 -3.912206679051787539e+00
2.612709492298622482e+00 8.294288863008718593e+00 -8.784558175368005095e+00 4.494356231023106218e+00
-2.353540760137030619e-01 2.325878043699650455e+00 5.204819821961745419e+00 7.931924341102838838e+00
4.070192319893556565e+00 -6.387786923163352171e+00 4.282269937218579514e+00 7.743206702244354034e+00
-1.477492339320019443e+00 1.506572919361577778e+00 4.086509751897333231e+00 -4.106733367868447004e+00
2.204271063718731050e+00 1.011441330267279071e+01 -7.680532268007395302e+00 3.311134590542449629e+00
-3.091621297021202253e+00 3.158687117558836466e+00 3.394492636496928561e+00 -5.544160113650887567e+00
9.413488577705610982e-01 1.028147039430776388e+01 -8.053351853754733725e+00 4.424724908467561058e+00
7.103714756115451223e+00 -1.758469262601604521e+00 7.347724448774754613e+00 -6.206931968181543802e+00
6.043042035398810796e+00 1.283492351528101594e+00 7.525632372729077701e+00 -4.419334049632460015e+00
6.896448583113052422e+00 -5.563965533561892940e+00 9.269797552544740693e-01 6.476911630578577217e+00
-2.615043359728044692e+00 1.059181045492951112e+00 4.020651564198113093e+00 -2.179134275132486920e+00
7.901984537809047637e+00 -1.274986349637147853e+00 6.437559239838162917e+00 -4.958622176562354156e+00
-2.597356398982673120e+00 -6.557082794381335233e+00 8.134269555540162955e+00 5.519537202571288326e+00
6.986695995114308388e+00 -1.545988337004449376e+00 6.725166224117216984e+00 -5.512456766732986679e+00
-1.166953624428917369e+00 3.189702107376828355e-01 3.534349818653825803e+00 -3.378460504845965939e+00
-3.884448700514862018e+00 1.997040936869990180e+00 3.226655447298655943e+00 -5.615762356518770204e+00
-9.808887927417802022e-01 4.124635551946773671e-01 5.645775707807893617e+00 -3.933335138555551058e+00
2.551372288066834138e+00 1.065225010259890404e+01 -7.670839511315207915e+00 1.961365855750402343e+00
8.020388845314569082e+00 -1.040264048161388510e+00 7.708269546683501616e+00 -1.923618972552957995e+00
4.420758994608346981e+00 5.258741594173293343e+00 -6.281470790361860956e+00 5.317188961069668984e+00
4.874241181668812040e+00 5.061387892490994744e+00 -6.665221614424388541e+00 2.958315482374956229e+00
1.036315283817406119e-01 5.071741082022733771e+00 7.158147935592493738e+00 9.371243964480964195e+00
-1.103789292462378002e+00 -7.483380306048957209e+00 7.045542575328373580e+00 4.739713681498839648e+00
3.998842294174338452e-01 4.402596797351679747e+00 6.639658515144566842e+00 6.756914615355222864e+00
6.587444878857421138e+00 -3.792907110176400032e-01 7.758455827534428195e+00 -4.019081283549263084e+00
5.200745670262198139e+00 -4.746482849928558068e+00 6.542629676776237080e-01 6.541813516868233869e+00
-2.961804441443538494e+00 -5.959502419379436589e+00 9.043604085051297758e+00 5.554195402772934997e+00
1.584244729895045722e-03 -4.731644947660367251e+00 5.814525434457667785e+00 3.068411142073419473e+00
-3.325038539977180907e-01 1.541610108783448396e+00 3.385421490104885578e+00 -3.632635796305843545e+00
6.895141831001691202e+00 -9.682535712196141953e-01 8.381987455863983527e+00 -3.874993937332849470e+00
7.441390893440927634e+00 -3.698467148885633993e+00 7.569628801318827982e+00 -5.807422452246252753e+00
8.388142895947851230e+00 -7.740289510862649047e-01 8.907301332098855440e+00 -5.050010101208201263e+00
8.029183633811451060e+00 8.539326726094031983e-02 -3.490379987885919189e+00 -1.488935508973286304e+00
2.320714491537689828e-01 1.937492889037264909e+00 3.089824470499312969e+00 8.988740242660769653e+00
8.159835205565309835e+00 -5.775779229205610932e+00 2.404832350087206638e+00 6.451239496899320969e+00
-1.658136121438567478e+00 3.098809106567752103e+00 3.605968066685627971e+00 -3.147869268238686402e+00
7.394270171684953041e+00 -5.745763568614516537e+00 2.743590632479430802e+00 4.807466583409175875e+00
-3.518097613281397251e+00 1.271438115182517814e+00 5.235814802548834912e+00 -4.863993924605915176e+00
-1.943397334143399213e+00 -5.680211333677208430e+00 6.002115255761576229e+00 7.204830989519276585e+00
1.300199270768459314e+00 1.060006132462673989e+01 -8.324651729519541021e+00 1.067387909429581061e+00
-2.273854929192499430e+00 1.019868666032676341e+00 5.150074462690518828e+00 -3.145585344303608366e+00
8.192624814452319271e+00 -2.058238478457683929e+00 7.795869576391905476e+00 -4.649884771911528603e+00
7.819178994539180749e+00 -1.451727144015025450e+00 8.970329396023227986e+00 -4.198837140501518128e+00
-2.673297897476565321e+00 1.901718607977938236e+00 4.657199972857768877e+00 -5.624615196015989582e+00
7.095892698173176250e+00 -7.968432194963083859e+00 1.420741343427748049e+00 7.529487281452030167e+00
1.979098918055621770e+00 1.037732716942702815e+01 -8.589999650566259248e+00 1.348918110732507669e+00
2.306884089056007614e+00 2.785217059268622730e+00 7.414556835580101257e+00 7.597706578737374095e+00
4.400978644529134343e+00 5.960486662045138218e+00 -4.599950711263731229e+00 3.903733037624670388e+00
3.756661827975071866e-01 -8.621710860909042040e+00 5.155648047673810019e+00 3.992795607148345916e+00
7.555977871512762345e-01 7.778437730950584772e+00 -9.954638969355608324e+00 1.175855021312723014e+00
6.582599917305319792e+00 -6.026688556506101691e+00 3.676658000079211064e+00 8.212732509314291107e+00
1.744469020762523526e+00 1.125769858022012038e+01 -8.181230319353748115e+00 2.168040683192795637e-01
-2.132994554584428659e+00 -7.553084445042761885e+00 5.847281100544360122e+00 5.977000752410888573e+00
9.581418195569970209e+00 -3.964129650824708140e-01 -5.683723329211863629e+00 -1.772319461468244262e+00
-1.738814720250837276e+00 -6.789576225369839513e+00 5.291823474819759454e+00 6.104556581435915064e+00
-4.553116096937843693e-01 2.266530972738169059e+00 3.390270526963965469e+00 -4.205034410549056467e+00
6.586609172752309505e+00 -5.257417226670874300e+00 2.986389755264563295e+00 6.945372354208354082e+00
5.986499296780563917e+00 -6.730306976085039139e+00 2.508665141400342247e+00 6.983647427153779397e+00
-6.029855791009386401e-01 1.850252128370349247e+00 5.399198623727249569e+00 -2.499158168173527983e+00
2.807350728357993486e-01 1.644132684933461652e+00 6.629879803371437674e+00 -3.244862591103058413e+00
7.311111982127254549e+00 -8.775749455489151529e+00 1.997311430477511696e+00 6.347404580986637512e+00
8.045396131751097357e+00 5.999938311670366398e-01 -4.297119654831187852e+00 -4.564590522547987028e+00
2.118789410995250755e+00 8.969319875801843978e+00 -9.740685806613026188e+00 1.435765914689946188e+00
