6.512880121041721537e+00 -3.899051009356777620e+00 1.954608958278542641e+00 5.035597289203813887e+00
3.784433421335139158e+00 9.216900530840515415e+00 -8.373898471291852275e+00 3.098729415166294743e+00
3.973920327390713325e+00 6.310018520487143512e+00 -8.148462719161360113e+00 1.187843668859812629e+00
-3.743224946450513624e+00 -4.316472074419398730e+00 9.812237884922495823e+00 5.368208436368889558e+00
2.889368163860233985e+00 8.783313682046214765e+00 -7.246277593504487413e+00 -9.503382061744227727e-01
9.315652727635896468e+00 -2.517227479713783023e+00 7.922295007854232907e+00 -6.263819180656091667e+00
-1.484532594899916624e+00 2.613989723055267334e+00 4.120943498615407208e+00 -3.277499977770230721e+00
1.884539702454539611e-01 5.123315258758871948e+00 6.091682970571749678e+00 7.825144010947266082e+00
-1.294644907629428632e+00 2.696738036992846421e+00 3.346626231971281840e+00 -3.010908323988966462e+00
-3.976587567368425891e-01 -2.291697611131294998e+00 7.987546514492498417e+00 4.566873181241670743e+00
1.006690585621522338e+01 2.143377291060127643e+00 -4.757993041650356858e+00 -4.258709397568884114e+00
2.616539787869003764e+00 9.536321917764366773e+00 -7.619147651675144850e+00 2.683225252161446583e+00
-1.862998823485864097e+00 -4.871393973063360860e+00 8.810361965895657121e+00 5.334872608143566453e+00
-3.290024931978340561e+00 4.142481770820435116e+00 4.369187790236638058e+00 -4.936561787524224698e+00
6.299563532927259679e+00 -5.168683290317260814e-01 7.628748276729511169e+00 -3.246256839455504029e+00
9.398806875468844524e+00 -4.090715711385611186e+00 1.446264332377442674e+00 7.457656806179727482e+00
-2.653393141020341517e+00 4.507787672257747680e+00 7.952697211052209170e+00 7.302732176761288940e+00
5.828027794561979391e+00 6.797761068393421091e+00 -6.277301927437314966e+00 5.412076581972828038e+00
-3.410401576528886203e+00 2.240983358103745715e+00 5.310252844005897366e+00 -3.131690843781095523e+00
6.599008630172217948e+00 8.053385433363919432e+00 -8.758410953201474669e+00 4.896285325282979883e+00
-3.280159569601705627e+00 3.117475496638852483e+00 6.782269156325568815e+00 -4.817060220357173961e+00
-2.081967405891260725e+00 -5.075353910326968254e+00 5.907990928153266097e+00 6.122626664466757518e+00
-1.497657244010849542e+00 3.165343688058429805e+00 6.494713891288768082e+00 8.650299096618072170e+00
9.048510837233111559e+00 2.510916552244303324e-01 -5.093324073859264445e+00 -3.573533370766618589e+00
-2.226919670243557192e+00 2.050027893408443713e+00 3.899523413488108048e+00 -5.372694111417914087e+00
4.768488634605416721e+00 -4.048483890821046316e+00 1.591059338031082682e+00 5.423113086171333919e+00
5.811309439626525020e+00 6.913099569600767325e+00 -4.334769486719176612e+00 3.078311296444208089e+00
8.957353132483978797e+00 2.671368746362812185e-01 -4.893458581522109441e+00 -1.407510961968231111e+00
5.790190717640993689e+00 -5.726219653648350061e+00 4.358217131925178123e+00 6.200429468134348809e+00
-2.156295705182675881e+00 2.119619126536550713e+00 6.259368984230298416e+00 -4.235694795334117302e+00
-1.466608072835251519e-02 1.820785910411481190e+00 5.939489123802816906e+00 -4.337764667263742879e+00
6.016871316863763752e+00 8.093271322832020331e+00 -6.874168635296026508e+00 4.616102085565645829e+00
-3.703673395215962394e+00 1.759656449553852475e-01 5.151010955352652410e+00 -2.494048071103887487e+00
-3.307278370169552950e+00 2.337595272987772255e+00 6.487622894400352003e+00 5.168415975474561108e+00
-1.641719920513413422e+00 -5.432672975701529516e+00 6.580104794975836668e+00 4.300861521028126688e+00
7.444287758094510821e+00 -6.542178923843477101e+00 7.662187463837251133e-01 5.162590836409644446e+00
1.061960415253636825e+00 1.073564214995669630e+01 -7.703591971515028725e+00 6.029191175343946441e-01
-1.320983608426003375e+00 1.080160308533345770e+01 -9.188584498061791450e+00 3.146874237738113145e+00
-1.750920851715868531e+00 -5.130488622810204014e+00 9.192620973694483055e+00 7.787123794950717937e+00
-9.489920304286049157e-01 2.143858859360646019e+00 6.873613180522927024e+00 -5.224691406383580095e+00
7.146509164190310237e+00 7.656549171462196490e+00 -6.944983024516851344e+00 5.403967817013847430e+00
-2.294799525901843662e+00 1.131727473027980269e+00 7.601999799258025270e+00 -3.781644119558063899e+00
-3.118755762817054134e+00 -2.713112583666609456e+00 8.733086171761371475e+00 5.403134031965260320e+00
-2.508123399583478630e+00 2.364399209865699181e+00 4.860456656108220308e+00 8.640220809099432131e+00
8.657220573924744311e-01 4.107086501190175376e+00 6.625714575857377220e+00 7.376337673051659216e+00
9.076643282752336006e+00 -2.092987116146717286e-01 -5.999726414238625516e+00 -3.411351314816955416e+00
-8.202181163291156762e-01 1.748976986957554436e+00 7.131309057814335439e+00 7.350060073326649679e+00
3.607771009191008904e+00 -2.045680332516758071e+00 5.989163510962095316e+00 -4.417939089516668361e+00
8.831007021459186035e+00 -2.678845740473700943e-02 -3.533885881636803727e+00 -4.494173356161050847e+00
-2.029319334347923220e+00 1.048558971489144120e-02 5.387340314661170915e+00 -3.203375485500608022e+00
5.649993873597914273e+00 -6.540627968490615451e+00 3.466390587309597926e+00 8.991958776550573518e+00
9.733537044329114707e+00 -1.382687705531064015e+00 -5.061599369862745945e+00 -2.565045298942520979e+00
9.373740284915221821e+00 1.548567129178853419e+00 -4.217053970363714654e+00 -4.381973351200659117e+00
9.627568262045237191e+00 1.571146327384890906e+00 -5.824352602543980240e+00 -2.990871583085342511e+00
-2.013685939227498167e+00 1.207099890180846069e+00 4.190610750880208180e+00 -4.903317005654744598e+00
-3.121206311868510497e+00 -4.752647501409420272e+00 9.050961271692811394e+00 4.864136136403664601e+00
6.938656500793310755e+00 -5.809122365217643136e+00 6.368342727093134759e-01 8.684010350056549754e+00
2.079144676830106508e+00 9.879332915735774989e+00 -1.122036678639957330e+01 2.135065905823062771e+00
-2.594412288814904599e+00 4.759049640208200316e+00 5.322145218273902856e+00 9.353099332316812564e+00
-1.274111363348416681e+00 3.264456393333143414e+00 4.623243206361897784e+00 7.575287600786901443e+00
6.843312631807599189e+00 -2.608875256869545023e-01 -4.513921773282556060e+00 -3.189296020052455827e+00
4.348950931658841057e+00 3.890753561408414996e+00 -5.499494563365755262e+00 3.094909907345006594e+00
7.818430718717610084e+00 -5.040408461598899770e+00 1.947953957391139745e+00 6.883622226211748796e+00
3.485041586324546969e+00 1.187474915560611777e+01 -9.333279338238245515e+00 1.082905823697498882e+00
2.674455538905045060e+00 9.874341755506716112e+00 -9.940163331366147048e+00 1.281555764770232919e+00
-1.170409783414174676e+00 2.431658364808297002e+00 5.748190890170472578e+00 -2.559304651146204979e+00
-1.531183507110038811e+00 -4.864514718853151010e+00 6.774154902481331675e+00 8.036796683953268072e+00
-1.896326102683014936e+00 1.454882422388288354e+00 6.866848783089443131e+00 9.071013604195293567e+00
-4.394213401645410411e-01 -5.962056630074333619e+00 6.936178678350946925e+00 4.164333831120537788e+00
3.519410781402030786e+00 7.552052683723979420e+00 -6.565949521676533784e+00 4.060063775904539263e+00
1.070948248066392061e+01 9.096242419888385111e-01 -3.070889719795258266e+00 -4.430059087441223120e+00
6.697413221021401242e+00 -3.289744586016655425e+00 6.811275890872388494e+00 -5.081724983753670877e+00
5.169909411543815558e+00 6.586472866954518501e+00 -5.934172281287308337e+00 3.299600612764226337e+00
5.114778405711598808e+00 6.918153824695751908e+00 -6.199720289365981962e+00 5.356157667933488575e+00
9.687860908665688608e-01 1.101389217791458819e+01 -8.423555235891168280e+00 4.588177843366252340e+00
-1.281097831570181089e+00 4.998952872448769291e+00 7.686035888790599735e+00 6.312621617357406123e+00
9.172836493589359819e+00 -4.472458328307267195e+00 1.156753879275422836e+00 7.203997655551036772e+00
2.028746452941414091e+00 9.939510549836892750e+00 -8.157871172450727570e+00 3.184371718360293535e+00
6.390230751215064675e-02 4.340034778960637496e+00 7.490057363429270865e+00 9.798794694586797860e+00
5.267472175847110805e+00 -4.731549777243209576e+00 2.428681123476652992e+00 4.695092197423175406e+00
5.579766706577901303e+00 5.936201416469877756e+00 -5.197767380795704106e+00 3.636090453493048269e+00
1.682423701218172862e+00 8.452898094068316937e+00 -8.200100586408355596e+00 1.551976366511652605e+00
6.725029053973295312e+00 -1.097632107306161675e+00 5.792696996129576448e+00 -5.559753692523675461e+00
-2.800403344390781868e+00 -4.962460279153005693e+00 8.332877956290712262e+00 5.285031353542066768e+00
6.078775882129371588e+00 -2.881107836069384476e+00 7.755434648145263843e+00 -4.900681538054111108e+00
-2.276111219766050020e+00 2.384954129360355779e+00 6.632494140450414299e+00 7.698709831710409901e+00
-2.569154035848781881e+00 -1.447757452684025559e+00 5.733681406912662482e+00 -4.461891569643064770e+00
7.570431209901134828e+00 -3.807036904855476411e-01 -5.408765955154863470e+00 -5.012028624763265050e+00
6.743640115480394215e+00 -2.763396819157550865e+00 8.530895545702126270e+00 -6.277938917780989669e+00
9.171074103861924343e+00 2.702584446979663380e-01 -4.509477422019174675e+00 -3.426122461255946661e+00
-1.909031600797208572e-01 -4.847158515554468750e+00 7.399303734849470793e+00 5.207713014461231360e+00
2.932382404891742400e-02 3.769515757677216694e+00 8.736655456298057842e+00 6.400450594892147294e+00
-1.475294241207895540e+00 -4.198611703400681350e+00 5.973745103814467328e+00 4.593300563431730765e+00
-7.924588477806884246e-01 -7.429162703672361090e+00 8.994528114253018458e+00 5.385042588474872716e+00
-6.528517428081599405e-01 1.853364997299463246e+00 3.932030115045717977e+00 -5.495566403244128928e+00
5.736068304258145290e+00 -1.507794132768204509e+00 7.524383932201045511e+00 -5.047752373232171408e+00
8.110043544177740316e+00 -2.067577407491341557e+00 9.501400302578369761e+00 -3.823900251264541250e+00
-4.137454089275416358e+00 -7.212168032588914812e+00 9.347215531438795466e+00 4.990058445947739507e+00
6.806916908943530409e+00 -1.010102656987407199e+00 8.504171262521648345e+00 -6.028966143988381710e+00
9.560494633228891814e+00 3.388881369045855796e-01 -3.872993371010774233e+00 -3.246155629029896961e+00
1.480180304403975189e+00 6.840121010239025523e+00 -6.081898489276050590e+00 4.451586064486703798e+00
4.027070934790013546e-01 2.140717099111204558e+00 5.770551870859683241e+00 -3.210497355870529645e+00
2.376625544669108248e+00 8.753172956194564591e+00 -1.092255183759094272e+01 1.652461387621964928e+00
9.681389454814997464e+00 1.810175685376826493e+00 -1.774158440476740317e+00 -4.862244264275226158e+00
7.265462472576658115e+00 -2.985499229312570613e+00 6.432724054089040244e+00 -2.680401597360034138e+00
-7.734932307301423116e-01 1.062849765945259328e+01 -9.569703500039066668e+00 1.879232062027738737e+00
8.753891064752298945e+00 -1.988535380182407941e-01 7.257794269983354418e+00 -4.012566562272271931e+00
6.947065320412932898e-01 4.376469495026229062e+00 7.213401036407178779e+00 8.167346123836367155e+00
1.363935359411605486e-01 5.066976503426108280e+00 3.866647265215594764e+00 1.035358027302490491e+01
6.948341374401495685e+00 2.126612999687789163e-01 8.281205881613015407e+00 -3.360032668889271434e+00
1.072525925465911811e+01 1.691756211674729560e+00 -3.053990721902954064e+00 -4.664871883911531292e+00
5.959339858036626580e+00 -1.935471974987664101e+00 7.866721732106040754e+00 -4.113361416068770815e+00
4.140202968894655111e-01 8.258336362130412667e+00 -1.063581232227643625e+01 2.885769569025279591e+00
-1.323736770229872350e+00 -5.272824746997172518e+00 7.270174670691214480e+00 5.321806626892992220e+00
5.834888963238539894e+00 -4.800256762155209245e+00 2.669621934333858970e-01 8.115558078931027097e+00
2.804347331444505542e+00 8.115515028349364002e+00 -8.164756505939283926e+00 3.672440812103467067e+00
1.041806555507286625e+00 2.637854318933627873e+00 5.632638453434275050e+00 8.776864571844791740e+00
-2.569426382515130669e+00 -3.439784728975002537e+00 7.342538567357996371e+00 7.374336458000782635e+00
-1.375911077048923570e+00 1.227170654467582001e-01 6.108446439889361201e+00 -3.537866674571105374e+00
7.491959049140583637e+00 -6.255628718961150359e-01 -3.542731865300623451e+00 -8.825431431288119910e-01
2.334905137997036029e+00 8.810788120682422786e+00 -7.900371215599739649e+00 2.178392957036189514e+00
5.455133867185121055e+00 5.135806573931285257e+00 -4.462994764875590548e+00 3.488464877990319124e+00
7.186995227758096405e+00 -1.786003579388154350e+00 8.379248410556867199e+00 -3.089489597881536653e+00
9.794749366169921423e-01 -5.733800056688520108e+00 8.132398608838235177e+00 3.485651378220205210e+00
1.079601315923052951e+01 1.869490547736665231e-01 -4.569296668610297374e+00 -2.823987235859571676e+00
5.921476174608422127e+00 5.596854623138696638e+00 -4.459486669492555677e+00 5.171141321016592407e+00
-2.171958745896460208e+00 -7.900988552945468868e+00 7.321932331422871698e+00 6.253293543371272634e+00
7.551235696388218344e+00 -1.193140594824056766e+00 7.642255906907994500e+00 -4.777746168581551878e+00
3.716108894585644862e+00 9.340880387714808109e+00 -8.239627487463936362e+00 2.781134127580996207e+00
-4.604750835886239901e-01 2.322886425281058376e+00 6.235129647399251240e+00 8.180258548876475189e+00
-1.226103010951609784e+00 4.097366785019371349e+00 4.380056058508595029e+00 -5.274786580355722343e+00
-9.692410938882045635e-02 -5.703641145368894882e+00 6.357135406009225775e+00 4.267495410207061468e+00
5.386913221292045861e+00 -4.588140349208437163e-01 8.610814359816917118e+00 -4.676019472325974036e+00
1.499946089901460500e+00 3.836087631349108129e+00 9.674492136212654358e+00 8.936823475582382770e+00
5.371524276820229815e+00 2.378753466782133064e-01 7.250316569451898729e+00 -5.195312400396278285e+00
-5.427175375380219879e-01 4.348644754167583670e+00 5.363043823900737195e+00 6.178552825024411277e+00
8.221648126107526267e+00 -9.816443969631679645e-01 8.868256435177688246e+00 -6.243258281509943330e+00
1.953308455768338892e+00 1.171983275861828844e+01 -9.463519393100717991e+00 7.624285171600508892e-01
7.920167679691092033e+00 -2.315181091540833069e+00 8.797311999431313367e+00 -4.188910808438376598e+00
4.833645440234524138e-02 -5.839850979951342502e+00 6.072170620492974180e+00 8.612913576090168277e+00
8.120615985664549896e+00 -7.542485912923472036e+00 2.335251799651714144e-01 7.427217325327276853e+00
2.138130552836200238e+00 9.317201623263139609e+00 -9.340155581117119965e+00 3.256377744261115481e+00
8.145761580814722791e+00 -9.374721691102566368e+00 3.288696480010680823e+00 8.294284275495659386e+00
6.499673812297485753e+00 4.855408303132863423e+00 -6.233800049169480495e+00 2.826284461152247740e+00
5.777862353750815139e+00 6.862662176348838905e+00 -4.984487436057293941e+00 3.195094397515831908e+00
-3.481758966932606558e+00 1.654158260463941543e+00 3.008823990651712244e+00 -4.628749814821946806e+00
5.636946702529928466e+00 7.799875692105225689e+00 -5.703680654820312945e+00 5.850112902787905078e+00
-2.471817902202858797e+00 3.493254534526246680e+00 4.914165591315017956e+00 -2.757691554131273204e+00
-1.831514903236667546e+00 4.733242859343689268e-01 6.056469870822138724e+00 -4.717448684370615375e+00
-3.839960381487562469e+00 -2.683313387377989745e+00 9.350662354907878893e+00 4.559683660571637098e+00
6.857575544513218269e+00 2.220633061370947292e+00 -5.903049275624131731e+00 -2.805170761225664222e+00
1.104635590162952319e-01 4.854682645457023327e+00 5.631373208353165793e+00 8.249295252617063312e+00
1.009426432308592325e+01 1.346857636597215357e+00 -4.717831845835472215e+00 -3.801117505499123972e+00
6.843344003418807553e+00 -1.393405824136592308e+00 8.464631554603519348e+00 -5.474145340759472234e+00
-6.452357839341286150e-01 -5.796406084649512458e+00 7.282263127000701886e+00 6.585058895269349399e+00
5.486883493433627024e+00 -5.608492641185016225e+00 6.863107829502646418e+00 6.523245500856975632e+00
4.848971946725479931e+00 6.989323973952186186e+00 -6.543496523647665875e+00 3.593738420067576378e+00
5.236278431783199849e+00 5.705954306253462782e+00 -4.395547975104191707e+00 4.503907045711003754e+00
7.070962338683474790e+00 -2.949158609908643314e+00 6.977578316753151988e+00 -5.012957318394261286e+00
4.005729094608964758e+00 9.451385964482833302e+00 -9.605090184103046269e+00 -4.322052882983458133e-01
-1.281021903949129959e+00 2.792912208117808159e+00 6.580716103956610219e+00 7.639507624436516764e+00
1.021959592078684587e+00 2.440485231189619686e+00 5.984619356588321892e+00 8.923105118285764803e+00
2.380423864336733697e-01 4.144379840024035033e+00 6.143646527727820938e+00 6.372878066150763132e+00
5.336946851222699184e-01 3.218376487323878710e+00 6.392640879657819575e+00 7.552059632106462139e+00
5.600769105041233153e+00 4.373660011244822954e+00 -6.451247718060337810e+00 3.719867658096776442e+00
-1.914831341084273220e+00 -3.675059598308054731e+00 7.188092346925225584e+00 4.533961696280063514e+00
-2.589792469686994725e+00 2.003965060465285664e+00 5.591121947397292402e+00 -5.166477215798076728e+00
7.225495866585808891e+00 1.950455987982399275e+00 -6.477174887532741288e+00 -2.275358728113950235e+00
1.127719502960310294e+01 1.333797240769944992e+00 -3.520952713954144997e+00 -4.215831843803595547e+00
5.997481660537430592e+00 -1.097419643210351126e+00 8.107659922800984020e+00 -6.024845483758981324e+00
4.766906996233658766e+00 5.037041151554224605e+00 -3.087941020603802933e+00 1.070639691235193425e+00
7.306902319667866408e+00 -7.374869241297154154e+00 1.517119542463236881e+00 4.950994406577000184e+00
5.545423119487377761e+00 -6.770254383094380657e+00 8.599855605564572514e-01 5.686875722096454311e+00
8.442084165558188857e+00 -3.336663255216825164e-01 8.468894629518759487e+00 -4.668519468084168622e+00
-2.246993208204001391e+00 -5.389324862821241346e+00 8.615012231744918481e+00 3.790517144246475567e+00
7.664993712202730514e+00 -2.101194053667416739e-01 -6.409637381211128471e+00 -3.320041672396431665e+00
7.925269786185221932e+00 5.543572848594382485e+00 -4.567605864874624721e+00 1.608194283280161674e+00
1.514591821966840612e+00 9.559058859674271602e+00 -8.618999665314989400e+00 4.874996344409853855e+00
3.868116971721947905e+00 6.994864338024491701e+00 -8.723659784764231873e+00 2.354463045462559023e+00
5.440262078255726941e+00 6.424361771335720839e+00 -4.915855357120512359e+00 3.797479123681931856e+00
-1.690174555404654999e+00 3.617442461673722853e+00 5.192984523073838510e+00 7.645159097800587666e+00
5.941444565937191946e+00 3.276340429905260088e+00 -4.004396945046638123e+00 4.911751115823035363e+00
-1.165062054737291630e+00 1.872711896233242745e+00 4.228270638958384176e+00 8.021176469494704975e+00
-1.549928668418501188e+00 -4.715749800630393729e+00 8.386865137065155906e+00 6.952462257251224464e+00
-2.976283568350299280e+00 5.233475441357185787e+00 5.556290775835308615e+00 6.907731729466451753e+00
-1.262288020065708949e+00 -4.598237251190861130e+00 5.153454288748338996e+00 6.102912430196680837e+00
7.916580176733362784e+00 -8.016843249424656648e+00 4.007984435405547607e+00 7.652460714700742628e+00
9.027344074834100951e+00 9.941709381253921451e-01 -4.314121067546947685e+00 -1.765920301500841560e+00
-4.146452566772033776e+00 1.237128723531474517e+00 3.491536224832938906e+00 -2.733181549120753839e+00
-8.107630309283805348e-01 3.690431423750116124e+00 6.343998779311578851e+00 8.669590490246463332e+00
4.443205630387665472e+00 6.269729950191984535e+00 -6.379880903680133386e+00 4.661054509083165875e+00
-1.264357840955397050e+00 2.923591513290002553e+00 5.800892636696949545e+00 -3.746532876120211242e+00
-2.441418929141718763e+00 -4.765670877814368822e+00 6.960514136691627662e+00 4.744045921079962369e+00
2.815294191034304117e+00 8.155768989020053539e+00 -8.069802683616094541e+00 3.334887870027427592e-01
-4.781372834108680303e-01 3.833709367103727672e+00 6.507475061294766050e+00 8.433491143729867190e+00
1.656043758138905808e+00 1.002049451213958342e+01 -9.786007685932858635e+00 3.162427081386872452e+00
-2.155646360815302032e+00 -5.605034734072203761e+00 6.328735795216307025e+00 6.300625085747117105e+00
3.038346930349954178e+00 1.011579547210672025e+01 -8.439373072064235259e+00 2.577060605448099562e+00
-1.883967132375783393e+00 -5.689869618631967718e+00 7.998382953675582385e+00 4.578401024492329441e+00
-1.357451813364670912e+00 3.410457112314714045e+00 4.185850134025625557e+00 6.184253900308730678e+00
-1.990562414991712270e+00 -3.081643001473406418e-01 4.714189468067446320e+00 -7.876319587780525211e+00
2.409097204300620021e+00 1.038113039253093106e+01 -8.421541700946308495e+00 -7.009014844961107826e-01
7.607673402789638217e+00 1.290279304205301347e+00 -2.702868619251099780e+00 -2.815353847076596416e+00
6.612232490213620473e+00 1.113620384906595095e-01 5.684655637257721494e+00 -3.449185767975924577e+00
-9.848469982276920609e-01 4.155156470209774966e+00 5.574099624880063608e+00 7.996813722506861843e+00
3.319743149905671764e-01 -6.001353660077099583e+00 6.779292702503656010e+00 6.037968136227304328e+00
6.155462571394281213e+00 -6.293638483879992584e+00 3.203846366292443903e+00 8.071793100256074993e+00
1.243708477494558373e-01 3.726574645781945083e+00 6.603464804228394769e+00 8.081640594345984141e+00
1.977582606050583891e+00 9.433641004517403061e+00 -8.449066574250515771e+00 2.453817471380602022e+00
2.751922812767259696e+00 8.751488722696691980e+00 -6.629104070365882784e+00 4.045423511931542926e+00
1.159002384698696098e+01 3.155291879533500543e-01 -6.283127242526441947e+00 -3.864138964742170668e+00
-2.836221098279799957e+00 2.101928442465419433e+00 4.411843846891138732e+00 -3.982058155144200917e+00
7.546152367906845626e+00 2.200763377919983554e+00 -4.126834680781036546e+00 -3.776400148923228617e+00
2.542744593158108302e-01 9.400109667386159273e+00 -6.690234085144435738e+00 1.366922039960007940e+00
6.861990233173169251e+00 -1.897885809010386282e+00 -3.595591966676142004e+00 -4.600467106835591125e+00
9.405943526294995749e+00 2.356852901732997552e-01 -5.571972189391040331e+00 -3.409025369151191143e+00
3.718427394300525712e+00 5.978537694923774737e+00 -7.254225726297553578e+00 3.979941718112253835e+00
-1.608753431449304161e+00 2.723175727310299887e+00 6.985483052076773447e+00 -2.365495350245588213e+00
6.706170491967976766e+00 -2.829484380192333060e-01 -4.795542540205865123e+00 -2.795432786445943840e+00
5.816849435767945664e-01 9.549289048512882516e+00 -7.392302504778295535e+00 2.067303563428195545e-01
-3.427973819545994116e-01 1.929435806768911910e+00 4.700956640786842833e+00 8.304324687251238402e+00
-3.319222881777096568e+00 2.492502082430510857e+00 3.709188198984943341e+00 9.047758452554285569e+00
6.614277736034980038e+00 -5.966725339632420244e+00 4.292578710465326353e+00 6.299158040589349916e+00
1.723224095589352967e-01 -3.816723033935052189e+00 7.312756156011555042e+00 4.504545827243999767e+00
3.343651220572227967e-01 4.590325107246189695e+00 6.660247417917374513e+00 9.022680594478991623e+00
5.403978598507963582e+00 -8.016953270610105875e+00 4.188683915823399051e-01 3.237560462666346339e+00
4.270062960220988302e+00 6.962645989306048833e+00 -7.537023303967173682e+00 3.417329436512954732e+00
-1.154913773538045696e+00 2.228072188482415061e-01 3.734911519779176459e+00 -5.703944123289070411e+00
8.154479454221558399e+00 -2.711895227729886670e+00 8.290464881930930119e+00 -4.162583391743318373e+00
7.578573892380829236e+00 -3.100156865935239647e-01 7.649756661716703654e+00 -5.371762714311766551e+00
-9.097861525266112137e-01 -6.121492878581731745e+00 7.103477041387602497e+00 6.478049846138803858e+00
-1.185098901254039605e+00 2.239172430302991845e+00 5.575936368490712169e+00 9.446678223536260077e+00
-4.110891121262247871e-01 3.675820049774584763e+00 5.909343070455278735e+00 7.194027714716463962e+00
-2.517205870864959838e+00 -4.339027704770441751e-01 4.457654066442808372e+00 -1.629414587650307666e+00
9.098046514400449425e+00 4.422753029643057832e-01 -6.262491032779403000e+00 -4.638445325003971220e+00
-1.447359333926813818e+00 2.286251350356385714e+00 3.581799453414379109e+00 -4.727538946958206090e+00
-7.082766544116635421e-01 2.229989791115919218e+00 5.865437334637289446e+00 8.749120769662127373e+00
7.065317444396658431e+00 -1.405294609584806897e+00 7.201155178827034042e+00 -5.071053317382291148e+00
-4.431687064937360532e+00 -3.743233830188879896e+00 7.091015486704440818e+00 5.908140614573427207e+00
9.193361624036558766e+00 2.230358467298350966e+00 -6.779753584960898749e+00 -3.727698273216928371e+00
-8.250814202218904603e-01 2.666987894407911064e+00 5.554012755112093913e+00 9.487087969216659644e+00
5.839964343706474104e+00 -7.124186020217511128e+00 2.233746407434824555e+00 6.006679164782092961e+00
6.619459012488912109e+00 -9.809441634936509891e-01 7.408616753725213222e+00 -3.384842060414066989e+00
8.032321707659049181e+00 -7.008185583535404550e-01 -3.211031069531026017e+00 -4.338154101113042671e+00
4.382238845296585694e+00 5.670726676897713148e+00 -6.916841939726626975e+00 5.258695043323956320e+00
2.886771013635223149e-01 1.505626775787458627e-01 6.067655334085966246e+00 -3.998632821877811772e+00
9.628221693727745389e-02 2.486683536224748803e+00 7.435581270173664770e+00 8.654192649819256289e+00
6.121968677153041050e+00 -1.023776391256747242e+00 8.638362142801492283e+00 -3.876108235803801705e+00
-2.558101973554144593e+00 1.242546922819303346e+00 4.197177898029295307e+00 -4.291835633611936984e+00
5.447565987857876380e+00 3.130720284753933047e+00 -6.809757299469666236e+00 1.902305419435741829e+00
6.414213190900577288e+00 7.081694209654115113e+00 -5.706233921125513753e+00 3.473442121399899385e+00
2.904396553771835698e+00 1.010914908566916282e+01 -8.012381590775600415e+00 1.859445421018294464e+00
6.661416248461648593e+00 -1.969793555702916255e+00 6.105735157666684287e+00 -4.371927865351515230e+00
-2.204981571869956802e+00 2.797790682119571937e+00 6.766319611003329904e+00 8.683899232324359119e+00
9.143717992774259784e+00 -2.216632715941492027e+00 8.396811136136459908e+00 -5.997099040655242241e+00
9.309679355917213073e+00 9.609162858240055671e-01 -3.837878764020879352e+00 -4.516249345909573165e+00
5.540111137175157019e+00 6.625791413190464496e+00 -6.022399177313929819e+00 4.681488404409433812e+00
-1.596312082078676031e+00 -7.700906787292516320e-02 5.064391157633028939e+00 -4.273811058390560191e+00
5.723196432191785199e+00 7.262629366391537111e+00 -7.472156930191173885e-01 3.872690059371621363e+00
3.651688731285256839e+00 6.169755284433536602e+00 -4.840552267252993701e+00 4.333848370717290344e+00
7.008523293514482333e+00 2.060927076235345545e+00 -2.104327148671919279e+00 -2.832937254100294844e+00
-2.069172952527193132e+00 2.684135321232774096e+00 5.119353740665209429e+00 -5.705442921121413491e+00
9.146093462301143617e+00 -6.931103325438433771e+00 7.458174091936720096e-01 6.497441675978744335e+00
9.710428412639629414e+00 1.240533370664470558e-01 -3.664301973256037126e+00 -3.496140775298578696e+00
4.030483891400286289e+00 7.611707398937054059e+00 -5.426467085514496524e+00 6.847411104274756966e+00
-2.651561801373303329e-02 3.373096191129625776e+00 5.325707889303559206e+00 7.123490585025995969e+00
8.165130106736501858e+00 3.811426987083710860e-01 -5.844175365143631673e+00 -2.900186557251324793e+00
-1.601955324625841781e+00 -5.016705069996636013e+00 7.505833902312578410e+00 5.219759618941025359e+00
2.366369747657629752e+00 1.055900740639484958e+01 -7.985546331255639174e+00 1.358967433750885467e+00
-9.641681064489560082e-01 2.859722073650002194e+00 5.028328084854430280e+00 8.923638572152242432e+00
5.955288066050711926e+00 -6.718882151635864552e+00 2.927028665176868216e+00 8.024949722944992203e+00
1.875732801890209522e+00 9.907881414905228112e+00 -8.620483640071180176e+00 1.700507889174974530e+00
8.871811138455983681e+00 -3.286879620794490364e+00 9.086977206438774601e+00 -5.906932792651183206e+00
2.152009548586280019e-01 -3.238505429997010410e+00 9.726087163011627013e+00 4.907894775700479606e+00
-8.944521511862945085e-01 -4.537782432284390488e+00 5.763701021948589798e+00 4.060061091548198497e+00
-6.317724777846273065e-01 1.942011597527104394e+00 7.490340611008008409e+00 7.860648735720394242e+00
-1.259120884996688394e+00 3.529149867251596628e+00 5.400987261719431665e+00 -4.340635546201727202e+00
6.403639754416154961e-01 8.681463054864778428e+00 -8.263221093551491592e+00 1.511153617195583942e+00
5.371795795575069477e-01 4.181356434765271857e+00 4.875601890164584340e+00 6.676359669084636295e+00
8.573899983085244259e+00 -3.863599052505675591e+00 8.674970102715034770e+00 -4.393640389077819286e+00
-1.417220783253492433e+00 -1.264854026427508771e-01 4.435097351301193314e+00 6.852662927891616462e+00
8.985687362213006679e+00 1.957597715802278593e+00 -4.476436900005855257e+00 -3.584086770129983890e+00
6.389736972819173744e+00 -2.076782017246798340e+00 8.209326525191938728e+00 -4.408509953651448043e+00
7.859407598019723551e+00 -5.491027192934030410e+00 2.276719421115055653e+00 5.474035309511737779e+00
-2.974737241588510273e+00 -5.105821676814277232e+00 6.939680253024815393e+00 4.514925626462182429e+00
-1.702760626324926196e+00 1.294065798970229775e+00 4.059099091853464181e+00 -3.603655321814930979e+00
-2.323401528601844568e+00 4.060520627900327639e+00 6.969596952533970047e+00 6.477852377727594479e+00
6.664955333891033007e+00 -6.790171046702357494e+00 3.154945710785050039e+00 6.717448683569934964e+00
1.075957217593143511e+01 2.389261957768314959e-01 -3.765542218260599761e+00 -5.618600987298852267e+00
8.045558161341720194e+00 2.089852090381154603e+00 -3.006722664251243238e+00 -3.145456527323069018e+00
5.833558866402331233e+00 3.306519068892503910e-01 6.857448133673234913e+00 -5.039700691847422753e+00
-1.336904308845533018e+00 -4.958602758491912788e+00 9.492478727135122085e+00 4.783938015423092160e+00
4.926116363313357560e+00 5.806243208317311222e+00 -7.074361844579629022e+00 5.648501801123513744e+00
5.491452403896966317e+00 -7.040054702626392213e+00 7.209344253978386963e-01 7.120146883827906947e+00
9.164304666405577393e+00 2.943662313208834203e+00 -3.190586809526490875e+00 -2.890538187727505370e+00
3.886512549325566113e+00 9.979365824031402710e+00 -6.938356233580359245e+00 5.278131402347556733e-01
3.059265677424818808e+00 8.914844442151181880e+00 -8.090923034971240213e+00 1.920822083355144594e+00
4.976970876925221887e+00 6.592753966981432789e+00 -6.853548261664792918e+00 4.256588317687405087e+00
-3.787628954249468993e-01 2.601849991090166014e+00 5.836455628914463567e+00 -5.532127685931559569e+00
-1.132274139850704575e+00 5.536228643634844460e+00 6.890402168109856618e+00 5.947186381745748207e+00
-2.421631193503003932e+00 -5.797058594987043456e+00 8.306985548271716979e+00 6.825090510363937213e+00
5.226362178390743907e+00 6.090655042300326727e+00 -3.897935398441164434e+00 3.968994854132210204e+00
9.231213683042202689e+00 -1.031172485843886433e+00 -4.902980544296294596e+00 -4.185324309947475285e+00
6.604206509905542255e+00 1.404629177859488376e+00 5.569831191003887128e+00 -2.597171915656203200e+00
8.036066316254288466e+00 -6.126632729130123245e+00 2.643801719793509086e+00 5.634184527243100149e+00
-1.270422836253568555e+00 3.894173712741977766e+00 6.092119109280615952e+00 6.014666095998573603e+00
6.066883214773787891e+00 -6.622518813661875114e+00 2.017847226580776088e+00 6.823895408531641671e+00
7.235580478419048056e+00 -1.894915916321604055e+00 6.416451183445772699e+00 -3.893948603769703531e+00
3.348216694006366900e+00 6.375593983263011744e+00 -3.520112095467577529e+00 5.278509454978989268e+00
6.398904094146748989e+00 6.471467260062836679e+00 -5.777953127279126910e+00 2.674435555839372647e+00
-1.217784392509613012e+00 2.789868229645624531e+00 6.571238485614392388e+00 7.914606590293900901e+00
-1.359316795179886572e+00 3.362403727070887083e+00 5.336984588063363510e+00 -4.317061859215855613e+00
-8.780841393574221332e-01 4.258677070348760196e+00 3.776096042021976018e+00 6.404502070249442625e+00
4.463025662639986457e+00 -1.128153963089896239e+00 8.134154891102406637e+00 -3.817184418928741607e+00
-2.532280289110106164e+00 -3.618902555194938753e+00 8.477672120882784768e+00 3.939436502917705418e+00
8.139390668426148778e+00 9.944089909136768490e-01 -2.621839661462717963e+00 -3.340808854629978342e+00
5.077970739627317265e+00 7.370121808736761260e+00 -6.023792657379829940e+00 2.734196417341475893e+00
-3.618457977496638556e-01 2.935596974823750926e+00 4.918803020103565515e+00 7.533558548761240203e+00
-1.505606299648480473e+00 3.062973106931969447e+00 7.219788498828317636e+00 8.842844877847923613e+00
-2.396360058205301513e+00 -3.827428158968624761e+00 5.578883265367728050e+00 4.649510237567077375e+00
1.155114824595749212e+00 3.333704251209440805e+00 5.875569561047594647e+00 7.059906045499372951e+00
8.531710380483536582e+00 1.165651542593660883e-01 -2.527404537873563228e+00 -3.901813355289217800e+00
-3.207895548871035896e-01 1.248098147073802844e+00 4.635826125386288687e+00 -5.187323215358333073e+00
2.467897088590667032e+00 9.107315452935887734e+00 -9.989534642609623205e+00 9.747693369087228055e-01
7.224816838811488395e+00 3.373153671047927071e-01 -2.976415846352096217e-01 -2.872710618542612337e+00
-2.097428086745314335e-01 1.470718986228360725e+00 5.282318230912111723e+00 -3.696973887361195477e+00
1.892795112811169300e+00 9.684999297432257848e+00 -9.916345783672673164e+00 3.524078469587830220e-01
6.740272325294134781e+00 -7.229329222812989286e+00 2.327615995792790660e+00 4.623048263423166659e+00
8.881716350614105693e+00 1.365771321629393409e+00 -4.788828988830627686e+00 -3.864475544287046205e+00
6.955327489060099566e+00 -7.221248839293761712e+00 3.071973566496854602e+00 7.813515530495827477e+00
1.094958729524184093e+01 -6.014425933118294765e-02 -3.648108119797849103e+00 -2.503526926616157944e+00
5.825780170843779970e+00 -7.030138391104786777e+00 1.731521260691132547e+00 7.843264584237738646e+00
8.253543556810068793e+00 -8.813535411580614154e-01 1.017673298299579443e+01 -4.940842545073764747e+00
4.671166524649284391e+00 8.388414035252511169e+00 -4.306635044743734042e+00 4.935027928152686094e+00
6.407354371934167681e+00 -4.444563136837414774e+00 1.376073923175809455e+00 8.408550187353547756e+00
4.343993014158401778e+00 -1.462510235821417703e+00 7.525379625851929433e+00 -5.151289665863833633e+00
7.444274838329732802e+00 -5.769945536115931972e+00 2.077886942614246557e+00 8.689029976620746609e+00
7.795250546178593254e+00 -7.388485193599422240e-01 8.911795636377535246e+00 -3.044025469980669918e+00
-2.614903745502392240e+00 1.386273245933965281e+00 6.021309548115406862e+00 -3.950365940501467055e+00
5.723289935652916327e+00 4.955302674525148277e+00 -3.213552083786158864e+00 4.981731463572042884e+00
4.231828634765454566e+00 9.243789268466791498e+00 -1.169523237177890174e+01 1.879849790647875274e+00
2.470790722189657451e-01 5.131818003948863449e+00 6.554404532100197578e+00 7.432786977135232398e+00
4.897693032281242864e+00 6.835429220662287975e+00 -7.053651332202016455e+00 4.008905021149876902e+00
3.463556086115871402e+00 5.801932536692495646e+00 -4.386590713869365388e+00 4.840881616259740561e+00
8.674485479422664014e+00 -6.852413644660750869e+00 1.828289841403094584e+00 5.846733822248049606e+00
-2.667117249633350617e+00 1.151899779361234000e+00 6.494634766745456034e+00 7.823380790297838061e+00
2.083610569552642566e+00 8.748806462707131359e+00 -8.675369211248611379e+00 1.723925201193911239e+00
5.286739933783035639e+00 7.875208793819604480e+00 -5.322743580500349125e+00 2.869255507373969394e+00
7.332489034660084393e+00 -8.431961478771577978e-01 6.890817884053537234e+00 -5.111668290938784054e+00
6.959595981786196539e+00 4.531489862701477023e+00 -7.434689837958945446e+00 5.375863135607851895e+00
-2.020025237946759145e+00 2.341495543523210987e+00 4.505572008483966329e+00 -4.603734288035910005e+00
2.912810920054468511e+00 1.135225623438873654e+01 -8.677360962442410397e+00 2.569849348276990852e+00
3.134315343631007167e+00 9.877242923630973337e+00 -9.040474446822607035e+00 -1.501753107686145672e-01
-9.796574127425042855e-01 1.432239659519306318e+00 4.675200797334619018e+00 -4.410722327921219765e+00
-4.225172983927951265e+00 -5.815931390645621590e+00 9.176426119416426275e+00 5.288454538713692088e+00
-2.282495681713848645e-01 5.801570635656707609e+00 6.451413145445011210e+00 8.068899115361061192e+00
2.372281445746596162e+00 1.168449570530536619e+01 -7.121076043708896464e+00 1.682032772585881464e+00
2.676638763833701251e+00 1.049308659297051527e+01 -6.040138091221119332e+00 2.886884346957431013e+00
6.634967992705475659e+00 -1.527248197823813047e+00 8.940580120247204832e+00 -2.554457830321080092e+00
1.644713911819955410e+00 8.882411670638727941e+00 -9.606099948880093109e+00 2.456684700869943061e+00
3.676009110318743556e+00 6.332298781327428294e+00 -4.591051711259947155e+00 6.326887532245756063e+00
5.984372112350258455e+00 -4.560694870500484832e+00 3.527451186987005549e+00 6.673520665633095206e+00
5.010124332737146524e+00 6.587351646337366695e+00 -6.730481859604495298e+00 4.055836022639197402e+00
5.654684201528094256e+00 -5.312491411233065008e+00 2.159446524910316523e+00 6.483135473521158154e+00
7.092951453668840500e+00 -4.835920885880360842e+00 3.498614940118890182e+00 5.779026218149788008e+00
-9.725557341680118872e-01 2.037443413447820539e+00 5.685292254810715207e+00 -2.982781083071001316e+00
6.018288773895110744e+00 -2.722862095933388904e+00 9.711576946792073173e+00 -4.255387308902390586e+00
-1.500175312663761584e+00 -7.884327691996912968e-01 3.797804183466426231e+00 -3.710481802952953156e+00
7.863955153283194832e+00 1.756359025845886546e+00 -3.750060236281150594e+00 -3.510366435609142410e+00
-1.734240709972684868e+00 -5.339728133997521553e+00 6.176227818480654719e+00 4.291906254004024923e+00
-1.023805386543698015e+00 2.716933496629764910e+00 5.303489224311797479e+00 8.946548797765629502e+00
-5.922445567474512451e-01 1.124660884778583725e+00 4.963146250321784692e+00 -1.722845437256931511e+00
8.742187997750823669e+00 2.251635711787589145e+00 -3.208195939809292518e+00 -2.402009067659898633e+00
-1.800310822266566024e+00 1.753136911635817752e+00 3.172126976273256016e+00 -6.310099671624023188e+00
6.246729169653951530e+00 1.683870399218204916e+00 -3.857816514179316147e+00 -5.217054853742556730e+00
5.298704693427942480e+00 -2.130852556435512302e+00 6.213236691898361030e+00 -2.699012950346603823e+00
-1.466489288037382543e-01 -3.748553536618767446e+00 6.414975218082637376e+00 5.192783358305183228e+00
8.023002207465586011e+00 6.929524131011088883e-01 9.373593939284807774e+00 -4.205548477504054361e+00
5.179710383973612053e+00 3.876816021395415479e+00 -4.846572811288398341e+00 3.112066742786654849e+00
-2.893760125738823685e+00 2.547435787410229580e+00 4.666916450450091958e+00 -4.821484904120476145e+00
9.150777149244257558e+00 1.928988013212515673e+00 -5.495063937513201324e+00 -1.697700614480990966e+00
-1.208919593898971856e+00 1.886260103023025270e+00 4.263870348074579653e+00 -4.990560093182545565e+00
-5.923390452480308266e-01 2.648601468297290040e+00 5.633097111932919177e+00 7.925600500625187728e+00
8.061916259280931030e+00 -5.750830815204891699e+00 4.466332583588004113e-01 7.183499745639783995e+00
6.558615814358988771e+00 -7.444973832089158972e-01 6.135014887131417183e+00 -5.176864577215115837e+00
-2.039276590476474027e+00 9.645087887356134093e-01 4.701108732098030707e+00 -5.688531387530993300e+00
7.942737410585565261e-01 1.109633603990074846e+01 -9.239077320269275972e+00 1.470554783796296228e+00
4.865960917432206934e+00 -2.450655027707751010e-01 7.887439993872806809e+00 -5.859405152127004079e+00
-2.456404397059267719e+00 7.773747031520622519e-01 4.404975495061723478e+00 -4.182631035314536838e+00
-8.669997614489475257e-01 1.072024155809270241e+00 7.117243374793872590e+00 -4.051123334376329765e+00
4.192466720997439111e+00 7.799558736702095096e+00 -7.122163841254267602e+00 4.348748598660302278e+00
-1.845658393242961548e+00 -3.142991043068132484e+00 7.433653812585604648e+00 3.721322401605856811e+00
8.616290343436089572e+00 2.001995227699323587e-01 -4.572047044376384761e+00 -2.478419826520757319e+00
-1.670575952187741908e+00 -4.689401962065547380e+00 7.770403467969747346e+00 4.371180670980751692e+00
5.225113461850950713e+00 6.272152829050113176e+00 -8.185188166750561933e+00 3.195356311706397445e+00
8.081894097165291058e+00 9.496641436271575643e+00 -3.494366479609361864e+00 3.982349942658495401e+00
-8.219730240124308862e-01 -4.063542016607628149e+00 6.227008580959799033e+00 6.654289015872159929e+00
8.029641911185240843e+00 -5.487761442367860454e+00 2.726658316261913129e+00 8.695439981076889424e+00
6.977804350904387221e+00 -5.324572743889534721e+00 1.918224336280296205e+00 4.922712783608983678e+00
4.225213219324266412e-01 2.101128496726358819e+00 5.168850507657404059e+00 -4.035834825261757963e+00
1.412873107208829637e+00 1.029529076963996914e+01 -7.435755071705600905e+00 3.210599548901866829e-01
7.353400321342860479e+00 8.202367672673988253e+00 -3.780194007274303214e+00 4.948935910568419416e+00
-1.136778375300925514e+00 1.641422861138629452e+00 2.744398426339721198e+00 -3.588196860011831912e+00
-5.594827095855083865e-01 2.832958869438639837e+00 4.986452934779956436e+00 8.866374360774656793e+00
8.772280128587267356e+00 1.605478681862940071e+00 -4.035791624991043491e+00 -4.956991718347475206e+00
4.430833546607310325e+00 6.908879194158075165e+00 -6.614187157979837473e+00 4.352629475944299386e+00
9.867350328765271072e+00 4.660562502395809714e-01 -4.740910414162889275e+00 -2.456099346048091103e+00
6.179242647971507907e+00 -2.805823453546770097e+00 6.191961983379736800e+00 -4.672537714183789603e+00
3.897832496759455090e+00 1.164134022150405201e+01 -7.630597708620399544e+00 1.414837746273377439e+00
-4.165415409245665224e-02 -4.348524096390334215e+00 5.397869568467829282e+00 6.267866900468494151e+00
-1.997708145284382564e+00 -5.123252304545821367e+00 8.037107882742558829e+00 5.551811849390928977e+00
4.719930478817808250e+00 -5.801075155563722774e+00 2.638331647400234736e+00 7.132723334131052972e+00
3.050083915792197509e+00 7.830785255386640387e+00 -5.838506383927129839e+00 2.287543188559053142e+00
6.952372633981592998e+00 7.188435335954143079e-01 -5.214718610242439212e+00 -4.260723221275041439e+00
7.720080395428034592e+00 -1.227751656604260777e+00 -4.519995291255185066e+00 -3.204704511086488239e+00
7.857528140155974228e+00 -6.082288423739947714e-01 -2.887624426620486684e+00 -4.566071510655788757e+00
2.459350554231572339e+00 9.258278640940897475e+00 -9.042283066649435597e+00 2.946874255301285217e+00
-2.401653731606186781e+00 5.778648454968138282e-02 5.915739763383629501e+00 -3.420929314939742394e+00
-2.321380027001655577e+00 1.662248674029922713e+00 6.118574340616731000e+00 7.733245963497651587e+00
6.233687459324813496e+00 6.648156328933577441e+00 -5.648305499617220171e+00 4.935147192589381504e+00
4.383269548013083217e+00 8.259338890717375037e+00 -5.327153683579425092e+00 2.221867486355633137e+00
6.175127858092556821e+00 2.248726033951675696e-02 9.418022313190981265e+00 -2.783348406200619074e+00
7.657319277420648440e+00 3.457230502537734562e+00 -4.322081074002993795e+00 -3.381494509339178833e+00
-1.194844259177303414e+00 1.197454580000830049e+00 4.545534540532272239e+00 -4.728061261176605079e+00
8.778783991103933815e+00 1.716454587257611797e+00 -5.288416476093587448e+00 -4.144358881821628593e+00
-1.766094891698221758e+00 5.496557849010301311e+00 5.586873642967651321e+00 6.813148817148299230e+00
6.948163907673116313e+00 -9.915544466911669907e-01 7.814245816462487504e+00 -5.286470292841274343e+00
3.666990784987106622e+00 6.391932133368595004e+00 -6.669027992418464557e+00 2.792361671198601236e+00
-1.421520740264514693e-01 -4.374486790693977056e+00 7.344245677219450208e+00 6.637975400518675073e+00
-6.532717434114718724e-01 2.666500689619460740e+00 5.028748975301013502e+00 -4.080306144604142204e+00
4.590252982644354773e+00 8.017594567683033802e+00 -4.732013378232509559e+00 3.428982385740624306e+00
4.671716858803671713e+00 6.751990150311968364e+00 -6.070141370888983978e+00 6.940694153448967896e+00
7.499477565343775964e+00 -6.691033134720484554e+00 4.972894682378117270e-01 9.143598334904782021e+00
-4.738404884968579478e-01 2.819152450794309317e+00 8.272675878180926645e+00 8.546191429323236832e+00
-3.009142450946385328e+00 -5.872904587374892849e+00 8.273252282500623167e+00 7.158757487192132452e+00
1.557824033699837241e+00 1.181204936382195925e+01 -7.923691366316226947e+00 2.036517027098815102e+00
-2.168445692203343711e+00 -6.354671634439480243e+00 6.873121176648345987e+00 5.686365333693239599e+00
5.718463769500479188e+00 3.981772453269137646e+00 -5.517000307307562856e+00 3.430255509982225171e+00
6.651607981320186269e+00 -4.510830347516335159e+00 7.221233549001729202e+00 -4.328743262644466405e+00
-2.003920992601936124e+00 2.471762437667833989e+00 5.580665061815710537e+00 -3.828546219433873077e+00
7.160715617381126386e+00 3.564974251891225077e+00 -2.857331322193629397e+00 -3.586644309500827799e+00
-1.986219647699068114e+00 -3.285854187209835686e-02 5.215046309448036155e+00 -4.644635178659658692e+00
4.126191408198789823e+00 8.740598306449800958e+00 -5.921121225877524097e+00 6.276234669420819756e+00
6.477362557578286051e+00 -1.404857908878959005e+00 7.861863382660164490e+00 -2.142583478303371702e+00
3.161636219910100465e+00 9.742097110112739600e+00 -8.931506138958621221e+00 1.517649348507827067e+00
6.855063081411943315e+00 4.018658863735351527e-01 6.590299516108515832e+00 -3.099677028145429780e+00
8.128239476758951199e+00 -3.089673841391778364e+00 1.096904764902385487e+01 -4.562064818072632200e+00
1.980526140141809499e-01 1.004806865878562050e+01 -9.042235999142864245e+00 1.681861568628661097e+00
-1.377498811341969720e+00 -3.747786624002304556e+00 7.400104660796135825e+00 5.210186859253442826e+00
7.271198486186140286e+00 -8.155726097172358635e+00 4.392894307725317304e+00 6.142613673939433916e+00
-1.128513256392073005e+00 -2.545563085551176385e+00 8.630989446259443199e+00 5.745553175216953967e+00
6.127885220467634397e+00 -7.044308571821850329e+00 3.323611320258734292e+00 6.811440025499419626e+00
3.019658814085405929e+00 1.047759794482019124e+01 -8.547619113257100665e+00 2.387826611310779334e+00
-2.910219688539715799e-01 2.628388277875846057e+00 4.018475765386289922e+00 7.669790203259672978e+00
-1.837640829431401501e+00 1.050047901324056010e+00 4.451359536674225126e+00 -3.173260004888506902e+00
8.267310213595009394e-01 2.372354656442391629e+00 5.829002511653764707e+00 -5.410926724118322539e+00
6.413247720335391477e+00 -7.409996836971472156e+00 3.211825125694325767e+00 8.159514513829043025e+00
9.720459958903806097e+00 2.217843007917758014e-01 -3.534727622809531233e+00 -3.327967497449028311e+00
-8.131737106855397856e-01 4.866175943402073933e+00 5.695293293734941642e+00 9.010939156502201897e+00
-2.743565454591234243e+00 -4.088565726086706320e+00 8.036368240183183076e+00 2.940086878894151212e+00
4.940795554703263370e+00 -1.595514647842788403e+00 7.193360709488595184e+00 -5.895078443707197025e+00
3.878459334367407862e+00 7.173649872976240793e+00 -8.846744645381017236e+00 1.604041442458405520e+00
-1.395342601259785376e+00 7.471921908672825019e-01 2.566308609987860034e+00 -3.015145756237385566e+00
7.169874833059864727e+00 -4.503289085144362325e+00 4.390544324683509636e+00 6.206561119485048295e+00
3.636941974515532472e+00 7.958437218522321999e+00 -1.168311718341276872e+01 4.356017934181375395e-01
7.209085177222375407e+00 6.193341595831284074e+00 -4.837502684158586419e+00 5.279697765964946221e+00
6.554193566430680740e+00 5.871566059940399818e+00 -6.063705403292855678e+00 2.608592024131033860e+00
-4.218597683815216826e+00 -4.763214446358118082e+00 5.201479701044096515e+00 4.444802862575748748e+00
-1.681130256116150301e+00 1.419260662688422103e+00 5.888475957243326953e+00 -3.859186360172178976e+00
-1.991426683035868450e+00 3.013886405458591433e+00 5.591719156908105504e+00 7.219094358321848759e+00
9.391874901637734752e+00 8.754367304975756436e-01 -5.138452713932390559e+00 -5.098687771385044698e+00
4.880643773481856407e+00 6.234404045913179537e+00 -5.042305167428325241e+00 3.943234428147420090e+00
3.016354726159070410e+00 8.706293518080016725e+00 -8.111278415444854062e+00 2.938868058003347272e+00
7.814613665846454893e+00 -2.208685907200786946e-01 -4.216985208171106336e+00 -4.273907468047887903e+00
-2.810984821252048960e+00 2.864254047941285020e+00 5.241945370853527741e+00 -4.161797865319941003e+00
2.258038017263028774e+00 8.961689381459969184e+00 -9.364728821319335594e+00 1.801810214104392349e+00
-2.435189482767859293e+00 -5.697620548568566257e+00 8.621874180622876693e+00 6.758127212500579795e+00
1.050939952405803846e+00 9.055102461863926422e+00 -1.100854748445309639e+01 1.310415045469176309e+00
3.887555475453372544e-01 4.290315706595260181e+00 6.347733561296159621e+00 7.798458580756858716e+00
-1.399833752355134742e+00 1.867686385324023757e+00 4.837012724160077326e+00 -4.626005947188269296e+00
7.539228159952970465e+00 -2.253864588601878438e+00 9.461370634720832840e+00 -2.295579411872746611e+00
5.975787989499727892e-01 8.966073642912524733e+00 -9.927625801499159408e+00 1.437401492968935379e+00
-4.683359440843079535e-01 4.457364033339810128e+00 4.818061369098979085e+00 7.084091743860617463e+00
-2.348151141662627950e+00 2.440605127126552532e+00 6.409224759421772610e+00 -5.534689195513339044e+00
7.549566182123029989e+00 -3.197499475658367452e+00 7.063384001080063257e+00 -2.231480504198448234e+00
5.320631537955319068e+00 -2.793243308268311687e+00 8.491125754806386539e+00 -3.156729586218368411e+00
-7.689779002695740218e-02 -4.807343718932318488e+00 8.794799755784826090e+00 6.312500926272500479e+00
6.212809501001212098e+00 4.251732938044945342e-01 7.383636655342638022e+00 -4.046867367481759459e+00
7.622616189238378581e+00 7.376027144069667862e-01 -3.759229783246994305e+00 -5.012728448580038076e+00
-2.503229596753878461e+00 -5.395403078455360379e+00 7.269550602865017197e+00 4.447657013053316177e+00
6.247182794828048280e+00 -7.422852963262782211e+00 2.756549772635597417e+00 5.294709094737221733e+00
9.105386730553941987e+00 -1.200373483813210074e+00 5.865964495424140779e+00 -5.074697871566219654e+00
-4.299824097670478906e+00 4.750170812934648268e+00 5.254802648605358506e+00 8.789365227428719507e+00
3.326987799432195025e-01 -5.617923320668611886e+00 7.387873575577674323e+00 6.085071094317815010e+00
1.010758786967008227e+01 1.632716798261052205e+00 -4.050317698100732500e+00 -3.221165259089505906e+00
-3.155642924637080959e-01 -1.161855944467240942e+00 4.478788104381512092e+00 -3.931701117247665689e+00
-1.263010142924418933e+00 4.265116572510282644e+00 5.592449902973974041e+00 5.819506949941766649e+00
2.636555193932506480e+00 8.049860624061345504e+00 -5.292054112697443635e+00 8.998617597380870192e-01
-1.352714386147548797e-01 2.130405391131785287e+00 3.926523295964027938e+00 -2.420012239952963995e+00
-3.833307341540548308e-01 8.265607768043821579e+00 -6.547283731690164643e+00 2.447633617874950041e+00
-2.200739507552849084e+00 -6.125227516349122325e+00 7.330096985720888192e+00 4.153975042215137137e+00
7.743122993158792156e+00 2.608527619683018717e+00 -4.078441116326001037e+00 -3.501456238958754241e+00
7.836283383584427220e+00 -5.613033718530433092e+00 -6.561020615397028521e-01 3.876922270602502607e+00
4.640755815243196025e+00 6.085960195343381507e+00 -7.829266337798313380e+00 5.485629069950093140e-04
6.782944615292135992e+00 3.446209804264555032e+00 -5.955681829968922258e+00 3.438028405164702317e+00
6.907639028382266844e+00 6.878931335533511326e-01 -6.284386216018458704e+00 -2.506958808935498606e+00
8.844930145118384601e+00 7.642634770083949203e-01 -4.795504247611326321e+00 -1.263792347286972984e+00
1.306510354517453898e-02 -4.789296399462108944e+00 5.002919516465883731e+00 7.106006507473612288e+00
5.225364449936784617e+00 7.396845636851302253e+00 -5.570221488738139826e+00 4.625604315483869300e+00
4.018531484493326644e+00 7.985490128068021498e+00 -1.087696486280444219e+01 1.364698226368464162e+00
9.530981972385703216e+00 8.447500557843657942e-01 -5.320422281216743876e+00 -3.771761502491688400e+00
9.436160766254019450e+00 -4.168978990167673260e+00 2.578668014477624837e+00 7.876364934327765077e+00
7.591864179693628145e+00 -5.934550461903727481e+00 1.707513976479261064e+00 8.477434749296566707e+00
9.273145451085607505e+00 1.185265358297641125e+00 -3.932576077612590204e+00 -2.820989471228478873e+00
9.770414211263185322e+00 -8.644813028557027934e+00 2.941242930911379894e+00 6.939197690636366822e+00
3.052784189259230452e+00 9.163397855457569463e+00 -8.508075928061314741e+00 3.191519493476732361e+00
7.831384692320232155e+00 -1.915982297578900706e+00 7.216030367105653376e+00 -4.527448904027126630e+00
-2.117172525418689943e+00 2.117679169509719461e+00 5.029334208062213207e+00 -2.915367491974255820e+00
7.659972252776920065e+00 -6.286715658292744813e+00 2.020880907802953708e+00 6.692880623961525721e+00
-3.186846511181595787e+00 3.484301817250762934e+00 5.163268604161626030e+00 9.270678762488190117e+00
7.649365723017717222e+00 -6.272142606045938429e+00 1.766447741428345264e+00 5.916138263297081146e+00
5.856391790578835632e+00 7.414416070468533349e+00 -6.040049758919409761e+00 2.902294430468862263e+00
9.073870559869009256e+00 1.153838083183739815e+00 -1.815213123022069830e+00 -4.072305519174328481e+00
9.569148247930774787e+00 1.853032583906509823e+00 -4.916943223667315621e+00 -1.985684729911676216e+00
1.758756386164787910e+00 1.172505291746169043e+01 -7.171861135758290651e+00 1.524527897672472765e+00
7.915456960055045066e+00 5.106397013415788777e-01 6.582205152836255735e+00 -3.687467243047399368e+00
-2.419574920809429486e+00 5.856904850022381481e+00 6.117677649086865621e+00 9.502217392977771127e+00
-4.037381316737622683e+00 4.781201983413712497e+00 7.250836598453241244e+00 7.177295737461265368e+00
-3.130067107468184950e+00 -4.027235366494203106e+00 5.454366660776520881e+00 3.675807053405172997e+00
-1.231016472975108522e+00 3.503717019566249924e+00 4.623957221130326367e+00 -5.746546412058510356e+00
-8.296308075583050945e-01 -3.805507448650751634e+00 4.562327984357473554e+00 5.125104583164127092e+00
5.340402868402506442e+00 -7.337632806939080155e+00 1.320729593159449156e+00 7.213575729880928655e+00
-2.699600782527174836e+00 -4.504938665069977866e+00 9.145546617382915855e+00 6.598022073018523947e+00
5.230552974022300461e+00 6.245502037980873666e+00 -5.510528232222205780e+00 4.419132630894390346e+00
5.596505444971910492e+00 7.571483957937431342e+00 -6.961784909447461089e+00 3.931637793949375848e+00
-2.027513418211420060e+00 1.221873935574046444e+00 3.919968900283040014e+00 -3.971566585587650078e+00
-2.293699456594893160e+00 2.125845375326742115e+00 4.484780417660021001e+00 -3.521342436722126212e+00
-9.407569381378131368e-01 -3.481840193117655691e+00 7.715314010021305791e+00 4.789090368450489521e+00
-2.641243037109777703e+00 -5.796640598329590333e+00 6.751684662161807182e+00 6.736198018083344508e+00
8.510815998834562635e+00 -6.211663095956575731e+00 -4.403171287853200333e-01 6.090055183931897709e+00
9.389127554680088750e+00 6.669079834811530993e+00 -4.074426525412398803e+00 2.683414646408757598e+00
-7.200899919798632309e-01 -3.250721697846373992e+00 6.859161504101844109e+00 5.390522065931161677e+00
7.455721957611918249e+00 1.254466364201543449e+00 -2.620741723476678775e+00 -3.612165033389691082e+00
3.909604526482749698e+00 -6.916013347549855972e+00 4.008944678460713895e+00 6.877630208633507714e+00
7.953329584405481434e+00 -1.988759342657642204e-02 -5.082261551803641808e+00 -4.643108069199421095e+00
8.884136381551485329e+00 1.628005066195272743e+00 -3.280772958185953492e+00 -3.147946178942045314e+00
4.029168607521133261e+00 4.821695550484726311e+00 -5.439764971357979206e+00 4.952802827725169443e+00
-1.582909795717022394e+00 4.533178539011877284e-01 9.004541289266965620e+00 7.350721718520757619e+00
7.264084200126255553e+00 1.132165691617150971e+00 -4.294739807868147352e+00 -4.143852498051131761e+00
4.853860232370224459e+00 7.920404603664359833e+00 -4.283226795986768920e+00 1.865690413616681642e+00
1.101723926282802779e+01 9.892300383252632390e-01 -4.114963954010154801e+00 -3.748096460250530448e+00
7.933655426834984148e+00 7.032771814732985405e-02 7.481847615482966951e+00 -5.849536246356425551e+00
8.804287657400760025e+00 -6.675168478415111295e+00 1.713709690489473525e+00 2.881034795261246284e+00
2.138181407427507175e+00 8.150488484862949079e+00 -8.517741524318516610e+00 1.978923800550396184e+00
6.821658206540043956e+00 -1.581979682044818647e+00 4.928869323359085008e+00 -4.821675315380575810e+00
2.737639208753269937e+00 9.418287819604891808e+00 -7.817827770374505825e+00 1.145499198218866255e+00
1.218388340038048412e+00 1.011925040089983874e+01 -6.231058230058437175e+00 2.739914991976671210e+00
2.362066862609237372e+00 1.052199921430931617e+01 -7.368136270574010105e+00 1.988324505137490927e-01
3.776172115558538600e+00 1.132516127034145370e+01 -7.312740686964554371e+00 3.065256089017182717e+00
8.963794988313328105e+00 -2.711119840750643828e+00 7.284583216764228375e+00 -2.608546364642791993e+00
3.253926402188512590e+00 6.698892035251412302e+00 -8.352193587674186404e+00 5.045318642649966101e+00
8.521429297236668532e+00 -6.057546251907304224e-01 -5.470413327366636658e+00 -2.892864834872600710e+00
5.028872188275700594e+00 6.268465570918636764e+00 -4.526412215151372820e+00 4.344208069321742194e+00
8.305499146440910252e+00 -1.541219326952586233e+00 -5.167929985724462938e+00 -1.050302036964341656e+00
8.796213327951228678e+00 -6.209374030413157275e-01 -4.580062793023767398e+00 -5.183253613927654158e+00
-1.397572470389413457e+00 1.292213870231029738e+00 5.790336877708410768e+00 -6.386341974406493094e+00
5.366455953599182038e+00 6.950816939094812241e+00 -7.813779994848820465e+00 1.379539317260180198e+00
4.312105796481418007e-01 1.096697771253133702e+01 -8.743463147802462032e+00 7.841942782458581895e-01
8.342391226179055153e+00 4.655252423245245241e-01 -4.473124964371891110e+00 -5.018818116994905765e+00
-2.349476466197020219e+00 -5.946751003206220076e+00 7.387527645266859011e+00 5.162530135568151657e+00
1.094506426294247436e+00 1.360360793174923977e+00 3.584005891494308926e+00 -7.440912057434847071e+00
1.040533423273331515e+01 1.648402284339427482e+00 -3.674330790982027750e+00 -3.521139363998134986e+00
3.867520017725842862e-01 8.283836104518487176e+00 -7.804147240218994419e+00 3.043383968212376445e+00
-1.227097863774570197e+00 1.484589414012410513e+00 5.210452318803143079e+00 -2.678318220254313431e+00
9.749017291385607464e+00 1.151404027456088608e+00 -5.864047688131336145e+00 -5.032978592444019128e+00
4.924870276735666685e+00 5.778476067331702382e+00 -7.295571025976359536e+00 2.390312822942474824e+00
7.017615742841571524e+00 -4.980082040550139588e+00 7.091020227450730573e-01 6.449855439254675638e+00
2.896256248285741908e+00 1.048395436200411446e+01 -8.847868439229818804e+00 2.022551026530063467e+00
5.701830735184381105e+00 7.269593222563034196e+00 -5.590097469392225626e+00 2.953024000695406048e+00
-1.874681226337324480e+00 -2.710041626969045048e+00 4.572373438839103521e+00 -4.991081769301711546e+00
-8.027589413886495606e-01 3.379638657580167127e+00 6.731380219274312182e+00 8.089145759580626205e+00
4.283963551691321925e+00 1.258645094337840220e+01 -8.052047400299271018e+00 2.942476042467317310e+00
5.547755297057698876e+00 -3.065706623166482903e+00 6.971221883260659169e+00 -3.840478732086090474e+00
5.559477091109294555e+00 5.075245242565259218e+00 -6.937397814359376191e+00 3.612695086329602567e+00
7.055796619624119970e+00 -2.784564012282493284e-01 8.736772525306680137e+00 -5.187255257406790498e+00
7.727340830277476869e+00 -8.584706253197866843e+00 1.844564079416311841e+00 7.013407981283285686e+00
-1.763621280989249529e+00 -4.168159067103528237e+00 7.304540050032342968e+00 3.040196330848954354e+00
-2.148522244936987846e+00 1.779982738583217650e+00 4.167097257090277118e+00 -3.217097775705424656e+00
8.022486862895760851e+00 1.542875945678926719e+00 -3.879281235476363499e+00 -2.996924405142541659e+00
-1.989522035773765740e+00 -5.186428619276945540e+00 5.646202489231745503e+00 5.119703469642943539e+00
7.328112582267388042e+00 -6.398016895371672952e+00 3.294600748426901315e+00 4.940618544890826414e+00
8.382823317911727301e+00 2.004945522473225772e+00 -4.711685975557696082e+00 -5.287117700674619059e+00
-1.098796641474041103e+00 3.019426548049821690e+00 5.716239907080156613e+00 -1.933996263954399275e+00
7.773772019725737614e+00 -4.866908029580241379e-01 -3.667623814979342534e+00 -3.319945379484797510e+00
5.733020601524605908e+00 -6.586599660407645551e+00 1.886947330107052956e+00 6.988845456842715187e+00
5.945014452612369382e+00 -6.787802680678468370e+00 5.582160262011000018e-01 6.777783875528254676e+00
4.948033396839649711e+00 6.305904152076842628e+00 -6.897561784859805201e+00 2.381533018949575364e+00
2.309037085199898698e+00 9.384603853459095646e+00 -8.068154886185723740e+00 2.433568506569718792e+00
7.356529638571815966e+00 -5.552972750846222105e+00 2.151895007563347839e+00 4.207023160755019475e+00
8.040581129818791695e+00 9.469208472561041479e-02 -5.655513598980217438e+00 -4.844515002647599822e+00
