6.296813554164272908e+00 -8.757587092453888999e+00 2.858302257875097840e+00 5.890043239948531628e+00
8.378659011245828125e+00 2.431832994636126344e+00 -4.106916004705529311e+00 -1.848739792183156760e+00
2.942856645325286014e+00 1.058863057136940178e+01 -7.101633889291051105e+00 1.957172601269277834e+00
5.413262091744746485e+00 5.232139777530075975e+00 -6.107176957232043790e+00 3.579749160816761755e+00
6.761571246457488193e+00 1.112027431399146504e+00 6.694957783423198805e+00 -2.086928100676668230e+00
-4.452118226414231827e+00 3.947692900778275504e+00 5.823315520593776995e+00 -5.719783419077241859e+00
-1.018807894353065624e+00 -2.700939950499143816e+00 6.377789898583738015e+00 5.743229453439134602e+00
6.438192273105364904e+00 8.276998562261677961e+00 -7.895515401233863528e+00 4.616817545034835213e+00
-1.231327740478111776e+00 2.824257932562420415e+00 5.257491305110837843e+00 -2.831843721497940614e+00
-1.107398567191211658e+00 -4.867786396283288575e+00 8.067293053271693992e+00 5.965872309799836515e+00
5.184230768846727067e+00 -2.141238816559928537e+00 7.008998012932464938e+00 -4.315195882705762820e+00
5.129881303449523422e+00 6.348385441727804057e+00 -5.045303294028269825e+00 6.758885431306963731e+00
-2.009423122129320838e+00 3.691661398484509693e+00 4.770888806975719376e+00 5.566701600716795539e+00
-5.667137804166372250e-01 -3.237068375523475705e+00 6.216964354435326356e+00 6.293181475885353926e+00
9.644278921918003178e+00 2.595255569496374148e-01 -4.328594202220121367e+00 -3.095255312678974580e+00
1.804127838639141279e+00 8.079555589553921280e+00 -1.006848497858577041e+01 4.248283361330905450e+00
3.767887226931655675e+00 9.557253167275570505e+00 -8.238373599317004192e+00 7.266781088392612054e-01
-4.177942763648259117e-01 2.369899256631007312e+00 4.243684052584790756e+00 -2.229465291727354526e+00
7.807222248157475342e+00 1.364211523648126700e+00 -5.009298781695115110e+00 -1.298854909039998340e+00
2.117285724509309741e+00 6.003515730253392135e+00 6.808873999356294782e+00 8.339980604082875004e+00
-1.279090287690845873e+00 2.442153193485253837e+00 4.690165753864142140e+00 -4.554452689819278532e+00
-5.269747909547890519e-01 3.118390177524676954e+00 4.834105608767350404e+00 6.212183387291778658e+00
8.261381424475045421e+00 -2.267962639196455132e+00 -3.198910349758108396e+00 -4.966395488159706773e+00
5.382776031018043916e-02 3.607840807782568326e+00 5.984139393046559618e+00 8.352388329150519652e+00
-2.497496030017227309e+00 3.076781437247518625e+00 5.845651222762743515e+00 -4.581575873625952866e+00
-9.715650294561672951e-02 -3.632745208279699600e+00 8.701473805476588552e+00 3.453309691896242484e+00
6.360543037443031622e-01 5.423928759772240760e-01 6.535834005797403812e+00 8.715046431876077193e+00
9.633330259555142661e+00 1.588351092484889149e+00 -4.670356709831950504e+00 -2.426145146877634939e+00
-2.728923671648353810e+00 3.982559864075475797e+00 4.832405848423383610e+00 7.222600180793469882e+00
8.741386178574597210e+00 1.153213707188945225e+00 -3.386948084552243721e+00 -2.390341940090916051e+00
-2.896538994854732429e+00 -5.094490978683879234e+00 6.057071733203811092e+00 3.442471236315668648e+00
1.861388116007518745e+00 1.182725748630674723e+01 -6.137824667618591690e+00 1.823436584109040082e+00
5.782870852527010719e+00 4.398477975725894495e+00 -4.630109489574475212e+00 7.394220313060239747e+00
9.731938815208174276e-01 5.020829526115909935e+00 6.498949534406997408e+00 1.012713986786932630e+01
9.230078325592259603e+00 -1.461389075437551810e+00 -6.019136064843212175e+00 -2.218698803845159606e+00
7.005668924954558285e+00 -4.706320720102532107e+00 1.912339739973295760e+00 7.732982613708241360e+00
4.031707629041409113e+00 5.766701191423551975e+00 -6.375085359136234864e+00 2.387114733829065472e+00
1.296185539764253880e+00 1.154663938292992853e+01 -8.225109131068002455e+00 1.546462331368588572e+00
7.357748491591734386e+00 -7.924864791267907105e-01 -3.938276260593874589e+00 -2.325367629133171299e+00
2.803665957292619915e+00 5.356846253866660135e+00 -6.866282103995111186e+00 3.512600255766639368e+00
-2.565258956043309002e+00 2.303281786585519075e+00 5.194552834402174746e+00 -3.768495018223624982e+00
7.706800339648608222e+00 2.280986427845125064e+00 -2.807422400496052184e+00 -2.688582968656973549e+00
1.180822205999970675e+00 9.736285462611004249e+00 -9.253191084103194797e+00 6.277272468490628921e-01
6.742843302043366904e+00 -5.372600731904523030e+00 1.436685478365392843e+00 7.134163672773311760e+00
-1.601976013378682895e+00 -4.537285248856508524e+00 7.558437707874673173e+00 3.978034754540763718e+00
7.212743312722974309e+00 -5.306535789261912051e+00 2.001790514799467680e+00 8.908911807815741213e+00
7.009789787907565461e+00 -1.267366872897486729e+00 7.413585111890230728e+00 -5.061116568216975864e+00
-7.633136793904345963e-01 -5.595821942221821388e+00 8.175768277618475466e+00 7.194588970802134220e+00
-1.017844708011925725e+00 2.309196968197935185e+00 5.409960136379122098e+00 8.574074363703214630e+00
-1.062940716410375019e+00 -3.592975464413474818e+00 7.544710775043676598e+00 5.277223419503393131e+00
-1.325618432797015300e+00 4.053048727764956283e+00 6.882139307212934654e+00 8.889769874996554577e+00
8.366146406314760142e+00 1.645760409847013772e+00 -4.261621280211160823e+00 -3.405260163873874202e+00
1.331907443848376893e-01 3.493409490778809801e+00 6.634551360870611703e+00 9.397282092102905438e+00
4.993769999455459185e+00 9.303495442336942034e+00 -3.640747735948566266e+00 3.048302879131539189e+00
6.686372088236086419e+00 3.477824535009228502e-01 8.416645516773407110e+00 -3.308856305624630956e+00
-1.167961990447308418e+00 -4.616508041198010837e+00 7.250886839385489502e+00 5.938507338205547548e+00
-1.702820668331617160e+00 2.579161945097445674e+00 5.174303328755468279e+00 -4.632076938638996388e+00
3.268095612283064888e+00 8.003076772808787709e+00 -1.009992329322309246e+01 6.308346326177549646e-01
9.501361730153222496e+00 1.980297493434967748e+00 -3.143562761214468981e+00 -2.242767337069976108e+00
-3.145764570635091184e-01 5.391551776424867271e+00 5.555215216859464178e+00 9.273036680742331228e+00
8.182928492578312785e+00 -6.859747628282900855e+00 1.390289094329327124e+00 7.651030956953951190e+00
2.239542501839086874e-01 5.897406822640243185e-01 4.476395196179045577e+00 9.645436842001165800e+00
7.569795558192581986e+00 5.136098629599303855e-01 8.552983995394235706e+00 -4.584449430256780644e+00
6.709812223652543040e+00 -2.073073087552284477e+00 7.920846857302530353e+00 -3.503019330336843318e+00
7.085089498663014851e+00 9.364236763552600262e-01 -4.298782333201322636e+00 -1.411565893595031485e+00
-6.707836945081468993e-01 2.936749611190611731e+00 5.287541638238097974e+00 7.669926397692412579e+00
8.756649649876971253e+00 2.193030094652909323e+00 -3.958078445821607172e+00 -2.509347608446215183e+00
6.523296968625451164e+00 -4.497854969204741593e+00 2.071727257464023086e+00 5.023717917963553603e+00
7.974084826856853603e+00 -8.321570044138915101e-02 6.714416553962485601e+00 -4.198486665566722564e+00
2.080709460957942625e+00 7.889653079696804738e+00 -1.034142948838259279e+01 1.239046976829710989e+00
7.735714819955129329e+00 -5.095124721218313724e+00 7.954728345309876048e-01 4.366684349620401306e+00
-1.951928571329421214e+00 2.548333276373262901e+00 6.896139088834559949e+00 9.631180329033377063e+00
5.155289348705640151e+00 6.908524346934652449e+00 -4.240925139991562176e+00 4.692661911693424948e+00
2.395806734071173061e+00 6.690580778825095720e+00 -7.740270836316183178e+00 3.768785252534629926e-01
4.740584942995943685e+00 5.479783195531402917e+00 -5.696593375786429547e+00 6.175725242052870101e+00
5.923045877406953874e-01 3.969888137634063341e+00 5.052486656416847133e+00 7.653107061826035284e+00
-3.991241393508728752e+00 3.812145514087732945e+00 4.786023552728950747e+00 9.201908886986199576e+00
-1.228349339543241214e+00 1.941422232914697066e+00 3.665810069080021272e+00 -3.917633126916285402e+00
9.574190508471047689e-01 8.488784778846021339e+00 -7.734344072057407260e+00 1.178559585606429039e+00
-1.495581109910050444e+00 1.030117555602032331e+00 5.532000266179545100e+00 -3.601919019670427602e+00
7.377024432596142489e+00 -7.860878351949185827e+00 3.081790084514621775e-01 5.794494152027521494e+00
3.216633774966310089e+00 9.132852862913109604e+00 -9.325617379687757946e+00 1.580116540817882331e+00
5.830848663507789631e+00 -1.910246409735949280e+00 8.377315514252781981e+00 -6.484151186764662178e+00
7.683374951113684403e+00 1.789841064252220892e+00 -4.600272639851720413e+00 -1.158959450338580055e+00
7.324610493926648758e+00 -4.557039494232445476e-01 7.461111117165854623e+00 -4.727320064577190450e+00
-1.054380758054305200e+00 -6.751208581706824141e+00 6.333114096849407737e+00 3.845331055082212401e+00
7.173528007836223352e+00 -8.277091905048523657e-01 -3.576377566783434325e+00 -4.469917191506284304e+00
1.016071401661752915e+01 6.901725939774727703e-02 -4.921370143242326911e+00 -4.485367016199363732e+00
9.242253556375253254e+00 -7.121943329029135628e-01 7.318526832806677263e+00 -5.447417345422817192e+00
-2.080109768612829590e+00 1.488821670256238683e+00 6.587702722932160526e+00 7.613173456665811578e+00
-3.656286015454402794e+00 3.223485105490584424e+00 6.866200350904414051e+00 -2.625310234173458213e+00
-1.539876748853090227e+00 1.356182860094285125e+00 4.240905002353093423e+00 -3.177248743652952179e+00
4.754701665139914546e+00 6.366929580931832255e+00 -5.458047902902839255e+00 5.104750332405789237e+00
6.203951657603326453e+00 -8.442299394520972555e+00 1.245490411356632521e+00 5.035406597678092844e+00
8.552574281822286295e+00 -1.485953972511074639e+00 -2.966868850924257117e+00 -5.040051233227351268e+00
4.257343754867131125e+00 1.003118216724870670e+01 -8.547449171131031420e+00 2.570237749231636837e+00
-9.604087561477885338e-01 -4.140767073236534479e+00 6.381903741851949974e+00 5.481239559776067694e+00
8.979819241186174139e+00 1.220453158953434647e+00 -3.791666955875109934e+00 -2.394096991420290532e+00
8.113021841398191825e+00 6.401887433419259033e+00 -6.427616524210927551e+00 3.189935817443704913e+00
7.112265875953007743e+00 5.738592233518608587e+00 -4.473250470013526936e+00 5.603305730951244179e+00
8.344953776118233080e+00 -8.751442590774802355e+00 2.559865723120742675e+00 6.006569427757463941e+00
5.930288806740625418e+00 8.112253351065785267e+00 -4.044346470685113104e+00 4.323770975405401451e+00
2.406317915218496584e-01 3.310197970142148449e+00 7.881201076500998326e+00 7.497122029026796142e+00
6.720583234026848984e+00 1.715211330940437762e+00 -1.472100056106016464e+00 -4.573074292239606820e+00
2.131587820202515804e+00 8.541050012190760654e+00 -8.376873770675226538e+00 1.614729233148276322e+00
-5.927106140837816728e-01 2.713028004893072165e-01 3.518396151166731656e+00 -4.323672116732016235e+00
5.437159977185864079e+00 -1.780228087533455739e+00 8.909464893776057437e+00 -6.854292066743505885e+00
-2.393921177311350235e+00 -3.476214151318972156e+00 9.390198896249373206e+00 6.562437654128184583e+00
7.677629780885361299e+00 8.840792034790571075e-01 -3.328183783857214806e+00 -4.692762118898020418e+00
-2.377993437973468183e+00 -9.023747120039136149e+00 5.341413505084005919e+00 6.578580869098032302e+00
-3.039080718858225172e+00 3.877620617488213739e+00 4.806426707233676154e+00 7.362555167109823273e+00
8.713148575783407068e+00 -6.852596873322014837e+00 1.327790847067161994e+00 5.331777504700554005e+00
-2.203739980421784317e+00 -4.331211684928258698e+00 7.561166560739827958e+00 4.422041601818341050e+00
1.097000572229820214e+01 2.291764902511362223e+00 -3.547295900612216002e+00 -2.795985722637956084e+00
5.491329641917475080e-01 2.607483972294169394e+00 4.366356164475996948e+00 7.051715169258830684e+00
8.900419738519376622e+00 -1.492730241208768405e+00 -3.775683425066583165e+00 -1.791295265785557422e+00
9.346226700534945309e+00 -3.207075857246683981e-01 -4.308453415486703797e+00 -4.932735018697164797e+00
7.639234844616520803e+00 -5.639250973729875938e+00 6.186031799631087402e+00 -4.321260137934444856e+00
3.397060570584045092e+00 8.271666375676938188e+00 -1.048281226577883807e+01 1.105135335437687161e+00
7.231528510795472542e+00 -5.666704353436470498e+00 3.956025188531980596e+00 6.355740046271620258e+00
7.278405009402412418e+00 1.137556486606491557e+00 6.356834930846128273e+00 -5.741066201937291780e+00
2.924588166206328665e+00 1.107082063779700043e+01 -8.984903752715394987e+00 2.083223160352693171e+00
5.855979023335901701e+00 -8.436117983293749845e+00 1.241428666458139540e+00 6.426845074083620268e+00
-1.583055321325606668e+00 7.626956848234055508e-01 5.093094801787651171e+00 -2.091789597778187293e+00
7.717343949904803324e+00 -1.767234144741491875e+00 7.931371652411769446e+00 -5.066150248330240302e+00
9.656696862504365875e-01 2.445856228405373312e+00 4.967402153302060697e+00 7.452065106419900609e+00
2.359865373810758449e+00 8.978868429035703258e+00 -1.028116793550594821e+01 3.009599229038874668e+00
5.409005685229264504e-01 9.308833496857511491e+00 -1.177688734724797648e+01 2.225239077200273030e+00
-1.090613890060380120e-01 3.181328117878791772e+00 6.413014788060012350e+00 7.838750280851669139e+00
-5.277613874139182037e-01 3.464839132604257799e+00 4.126255896169833015e+00 -3.405337666598954538e+00
7.025016586173103761e+00 2.186516145173586612e+00 -5.246402334305438231e+00 -2.717311929422951522e+00
4.348606278578142970e+00 1.030508663337950459e+01 -8.383258394711406325e+00 2.744696694339460397e+00
9.312534957875653774e+00 1.475315906770654495e-01 -4.902922062177959006e+00 -2.914793251948091690e+00
9.159077103874849968e+00 -1.700447252475775217e+00 7.729695239830466136e+00 -4.922046958736314259e+00
-2.586810734488329544e+00 -2.898141709940058597e-01 3.983156228913771635e+00 -7.069452075574101713e+00
1.329533246369694055e-01 3.347358260573248145e+00 6.220502814571435835e+00 9.007530747715090769e+00
-2.331912382211291490e+00 -5.369376514188762606e+00 7.852891808013126251e+00 2.651942377264842943e+00
6.932656733455391240e+00 5.216593561177568006e+00 -4.058733046904421826e+00 6.249428565703773586e+00
-1.560319614128708565e+00 2.765829472455841653e+00 4.616355956310951747e+00 -3.128969532717791324e+00
7.122454185411575267e+00 -3.021284692598074084e+00 4.358744859160519347e+00 5.925549099572863021e+00
6.373226607394163246e+00 6.214133823586343475e+00 -7.590220194978890333e+00 5.530697619491872885e+00
1.075080810379357921e+01 2.242472933674446445e+00 -4.640342088144928212e+00 -3.806583276382084158e+00
7.101334002348788310e+00 -3.632078005042094215e+00 7.248411854008325328e+00 -9.557767670015784311e-01
-3.490353304319503636e+00 3.070907038426996749e+00 4.974797798449104747e+00 -4.668819404173476961e+00
8.999493999590983506e+00 4.860675087314414999e-01 -5.972604131814268413e+00 -5.152485525216602191e+00
1.557859253650228482e+00 7.875972831528335938e+00 -7.794879015267730082e+00 2.498926396443291509e+00
4.691942965771549012e+00 -6.692482487726310048e+00 2.441880337677368562e+00 5.780856316280219787e+00
7.156643997894792442e+00 -6.938036754106310156e+00 5.372636385326223785e-01 6.770957878907630345e+00
5.485096570160413521e+00 -7.483066361148734025e+00 2.984424597192205653e+00 6.318310800271776273e+00
6.754061694192032839e+00 -5.661193126662795727e+00 2.373898995324106753e+00 8.309512981604497028e+00
7.674441102664540715e+00 1.379704467510738830e+00 6.617273881692987914e+00 -5.176134104718861373e+00
-2.883836370845386909e+00 -4.427023235730372264e+00 8.706052870218643491e+00 5.734088308233776132e+00
4.252156436728855127e+00 7.586940160770801356e+00 -4.583852759443421299e+00 4.039697590078960232e+00
9.695897063450047426e+00 1.575623118154137803e+00 -5.821494988343657973e+00 -2.926574132692043584e+00
6.743835601390347101e+00 -2.060753533661092263e+00 8.557736481920017013e+00 -5.633985256936312247e+00
-7.428065145025978255e-01 2.570396692923787807e+00 5.705062856090243884e+00 -4.996808042307105957e+00
7.758068015293516417e+00 -1.890220786771801054e+00 7.074116954721296757e+00 -4.132672972163599745e+00
-1.212908847321162664e+00 1.885076096043351468e+00 3.627673708394679508e+00 -4.246365600826607078e+00
7.004420252873227781e+00 -5.552322443264857021e+00 3.294503302843023285e+00 5.632458918934894143e+00
8.615563852580635285e+00 -6.849602836397380434e-01 6.429844478191121482e+00 -7.360748375407254684e+00
-2.731537389054385478e+00 -6.615547406594466828e+00 6.965999451106992701e+00 5.639707974341576779e+00
6.571042993304042845e+00 -1.351627939591483418e+00 8.530748350778848632e+00 -6.753555195282249457e+00
-4.775084718462427880e-01 1.042621986251553334e+00 5.236298969812071213e+00 -4.622569372321810199e+00
6.692001701482814369e+00 7.940971230310487350e+00 -6.275339835009624778e+00 5.610604129443519383e+00
6.594744426136778692e+00 -8.679394741659307577e-02 6.664494574521892645e+00 -5.630997916395004133e+00
-2.253703472479140935e+00 1.764044248048268759e-01 5.293661796463075220e+00 -3.754604608222543494e+00
-1.996539777710260033e+00 1.343717073635161796e+00 6.213484305479613390e+00 -4.681604553449256301e+00
4.325151778054688201e+00 7.020195273936830738e+00 -3.897019817259506080e+00 4.172564188350974312e+00
-1.147704900566377306e+00 3.586789072948902923e+00 4.161318188071368773e+00 7.246236154367421634e+00
7.341273899169189932e+00 8.091104775544248895e+00 -8.671688317498823295e+00 2.611994907413073719e+00
5.147432917926903606e+00 -4.724328119791548986e+00 3.365014229283878056e+00 4.363624216340987516e+00
-1.983428129380164551e+00 -6.138984743240960995e+00 1.014158421825850098e+01 4.514880682548732871e+00
-2.639064894168522635e+00 -5.887305212415201439e+00 5.659662886151419769e+00 3.369474558441845957e+00
7.336594255862727287e+00 1.277259435444113578e-01 7.840228294937071851e+00 -4.253080355150077096e+00
8.367277741695451354e+00 1.636207990843103754e-01 5.955920301683577556e+00 -6.033243766354556392e+00
7.735208486140848549e+00 -2.283131645791578013e+00 5.592204088000062967e+00 -5.682259291960637171e+00
-1.058302130319133783e+00 5.724955997611991254e-01 4.745365405875489273e+00 -2.780688089853032174e+00
6.573272382169713879e+00 -5.346045898012695474e+00 3.266325934210198234e+00 8.286855766815099500e+00
-4.582558892938599193e+00 2.167207108241603120e+00 5.324757129805903766e+00 9.865265097468892463e+00
5.130154731523251854e+00 -5.165405981356189002e+00 1.327304096423792323e+00 6.500141278633035924e+00
-1.222098781934352507e+00 -1.581987102473040530e+00 4.292400250944507611e+00 -3.350681816458199069e+00
1.305384146297145609e+00 8.277506077532960305e+00 -7.757556817719459374e+00 2.699814068286771729e+00
4.326767951781077315e+00 -2.464090519417882597e+00 7.641154791264302304e+00 -3.783827089388338560e+00
-1.482239960179397409e+00 2.998613930464263611e+00 3.802483654436129346e+00 -1.107787359611682287e+00
2.338083007128781698e+00 9.070671592974340669e+00 -6.013157380084019010e+00 2.358315955208839743e+00
-1.925040816902809038e+00 5.051593728636818437e-01 5.231050679818294746e+00 -3.699858364894003326e+00
6.130337782134724911e-01 3.722634947618313817e+00 6.741262189743284949e+00 6.260731683899239286e+00
1.166761495837479234e+00 2.321421883422056354e+00 3.999972460679797059e+00 6.814844828414846845e+00
-1.117759965331039940e+00 -5.595668821921092828e+00 7.411138423445533085e+00 6.076573162750012358e+00
6.373963236256541265e+00 5.588037357774179981e+00 -7.038858798891697965e+00 4.730149541083990883e+00
-2.604744284521690822e+00 2.724753300882322815e+00 3.123363644715830389e+00 -5.792036403692616631e+00
6.255930377798126329e+00 -7.666610168399901504e+00 2.543782340743455883e+00 5.996751346365705615e+00
2.569763486623770632e-01 1.091536224743762418e+01 -9.271563704703249087e+00 2.565588270564913564e+00
-3.210267841762001861e+00 -5.013274328035890015e+00 8.059697783466216237e+00 3.865141305213583678e+00
9.910667926421414364e+00 1.467930680983698277e+00 -5.878441289960019134e+00 -2.483641562797359814e+00
-1.311448589535159304e+00 1.112553231779546570e+00 5.724585361445305942e+00 -4.448608930647238502e+00
-9.551154316884532536e-01 1.129875346445304851e+00 5.303266404431962400e+00 -3.749000746069789614e+00
2.878451691005608382e+00 8.418917296419913043e+00 -9.624580114685658216e+00 1.272441267100673956e+00
5.035654290820149370e+00 -1.864033060708289780e+00 7.886220000518282092e+00 -2.166341460546121755e+00
3.543223819009029718e+00 9.698036960922490124e+00 -8.495951593745955321e+00 3.369679545950510224e-01
7.261778335712882892e+00 -6.045396240385097819e+00 2.767873552507240653e-01 9.008669156634486086e+00
-4.490702715038178972e-01 1.244480948232251194e+00 8.073471212141615894e+00 9.526813098556615955e+00
5.212200089667201830e+00 7.443475595360986574e+00 -5.527399229616616338e+00 5.404638602287720417e+00
6.706047225937306067e-02 3.875509485844514934e+00 6.247979540411737531e+00 8.157220745813285490e+00
1.385044758183361591e+00 3.618531785929680389e+00 6.077294614119460370e+00 7.939588455632317299e+00
8.482195363755279161e+00 -3.027906657244652244e-01 8.234088308712923521e+00 -5.404561869612004799e+00
1.531940268723544829e+00 1.137935114005497717e+01 -1.017025282246533635e+01 -1.848441036836168117e-02
1.035030287865127896e+01 1.575613819686415118e+00 -3.930475413078261315e+00 -1.699908812327177277e+00
1.645583961204823531e+00 9.963749932122983211e+00 -1.008227303953132648e+01 1.112793048744412872e+00
5.912508538798717517e-01 2.635236288829276852e+00 4.912053279428298502e+00 1.015848950176938104e+01
1.099381314684735145e+01 1.389957033267867681e+00 -2.363607103862199743e+00 -2.242778248321537937e+00
1.124363399676565844e+00 3.019378743320245473e+00 6.035182443813398301e+00 7.614788796386338099e+00
5.845080018883379580e-01 -5.210687938681012099e+00 6.270749456122244325e+00 4.495855280569802659e+00
5.457558162198367313e+00 -4.590492832653483291e+00 2.039492275754597017e+00 5.603291678495254224e+00
9.378037930818033274e+00 9.306981243429777173e-01 -4.312280234851141536e+00 -3.727511762313819865e+00
1.855261827646543793e-01 3.543371811964545870e+00 6.907903597420062880e+00 7.655032008000013377e+00
-1.888612930893222908e+00 8.264679837537668439e-01 5.172734842996534077e+00 -4.073568449863297580e+00
7.137456153675009851e+00 -5.348514634644892851e+00 1.964445889157641734e+00 5.973480111747979215e+00
-2.736276438045185166e+00 -5.288855638752615995e+00 7.057903626212727488e+00 4.479105448323747574e+00
-1.491059349234136411e+00 3.856096495403904978e+00 2.761718427712637869e+00 7.697490572589249069e+00
8.489879497088045568e+00 6.627739504159759765e-01 -4.832867391943157287e+00 -5.546302303160292269e+00
6.264540752243305199e+00 -5.069098239803522254e-01 7.253258094729353900e+00 -3.758925181773903113e+00
7.070863067088944298e+00 -4.647697426783494734e+00 1.609324759986377806e+00 8.007689983615769336e+00
9.537831660985796489e+00 4.969761888775901526e-01 -4.883309123478909441e+00 -4.304103141061220938e+00
6.750518199543552811e+00 -6.107239167945975211e+00 1.868009016379327036e+00 7.259793621530330476e+00
-3.728995432137847121e-01 3.632849796954594090e+00 6.895896029264672045e+00 8.630759850125645727e+00
-5.222395089232471088e-01 5.809270142355456024e+00 7.777533744793904802e+00 7.949376120792988942e+00
-1.579355724236386482e-01 8.342167262483713985e-01 5.373643235602582280e+00 -4.460567878020474275e+00
7.477713842637797370e+00 9.533992907287383023e-01 -3.242673429333708945e+00 -2.079017211876673876e+00
9.395903969163612146e+00 1.820663018584850912e+00 -3.950404652942330674e+00 -3.654160017970589536e+00
6.915945122944455292e+00 8.128823536191467358e-01 -1.749048026950204449e+00 -4.123145960467056170e+00
7.135903073955672582e+00 7.565381704387406092e-01 -5.643295777068821906e+00 -3.235101384547180547e+00
-2.704442563420653922e+00 3.104916003965287441e+00 6.459448413974677727e+00 7.830941814471674256e+00
-1.308175525098776326e+00 1.152954513502965739e+00 6.329485202094390139e+00 7.566056561613399900e+00
6.471060276266690892e+00 -8.273164001992064698e+00 1.630893773587755335e+00 3.809548893334306019e+00
-8.007459585279016467e-01 -4.709661816063770878e+00 6.389039044033503423e+00 4.392650111007458058e+00
-1.120899329276395129e+00 2.356103722954064228e+00 4.656278606127589370e+00 -2.643453744695122953e+00
6.904688390117488694e+00 2.202238459484108013e+00 -6.593745181652168164e+00 3.209081620705397597e+00
6.755340015009214660e+00 -2.184942921099326085e+00 8.749496973250801446e+00 -3.768194517069578531e+00
2.091661627231786724e+00 1.023326870338493499e+01 -1.015410142488297751e+01 1.048098873760311189e+00
5.966093414572593900e+00 -3.378673251511340681e+00 6.924672553532738917e+00 -5.222207713417566843e+00
5.274492546874821386e+00 -3.842797632896645332e+00 7.677080706389214360e-01 7.621914646503348045e+00
1.615297622604221051e+00 3.490679479453972167e+00 5.421561760318551748e+00 6.960908302459062114e+00
-1.880248865894724952e+00 1.757225516106205587e+00 7.196365566905712718e+00 7.918365048125334482e+00
-5.332434856747267915e-01 4.278858971354570606e+00 5.721599827540469363e+00 8.835517090026550946e+00
7.013661722615943894e+00 -9.133683167521502000e+00 -7.778566538564386512e-01 7.824115701088995678e+00
6.095664167248617815e+00 8.081412228437873102e-01 -4.232566473160201070e+00 -2.695157856487199854e+00
4.572727296808013264e+00 6.339661714831787975e+00 -4.320293308850107650e+00 3.970608501518464450e+00
5.713995265089057973e+00 8.384685827133514735e+00 -7.991195814775158723e+00 4.605871008753701368e+00
-1.357251139825084163e+00 -4.726244125463225032e+00 8.387776408202297418e+00 5.768606437309266255e+00
-9.723035544093406868e-01 -6.337153191782467943e+00 7.017940140719715281e+00 6.494875055555096033e+00
6.422226225985915526e+00 -4.193176050262817256e+00 9.587616514871180051e-01 8.331774927396383035e+00
7.135212199893364193e+00 -9.069164566914530434e-01 7.456621011945319566e+00 -5.799124606902092971e+00
-6.357774787185510590e-01 1.363015566810476864e+00 7.915505899872151474e+00 8.418736638113292869e+00
9.107162328767588022e+00 -4.589380941286653748e-01 -5.471093444399071970e+00 -2.083623900230419324e+00
9.309176655267965117e+00 1.358922097511651383e+00 -4.078102398574315224e+00 -2.957550941397261379e+00
6.630650183394544150e+00 9.284861228227507368e+00 -4.912720259673886147e+00 3.058720385876244841e+00
2.507638452359456149e+00 9.985690614944049415e+00 -1.139569588355471019e+01 1.764352167598507881e+00
6.016444042046574125e+00 -2.218188710795387486e+00 8.230984264733928413e+00 -5.190886145310919630e+00
2.425205334812210456e-01 3.475751819581753388e+00 4.775815956977461418e+00 7.883273257335728701e+00
7.011037775489066703e+00 3.178669857782624231e+00 -5.691864804536777456e+00 3.065620760259444744e+00
5.785133539819019788e+00 7.050880320675822155e+00 -6.172816553177178811e+00 3.306921666474396115e+00
4.964848480534955755e-01 4.673223594346889165e+00 6.186078780422322509e+00 5.807560238340774283e+00
-1.794291270940296057e+00 1.491057293851439702e+00 4.655874194370631436e+00 -2.949702964286615714e+00
-1.630525052502255434e+00 3.450895855412379198e+00 6.317835054153626118e+00 9.211187266499722526e+00
2.485898104977013023e+00 9.705277534867942535e+00 -8.734019696621780682e+00 1.192840840089500754e+00
3.208084172292525516e+00 9.669744605391921155e+00 -9.083292171479730115e+00 6.361966942850350026e-01
3.301081076643268553e-01 -3.969038427614236753e+00 5.745320173437290734e+00 5.214411135369780403e+00
1.684904097034259696e+00 1.071700411143468656e+01 -8.646634089316650673e+00 4.268615549961507494e-01
9.261498177106901153e+00 2.150562880958508227e+00 -3.343301127209802992e+00 -1.070652571856473667e+00
2.138622418957975668e+00 1.045597335948036744e+01 -7.766339846339854525e+00 2.309572185544828127e+00
7.117662101670478414e+00 -6.477446455341780762e+00 4.580937287723387819e-01 4.434002422549227163e+00
4.207193499330289299e+00 6.942937899286038217e+00 -4.946541163120877549e+00 3.079731531128764743e+00
7.624676449156063462e+00 2.494677192717500880e+00 -4.400530456913157806e+00 -1.248542339607654927e+00
6.844783602158105218e+00 5.357938240595227164e+00 -4.435099741627497316e+00 1.565753332387254115e+00
-2.477724403188613422e+00 -4.225409607768509268e+00 6.387601900638413710e+00 4.053925086836142277e+00
-7.015477665483659253e-01 2.595881380264931870e+00 4.026329210104701239e+00 -5.067291727424008130e+00
5.996433403727513323e+00 -5.242699102473759254e+00 2.807566456139864108e+00 5.635001465950689514e+00
5.917898007764335944e+00 7.192806193296446438e+00 -5.914916871825447231e+00 3.483650208357558675e+00
-1.616052212380153730e+00 3.350784972347584212e+00 5.096417415899448855e+00 8.243987187509556946e+00
-2.567031757763322819e+00 1.052610132686699451e+00 3.538291546159527012e+00 -3.086972037277974756e+00
6.459343128699031045e-01 1.936504931489449133e+00 6.414217097753620145e+00 7.098365376605590527e+00
8.345023874020020216e+00 4.314888569855913625e-01 -1.968099095788519382e+00 -3.790949987069598404e+00
-4.256132974032663663e-01 2.874206754286242838e+00 3.642016122241312104e+00 9.161431012274151797e+00
8.686100993200614795e+00 4.087177477428068917e-01 -3.588034864704726878e+00 -1.602450777289943229e+00
5.058519499313454126e+00 9.461013980051302674e-02 7.412808850971226882e+00 -5.476020341504820088e+00
6.272069548977476927e+00 -5.617701226147021387e+00 1.770882000421255986e+00 7.705144731341264652e+00
8.524712962106253400e+00 -1.160934846312488222e+00 -4.349665788258163523e+00 -4.645831919138808885e+00
-2.430391239072681397e+00 -5.204732133079359890e+00 5.902432162584742237e+00 4.103140491351169317e+00
8.500891822817157717e+00 1.125755559001214268e+00 -4.462914007470618394e+00 -2.274099167251389275e+00
4.075000377528235518e+00 8.925119460696903317e+00 -8.728964579377487709e+00 3.020775742883634152e+00
-2.478352347713856485e+00 -5.320706968381757385e+00 5.377467394365931241e+00 4.539419275899357231e+00
-7.390810977833206508e-01 9.793888038219694891e+00 -9.984369302846417327e+00 5.546672301183277476e+00
4.189811235037968373e+00 8.599765180573875512e+00 -5.879354709966539971e+00 5.428120118597206556e+00
4.172970109351098245e+00 5.677287416634436035e+00 -5.713524000017663695e+00 2.973957143759555777e+00
4.490548080804056319e+00 6.748736761614307689e+00 -6.268490726713360495e+00 2.991814393884496770e+00
-2.329081790856293299e+00 3.145602612186722880e+00 4.620872320596095761e+00 -4.711336243221436071e+00
-1.025384723362681605e+00 -6.390568150689440508e+00 9.333440149647115547e+00 1.088512770859697554e+00
5.971133560756771708e+00 -7.199781200242477475e+00 3.459309153839445816e+00 7.559608039295976134e+00
-8.217273280829744397e-01 4.764466922198859145e+00 7.760368125425765484e+00 7.217180790688254355e+00
6.290441229601422712e+00 -2.853324823174974156e+00 7.144397449601228800e+00 -2.544661913480462001e+00
6.266076151364758928e-01 9.162973295242252902e+00 -9.594987309336342918e+00 2.972022929626437993e+00
3.914760022775858772e+00 6.922062744996198447e+00 -5.506080145317121755e+00 1.230672720017772725e+00
5.645330928789442648e-01 4.511473122841216821e+00 6.033823857292731851e+00 8.302622295627381632e+00
5.839413705351842232e+00 5.432217051209174308e+00 -6.088586704258101889e+00 5.569875258606344914e+00
7.669612517067839974e+00 2.166657169124054150e+00 -3.613844766923436147e+00 -5.022775595245185798e+00
4.164904240392056423e+00 5.264378665893670650e+00 -5.028102382969888318e+00 4.276502865105805462e+00
-2.049600244721819564e+00 2.198069957644465333e+00 5.165487669805249205e+00 -4.633113843237804730e+00
6.177037237154547888e+00 -1.912885301401690441e+00 6.962236768499661110e+00 -4.625121346220553598e+00
7.697767220183923342e+00 -3.253844232083498156e+00 7.148559430576675311e+00 -4.376648023968156664e+00
1.029840235905785661e-01 1.069567695531945084e+00 6.466376858659447890e+00 8.148186328128918632e+00
5.925924813900628862e+00 -7.795630988012812068e+00 2.304819844470177959e+00 6.049726747799471838e+00
5.773807567629070547e+00 6.289256719109117988e+00 -7.543505399923761345e+00 5.411383445717794949e+00
-1.349070194766505359e+00 -1.242341092639883460e+00 5.077011358213199266e+00 -4.217341152906106672e+00
-2.324896180068745100e+00 1.449339004294354361e+00 4.804426487634366083e+00 -4.690655900202922446e+00
6.150207226172815567e+00 6.684944077162615628e+00 -4.904555351241306482e+00 4.107599463395978923e+00
-2.755152853210285357e+00 -5.319154246398383634e+00 8.297304211405874597e+00 5.937135401959548808e+00
-2.304421641237854868e-01 9.137552838324844995e-01 4.715868420314039966e+00 -2.456040043574455822e+00
8.425479234886863011e+00 1.536112446555286670e-01 -3.102037720011910249e+00 -4.144163006583082343e+00
1.625634320045918901e-01 -4.887486123672869276e+00 6.674301477862853993e+00 6.139225787720798522e+00
4.501891159980605295e+00 6.118397540111891963e+00 -2.986969049303991763e+00 4.089166637541518767e+00
-1.950851638065051574e+00 1.773738969069392546e+00 5.383319396629498321e+00 -3.315117645174264549e+00
-3.657225995732876100e+00 -2.794063808395799153e+00 7.015977576210068456e+00 6.664162144453471548e+00
9.116859342655880383e+00 7.004790650813319530e-02 -3.901675148390234771e+00 -4.291767726051635812e+00
6.168446738747706881e+00 -9.133732288721898573e-01 5.697498809827139077e+00 -5.156579805202653688e+00
-1.415007642621424644e+00 -3.487584600866272311e+00 5.905538060781673870e+00 4.590004840172271727e+00
5.638021469293506449e+00 -7.227717395968403125e+00 1.463349321164870931e+00 5.228543042533100760e+00
-1.843728483948902097e-01 3.943348666966607130e+00 4.914301034715542471e+00 8.687005297950685545e+00
-1.040168969068221649e+00 1.435988250881767403e+00 6.429175507904635545e+00 -3.363433086661847149e+00
3.980391909357548386e+00 9.910264963654995540e+00 -9.623153712104866031e+00 2.482082305982744153e+00
-8.323740515504386428e-01 4.371679417620512709e+00 5.768798572531471436e+00 8.791247313505712313e+00
6.216873132505374322e+00 -2.247289390866297865e+00 7.359479031226389800e+00 -2.886416050901849051e+00
-1.318454376708579678e+00 9.738269652725319858e-01 5.483544749469021262e+00 -3.165836955030544964e+00
5.865008217327066120e+00 -6.400233628069169178e+00 2.288842668185991247e+00 4.731994906883343788e+00
-8.109631550254136068e-01 -5.811971577282745827e+00 7.406482750873096599e+00 4.421235451041559017e+00
6.755613881667095200e+00 -6.149161637989904783e+00 -7.200762131859410609e-01 8.938557314597614933e+00
-1.527014738948953676e+00 2.309172463722263036e+00 5.051641075990261243e+00 -2.832431873413985279e+00
7.213146886317407969e+00 -3.944868126233393557e+00 1.513402770781313134e+00 6.338173002987065097e+00
-3.419024790893206323e+00 -7.061432340957631837e+00 7.870384630734480247e+00 4.208795733251723625e+00
3.409463309516904239e+00 1.216347247364345918e+01 -9.444658070169280606e+00 1.463007819588937330e+00
5.943061046448217866e+00 -5.595934734785645404e+00 7.477244742902404706e-01 6.184835116799597188e+00
-1.044349460706916588e+00 2.968628138408856643e+00 4.896350553274274375e+00 -4.291045449775631404e+00
-1.578205145540657606e+00 2.355739872663896950e+00 6.672633436637793736e+00 -5.662318031095036730e+00
7.730506689898809292e+00 -8.058979189783467945e+00 1.432466158483802765e+00 4.090025533525722068e+00
-2.906961246936364152e+00 -4.290597830247131483e-01 5.095200515125948293e+00 -3.640760755556758710e+00
9.108163402412333909e+00 -5.445709283083650654e-01 -3.705533141503716266e+00 -2.312243416271634544e+00
-2.732011513740729924e+00 1.678465570534549478e+00 4.230716509108269463e+00 -3.806281059130490085e+00
-1.276277857932412996e+00 4.188803781190696185e+00 6.052012952237636689e+00 9.443735135485660237e+00
-1.512125895811157417e+00 2.768706086338112549e+00 4.498917942151900995e+00 7.500155475646564263e+00
5.139055535189982038e+00 -6.945909344553877318e+00 1.569313024219952446e+00 3.127141779650661757e+00
1.525022855349187800e+00 8.143309334222571749e+00 -7.491448893950045651e+00 2.437300106632206642e+00
6.041914370045580185e+00 -5.105532157168140017e-01 7.506780158768775024e+00 -2.249393027911855025e+00
-2.140623742570674004e+00 3.566555002785040340e+00 6.175717109979661501e+00 8.607771682502569632e+00
-1.241822581721893526e+00 2.785715604743902230e+00 5.648754635422353232e+00 -2.236809941644035682e+00
7.220209716685052292e+00 -5.032721907470671940e-01 7.698335089674531062e+00 -2.995629620836002260e+00
5.587097893733083964e+00 4.101529055757131559e+00 -4.499217112008995656e+00 3.736587732038633813e+00
-8.404913779733937940e-01 1.858217482725211367e+00 6.865329220886591699e+00 8.421574341874629610e+00
-5.985361415172785193e-02 1.082795199545140807e+00 4.822528114665154853e+00 -5.230589877837891422e+00
-1.670831024007806587e+00 4.201395088189396887e+00 4.811657945090415112e+00 8.582312271282425797e+00
-1.346406195095066538e+00 -6.289951023095975202e+00 7.219985255883574204e+00 4.629289676482096105e+00
1.052576783329663002e+01 2.083176619301628563e+00 -4.688852421586589436e+00 -3.214285368883249117e+00
7.450897269470082129e+00 -1.877958710178039947e+00 1.011812299130594361e+01 -6.485864662830743477e+00
2.913849646685688022e+00 9.245557280326110572e+00 -8.383105013329734234e+00 1.454143209166176121e+00
1.045341638561255060e+00 7.340742428264617203e+00 -8.790945666969246730e+00 2.461047246041464298e+00
8.398683561206309989e+00 -1.926630520042147632e+00 8.155864183958751568e+00 -6.167409459507440239e+00
-1.104006733776930593e+00 -5.357756490882245259e+00 8.161721516449434333e+00 5.796124931147479842e+00
1.068839041965915015e+01 5.536707520845745023e-01 -3.903927917521686108e+00 -3.216053899142084838e+00
6.046161602521895606e-01 1.042625163325636528e+01 -8.981657195511253633e+00 9.510599961239890598e-01
-5.854361251502805397e-01 3.563206584700258972e+00 4.884325220944054635e+00 8.939469888758434735e+00
7.421283158717095318e+00 1.846143921661200782e-01 6.626706260802423643e+00 -5.346623662774398156e+00
4.479225208983544704e+00 -8.983274133087878255e+00 1.361493440620211715e+00 6.303571762159200453e+00
-1.383665895584610173e+00 1.758690755848960841e+00 3.989974035513438544e+00 -3.855125884218033150e+00
3.505441001378104549e-01 3.086918006660107849e+00 6.397016094068550096e+00 7.803234714099616554e+00
-1.144924800103830353e-01 4.053859995556744700e+00 5.784078408192978138e+00 7.691458418956652388e+00
1.690562445773402533e+00 6.898566505698755513e-01 7.025743639319363965e+00 8.886773650750013687e+00
7.562176932437664867e+00 6.711464987675919147e-01 7.418932547597831828e+00 -4.641129218524907785e+00
-1.467930674141289638e+00 -6.372626016970495577e+00 6.504106689942509512e+00 5.483110883626096665e+00
-1.274213115293876264e+00 2.829881526507683098e+00 6.112693418848630600e+00 7.567713511531295900e+00
9.417933911820940196e+00 -6.798159118277669499e+00 1.461579582687541290e+00 5.559729464032429291e+00
6.825600402729365968e+00 -7.978444610020597239e+00 1.018167253295752417e+00 7.369014363561420922e+00
6.710637078784760234e+00 -1.585204515199212905e+00 6.283225938123659482e+00 -4.103399435230979719e+00
-6.964450043768448673e-01 2.982639990112999406e+00 5.922218417229513143e+00 8.276297571443253176e+00
5.660369710800834397e+00 -4.951479338879179792e+00 3.036909612147453696e+00 6.126794130592984722e+00
7.977924502594711420e+00 -7.956352254695755022e+00 1.527010714623906695e+00 5.433826723200110287e+00
8.240384735842861019e+00 2.172397008540949859e+00 -5.298709976204166061e+00 -3.657431907424976814e+00
9.244333322055893198e-01 4.388533687967123953e+00 5.512030158177614325e+00 7.945988541055479359e+00
5.745184198860474822e+00 -7.287707729029506254e+00 1.597276033655813610e+00 4.957747815687669757e+00
4.780798013532887580e+00 6.833332845256122390e+00 -7.415539519167669624e+00 2.808409246775704915e+00
-2.877505928042621619e+00 2.321187899722133796e+00 5.610674938042638615e+00 -3.711717228867459362e+00
2.792820902465958710e+00 9.531557309769139508e+00 -5.356590281941656428e+00 2.671170100990236662e+00
-9.032013526824591576e-01 -5.914971846147444090e+00 7.791278384973439053e+00 6.037473445969219199e+00
-1.828158942284037414e+00 3.384988927172218443e+00 5.813205468071517501e+00 9.511856722887808147e+00
-2.052097481814844748e+00 2.263252129584190975e+00 6.748517322329499635e+00 6.445606595778219372e+00
-2.216179223915106355e+00 1.473044051522556019e+00 4.287701306448553851e+00 -5.159080488722857183e+00
2.337638061697547176e+00 8.821672617062437993e+00 -8.175119961842534977e+00 1.145826977561421156e+00
6.448902966921009394e+00 8.059063656216638449e+00 -6.607500094452657180e+00 4.869490771111121497e+00
8.102333420505647865e+00 -5.476325076533012037e+00 2.361929691268371378e+00 6.159000129951523128e+00
1.102367360661614981e+01 -9.010288860221982166e-02 -4.542967905980502152e+00 -3.081074600447711642e+00
-5.584742487552938339e-01 -5.555821603510844753e+00 7.090417729915726497e+00 5.092226294380516549e+00
8.242953185602436506e+00 1.499067305545093598e+00 -5.174836291757417328e+00 -4.968088508021850203e+00
-9.080438968446223891e-01 9.515282062041533484e-01 3.276791152176047994e+00 -5.429232115950541449e+00
-7.813889020131773444e-01 -5.969197617852912252e+00 6.463706644289882064e+00 3.909802694624091579e+00
3.243656894349286723e+00 9.664644875843817928e+00 -8.749410835685281995e+00 3.211210263000495502e+00
6.877240391221480564e+00 -6.650336559749520093e-01 8.588715634057296100e+00 -4.963136242774853990e+00
7.689576771428101587e+00 1.399315005681455837e+00 -4.084210292169109913e+00 -4.931244871671928820e+00
8.583153913993728068e+00 1.733285093718540448e+00 -5.571692288228041079e+00 -4.610569584018329614e+00
4.910183682226019641e+00 -6.520212924759693607e+00 8.956624142569549196e-01 5.375927760329780369e+00
9.654815315467688563e+00 1.020881491954338527e-01 -4.998699400452193409e+00 -1.260300934143731455e+00
7.128024932559605453e+00 -5.446120894306795357e+00 4.272289221146470695e+00 7.100672653594277683e+00
-2.989371665004434853e+00 -4.541675082908428251e+00 8.359241777927492123e+00 4.579554294464855957e+00
3.167768295422087377e+00 4.337448753598375895e+00 -6.552767707797618968e+00 4.569569631176410240e+00
5.976548250388921346e+00 -5.524601107011523071e-01 6.468572724990290013e+00 -3.806358579617809212e+00
7.474265306427782640e+00 -1.077418866411725462e+00 7.440547793909186858e+00 -6.270882676674273348e+00
5.917093193860353928e+00 7.497933135388233694e+00 -5.975318475338912805e+00 6.375107675674133390e+00
7.603575506180630939e+00 1.471653824438726499e+00 -4.450639329528881305e+00 -3.757463795702307596e+00
-1.791647642181009470e+00 -3.450178714182364104e+00 7.519162795417301481e+00 3.432665715658616890e+00
-1.981128108558102507e+00 8.847049475800844442e-01 5.608145759642898298e+00 -3.114078960497021598e+00
4.929870048655729420e+00 7.952471838500371426e+00 -5.385138259045792353e+00 4.553947381292079655e+00
8.094901176698391154e+00 7.201942485446863884e+00 -4.757831688472026421e+00 3.412338401971517943e+00
2.215279442951928690e+00 8.756160900988456675e+00 -8.028140677612830345e+00 -8.835017187712606024e-01
3.614506345544707955e+00 8.623150428096218789e+00 -8.777394887538322976e+00 2.996503810333851270e+00
4.026591305822193156e+00 -6.304065123109329427e+00 2.163339170735016026e+00 5.805916581097752882e+00
7.962292473150379024e+00 -7.970353475655845621e+00 -2.069648938328230159e-01 6.973727095397189935e+00
-1.573829735731066437e+00 3.758990606787662170e-01 4.167348152282897900e+00 -4.798988943748179636e+00
5.983776209869509977e+00 -1.546204095368652442e+00 7.674370829834994190e+00 -5.348612063670030281e+00
8.706784559745548435e+00 -7.754829352572825130e+00 4.362708883074109423e+00 8.399831777152700241e+00
-2.441296970342220263e+00 -4.337597428381839926e+00 7.715862596827484765e+00 5.096848096195219391e+00
2.765527074601505042e+00 5.836709242440774048e+00 -5.195592642140241857e+00 5.610479297686095101e+00
9.581042023802632812e+00 3.900734709913477594e-01 -5.576058653060178116e+00 -2.476711863572507610e+00
1.198765255651262684e+00 8.774405505730385357e+00 -8.405288745468117995e+00 2.684509780449101157e+00
-8.746821509006378337e-01 -5.256975429612277928e+00 7.291219916494575237e+00 4.758191984661484852e+00
3.287441675534701346e+00 9.656559772934864228e+00 -8.450096709094802705e+00 4.903659255179616316e+00
-1.598846297955989648e+00 7.460957490605856224e-01 4.399789042147576268e+00 -1.579284788525390226e+00
-1.191235089180514795e+00 -6.742240199423467750e+00 6.975958359566233113e+00 7.499953254454657881e+00
7.574600984836975748e+00 -6.213637243417393208e+00 8.404252210428511116e-01 7.924346081945325970e+00
-2.439856145078689753e+00 2.478006695697823059e+00 2.903109007416042608e+00 -5.097791376203383074e+00
-7.025421163551879289e-01 -6.921397871609034524e+00 7.621733466733637385e+00 6.083973796978281889e+00
9.267918909459060828e+00 -1.127167318069550506e+00 -3.930310359981926016e+00 -3.748542676623683345e+00
7.111705633054457465e+00 -1.755008918367459536e+00 9.695315989424505787e+00 -3.457799818146652715e+00
9.060099632775376222e+00 9.606236909603507179e-01 -5.518710527227821849e+00 -4.188689724250634683e+00
4.098089960985024760e+00 7.816874241146639868e+00 -9.516176557675905201e+00 2.959018236096175869e+00
4.725534441087498649e+00 5.451360803516832831e+00 -4.336751103665310580e+00 3.386113843315568417e+00
8.074771877718644575e+00 8.216851136127657496e-01 -4.421735959225198798e+00 -2.169003041714809399e+00
7.288254075279550825e+00 -2.484985972358047412e+00 6.745774488331216290e+00 -2.356968419821089178e+00
8.743256196275829950e+00 -6.894763336210936622e+00 4.808196546950019190e+00 7.532986982104531215e+00
7.243539473751775759e+00 1.973515038765922380e+00 -6.355092211704008065e+00 -3.639749982646258708e+00
4.103404308878063844e+00 -6.704528875681966760e+00 2.403105484300084083e+00 7.782499530107983787e+00
1.122704003233907510e-01 -3.587035354196603798e+00 6.919745363386399895e+00 6.389551125359757222e+00
-6.948285671228446869e-01 1.988270848347587050e+00 5.095875215538621994e+00 7.866923488439696577e+00
-9.553322416617282542e-01 4.430020546912944113e+00 4.877472506739671587e+00 8.042199972967424060e+00
6.136581946973906021e+00 -2.303127105408441899e+00 6.308819684554963558e+00 -2.445790125837322027e+00
3.271248914474374825e+00 9.265066071056388353e+00 -9.081503456315010325e+00 2.070737055363246260e+00
1.984337827885215733e+00 8.634234060587642645e+00 -7.807862739531886476e+00 1.725420988917006682e+00
-1.805383960804456178e+00 1.025888395857536217e+00 2.808366107596797612e+00 -2.645607854797655367e+00
-1.550163318282471003e+00 1.129287506734616642e+00 5.284945508475964893e+00 -3.399815504847773617e+00
-2.006231449098321740e+00 -7.490691112412783959e-01 4.036673705177103777e+00 -1.500158101278199041e+00
3.508293048258769975e+00 6.907732658373978651e+00 -9.450116461109644206e+00 1.502489031784085105e+00
-7.460427797747571921e-01 2.463302541916553512e+00 7.392135768021457665e+00 -4.024759052618958499e+00
-2.397555007169927421e+00 3.963442253625073519e+00 2.646929908818622668e+00 -3.672780869394460801e+00
6.877737888306891811e-01 8.367024889284483180e+00 -9.862877770840352554e+00 2.449687221526643199e+00
6.647446344130011120e+00 4.670411099495908047e+00 -6.128307876880774607e+00 4.559930511988765645e+00
-5.379502428187283858e-01 3.648694815964197868e+00 5.598608722543955807e+00 6.780663834277302016e+00
1.817890746419175141e+00 1.057433252755777886e+01 -5.974789846828117312e+00 3.551180695080899952e+00
7.923314371525009392e+00 1.490527599520341973e+00 6.104596813122374677e+00 -4.743048350382564671e+00
5.620787358038192849e-02 -4.259198644353674901e+00 7.676698031558692570e+00 6.049372097075193189e+00
-2.689621660022508909e+00 2.781401775506793239e+00 5.827698610641279586e+00 -3.975286807223938457e+00
5.934139407931291466e+00 -6.568532610168399621e+00 -4.684399350385692884e-02 5.868300261931259421e+00
1.005832027481084978e+01 1.336900960128897253e+00 -2.051297563721429906e+00 -3.930922729415447847e+00
8.613507320638142062e+00 -5.921216716584837059e+00 2.617016524081306805e+00 8.840996262904548431e+00
-4.147000552789430472e-01 -6.559451538003981064e+00 6.761610663624781914e+00 5.163532773385647978e+00
-1.414822984123116356e+00 2.136719475415757241e+00 3.742190383461744041e+00 -3.909070928563189273e+00
-2.239990542154378428e+00 -4.247582861694400691e+00 8.382402424961513887e+00 3.765432270016197513e+00
3.103426131113495856e-01 7.373540964754582205e+00 -9.903217898689799625e+00 2.486260766281419787e+00
-1.866101677707111550e+00 2.480393103785515141e+00 4.144798744345283836e+00 -3.847367084061116937e+00
5.998154315978490914e+00 7.098703228413006272e+00 -5.835926607592634596e+00 3.279755628585469207e+00
4.143847258075528117e-02 2.330634761701050550e+00 5.568817273337393736e+00 7.725663133471261546e+00
4.837057810569390881e+00 -6.700661855131135880e+00 8.836468149613985190e-01 5.811189352022799071e+00
-1.697853330175698838e+00 -5.155819274781966222e+00 6.798110240577395658e+00 5.127184898761239396e+00
6.638083874726607547e+00 -5.242471562177952737e-02 -3.294588402411222638e+00 -2.821121187184173262e+00
-1.211843295900980610e+00 4.806133200151301743e+00 7.822768789551146185e+00 5.569172846564296009e+00
4.179058285619317026e+00 9.929310845953487785e+00 -1.130535359327797629e+01 -5.179756896425984358e-01
-1.854361395113868216e-01 -3.568615089500003723e+00 8.612706713289528082e+00 6.203139127373525241e+00
9.433765351660051479e+00 2.282999613001487127e+00 -3.484577593152464292e+00 -1.824369262971666794e+00
-2.062484423888194751e+00 3.625226575219096414e+00 4.726791988105589759e+00 9.979936502419565869e+00
-3.863970121992836848e-01 -2.446007149962002636e+00 5.529808932176843328e+00 5.089495831905409773e+00
5.990128156917058355e+00 1.411781768273543847e+00 -3.783442252911680459e+00 -4.074882946298727049e+00
7.699994200261585320e+00 -3.242068899674153570e+00 6.550745595913131325e+00 -5.728889703681787182e+00
3.090160333843046558e+00 8.797281276843504472e+00 -7.710961380107050900e+00 1.704289679470153862e+00
8.077072558011622050e+00 3.725966329465860150e-01 -5.535621682988444370e+00 -2.852521138346297391e+00
4.419009295638900880e+00 4.924716098294776856e+00 -5.350371010160881013e+00 2.914427449368075962e+00
-7.796965954214237771e-01 3.194596341935768802e+00 8.667289831899289254e+00 7.628030267062344549e+00
7.954790077011280047e+00 -1.545716406553975242e+00 8.719045412723252397e+00 -3.363348669993579065e+00
7.022513851048676869e+00 -8.676230269848129950e+00 2.094596669074389350e+00 6.402449434557563990e+00
-1.329224175088945969e+00 -5.619984181387549960e+00 7.664185081752323825e+00 6.532949847817585365e+00
-2.027108913382165589e+00 -7.600637922359951837e+00 6.967965363576414717e+00 6.072265569429615262e+00
-7.187065065493247751e-02 3.280833602685810924e+00 5.832169835349220399e+00 7.613340526934613273e+00
7.274025300892319024e+00 9.886818641848595934e-01 -5.892131267696774088e+00 -1.745343684356891245e+00
5.975900606528491643e+00 -6.811495495517786658e+00 2.899389054748466421e+00 6.396282810489607229e+00
-2.737112556808422248e+00 2.215245563465157552e+00 4.359796819243272559e+00 -3.965717944818689666e+00
-2.439398011439148473e+00 1.085139879610149016e+00 4.560816882815131201e+00 -6.079045991692400008e+00
2.911623382363658585e+00 1.085112769236895502e+01 -7.853624742384295310e+00 1.043896343116071268e+00
-9.350375440335125798e-01 2.659486929703090752e+00 5.419912763208804662e+00 -5.280336202118785849e+00
2.917834540919844954e+00 8.574605839327887224e+00 -9.091272368511168267e+00 2.166134761038958967e+00
-1.743289873989338101e+00 3.174681137020192168e+00 7.426348984085368699e+00 7.211351562623468325e+00
4.353193550180376015e+00 -6.739419621480545963e+00 1.993224317311266258e+00 6.487962549247682453e+00
6.574608982184869888e+00 8.816807039472006835e+00 -2.949587422096574763e+00 3.745368018904510432e+00
-9.503974212822314804e-01 8.602546038130917339e+00 -8.060059434439365234e+00 2.574189992265494276e+00
2.894347815000013480e-01 5.661685898010897944e+00 4.499272608489414793e+00 8.452144675527126338e+00
-1.112879228083644367e+00 3.172835754836186961e+00 4.387666977768231114e+00 8.567809891619296181e+00
8.240829713007965296e+00 2.748813911634286899e+00 -2.008930392250811714e+00 -3.052692748953114155e+00
-1.161727199243751674e+00 2.888117081615964477e+00 4.305364409096704925e+00 8.940715206256262704e+00
-5.227626169663275313e-01 -5.199624254336500329e+00 7.521149333594130404e+00 4.057057943621096285e+00
7.697612753662815166e+00 -4.486000965051360367e+00 2.256986746075566597e+00 5.616980646238781461e+00
1.656374348388241824e+00 4.225986471342293882e+00 4.242917231604499406e+00 8.462847677308410255e+00
5.878317211581743251e+00 -1.317123881021088128e+00 7.403233717193424823e+00 -4.076333271624145382e+00
5.933156505283642801e+00 5.411229536261068063e+00 -4.337238474193211957e+00 4.943289697257271520e+00
5.569578225503414970e+00 -6.143767518849029052e+00 4.148821203404164493e+00 8.493388884291201535e+00
6.892662726897558656e+00 -1.256708586139966943e+00 8.874053492472880222e+00 -3.943320868727660855e+00
-1.293791319974713749e+00 2.769238759435173947e+00 5.889904512447408536e+00 -2.978999538575769712e+00
1.069815710924480134e+00 9.966328798224934005e+00 -9.313731886418944228e+00 3.035744891321758843e+00
-2.643566276003696203e+00 1.521341334914341425e+00 3.531567062792391631e+00 -5.962522887119952486e+00
-6.391852694766817500e-01 4.439634972005400471e+00 6.077617115609449172e+00 9.249541513877455046e+00
9.241890160101212004e+00 -6.265969890854709234e+00 4.779293331538315925e+00 3.312805622054752597e+00
-1.992380747642490402e+00 3.661740139654443560e-01 5.341211872311150799e+00 -4.777059341139888282e+00
6.826010861432259880e+00 -6.326971243010934387e+00 1.607017828192965014e+00 8.476586376148066648e+00
-7.967483529680055021e-01 3.971533679199041877e+00 6.549548686118088270e+00 8.490541862898277614e+00
6.723983029897969033e+00 -1.435153694428134008e+00 8.320581032554807521e+00 -3.026032634755939199e+00
6.643388594581388418e+00 -8.607397638847400501e+00 1.569621960572341379e+00 5.386050638440461391e+00
6.791602037440086725e+00 -2.071918212035116280e+00 8.385741817995398861e+00 -4.450945584936958355e+00
-6.669031532343334678e-01 2.965980307493495172e+00 6.200300557077918384e+00 7.148442823033206217e+00
-1.922173525566376329e+00 -4.777624580357802131e+00 8.775902189914759788e+00 3.313900282033849010e+00
1.964438182795095189e+00 6.948119335393934115e+00 -8.020256410888709553e+00 1.787823526792886586e+00
-2.110999009714362273e+00 -5.642112062290673968e+00 6.910486437999512788e+00 4.607490619894528905e+00
-1.615901139005172071e+00 -5.785110572017515551e+00 7.901123153114341768e+00 3.992446539866284727e+00
1.151216791485848034e+01 -2.736118535481437686e-01 -3.379245421147292205e+00 -2.935820580949716430e+00
6.723240930116214820e+00 -2.605704298051008116e+00 7.137709946320223153e+00 -5.948339211306713281e+00
6.080156968230965298e-01 8.572912670145500513e+00 -9.733971265322347577e+00 1.500836611051428848e+00
-1.869615717937942900e+00 -7.326473739352618253e+00 1.000868048601786775e+01 5.736910032241724799e+00
2.269602988510913910e+00 1.085031869895303025e+01 -7.526075861225423935e+00 9.006546014823405555e-01
-3.856676189742118677e-01 2.523976892874908895e+00 5.400396798624147898e+00 6.159034334994369253e+00
-2.643743172772826888e+00 -4.024018017695308203e+00 6.980592619263666698e+00 7.355289187342448187e+00
1.197191086842729746e+01 -2.415195029194354692e-01 -5.714132622393226058e+00 -3.327572536572952711e+00
7.186484366300270210e+00 -6.834219820649871657e+00 3.129866071499423086e+00 4.286533479437284022e+00
4.969340931949116857e+00 4.716936348274781032e+00 -5.875589346131391721e+00 4.797463403302615781e+00
-2.868115999930829219e+00 1.091517950726105468e+00 6.711523303047419731e+00 -3.992978833205629297e+00
-2.843809769969682044e+00 -6.025238539917671332e+00 8.071835198907278297e+00 4.827443137289824548e+00
-9.498843223066703034e-01 -3.170528213298472231e+00 6.823384887285848244e+00 4.574567903345544195e+00
-6.039590377778568664e-01 3.069185261521853558e+00 5.711346541145512212e+00 8.292798797142921785e+00
5.135872124610776801e+00 4.789873615980555499e+00 -6.492764936835349054e+00 3.343543740154079735e+00
8.444088756360255132e+00 2.011079919402417815e+00 -4.047337867599694938e+00 -5.423979829179364387e+00
6.486324450495344784e+00 5.926118136242107148e+00 -4.346446687237388140e+00 1.190815519714556903e+00
5.146011085244269090e+00 -5.007858998680542406e+00 3.482408353141010604e+00 6.142704985934679840e+00
7.042233828028108711e+00 -6.023553734511335911e+00 4.425786472922964343e+00 6.376656555377407720e+00
4.541173087033917533e+00 6.958765198477481206e+00 -6.349873094710414279e+00 5.521993718479792257e+00
3.274535084958790865e+00 7.035890650229886134e+00 -5.357228312328674136e+00 3.498897048521088848e+00
8.172925408039430906e+00 -1.748838042114837066e+00 7.562234068947470966e+00 -5.627747387235705112e+00
1.235086545018774018e+00 9.138474606693703706e+00 -8.400126746800825828e+00 1.430559459615577511e+00
6.799882259549860031e+00 -2.643635089871625432e+00 6.666797237406558274e+00 -3.689354278895971007e+00
6.994477009710182713e+00 -5.960172936163275814e+00 2.916319526768647030e-01 6.634694578100938323e+00
8.223629967173916810e+00 -9.974721444284562200e-01 7.858683845004244439e+00 -4.285174673224839914e+00
3.249333942678467757e+00 8.829504096957673909e+00 -8.649175068038646330e+00 1.169822430812079705e-01
-2.454924126431378362e+00 1.033939855669139263e+00 4.834487054081365365e+00 -2.789944720547335333e+00
8.632213164034787667e+00 -9.864953889067569204e-01 7.289405154962103062e+00 -4.885142991291195003e+00
7.449698826334402391e+00 9.835271434120662626e-02 7.465443059497919087e+00 -4.502763491722757472e+00
7.094111297057517085e+00 8.641768085505530550e+00 -7.297805248573171255e+00 5.426015903951855179e+00
5.933432507631492214e+00 7.940073919054650098e+00 -6.624453817066328298e+00 3.655322736749500478e+00
-8.204472269638225512e-01 -5.098000104507964814e+00 6.559833708019599641e+00 4.714334898571286736e+00
4.768307731099170610e+00 -1.848604331490331099e+00 7.398562325319645971e+00 -6.493307613932345568e+00
-6.338728321326514425e-02 4.779053794788497456e+00 4.930761420630721759e+00 6.434902284767564318e+00
6.388019454568043543e+00 5.290149493058811103e+00 -4.406325559741369524e+00 2.628841873640508808e+00
1.596381948924991523e+00 1.049613423506108489e+01 -8.729828139900165596e+00 2.240137741051698050e+00
9.763086603051831958e+00 -1.113283494190396405e+00 -5.884823066004019054e+00 -2.720582335639063043e+00
6.169215959133612870e+00 -6.785309416558616746e+00 3.352734822230272194e-01 7.028412413295485273e+00
7.840670093051833600e-01 9.320861156595229957e+00 -8.475279569677754310e+00 -1.082145133874279352e-03
-2.710135522769077099e+00 -4.191687578778885204e+00 6.138118084002505803e+00 5.428780196258576218e+00
1.815509916938238488e+00 9.852785396465502998e+00 -7.431206321292119554e+00 3.404294055858205326e+00
9.483642906471303036e+00 2.278429327867657506e+00 -4.724365379599260173e+00 -6.025369342717397103e+00
5.388333576488081533e+00 6.595789698598371054e+00 -5.964308769865912296e+00 2.646775331438996570e+00
7.427924834913254060e+00 7.092218632215166352e+00 -6.497251291078065094e+00 5.891877941386523432e+00
-1.813364424399980690e+00 6.219333878583523934e-01 5.406887628393409528e+00 -4.739734146984337926e+00
-1.877131880935287267e+00 -5.075686162213777664e+00 8.316063180848885850e+00 3.475331987342961781e+00
2.906727231056947858e+00 7.707430513172517372e+00 -7.161828693870899265e+00 3.678339720271587066e+00
7.374532237493948372e+00 -5.450939525979511480e+00 2.811096238082501753e+00 6.513697901108908894e+00
2.631002334811257892e+00 7.681734271204669895e+00 -1.059500616655379268e+01 3.552306100591546834e+00
-1.876437305146410939e+00 1.954038702316626130e+00 3.890187003403919874e+00 -5.258325451480491353e+00
-5.822825174742773946e-02 -4.864713887327026143e+00 6.513708962534868085e+00 5.655741517355567183e+00
5.569464358842562746e+00 -6.215683803597691792e+00 1.619395759983965455e+00 8.498561532239596872e+00
1.156697522058978578e+00 -5.473017721521335588e+00 4.389473390594989866e+00 6.802748074412225066e+00
7.565070286976471881e-01 3.243933336358664654e+00 5.469453621001806987e+00 8.332878190026661969e+00
3.047129387916399867e+00 6.708386870799941448e+00 -1.079451666823228884e+01 1.677289844452731771e+00
-8.111929178517369721e-01 1.537109437004950285e+00 6.144099168633353258e+00 9.433558163040530076e+00
-3.869736535162442426e+00 -6.053773449276895313e+00 7.737479589955827741e+00 5.447287727717287531e+00
5.925407308051884314e-01 4.949370157761905809e+00 7.302246886711351692e+00 9.259699724802720411e+00
-2.572194930647741629e+00 1.486683556505189463e+00 4.046205950819872221e+00 -3.460966094020061501e+00
-1.048520738324516310e+00 4.122849596117137416e+00 3.964798206927153235e+00 1.034522222087331578e+01
5.865644831833650485e+00 6.750808934054385979e+00 -5.098857185141791426e+00 4.393617252285340058e+00
8.793821335677854734e+00 -1.574162641860794576e+00 7.628892248024847333e+00 -5.598905848937476115e+00
1.166165846174052945e+00 7.543283755650269207e+00 -1.013186386460494148e+01 2.186169120384276798e+00
-1.878292508669347161e+00 -4.137990222439285937e+00 7.049263058165558427e+00 6.327244517159951620e+00
-1.719190798831008005e+00 -6.576417446517272225e+00 9.678707035538836934e+00 5.021169380659974202e+00
