-1.178347312302262528e+00 7.356689907293890718e-01 5.414018480708024939e+00 -5.160192423496559933e+00
5.606538002784086316e+00 -3.927725368635218928e+00 5.204935293347615399e+00 -4.746750025280416452e+00
-2.287087654840562756e+00 2.022167191854370660e+00 4.767333696393899700e+00 -3.765798306514918536e+00
9.006255763418462568e-01 8.466501579243033149e+00 -1.017599994418341147e+01 2.068709917224734962e+00
-7.392414637478305073e-01 3.919266567279389601e+00 6.014885392258253027e+00 7.880697987928308557e+00
4.457464207385180011e+00 9.088656002037762249e+00 -1.026827120503298829e+01 1.868291942923442805e+00
-3.226956271619512595e+00 1.116906929398967740e+00 4.234878539138141385e+00 -3.556903502739199308e+00
6.832372058678815918e+00 5.403406675919331548e+00 -6.404847566539359605e+00 3.064041067870391544e+00
8.183423156824918721e+00 -6.108551384089490277e+00 8.604767764056839852e-01 7.219286784003733359e+00
2.467063199098228576e+00 1.047058471999579154e+01 -9.550855053251611437e+00 7.803492928664905737e-01
6.768019216180936048e+00 -1.219881016105994753e+00 5.492230242482309066e+00 -3.545912833993068336e+00
-1.391180178631603814e+00 2.864386420707492498e+00 6.761374980962989945e+00 6.974982903578817783e+00
-1.324036501197498383e+00 -5.570995076218385300e+00 8.499952118731494366e+00 6.413502713212816175e+00
-2.207552378918591796e+00 2.514039013384075094e+00 6.578282102083895744e+00 8.226119264233908268e+00
7.209930763216590321e+00 8.382888772393631838e-01 -5.168302016900174323e+00 -1.359160048411812260e+00
-4.094319588429362611e+00 -5.721330494039197134e+00 7.422317900714346273e+00 4.528271845293891928e+00
8.296399550181270399e+00 -7.507961304778127065e+00 3.487697274022410809e+00 8.726229783811175977e+00
3.535417979108905762e-01 1.766886771732393280e+00 6.883060760989483384e+00 1.026371935585083506e+01
8.416226818329667125e+00 1.462430896447055151e+00 -3.333468507641248912e+00 -3.183734290264711220e+00
7.364087389949824036e+00 -5.541165653828438842e+00 1.968106362521318653e+00 7.077607853383675263e+00
-3.396219413712232793e+00 -4.734074754745965841e+00 8.671303613776501606e+00 4.078298518102171144e+00
9.534490785385834055e-01 8.025329184885070077e+00 -7.583349476435043535e+00 2.082039695993093797e+00
1.645258386536281758e+00 9.228168955202814772e+00 -1.057139609249795775e+01 4.079438801285910632e-01
4.974166716115652420e+00 5.734889750739875502e+00 -7.268647625824693925e+00 3.564938149645868304e+00
9.537002655255133021e+00 2.061016383665115193e-02 -4.391579459049861356e+00 -7.992690033173079911e-01
6.987913963890217239e+00 -2.195813278289431736e+00 6.555514709303517762e+00 -2.882069785442663346e+00
9.129740122726676788e+00 1.517479864621506636e+00 -4.806729625359678515e+00 -3.585587618818513178e+00
-1.399353290192273835e+00 1.663149713761188364e+00 7.618280643983009526e+00 8.089163167554414002e+00
-1.413365793608694077e-01 2.708692265248758169e+00 5.854231087130421507e+00 -5.129619765607134951e+00
5.400732773099385042e+00 1.128038392448792848e+01 -9.391305510902377307e+00 1.264464462209579754e+00
4.586133446962677773e+00 7.023647438970163748e+00 -6.082552025405187024e+00 3.060203348414759716e+00
5.754126355711370877e+00 7.890002646655762675e-01 7.670444025013296141e+00 -3.569743224407504467e+00
9.150773701031244656e+00 -6.161179893692301235e+00 4.262440588711408296e+00 4.835479348365842256e+00
6.578987731944878625e+00 -6.907875934195395473e+00 2.582384798185738628e+00 8.738516427257250641e+00
-1.720998003107086838e+00 4.429246033260815452e+00 5.118613664578362865e+00 7.538939287067822903e+00
-2.658483335981234319e+00 2.636335490158232542e-01 5.209440924180222865e+00 -2.112148754037936893e+00
-2.953793650384480607e+00 -4.333684105625223104e+00 6.803941155384191752e+00 4.517561947508918152e+00
5.541674170013068945e+00 -1.707645739032089161e+00 8.390170144030362209e+00 -7.076975690817342901e+00
6.514091737978020547e+00 -6.599577738719406561e+00 2.621868892430479381e+00 6.396469094631214602e+00
6.862285639296779038e+00 -1.471998130913759750e+00 8.238598327917081576e+00 -4.093068801682822055e+00
8.533322859278211325e+00 -2.166305908491126253e+00 8.943087749762927530e+00 -4.517600455837347262e+00
-2.384625534791638746e+00 2.212066494571008679e+00 3.621211622160284804e+00 -3.686140125571341297e+00
9.000203335119962844e+00 7.955122788382795740e-01 -2.334861312720192927e+00 -3.701145875542327879e+00
4.606186532907571518e+00 -1.943482499042846534e+00 9.300498833570141954e+00 -3.478863856037098579e+00
1.169249429253873540e-01 5.156031293483644973e+00 6.123205969184462027e+00 8.630107443799445832e+00
1.564224120341834556e+00 3.044201600622491455e+00 4.585129323262610690e+00 -2.392341922097021456e+00
-1.714307055852615447e+00 3.907590480012618883e+00 6.872993514846736929e+00 1.026818372936068258e+01
6.044379504879619169e+00 -1.750002670027738239e+00 8.206270406820928898e+00 -4.724049163537014984e+00
8.315095023685607600e+00 -5.550006550583727716e+00 2.637555989133812062e+00 6.060789605134035973e+00
9.072171062390818719e+00 5.274734692846534401e-01 -5.839059320805197295e+00 -4.045575790343078459e+00
6.499449086210806747e+00 4.181194979759403019e+00 -4.867887393062286350e+00 3.262237679661994516e+00
-2.748037746737955089e+00 1.374011995308801914e+00 5.529303142385533221e+00 -5.072669414318494496e+00
-4.365993108919205667e+00 3.236184094326953087e+00 4.993935462843769990e+00 -3.252784215748746988e+00
3.789130382699761768e+00 7.897032607426046624e+00 -6.932447545907248987e+00 2.778531476405683875e+00
-2.716479506411962674e+00 3.034620780347032643e+00 5.402289658266798966e+00 8.578456449191961042e+00
1.889691734006327284e+00 6.529421129839867888e+00 -7.353609722011703376e+00 2.806650459090906047e+00
9.726243861765604848e+00 -2.920565262830645992e+00 4.349001440832722665e+00 -4.168552773166614323e+00
7.368062081076832470e+00 -4.205216996867141788e+00 4.979538390042316465e+00 6.204949617808527940e+00
5.988775080052471722e+00 5.706180733669906857e+00 -5.961398572880497682e+00 4.730938994596907143e+00
7.629464771763520226e+00 -1.305773445990979109e+00 -3.890808663136283929e+00 -2.079589472885947643e+00
5.592304447773233989e+00 -6.541946640468419893e+00 9.095381810820859503e-01 6.390834097785446311e+00
-1.389172747871796787e+00 1.480939558562843539e+00 3.935205023434587446e+00 -4.484224840685776314e+00
5.721865481608663373e-01 1.926033584957587363e+00 3.767694647491873994e+00 -1.698834230410748436e+00
7.038732129750123079e+00 -2.138558644477419612e+00 6.305903341219039504e+00 -5.255341052858177875e+00
-4.565975864299784970e-01 -5.356066451859022415e+00 7.329668844188671706e+00 3.148428922067291857e+00
-1.092131207373365775e-01 2.256995951774997344e+00 4.433476744050981466e+00 7.765509173359789408e+00
-1.312518523094593270e+00 1.780317745076484215e+00 5.249358767357751532e+00 -4.711037171110044497e+00
7.218140652786142475e-01 -3.170751512332178557e+00 3.914025191374413293e+00 2.871676248785580920e+00
-9.101046251932072284e-01 -5.408220398190176859e+00 6.522276780557762166e+00 6.252412905823287126e+00
-1.148316812790958430e+00 1.738181088862862378e+00 4.732385914073649502e+00 -4.167481148764236920e+00
5.874425121996584842e+00 -1.932137131449639611e+00 9.417225271523099295e+00 -4.712185734732461384e+00
7.150159912566850906e+00 -8.970022529307437154e+00 1.768854101395772815e+00 6.703743806407782557e+00
-1.830600063387776588e+00 -5.890173527191154612e+00 7.273072661946018869e+00 6.318508467274384088e+00
6.588701169708780725e+00 -5.777242205268363406e+00 3.508060725073848474e+00 4.685708687510113712e+00
-4.815559264525348659e-01 9.034404341900152957e+00 -6.949504711388721390e+00 -8.052993088309068348e-02
8.645913693578114234e+00 1.791817447409156605e+00 -4.224118812831095582e+00 -2.752131011660972959e+00
-2.144544853318306910e+00 -5.267692638353243417e+00 6.896743784725093640e+00 4.904479447427835481e+00
-2.607539396066754556e+00 -5.522962528244749869e+00 7.540883829182059017e+00 4.137053453772319145e+00
1.901888848891640116e+00 9.329883928477103794e+00 -6.870098686960058210e+00 2.979065343946420974e+00
6.929971008406922373e+00 -1.500036671782484010e+00 5.641032002068080864e+00 -3.263207243508758459e+00
3.950804570179271558e-01 1.065265913671446540e+01 -7.637952667109200178e+00 -8.385665189216173765e-02
9.004837592142859393e+00 -6.961199207808321354e+00 2.967044873294176099e+00 7.281057279520060987e+00
-2.619696115097543743e+00 2.005124839183928476e+00 5.539408258648166772e+00 -2.012278678496052464e+00
6.147313990889196056e+00 5.461888455108559803e+00 -6.195847788932687727e+00 4.550950554886072474e+00
-8.399992290253681659e-01 4.708073522232698593e+00 7.348100189961764173e+00 6.895662497993267692e+00
-1.124738656849637586e+00 3.589059289126613539e+00 7.048536555902198408e+00 8.272738160958411413e+00
8.693396230674046876e+00 1.441552878463720599e+00 -4.193163676342435586e+00 -3.353338292141556209e+00
8.455873421590187178e+00 -8.357847641697658148e+00 4.083122442522148177e+00 6.486278143417930409e+00
-4.030889936739716628e-01 -4.778108534562413467e+00 8.150090503732110747e+00 5.532116891205435039e+00
2.513696956014466632e+00 8.838069167788999536e+00 -8.051661543710675772e+00 2.099738257406202901e+00
7.054269277443046882e+00 5.859630281991354828e+00 -3.329102883567621074e+00 2.038305186531050417e+00
1.230187870764340108e+00 8.464553419434018622e+00 -9.790523303645432662e+00 2.399627121187868362e+00
6.269953527010136973e+00 -3.435396606180274315e-01 9.641569458794611691e+00 -5.634028812912751150e+00
9.188380692355469392e+00 -2.090583568794119884e+00 -3.434592864450768168e+00 -2.844993839042639028e+00
-1.066749044425969739e+00 -3.903032994524615606e+00 8.090696300839638866e+00 5.881769360994911544e+00
4.166245326803830196e+00 -8.164625253205702649e+00 1.712645125217560071e+00 7.619129350483117236e+00
5.309092201879882289e+00 7.011321310517439898e+00 -8.026249733934836428e+00 3.557837262217264485e+00
6.240272760968948340e+00 -2.344192019555601192e+00 7.965505065443335475e+00 -4.206717731626322454e+00
8.097250920125100393e+00 8.113655932577744645e-01 -4.125718995235720499e+00 -4.154777451252824605e+00
6.203070111432224643e+00 -1.631556344164794670e+00 7.312106599655169958e+00 -4.928729809946120533e+00
6.502824281699091102e+00 -6.698401432544208944e+00 3.799355245203470233e+00 5.592764365572316265e+00
6.914640917831393452e+00 6.569601358714019845e+00 -3.505338082363528063e+00 4.622817627886817604e+00
1.553991155822632475e+00 3.374986351766736448e+00 7.824047035920332682e+00 6.535710698062766610e+00
7.439230134147346796e+00 9.358752323845359600e-01 -4.611853443280055309e+00 -1.428308119901638973e+00
8.318299361933719993e+00 7.345488313917847290e-01 -4.486359663597783154e+00 -3.606281312175759535e+00
2.349551564877236043e+00 1.092966491053508094e+01 -8.099757976363603618e+00 3.192338897590883739e+00
-1.702923466275127584e+00 -3.967330484193824169e+00 8.802444730656501903e+00 5.619636098259545243e+00
1.298869986075824823e+00 3.161571018150349133e+00 5.279995497202846444e+00 8.688119964418479668e+00
-1.894199223259154019e+00 3.605608823378514405e+00 6.334974431103744585e+00 7.351142128808629828e+00
6.658171334795146556e+00 -7.168812067041815617e+00 2.123762024772717805e+00 7.285768147872056844e+00
-1.071131015429147570e+00 1.829813410390821904e+00 6.171160921556679391e+00 -4.715755384500923242e+00
1.854072210715221658e+00 8.311810391425263234e+00 -1.041881570240782828e+01 1.577426558227552622e+00
7.909722600001748205e+00 -1.625779410174222228e+00 -3.878461806815215684e+00 -3.299037301307222503e+00
-1.664789961340837454e+00 -4.274135211370376553e+00 8.046768217862174666e+00 5.712923974333553367e+00
1.024931517148451654e+01 2.181698160155043364e+00 -2.738824941531606605e+00 -7.119527440841736166e+00
6.116743267159035824e+00 4.810491908245364989e+00 -6.217525384857455428e+00 4.730888897785705538e+00
-1.320788323218959226e+00 4.498154877773545834e+00 5.570872908864409112e+00 -4.478344546576320973e+00
2.111523801125134714e+00 8.060482869916931747e+00 -8.276111415916831859e+00 -8.913720663550579459e-01
-3.489569388493355184e+00 7.051140504251002250e-01 6.076204962797495668e+00 -2.720771655217221863e+00
-3.178539615637791194e+00 2.207476637024541777e+00 4.704331606711153135e+00 -3.033469721828010890e+00
8.048766898543037840e+00 1.149194739621838490e+00 8.961071377872125154e+00 -3.850275018766475377e+00
6.047882926183960173e+00 6.944683821407137359e+00 -5.119496910769115949e+00 4.116094648145920409e+00
5.326117757148858267e+00 8.406690440286585186e+00 -5.424025600295861338e+00 3.282257561120588640e+00
2.779437321298164676e+00 1.194728859157780931e+01 -7.625790507294078147e+00 -5.773710956115407633e-02
4.272865556711478163e+00 7.440853995941584920e+00 -6.143778403352018636e+00 4.834138316600482099e+00
-3.020364389278268114e+00 1.864507545917196474e+00 3.647782358406320480e+00 -4.346492323104584443e+00
1.574505281582097904e+00 8.191336746863937535e+00 -9.172070254702175518e+00 2.000755114793313805e+00
-1.775366623301260827e+00 3.032243676162680313e+00 6.518172051126431832e+00 7.961837110695343611e+00
6.044772611450912159e+00 -5.722923816583518786e+00 1.827831421413031343e+00 6.757375333308851317e+00
1.930701940186268839e+00 -4.223926160882986558e+00 6.836288820061118265e+00 4.478508825870253673e+00
6.544160133716191652e+00 5.014927697739058665e+00 -6.458283204499922547e+00 4.768751439598106323e+00
3.519072541374598018e+00 3.239016504138824359e+00 -4.262214709005471391e+00 4.018311777404708351e+00
3.464509334135996266e+00 1.142003020034529825e+01 -8.278090454073796067e+00 4.618527384678261072e+00
1.201977912345766342e-01 9.736086035856592602e+00 -1.136602060676226955e+01 7.022814628940795556e-01
-2.621884263725062780e+00 2.818075707353866477e+00 6.751808274529476073e+00 -4.798776291671299710e+00
6.719389460972166717e+00 -4.232871315187990646e+00 3.199483472771226467e+00 5.840174734359004916e+00
8.680146281252465457e+00 4.465571946786277557e-01 -4.975805230718250982e+00 -5.076327102297303107e+00
6.707530649180986515e+00 -2.393287664471188680e+00 7.161250533676360774e+00 -5.238807964570349363e+00
4.340367811329328696e+00 6.125312596532528353e+00 -8.130186139783610599e+00 4.783971519829573360e+00
-1.102677407342355087e+00 3.030296061729467638e+00 4.067031046507421088e+00 -4.073077634822576343e+00
-7.785152409640939686e-01 -6.247176403406585976e+00 6.996578853664499498e+00 6.338969832094402790e+00
-1.414923795361506809e+00 -3.833053071433539571e+00 7.005812825440556502e+00 4.626425647818217968e+00
1.759902442771040354e+00 9.503933663871565685e+00 -9.119469775840164161e+00 -6.519082459570735288e-02
8.428344414407971996e+00 7.260751024559292111e-01 -3.670363777910153225e+00 -4.088398997480182651e+00
-2.199850579584110122e+00 -3.801405508701440006e+00 7.102856843692589628e+00 4.604795930098762646e+00
7.746651397779833914e+00 -2.383530334756318592e+00 7.628294092106388646e+00 -5.222752301474237413e+00
8.224018010856951832e+00 -9.794887697691695427e-01 7.412867578916454647e+00 -4.785451075775091212e+00
7.974452520259265320e+00 -3.638883407956070570e-01 5.977052619364581432e+00 -4.613480911047878052e+00
8.194431653182379094e+00 1.412855927819798740e+00 -4.814279742502042936e+00 -2.124345572841124685e+00
5.592177017989725663e+00 3.136180619443917905e-02 6.712451570127654144e+00 -5.188781890363023841e+00
1.637653761323243362e+00 1.237815633840998331e+01 -7.796481370056571158e+00 2.504842740503270271e-01
-3.249761936245069371e+00 -3.468171591454114022e+00 6.784328434924006501e+00 3.669772832993238865e+00
-2.477728457820961960e+00 -5.147663535606350038e+00 7.565196300056992840e+00 3.326271257867605691e+00
6.200269072555305350e+00 -1.276595896657783946e-02 8.150515243946204080e+00 -2.222847329171617314e+00
2.950411851955527354e+00 6.517143856503005317e+00 -4.495127006835841321e+00 2.632456691451731334e+00
3.064543497435212593e+00 9.929374725520188960e+00 -8.928917632521123693e+00 2.679192140440938452e+00
-6.242199164263317890e-02 -5.450682645800281279e+00 7.573173951571082085e+00 7.267385427597601755e+00
9.561182850639280417e-01 -3.553904768521907176e+00 6.548948120369933790e+00 5.587723201331016298e+00
4.098574147292042724e+00 8.311213874308013061e+00 -8.077643095066576961e+00 6.670840187085474327e+00
6.875343933376628414e+00 -7.117475056850276260e+00 9.609187478470313515e-01 7.345529955738265393e+00
-2.547134728439234941e+00 2.740173866361752530e-01 4.257536239113018262e+00 -2.882435693593354831e+00
-8.485887740950311953e-01 -3.796508632769613811e+00 7.434567266243657713e+00 4.231336463291141214e+00
-9.143517383843764446e-01 1.799448294841010210e+00 5.105565422156644217e+00 -4.863418351412657437e+00
-7.729774934593537372e-01 3.171578980064261977e+00 4.946622446586064648e+00 -4.063756065341760149e+00
6.669109206011199831e+00 -2.492872523525954342e+00 5.691277730940661250e+00 -3.983637719900978258e+00
7.575808375225656199e+00 -7.733018705486083277e+00 2.108893769097836657e+00 6.695045731458298732e+00
7.000147707277054820e+00 -2.138863968574093111e+00 5.356353080989319615e+00 -4.287415451581651382e+00
3.400725801593660780e+00 8.292758957878778148e+00 -8.655033067066305819e+00 2.906675501776637915e+00
5.920941306677443450e+00 -1.835328473088786216e+00 8.804457749956528190e+00 -4.406223335061923763e+00
-9.881114227492908686e-01 1.736851816827514883e+00 3.738497710498512205e+00 -4.408518747013653538e+00
8.461011202739037174e+00 -6.338042172597081247e+00 3.136570821536107445e+00 6.095775617608563124e+00
8.719653545680962736e+00 -2.099047941363507697e+00 7.768819462401297393e+00 -3.736294672779837178e+00
1.199974803088172948e+00 8.814308257202693397e+00 -8.455201979923153033e+00 8.899228189008482337e-01
6.928455986390269494e+00 5.437801801140925484e+00 -7.529827346814705891e+00 5.938341835170009020e+00
7.026602237341404766e+00 1.990866058568569574e+00 -5.490183626832184416e+00 -5.798089906590586651e+00
-1.061287302155425438e+00 2.672736460410059856e+00 7.531131878936527357e+00 8.745836761007906190e+00
8.136145411371598968e+00 1.046481248516640594e+00 -5.833729456469435526e+00 -3.694255513137693736e+00
-9.615757507846578456e-01 -4.867905491462000356e+00 5.963786445106861400e+00 4.017449326567992252e+00
-1.992018284860490596e-01 2.215046431109392699e+00 5.413672758999869217e+00 -3.083789827892663205e+00
1.701994821460762530e+00 9.286733068244704015e+00 -9.514284907068210728e+00 2.255271037198711692e-01
1.210980437151116584e+00 8.299167943178417772e+00 -1.015670177726133439e+01 2.323472064742562182e+00
7.742699400202527116e+00 -3.809464918930008270e+00 2.829265002891112601e+00 6.348147633026234971e+00
5.858344236234867886e+00 -4.933525439804745005e+00 1.437292505799572240e-01 6.488208846350556058e+00
4.535082316168725036e+00 6.026957529124683077e+00 -5.165633999112860586e+00 4.722956217814910929e+00
6.547922097995702018e+00 -5.516877476462557439e+00 2.311837236638561777e+00 7.521587100920026359e+00
-2.354946343086627092e+00 -3.073603832335890296e+00 8.024211543867629359e+00 6.366377627764950198e+00
-1.256904976716323397e+00 -4.378869978252686757e+00 7.706659436648626738e+00 3.740561726392585218e+00
7.069873656162013908e+00 1.161174614552191953e+00 -4.351218388969244621e+00 -5.153466004778827880e+00
2.217428788853290644e-01 -4.925195483100427651e+00 7.989745592470021585e+00 6.040905369183857232e+00
-2.544747987220563168e+00 -4.273166786099860559e+00 7.664115492176686750e+00 6.112539448413972565e+00
2.365502533784249461e-01 2.406413950064866913e+00 5.250938281279258213e+00 6.413883588674443637e+00
7.762014577628074896e+00 -6.831144243778705771e+00 9.691763799862311846e-01 8.346112860688810642e+00
-2.289919808700739079e+00 3.007220271510911314e+00 6.159500773500273141e+00 1.074833112202625607e+01
3.356754989945615275e+00 1.183091249193974903e+01 -9.827745296667631081e+00 2.095923617855962817e+00
2.853395513759583668e+00 7.529546148191995414e+00 -4.396126902680149051e+00 2.002650175220805906e+00
7.200195975379182656e+00 -2.415844818443371622e+00 8.861090683717879557e+00 -6.124459295631661249e+00
5.863855143252301616e+00 -7.240771343722523845e+00 2.319584962582555754e+00 6.419153258957313035e+00
1.421798949741237994e+00 9.653123533565757697e+00 -8.705970949411442561e+00 2.629098438972375718e+00
1.017824815840020136e+01 -1.665469287558110967e+00 -4.190055211808267899e+00 -3.267451773759812550e+00
9.497859381076363405e+00 2.827182479453590247e+00 -4.620131648268918312e+00 -2.480294446284751153e+00
6.982801696212757037e+00 9.111254528070036329e+00 -7.758404474449145383e+00 4.801424281378724679e+00
5.991051795730524709e+00 5.681426684083719536e+00 -6.737539950779392939e+00 5.160949706250339553e+00
6.766126780899188731e+00 -9.360955401435527845e-01 8.260113071364610704e+00 -6.859211050346935679e+00
2.687329749497705755e+00 8.633874935312467969e+00 -8.008792374535090630e+00 2.959920395811104221e-01
2.868074820113102774e+00 1.015130627901376847e+01 -8.992380987522176738e+00 3.672717705845742753e-01
3.949741269144472433e+00 3.818992294883274852e+00 -5.498603153232976659e+00 3.937599262661779509e+00
9.774155825621390292e+00 1.357868212966150789e+00 -3.049150675077226147e+00 -2.935656640353578872e+00
-6.258868487626980670e-01 -4.187886554108381176e+00 7.266359690276026129e+00 6.728005233496785920e+00
-2.218476591130534636e+00 1.579781676342360663e+00 3.342915339127737528e+00 1.004796030546576624e+01
2.081543005715795758e+00 1.051789505457134055e+01 -7.971526995822260986e+00 5.104115746551761035e+00
1.744855509534100513e+00 1.214541628975735499e+01 -8.798161366102180025e+00 2.325262854201053386e+00
6.696239406413431183e+00 -8.043250835012596411e+00 1.304539706548984102e+00 6.326745294885535387e+00
6.452254756692616056e+00 -6.492165610780072704e+00 3.290181049290775039e+00 5.177602107639279971e+00
8.216823157920931209e+00 -6.792876788541641453e+00 -3.612737600805431271e-01 7.845504143399354646e+00
6.964177636687327144e+00 -4.242930485732364865e+00 7.465661752196304235e-01 5.300539203069323690e+00
1.720548223105339725e+00 1.006190543556408912e+01 -7.115473482350708423e+00 2.174505089719247497e+00
3.564876585189455049e+00 5.057371865340133610e+00 -4.913962124647603069e+00 4.297325676431984931e+00
6.200450558984072380e+00 7.718899753606158320e+00 -7.440657573773592937e+00 3.952592388391322320e+00
8.071506092524201037e+00 7.136064888066364631e-01 -5.088488116753164370e+00 -1.709576720444099251e+00
5.180672736982626425e+00 -2.439996199980269953e+00 8.308943372116992521e+00 -5.398106002876155607e+00
-3.525965988172295340e+00 -5.832666583029851637e+00 8.790223104888605477e+00 6.387583262546669971e+00
1.485008578614711361e+00 -2.744957949249457574e+00 9.068822965539510506e+00 6.671645862503315705e+00
-1.321242934543287451e+00 -4.216896999274318603e+00 7.120266259611645054e+00 5.194786085621598382e+00
9.284766246685999036e+00 1.442033965258335160e+00 -3.256068799778045975e+00 -3.003432102079955257e+00
9.271370792475606137e+00 -6.112617506993184513e+00 1.780388334367568381e+00 5.993353300036190490e+00
4.372224606017335091e+00 -6.442670069757090445e+00 6.797279478696995891e-01 7.135615008305713047e+00
7.758684649566509606e+00 2.373638039177743853e+00 -2.712596726458779806e+00 -2.690481842342319574e+00
-9.470792580847053888e-01 2.400764276915871243e+00 7.883914057428329514e+00 8.007207492487609102e+00
2.053433620557391759e+00 1.125434839588922031e+01 -8.367459148236843447e+00 1.003289815715354472e+00
-2.092289806792896112e+00 1.254346122353327653e+00 4.489234824056524076e+00 -5.262895864810603896e+00
2.635503746766757249e+00 9.167188179420234562e+00 -8.348127642927815728e+00 5.618042088212358287e-01
-6.909262406647750376e-01 4.753789905371601066e+00 7.255304409163275459e+00 9.073936452052869583e+00
-1.101055649359424571e+00 4.694542641909871250e+00 5.498533108521669099e+00 6.396793443969695403e+00
9.722175240184546041e+00 -6.359514011120048771e-02 -2.433921121530635112e+00 -3.441318529016793359e+00
-2.912524799450393331e-01 -4.661405128947251342e+00 8.809884228906099679e+00 3.602434417607623729e+00
-1.459252554685884551e+00 1.318285273347554076e+00 4.915834345752866597e+00 -5.663710975564146821e+00
9.394379507341446001e+00 -1.173913651692372495e+00 -4.134287814560646090e+00 -4.941201387748643370e+00
7.933388753411292349e+00 -4.731436754017456892e+00 4.526890349753499798e+00 5.285345268337303892e+00
3.986807245644325537e+00 4.167956757973575677e+00 -5.727500629952594124e+00 2.678903795456368808e+00
-1.537718511953551026e+00 3.666564431229964782e+00 6.277899513112881635e+00 7.534344356584695035e+00
1.176330708246561940e+00 3.511251087456172204e+00 5.847448673338226932e+00 6.891228927901067891e+00
2.436524517014731828e+00 9.342655876773349632e+00 -7.838948150624266198e+00 1.181263860037004898e+00
-3.002880781609666982e+00 -3.923220450681184523e+00 7.915950512907919290e+00 5.265734916819169165e+00
9.155779563485642925e+00 1.929103383802850846e+00 -3.009175745455280548e+00 -4.010954631051840913e+00
-3.952530353699465593e+00 2.124819242078309856e+00 6.248370098279730556e+00 -5.236933045944492271e+00
5.289539586985671171e+00 -2.371558958173312082e+00 8.921194561416770696e+00 -3.668010505179937653e+00
4.447241002234087581e+00 9.852373042161850947e+00 -8.453064596595831759e+00 5.941492391753573354e-01
-1.283030454543360843e+00 4.409286220113023624e+00 5.035565785937873073e+00 7.456082429503477549e+00
5.677734291296730795e+00 -1.689807402697866889e+00 8.194888157712769683e+00 -4.864367029056984038e+00
-1.385158166797993085e+00 -4.946496947234915176e+00 9.169853145030078423e+00 5.546210862579320278e+00
9.706067221337729478e+00 8.509953840504274059e-01 -5.762023961561860474e+00 -2.714089265589336719e+00
2.330634897004967065e+00 8.708923020406391657e+00 -9.154721245540015317e+00 7.267730302535528875e-01
-1.927850654554308818e+00 3.099237687277113462e+00 5.038913188944852628e+00 7.905042398705249163e+00
5.213855371364562785e+00 -6.666699855956337295e+00 3.429195246243262218e+00 5.250925394783856781e+00
1.022722051530503862e+01 -1.305471317701727418e-01 -5.669025648158463326e+00 -2.713844726173934685e+00
-2.445730202433667344e+00 8.262431886663611502e-01 5.209268096349475741e+00 -4.762634630201466379e+00
-1.953767815173493627e+00 -4.650888808227738203e+00 6.954100301391833661e+00 4.055718468942194121e+00
2.496910377928692526e+00 8.388874212964601895e+00 -7.161494123737465856e+00 3.288331343258747985e+00
-1.824146529007947493e+00 1.317495643616112266e+00 5.682572534631288086e+00 -2.914662289727255384e+00
8.724217514340239177e+00 1.689923471406934663e+00 -4.455011039492915437e+00 -2.288244673106122562e+00
-7.790727246672234374e-01 -4.995275555218166907e+00 6.540118464174806689e+00 4.240954134162114642e+00
8.076448907839257174e+00 -6.137675332404444184e+00 1.529443347034773915e+00 4.389435916028439522e+00
6.303595478663973850e+00 -5.246910819527297321e+00 1.571866110784797543e+00 7.573373629687864650e+00
6.463204146488282120e+00 4.565345458873288909e-01 -3.863869483833477503e+00 -3.890915615050093646e+00
-1.239397647664116642e+00 -5.108872820137888127e+00 7.217617459848642447e+00 4.576452065862082641e+00
-2.082826544659976076e+00 -6.650539214545471367e+00 6.803208948653963972e+00 5.845614652021500213e+00
8.750801172237878234e+00 -3.404232473579837936e-01 -6.597976017829875417e+00 -3.385568112998790902e+00
7.125680610186367225e+00 -1.240862351677623376e+00 7.475251303572767014e+00 -5.699260734641424797e+00
8.013863434201445202e+00 -9.313372557773065274e-01 -5.690641555849781597e+00 -2.482474253983117052e+00
7.667577614240689066e+00 -5.000857846669656936e+00 6.652872811755030646e+00 -5.500371184383652690e+00
6.519372740906955066e+00 -6.882420151431555055e+00 3.656652615946714757e+00 6.546132787729481706e+00
6.572866855843010114e+00 -1.952601889082143494e+00 3.289992997060247504e+00 -3.815050546584823454e+00
2.062236503300204138e+00 9.956382150812082443e+00 -8.004509946720430591e+00 1.066310680031816283e+00
6.006692445540282144e+00 7.240741654061783272e+00 -5.354591026629862860e+00 1.834315134025792382e+00
6.614792712244117467e-01 3.612490868242982156e+00 5.314889370532394075e+00 9.431421943161947041e+00
4.645838069397713710e+00 6.169563799663587034e+00 -7.997837188366027306e+00 3.734631209495454129e+00
-1.860963757770282667e+00 3.532648130022300492e+00 4.231649553120211849e+00 -3.647794822001678927e+00
4.667472795944127562e+00 7.147295048027412889e+00 -7.772837504457179136e+00 5.468435010751528935e+00
7.376574586147169654e+00 -4.896689793997192730e+00 2.256510751042004159e+00 6.874129759349229651e+00
6.248375994482594287e+00 -1.660069253913288856e+00 7.073940280151409965e+00 -2.518939645290819040e+00
-9.807724162962423442e-01 1.213336413792036161e+00 4.046095489721004412e+00 -4.229159762314180782e+00
3.058424280532124229e+00 1.032997135186291970e+01 -8.886561606748848874e+00 1.135287469268326799e-01
4.702163986403466112e+00 -2.529400126884166156e+00 6.006198996317770877e+00 -4.220353434146636218e+00
1.003197306820064583e+00 2.332085025018933777e+00 6.457042997130492346e+00 1.073658447501279234e+01
6.122869149220790064e+00 6.348406174177835481e+00 -5.082309845948820737e+00 3.537139532092667960e+00
-9.891064363228456724e-01 1.720637675536662581e+00 5.719618725318151853e+00 -3.629883187902322117e+00
7.372196646498654360e+00 -5.546772407589937615e+00 2.935279675941901978e+00 6.534813768591072325e+00
2.138560998248338674e+00 8.219378382813527395e+00 -8.050867712234889950e+00 1.008728642141234033e+00
5.938297852726181603e+00 -3.144418209758048643e+00 6.945879071054910980e+00 -8.964340858946937551e-01
9.594237572342413145e+00 -1.609437847763553142e+00 6.848931893792027381e+00 -4.815682771211603708e+00
1.247893202337409191e+00 1.138044204552323002e+01 -8.477650331037072107e+00 2.901335538629687072e+00
-1.908753829087888931e+00 -5.436213075767312830e+00 8.129817680516088885e+00 5.354747539062632455e+00
1.946849888097383463e+00 1.082961989149537985e+01 -9.391310842671066084e+00 5.223220470529004178e-01
-2.474843558458473591e+00 -6.029857252532137224e+00 6.457584156944144560e+00 3.660491578938721347e+00
5.198107113164450510e+00 -9.588076281486841435e-01 6.019136588892233242e+00 -3.762261931595124231e+00
-2.876074949896888500e-01 5.321507039171828879e+00 6.989178783759386171e+00 8.223374286007960166e+00
6.434332259213914718e+00 1.781661853244160820e-01 7.564181341314959006e+00 -3.169383920474693639e+00
8.480998908182252549e+00 -3.486017829013389857e+00 8.686332043915722778e+00 -4.520555223156060620e+00
5.434408658432149153e+00 -2.330648523607489420e+00 4.470050400383156486e+00 -4.088544500892998812e+00
2.398203611957553161e+00 9.722972328479663418e+00 -7.546567929255779461e+00 1.662854763847698925e+00
-1.377207178631045137e+00 1.696913394672343589e+00 5.206297316674483255e+00 -5.000173823412618290e+00
1.049838096035190205e+01 -3.661929557335152907e-01 -4.242191727771086995e+00 -5.363527175161414640e+00
-2.745415159859330156e-01 -6.481888875683512907e+00 6.344227372224247041e+00 6.046994690134987138e+00
9.398695908320519266e+00 -4.498896807342811499e+00 7.189510975232584755e+00 -3.076406371922665528e+00
-1.752046768836850621e+00 1.382731853767781072e+00 4.129824069505581896e+00 8.114164689257769680e+00
8.713844581171974468e+00 -5.747795223976913448e+00 3.787668690416760242e+00 6.472026520122605930e+00
9.102121734373568529e+00 1.260578628073497631e+00 -6.558745120401745510e+00 -1.738777398570792165e+00
3.101590591114173456e+00 7.256007953102509234e+00 -9.316043154827344352e+00 2.568997683641802254e+00
-5.614808397391756190e-01 -6.344972827487035616e+00 7.844200959012582963e+00 8.046660924799832415e+00
7.398503135176066614e+00 1.624067850830818616e+00 -3.250071963973694356e+00 -2.898227921638916627e+00
1.856111656006175448e+00 8.853861680928828193e+00 -9.313211009798516571e+00 3.238865251386929600e+00
-2.188451046607990058e+00 -6.637094466727626596e+00 7.543818821896389082e+00 5.160767154076758345e+00
6.108778328601796481e+00 4.393631357866352616e+00 -5.962395200113209448e+00 4.262370328350204574e+00
8.170039737184511708e+00 -2.099517093426086056e+00 6.224143917036809803e+00 -4.402042646725261577e+00
-2.338390545856812608e+00 3.941493708434341325e+00 4.412240447663538845e+00 -3.667966809903349112e+00
1.377280436452580137e+00 2.362531958672706267e+00 4.976809205572755523e+00 8.421865928467722640e+00
6.313806628231716012e+00 -1.563251026913081931e+00 9.692374017226367044e+00 -5.521832216638753010e+00
4.721061498044456073e+00 -6.229374750177279374e+00 2.359869714846278832e+00 8.446247131233414862e+00
1.734781912887100264e+00 1.186084838927177110e+01 -1.107926949654824433e+01 3.114438709003386485e+00
6.802758906103324676e+00 -8.581090668221815765e-01 9.222692398955620874e+00 -2.973693289470734857e+00
-1.423781228897139206e+00 -1.709019325261225131e-01 6.599525776474426841e+00 -5.224012145958782938e+00
-2.694785586253613641e+00 1.232302930626449466e+00 4.069330962980549415e+00 -4.843946235751335649e+00
5.017160624562441384e+00 7.047902488492557183e+00 -7.676755146933731844e+00 3.515159510244080465e+00
3.378281821667179052e+00 7.892992936123051528e+00 -6.434968199385949106e+00 3.940630213740698995e+00
6.180328356028281789e-01 -6.143878394488508476e+00 7.303629507244958852e+00 5.186438625744712816e+00
-1.132583788299794891e+00 4.934517710419643599e+00 5.534419062769143416e+00 8.355659293692617950e+00
3.387756354535357062e+00 9.184946960745417499e+00 -6.262246077472836348e+00 3.787238905741631356e+00
-1.909084478357473191e+00 4.222504213945785345e+00 6.915648658698821727e+00 7.780090535631816628e+00
2.465803238058731139e+00 1.054790891302798705e+01 -9.450483660083531134e+00 1.953754151824108831e+00
7.970513261838577890e+00 3.131249104479330025e-01 -5.386799223490911004e+00 -2.528522925034816016e+00
-2.895609283808862511e+00 2.218748130722915768e+00 5.083259952471995469e+00 -5.084829735185071087e+00
-7.493958048264495186e-01 -3.836190681649854994e+00 7.519266298453482378e+00 7.197592074858925493e+00
2.033791876554936984e+00 7.531960599516844823e+00 -9.548396345320472989e+00 3.272896334020505282e-01
7.108561634019043396e+00 -2.273035146210769408e+00 7.461449504212048112e+00 -5.636313464115019656e+00
-3.255041584794454046e+00 -3.344559925005843759e+00 8.270925935331938206e+00 6.239714855858392362e+00
-1.494104763504199296e+00 1.561710332681465641e+00 5.266347690222898947e+00 -5.389569843051292608e+00
8.925505436129345327e+00 9.927034543763370023e-01 -3.028445834384534407e+00 -5.268397118695117953e+00
-1.543900617584123891e+00 -4.712249123876294021e+00 8.264060620020135417e+00 6.418674158322393630e+00
-1.238120930531096509e+00 2.389551126943394888e+00 4.882860720706966973e+00 -3.787586333982249087e+00
7.075006713368113154e+00 -5.955617781893087326e+00 1.488870891104285832e+00 7.388011866200471012e+00
8.850791604321450734e+00 -2.301896962620137987e+00 7.769106908846658222e+00 -3.080243181689033882e+00
6.358837354817588050e+00 9.620915904833234888e-01 -2.574598008481349787e+00 -2.206542286563994537e+00
6.817898566031151297e+00 7.765004283235867888e+00 -5.880783778346337698e+00 4.070345297702418819e+00
5.848714601627809095e+00 -9.129460877801354179e-02 8.758224099897896409e+00 -4.685865257665408734e+00
-2.002280477822909965e+00 5.787943765477874258e-01 3.939960010026730242e+00 -3.690684338871288439e+00
-2.500121240423761826e+00 -5.521005441328165730e+00 8.190351269136808554e+00 4.355234105506780473e+00
-2.503764413775365405e+00 2.426018048664172699e+00 4.752139833760159249e+00 -3.740037115699280879e+00
-2.515572911822611779e+00 3.529628924401252199e+00 5.932938814413450501e+00 8.729368020402256789e+00
-4.606726941768080064e-02 4.428715172482220908e+00 5.412799676213713163e+00 8.398701414897796980e+00
2.206712688078676710e+00 8.776899444503611036e+00 -7.750933471538807851e+00 7.305826760934865938e-01
6.710040847620915017e+00 -5.954628747649583609e+00 1.413678509549999962e+00 9.301763919004805814e+00
1.326731048583068118e+00 1.044896816661166206e+01 -7.506571348664514254e+00 6.622631578502995442e-01
1.971696939542670890e-01 -4.337969629848352326e+00 8.053573033828060446e+00 4.738480962919842554e+00
5.750630877619000714e+00 5.187694259936753483e+00 -6.484473648021520376e+00 3.041972820424120982e+00
8.467113349424797875e+00 1.497311824002081959e+00 -3.844891715105778207e+00 -3.093428724997737689e+00
-1.585990603391207454e-01 4.737083444433848989e+00 5.652710857591950244e+00 9.942485548313372945e+00
4.409238596637770513e+00 7.169904177716154514e+00 -4.587105903791558248e+00 5.065373762976718375e+00
9.135159461614888343e+00 -1.496247055029058970e+00 7.740104139542519412e+00 -4.624296955533776732e+00
5.966630859253321262e+00 1.068504615086632370e+01 -6.735291361593567672e+00 2.425383772106397995e+00
7.937075922724453392e+00 -5.140967754374447196e+00 3.034334955567313141e+00 5.917172312698501635e+00
5.667446151365480134e+00 -2.413099069969014909e+00 8.918797313793547232e+00 -6.968632706880208971e+00
9.339216509582874970e-01 3.772829041325489463e+00 4.674670124935625282e+00 5.289780027035478227e+00
-4.139890381143414011e-01 1.734359362684489980e+00 3.262953783396783880e+00 -2.711256614702059586e+00
7.327690116895631434e+00 2.867369108595800409e+00 -4.151289970357004755e+00 -3.137649331912440331e+00
5.335582289174554127e+00 8.006534614723518573e+00 -2.197830945861778851e+00 3.001307890643373000e+00
-2.980932991311579627e+00 2.769079077826665181e+00 6.696051873534925925e+00 -2.921983481146150474e+00
-1.965157991316007324e+00 1.887898365503806186e-01 5.028043276379239757e+00 -4.963401903843399410e+00
-2.198137963972477404e+00 3.441275572457125342e+00 3.429846104182738387e+00 -3.754695793012119420e+00
-1.798276229914829161e+00 -4.125043350903840000e+00 6.947728175926960681e+00 4.631860046824004762e+00
3.518134576665091551e+00 1.035738041603562998e+01 -6.632564040001950545e+00 2.668966071817982399e+00
9.864311697002793977e+00 5.322356749127390430e-01 -5.397976095450770728e+00 -9.699888640556801889e-01
7.706581137148971195e+00 1.191818119206493609e+00 -3.347093468089653800e+00 -3.701320934721414879e+00
6.646436379446784670e+00 7.423994226929115037e+00 -3.330291033660506272e+00 4.781227945129719714e+00
4.733409233430124097e+00 6.226958327721481723e+00 -4.910478572276047338e+00 6.341374126950116263e+00
7.319264313568385916e+00 -1.717185421642675180e-02 -2.826910799207038139e+00 -3.424127090492739445e+00
-1.883802965079637293e+00 -4.345011289381914388e+00 6.303694175071898442e+00 6.475168932707743963e+00
3.859184281484912216e+00 5.185224264327807475e+00 -8.355042025210744683e+00 4.192652398120355173e+00
9.439098787859174777e+00 -3.366476541504892506e-01 -4.649873240011253017e+00 -1.455156346987285243e+00
6.291939946003231476e+00 4.780179379269208439e+00 -6.241699512742108880e+00 1.939990317440696055e+00
-9.520329778974991886e-01 -5.278286449742155995e+00 6.453991647356625450e+00 6.662732834697774109e+00
5.971999234996427930e+00 -7.049455077768254085e-01 7.471051006937924122e+00 -2.955443076188660534e+00
8.060268870771954752e+00 -4.203110687856383976e+00 6.459239722642625026e+00 -5.410278767430583891e+00
-6.130834928602864053e-01 3.847520066301265640e+00 5.135704787746914413e+00 7.023654787468829319e+00
3.052152091044437299e+00 7.956472275500938274e+00 -8.508809049464751695e+00 3.778492501979965557e+00
6.166153384921518210e+00 -3.378155580543428016e+00 8.587667786521318902e+00 -4.123178473868100546e+00
4.078083975007928963e+00 7.058173630423105749e+00 -4.911680435719866011e+00 3.251366883730788970e+00
8.531238830266758555e+00 1.681708295694970268e+00 -4.187938593864749315e+00 -3.014183516340087632e+00
5.645860365390541702e+00 -6.035621984464786927e+00 1.105104758359300998e+00 8.965377728097049470e+00
7.745284144458830511e+00 -1.320302036726162864e+00 7.165840584533795798e+00 -5.510970181457421013e+00
7.397446748323038612e+00 -5.971227613120856148e+00 1.710813685931790396e+00 5.495684596495703289e+00
7.942474042236413290e+00 2.226143744389661006e+00 -3.395430925898821339e+00 -1.901146106834136207e+00
5.454842552241991882e+00 -8.754863043361778452e+00 7.670919530666451269e-01 6.204758816308892477e+00
4.625516277001375798e+00 1.041317347922468706e+01 -6.750007280019097777e+00 1.275908669871175460e+00
5.936825000271941377e+00 -6.647931738119368994e+00 3.117693547527247144e+00 7.559417826460746781e+00
3.345184049011565186e+00 9.630184224684979810e+00 -8.841447709849365566e+00 3.489409488961838779e-01
6.289965258607769449e+00 -5.391137720507589215e+00 2.517115213240761928e+00 5.998003922900434937e+00
-1.143914080897338037e-01 2.867300331013046488e+00 6.030530235303947606e+00 7.747994614494841059e+00
8.343331926026568368e+00 -1.827863514405072554e+00 7.636045695997098370e+00 -3.469021940050764918e+00
7.655801457178112557e+00 5.634232835976775711e-01 8.330220788133214427e+00 -3.731773989909896283e+00
5.016065247469056132e+00 -2.821074875860860587e-01 7.040681189195685974e+00 -2.918719616248895754e+00
7.375359298673581421e+00 -1.078982061815541016e-01 -4.477680443714753267e+00 -2.042101263703353542e+00
5.221219020755918372e+00 5.113459199657810927e+00 -7.917176672982138896e+00 5.426048738290932150e+00
5.737852327962765564e+00 6.784401355106481901e+00 -4.177074173701678994e+00 2.673464383177441839e+00
-2.041651942283189136e-01 -2.841102804089012945e+00 7.073733621585630793e+00 4.380647959151658277e+00
1.032457979488768629e+01 6.836072511037912802e-01 -4.621401313025966573e+00 -2.733878458922793353e+00
-8.112058669842784342e-01 2.045865406940505338e+00 3.513527187439082766e+00 -4.799934548150101676e+00
-3.227711395106349634e-01 -3.874265824294269578e+00 6.236664773828692887e+00 6.882007502356094264e+00
-1.622176854669279855e+00 -5.341258369834813280e+00 7.614039114122522101e+00 4.436309468991367133e+00
9.341208552452240355e-03 2.615792212378175829e+00 5.438977937609356772e+00 7.180548553237454001e+00
7.243342264079669413e+00 -2.114642077580128010e+00 7.993443406786448158e+00 -7.893325675114009954e+00
8.033055957017760651e-01 2.342505235766288330e+00 5.545315488732859066e+00 6.953502986983547629e+00
2.697114829707483175e-01 4.823431088097791530e+00 6.567293611710502965e+00 1.019742541461189234e+01
8.457278838408713639e+00 -2.521443533786456470e+00 6.461439501456594847e+00 -5.131449334348721969e+00
-2.790031578614966534e+00 2.506960888465531667e+00 5.456351960449939753e+00 -3.316545132889974212e+00
-1.206914111084584018e+00 -5.549948825921379836e+00 8.402725233177065434e+00 5.707608175042077292e+00
-1.506083347178109211e+00 -4.459648711626851281e-02 4.167064514545418596e+00 -2.901797874836369751e+00
-2.011163650039388351e+00 1.703898734513550339e+00 4.952944138627358939e+00 7.464996285639317719e+00
7.268388034067094772e+00 -1.538073703035425677e+00 8.000980865171642975e+00 -5.976194878698373181e+00
5.327824720250349699e+00 -7.072235575148531517e+00 1.875342674685392286e+00 5.981986557185551945e+00
6.512033617808082653e+00 6.976532164316198603e+00 -6.652321293376846079e+00 4.026832750286123641e+00
-2.645155996202690485e-01 -3.439218018211291472e+00 6.926400615873665956e+00 4.987044951825756023e+00
7.547686977597958702e+00 -1.114535160754630105e+00 9.644028373105411944e+00 -5.062756158176173749e+00
5.746814442162418324e+00 -5.792897948817871123e-01 7.995286683292487595e+00 -5.153706373299860033e+00
-2.075711420530078843e+00 1.598770531946938522e+00 4.522686217849072321e+00 -3.067524818043688484e+00
8.791068036657113893e+00 2.495785714959404267e+00 -3.153575627196790521e+00 -4.295983751011497986e+00
9.306796589252995133e+00 5.735718312445141631e-01 -5.361540736310322686e+00 -4.466102701531199592e+00
5.848315751698763165e+00 -2.463026951327855762e+00 7.393401888802381805e+00 -5.084928491422291863e+00
-1.930306110927999086e+00 -2.760019698895931572e+00 7.478707336569071273e+00 5.712564605213439783e+00
7.075630277405574375e+00 1.280154322391101607e+00 -3.605544919894514422e+00 -4.279402226457531988e+00
2.757776218710234151e+00 8.679197944480272042e+00 -7.557457409138416793e+00 2.750493894205040757e+00
-2.618826245080866144e+00 -3.896924445686259730e+00 7.945769195063363988e+00 5.003360914462414044e+00
8.731769536361253969e+00 9.453813640013434272e-01 -4.520284005494604074e+00 -3.774508092294734496e+00
5.720967015751707407e+00 -2.975296736462280656e+00 1.025784294568139998e+01 -2.315935005873698049e+00
-1.668392264577753137e+00 -5.851412511343279554e+00 9.453955516700997208e+00 5.591426535119178531e+00
6.423575416286827711e+00 -7.653719288202975868e-02 8.907931401663951476e+00 -3.823436383826317897e+00
8.048039553147500413e+00 1.370098473846561582e+00 -5.897175146749106034e+00 -9.885225810095170651e-01
8.314606188110840179e+00 -8.759010124705071121e+00 4.719089976741864589e+00 6.664739108200283368e+00
6.024530269514457359e+00 6.437812789746063302e+00 -6.488570439411439850e+00 3.465124158439128799e+00
7.664634438321668242e+00 -6.067917069003722297e+00 -3.326487089597573998e-01 7.541622975546080632e+00
-3.181326607185829936e+00 1.974175458720857979e+00 6.201810667633890439e+00 8.406995701376271057e+00
3.209784122687195929e+00 -1.567088339661641294e+00 1.016291558103947779e+01 -4.540365298298391750e+00
4.979044990999397235e+00 5.822207316376878161e+00 -4.038533274761028302e+00 6.175737540532317382e+00
5.901840692701712854e+00 -5.603001741958077098e+00 4.398335184259320130e+00 7.394951482687700306e+00
9.004135473649769850e+00 1.729407342554287741e+00 -4.533426244391645099e+00 -3.246540397847449633e+00
2.540678169635432138e+00 1.122844991264158665e+01 -1.040321538671995860e+01 2.793332996096104193e+00
1.029555925995000543e+01 3.015002080550291286e+00 -3.477736005018012833e+00 -2.036311201776700663e+00
2.592171881096448249e+00 1.220390948973344258e+01 -9.129356771018390049e+00 3.420658311847057043e+00
8.002922175397854332e+00 1.055123987051022505e+00 -3.816575657248019837e+00 -1.429698981626730037e+00
8.202789130261995965e+00 -5.909515119112358938e+00 1.036790476363734115e+00 8.741217315816333766e+00
6.200951330455390931e+00 -1.479998816465245115e+00 7.991459828789152731e+00 -3.628374240116856164e+00
5.947677387671221005e+00 -6.277589358490692995e+00 2.836786650738511995e+00 5.847940918230273510e+00
-2.504151609878168649e+00 2.038529373032449854e+00 3.751022247880865468e+00 -3.824359454097624234e+00
6.117311237147229797e+00 -7.407566979834794729e+00 4.629396970842062586e+00 6.532585071506106011e+00
4.975907272048764263e+00 -1.914024020943440263e+00 7.051948590550403573e+00 -6.834042159385314008e+00
9.622672420382087921e+00 1.144369253574969214e+00 -3.721170884797355694e+00 -2.841055771848430389e+00
6.788754161696797240e+00 -1.384823239961288310e+00 8.855422575905024019e+00 -4.245475868519626772e+00
-2.589373981675362479e+00 2.494385965496056734e+00 6.193607741452334281e+00 -2.899476446465415691e+00
3.354896302526393370e-01 5.294248676831476708e-01 3.536457021531711931e+00 -2.944168742928218840e+00
7.985422084400363829e+00 2.831422773220475531e-01 7.083393314047487621e+00 -3.952002158190791814e+00
7.882660403473389366e+00 2.731757276452806416e+00 -4.650116410884683305e+00 -4.410946658462301606e+00
1.002838063704377802e+01 8.682946258697162856e-01 -4.507731090350989511e+00 -2.395748358431040614e+00
5.181456616801772164e+00 7.700266603341896499e+00 -6.458927802871190949e+00 5.595084478687970986e+00
-1.518508797181310932e+00 3.258218793877913910e+00 5.793122226889811266e+00 7.941354008585070900e+00
-1.309790213645965373e+00 1.260379960534357746e+00 4.682783122473377801e+00 -3.198189180317971392e+00
5.677152241039832958e+00 -7.391344406202542849e+00 3.130272682384781291e+00 6.746646498738202880e+00
8.125624724379635566e+00 -8.831751744575933039e-02 -4.632692335296864528e+00 -2.454309473322487722e+00
-1.547082150310334914e+00 2.626637769281050971e+00 8.042812060724369161e+00 8.475805544228032673e+00
3.541992976988297848e+00 1.186749279869966323e+01 -6.885200524757979501e+00 2.710216619369719027e+00
-1.372492914717160950e+00 -4.573013548779500503e+00 7.081923862347188958e+00 3.730399101638982806e+00
-1.508620359478550998e+00 5.163686029202547711e-01 3.787821468177389406e+00 -3.284539633811115245e+00
-3.431065860763596653e+00 1.560156274109472996e+00 3.396499307093640674e+00 -5.196891375407886926e+00
7.227485895102933711e+00 -6.041522077967884652e-01 -2.377212850788582799e+00 -4.082046238476938704e+00
6.954802067986960878e+00 -7.611519418899347356e-01 6.880377495625682016e+00 -5.482188068328537334e+00
7.887074516816719338e+00 -5.959080581297332202e+00 1.692786558745855707e-01 7.692243931553787384e+00
-4.545014915255540799e-02 2.550713397808700655e+00 6.150853341180222422e+00 -5.524491312938161869e+00
3.214756901843156545e-01 2.490405925083114536e+00 5.966540105708177499e+00 5.362721423806732446e+00
3.812116748845224556e+00 7.977202519830973060e+00 -4.585181730786884735e+00 6.198423065961643275e+00
5.382247841446589298e+00 6.003475948402786422e+00 -5.382057302442289526e+00 3.356342539936204350e+00
5.518713298373194576e+00 7.491119685818663498e+00 -4.167477290773383913e+00 7.008889346512597207e+00
-1.764318111156254476e+00 -4.332054848291058136e+00 6.341199172724527600e+00 4.025488972983922054e+00
4.091928630065599926e-01 3.566002470834664706e+00 6.382171464093659985e+00 1.076874098169834326e+01
7.102667867774110633e+00 -6.019151360263438555e+00 4.624384563507169865e+00 7.722782025387849636e+00
5.929316883564881735e+00 -7.470669608852886334e+00 2.329420494554960808e+00 9.288730926767284402e+00
-1.711889869215435844e+00 -5.372328346338298921e+00 6.320928827189129073e+00 4.531622748956301905e+00
-5.974202358356106579e-01 1.142945646803893034e+01 -9.509495579349241723e+00 1.407569546887510459e+00
-1.681916093245034771e+00 -6.051451853050816787e+00 5.870311601721006411e+00 4.450555996932853198e+00
-1.270791431521288040e+00 7.500014975475682855e-01 5.136164895275961761e+00 -5.714506892053840659e+00
7.611018800764405512e+00 -5.519754348791308107e-01 6.519370535070795114e+00 -7.366999360077931769e+00
7.341669742971340007e+00 -6.391029276102416112e+00 1.871638158243178029e+00 6.632378700463978483e+00
5.931542949411752197e+00 -6.362725966843070236e-01 6.444099790675313244e+00 -4.110364025506219932e+00
4.987245749536986850e+00 -5.879149075163101479e+00 2.024456486623174456e+00 6.180666504644993786e+00
3.195008975572130705e+00 -4.760688596637079328e+00 1.172218969677896849e+00 6.929196762546950161e+00
6.813821575629943617e+00 8.119538860361251054e+00 -4.739339227134737875e+00 1.124156261760437925e+00
6.847855659815439644e+00 8.080266710125023621e+00 -7.106538646257329894e+00 5.300380844086581611e+00
8.492272218352439950e+00 -1.015699020817919518e-01 -2.390621053509167204e+00 -2.363383794717194952e+00
-2.717793735258281274e+00 -5.801247331814061603e+00 6.106242435752024633e+00 6.992726345946692845e+00
8.837392510665178502e-01 1.000739588337951957e+01 -1.017346221216224578e+01 4.475699431878934487e-01
3.220813932789503564e+00 8.677396588239462361e+00 -8.478359058284819838e+00 2.722139404105516469e+00
1.023867779952839463e+01 1.962430990862319646e+00 -3.313100976899541195e+00 -2.605159002406774782e+00
6.576398805331597153e+00 5.319834377269475389e+00 -5.200167732984071201e+00 3.257570149933295411e+00
6.758580756531044287e+00 -7.217049573239251892e+00 2.538836912539925272e+00 6.363563404939301726e+00
6.918170314017934253e+00 -1.458670436616264610e+00 -4.486326109201267620e+00 -3.712295447707268714e+00
7.426307655946310149e+00 5.430574809361673694e+00 -4.208201158844000034e+00 3.285143236604476158e+00
3.270476285343238310e+00 1.022383138693284899e+01 -6.347454557068157754e+00 8.113512665968243276e-01
-1.645548672853369698e-01 2.945412082444789803e+00 4.819909269781020633e+00 -3.090355777010069360e+00
7.132924895792132070e+00 4.410418843243767983e-01 -4.066848562225962915e+00 -4.895194452650413197e+00
-2.606477495973833491e+00 -4.846324199476495842e+00 6.590338200741492791e+00 5.959336880144314286e+00
4.162941152116710342e+00 -4.387241764271764488e+00 2.653070388147541703e+00 6.930936189240528122e+00
-1.268613844975396976e+00 1.460516588874123389e+00 3.055739012434064872e+00 7.500318607878102561e+00
-2.343610293360052221e+00 -4.822799331203956541e+00 8.955450462041685711e+00 4.790300801435236622e+00
7.374309995305950771e+00 4.756987968383274978e-01 8.401199929554458379e+00 -4.087654363596263885e+00
6.938379191674290070e+00 -7.124521624652953911e+00 3.404671563556586733e+00 6.773816404772589728e+00
7.003590909788902863e+00 4.174036201654132583e+00 -5.553686390637711412e+00 5.486341022791112465e+00
6.609137083390713485e+00 5.135423364246042510e+00 -5.249664604525713152e+00 1.893787424962846799e+00
1.348607408723633050e+00 1.932135686754094639e+00 6.337769422885262571e+00 -3.748117066317607105e+00
-2.554712709687378958e-01 -5.930943873564245905e+00 9.324789173949671550e+00 5.406115704284445656e+00
-1.203997018481308467e+00 1.710668140080299437e+00 5.647446775083085235e+00 -4.286541791509048238e+00
9.520743495401401191e+00 6.031582282990555210e-01 -4.700203850280333384e+00 -2.836611491853381573e+00
3.070299319625931389e+00 7.855890035966295315e+00 -7.587885274687450554e+00 1.162975480050258748e+00
1.066686987861389380e-01 -6.547775480391770486e+00 8.326469562234969146e+00 7.013260415956550808e+00
-8.787374000625500781e-01 5.888210391355639395e-01 5.949257019925518364e+00 -5.623198097239510140e+00
-2.134676893442571277e+00 1.788350531912291874e+00 7.525807090939342636e+00 5.160156518419421801e+00
7.405631108617677150e+00 3.526003270981739490e+00 -3.586025675035514393e+00 -3.548851649635614613e+00
-1.792354566326832099e+00 -5.048319519704303815e+00 8.784579098467107272e+00 3.600177781553344669e+00
-2.212837555930864397e+00 -4.086293650270235389e+00 8.147313611532869260e+00 5.497010866760299486e+00
5.202728601490077764e+00 -5.913304639113018624e+00 3.793597891927164234e+00 7.382852547410902133e+00
5.875298530192494262e-01 9.573807482151737602e+00 -1.119327155121492190e+01 -6.456875671325881250e-01
8.832464222042645474e+00 5.307543834294212726e-01 -4.341959099024646385e+00 -2.597441112251106965e+00
5.213619120551964414e+00 3.177330939086024930e-01 8.345770043954201967e+00 -5.566682128425297194e+00
6.675924159728250373e+00 -6.658761922234944564e+00 3.041324566901250748e+00 9.462346250957288873e+00
5.130591507815744023e+00 -1.561775120822485929e+00 9.466097406659471858e+00 -2.317496357461706236e+00
-2.966834736808711792e+00 1.101616835760141466e+00 6.720807404704368437e+00 -5.169118925158134203e+00
1.237496828625789691e+00 9.402189863638774625e+00 -8.909900130240499649e+00 2.258860644408977603e-01
7.404822994684982618e+00 1.041920834663715212e+00 -3.032959028034725613e+00 -2.817829215644471752e+00
4.832817065556932690e+00 7.255088329270394709e+00 -3.184083409903040618e+00 2.409683305426372879e+00
-1.706702027825907297e+00 1.010680282282747644e+00 6.140278908497937671e+00 -1.795931472944905849e+00
5.269009175558988289e+00 -5.999050048711522365e+00 9.124312209415008645e-01 7.345325578326776572e+00
-2.813132568119895982e-01 3.085236988473476938e+00 5.052307324507810726e+00 9.187695749563541625e+00
3.705909343990709814e+00 1.053349305961054760e+01 -7.283141445080687504e+00 4.214272099743812117e-01
-2.582455724792672047e+00 9.847276110953936401e-01 4.157271349954707595e+00 -4.030791115512004197e+00
8.354210947496731876e-01 1.113420366881919854e+01 -8.854864852933884478e+00 3.142936589361099209e+00
-1.579246786431760974e+00 2.985996747589047207e+00 7.741072561473963276e+00 9.335420079620998735e+00
7.842555504452140003e-01 4.382097659127863309e+00 3.091067108258909624e+00 9.346980752053161368e+00
5.708478584422865154e+00 3.821865465158869046e-01 7.867396710315409436e+00 -4.858307413640139849e+00
-1.688486719015709125e+00 -6.280391985892130435e+00 8.086135734677206699e+00 4.732127820064451207e+00
3.487641119825737768e+00 5.213693516438556053e+00 -5.165977525581800123e+00 5.361344469619011122e+00
2.255692014957214386e+00 9.882026828114529593e+00 -8.477131400967365948e+00 3.240841693803197643e+00
7.532020609928547827e+00 5.547906929762243422e+00 -4.267639014763910055e+00 1.824457549146937918e+00
-1.593142837841385218e+00 2.193144004221437626e+00 5.555268940581949089e+00 -6.709292182185745190e+00
4.348965442765196698e+00 9.832979939304303585e+00 -8.251556145006709642e+00 2.858162170858884465e+00
7.614829902791028005e+00 2.573479048958582815e+00 -4.263231493228508029e+00 -3.983092232477575045e+00
-2.908410816626596507e+00 8.171648335426614507e-01 3.492787961921407280e+00 -4.583531013358787654e+00
6.190408490771720729e+00 -5.857884249980768177e-01 7.401936235034799694e+00 -4.061562345767351090e+00
1.917257470530785213e+00 8.693041214678565609e+00 -9.255147730078395085e+00 4.541209294205686753e+00
4.396510758759617499e-01 2.347655753787920574e+00 6.268000878637382201e+00 8.487510135518078869e+00
6.855768301879597182e+00 -6.034867507211150617e+00 1.729031836336135886e+00 5.435019901159306777e+00
2.850617904807256409e+00 9.147124919111554675e+00 -7.888849594119381692e+00 1.236955633903288998e+00
2.987270331432750226e+00 1.123336934530740017e+01 -7.912168587787568264e+00 3.056662440474903875e+00
8.104624494129076595e+00 -1.095247328656148378e+00 6.638993519878512828e+00 -5.027412123480558215e+00
2.174975196498742491e+00 8.725999988125362705e+00 -7.850687963169120209e+00 8.987169016816002332e-01
5.159546234315297575e+00 7.313356791492812370e+00 -9.151000946183419416e+00 6.238482834789703446e+00
6.921202386084169156e+00 -4.489189460487843064e+00 2.906120936714336800e+00 5.408384031453596918e+00
-1.719090575309656810e+00 -4.915241373516081147e+00 7.247426610315394591e+00 4.842125619795232261e+00
7.497568199144470924e+00 -5.939564318116220321e+00 -1.726186516431247320e-01 5.006190156990287576e+00
6.064073251111948615e+00 6.020410296585650300e+00 -5.226225258500816651e+00 3.291209222625705699e+00
8.818578203084591394e+00 5.668622507817966394e+00 -7.474798586675559520e+00 5.548329553969582051e+00
-1.963554851086901643e-01 7.550419435399767565e+00 -1.050699399302719428e+01 3.624720114810335403e+00
7.503924691897651655e+00 -6.368808281892436973e+00 1.064483533881715349e+00 7.317327456975780464e+00
-3.288034826772623376e+00 2.842752781713802968e+00 4.692593942674410101e+00 -2.220685710402939606e+00
9.918791023681226449e+00 1.295502233486206300e+00 -5.649792258696243685e+00 -2.005988591160431600e+00
-5.753928557501610808e-01 -3.542626980483402299e+00 7.146400211651825707e+00 5.894615236554647808e+00
4.049495532365872563e+00 7.447661399911369884e+00 -4.272281475325629962e+00 2.685464482754221116e+00
9.684776084157162845e-01 8.284615688998950844e+00 -9.311622497904837203e+00 3.420508044931449554e+00
-1.411528741396021802e+00 -4.424266788362022140e+00 6.490027121257634590e+00 2.928297655670240918e+00
8.513732138446830078e+00 -1.419473609903637801e+00 -4.691480002685151973e+00 -3.347014222238413605e+00
-1.714279380618828785e+00 3.374153699849587795e+00 7.681305988580902522e+00 9.158905094432832072e+00
9.382311894322986845e+00 1.072757274367243774e+00 -3.244306705373043442e+00 -3.635559194717827403e+00
6.572691944046982648e+00 7.794996068236725861e+00 -5.432667855566990944e+00 2.233774881821208425e+00
-1.642603307999142004e+00 8.439457605158159348e-01 5.653614993050850579e+00 -4.552133747966725430e+00
7.259813856723636327e+00 1.109048884368732946e-01 9.000490531993381893e+00 -5.074844866279317301e+00
-3.729324622371159137e+00 -4.551602508831371630e+00 9.272098283134003083e+00 4.283571148426671193e+00
7.738783526850000705e+00 -9.795832702437368145e-01 7.291924403047296721e+00 -6.592822310122485874e+00
4.635754130526960282e+00 6.016867261493464625e+00 -6.786900384160963640e+00 5.769564942163523114e+00
4.202395583065617224e+00 4.344757590457012597e+00 -4.203163759040704051e+00 5.062893291504614979e+00
7.772354415487294332e+00 -7.668452260504680096e-01 5.478640594495695737e+00 -3.699849023438152695e+00
1.311399495126545300e+00 1.114840843023040584e+01 -6.741915048933758925e+00 8.860835351575029328e-01
-2.806392288553704262e+00 2.608900020081938109e+00 4.942747085468151447e+00 7.536691985936188942e+00
-1.262736742677947666e+00 2.208129993689033732e+00 3.459687901336020222e+00 7.158787250645482381e+00
6.460146530344481164e+00 -4.426296425427830306e-01 8.127128737022552230e+00 -5.424124285159461323e+00
-2.633215596159086402e+00 4.711287652844102780e+00 3.675058921648781229e+00 6.857179405430121832e+00
1.384034271692150098e+00 9.668313327506577792e+00 -1.006904534524620765e+01 -5.642603878146568164e-02
-1.774575046752261187e+00 1.546062849499877156e+00 3.809862034603132663e+00 -5.256466740787947955e+00
-2.590635757121861893e+00 -3.971212465374240885e+00 9.063171216381750384e+00 6.150954521890116489e+00
2.511696341530457843e+00 9.796848544794045210e+00 -9.167999313964331876e+00 4.790291556502124237e-02
-2.161240924142907582e-01 4.596588751853152743e+00 9.061289743000591201e+00 7.442483499795048196e+00
1.330889556270465235e+00 1.107635987157668644e+01 -8.120277018402346059e+00 2.400716962681312960e+00
-2.252486698223070238e+00 -3.593595709562698914e+00 6.950254785911676336e+00 5.432061731933330861e+00
5.892641105075149710e+00 -5.286578642833448249e+00 2.703278306073764181e-01 6.304352425442762531e+00
2.396475911155564908e+00 1.139304777766097310e+01 -1.033002175082684104e+01 3.229852102293910843e+00
3.694948033778108432e+00 8.086635888648650905e+00 -8.791631443881813723e+00 3.203672091460570748e+00
