-9.696175633569161789e-01 1.269154075182011621e+00 6.204746637030044809e+00 -5.511246380258198130e+00
9.621826678567023450e+00 2.008030158144338273e+00 -4.860385284342338963e+00 -1.928843743175241654e+00
8.482456109156366608e+00 -5.704309322951299777e-01 -3.982944002092281721e+00 -3.731743714731739381e+00
-2.856417000712722754e+00 -3.330714607948593198e+00 8.664046006065287742e+00 6.618700855685242246e+00
6.761571246457488193e+00 1.112027431399146504e+00 6.694957783423198805e+00 -2.086928100676668230e+00
5.937619917915113454e+00 5.847946902183069007e+00 -8.853809451841023304e+00 3.831932324598105843e+00
-7.392414637478305073e-01 3.919266567279389601e+00 6.014885392258253027e+00 7.880697987928308557e+00
-1.018807894353065624e+00 -2.700939950499143816e+00 6.377789898583738015e+00 5.743229453439134602e+00
-1.382315304083213903e+00 4.744920854708086111e+00 4.357971126904296000e+00 1.021432302778475787e+01
5.973087999336796017e+00 -7.413325775844725740e+00 9.522162141761738585e-01 6.206070562459339079e+00
9.131151660227821765e+00 1.930564437459906024e+00 -4.993279398433416283e+00 -5.410591160406186262e-02
6.333559461826791193e+00 2.290878642552595323e+00 -5.637180407663445969e+00 -2.610643944028837815e+00
2.977097447892724347e+00 8.709824355703201348e+00 -8.570804144596337437e+00 3.100963477952084268e+00
6.090826839499074552e+00 1.002711186318925751e+00 7.967347816930236526e+00 -4.915672401331736552e+00
1.707102099141737384e-01 8.983611033506845089e+00 -9.804421030513228885e+00 4.515378684372739926e+00
-3.976587567368425891e-01 -2.291697611131294998e+00 7.987546514492498417e+00 4.566873181241670743e+00
-1.760888213900619892e-01 -4.576789570680004360e+00 1.008571793956068419e+01 7.663296596424884477e+00
2.616539787869003764e+00 9.536321917764366773e+00 -7.619147651675144850e+00 2.683225252161446583e+00
7.577461119684637758e+00 -7.679932215340892654e+00 2.966035749297216473e+00 7.477201824957296239e+00
9.275310487885088051e+00 -6.483803572344191579e+00 6.727641765938763285e-01 3.675541451456269204e+00
9.301332132383617335e+00 -6.520055198996355106e-02 -2.942954987737528949e+00 -3.263682642943289469e+00
3.705667146686979940e+00 1.081362504179566386e+01 -6.746242865529885613e+00 -1.097332169293715243e+00
-1.339728352848352344e+00 3.354708471320240637e+00 8.743937981298145701e+00 7.409750233139798858e+00
-6.858485233536479875e-01 2.424258560409251029e+00 3.576527744484233828e+00 -5.418594520241740042e+00
7.090371148164022586e+00 -4.260413981686287599e+00 3.724347792266532231e+00 6.644232968598863920e+00
-1.466608072835251519e-02 1.820785910411481190e+00 5.939489123802816906e+00 -4.337764667263742879e+00
5.456189963513891072e+00 -5.819647022664268476e+00 1.533024417760883829e+00 3.990494911950533297e+00
5.357391083208537630e+00 6.652913608895983266e+00 -4.236064887572377202e+00 4.531411831284417602e+00
7.005668924954558285e+00 -4.706320720102532107e+00 1.912339739973295760e+00 7.732982613708241360e+00
-1.915150936369637513e+00 1.342828923238568839e+00 6.539584734700772728e+00 -4.215556430726799420e+00
6.882923958940736497e+00 -8.782265323800160672e+00 8.896214724924522699e-02 9.811923453341222512e+00
7.476656273629574301e+00 -7.173106878852801849e+00 3.201385950059227881e-01 7.170489028635415707e+00
4.381888782794552739e+00 1.288933416871282844e+01 -7.019269401089583305e+00 7.248860922979065702e-01
1.180822205999970675e+00 9.736285462611004249e+00 -9.253191084103194797e+00 6.277272468490628921e-01
-1.429245238116540362e+00 -3.762192089674988971e+00 7.724320856490823672e+00 3.315216730516556076e+00
7.617121127225011890e+00 -2.908279110753309915e+00 8.189107901729043348e+00 -7.004082211608821495e+00
2.197069108360302003e+00 8.771037530376496250e+00 -8.649827898062730114e+00 1.805212952895594913e+00
1.424015210290740185e+00 1.447369725890965242e+00 6.226275115523423942e+00 7.671695546598986226e+00
2.962357580365833520e+00 9.620795205914586035e+00 -9.459670065232954173e+00 -2.361707646497273050e-01
6.728751481858477490e+00 -7.793174888399831524e+00 1.045789541155588642e+00 8.352379671640044023e+00
3.480017501596374796e+00 -2.719615373125725544e-01 6.941559331440149805e+00 -6.392548503042009500e+00
4.922525537731011092e+00 5.586500044492170858e+00 -5.901819644684480615e+00 4.567723915438967275e+00
6.825647909480251130e+00 -7.393429509826705548e+00 2.095046624112776090e+00 5.666283035261511003e+00
3.704181746239116890e+00 6.803731618240520973e+00 -7.478566792901209404e+00 5.618089914123772566e+00
-1.118379537301116944e+00 3.003998469077602262e+00 5.623734370451139775e+00 8.928361852955363887e+00
5.649310364077177127e+00 -7.436880701749143618e+00 -1.494285711689673946e+00 5.905772140137717230e+00
2.079144676830106508e+00 9.879332915735774989e+00 -1.122036678639957330e+01 2.135065905823062771e+00
3.789130382699761768e+00 7.897032607426046624e+00 -6.932447545907248987e+00 2.778531476405683875e+00
6.144794875568055925e-01 2.076394678753659129e+00 6.342956901385325530e+00 1.071103357237137033e+01
4.348950931658841057e+00 3.890753561408414996e+00 -5.499494563365755262e+00 3.094909907345006594e+00
6.556781744179709381e-01 6.294696019812008103e+00 -5.715339285682837556e+00 1.342371216494821606e+00
-1.933367218452874514e+00 -2.819923490907955799e+00 7.338100798492571464e+00 4.325340652388739215e+00
9.393422435883838517e+00 -7.452348049781283734e+00 3.134844316871192582e+00 4.970742486166082053e+00
-8.274332202018094273e-01 -5.280801183193022830e+00 8.675848301782977501e+00 4.127596418245574661e+00
5.988775080052471722e+00 5.706180733669906857e+00 -5.961398572880497682e+00 4.730938994596907143e+00
4.567667634044834557e+00 5.364044045630854463e+00 -4.987966410873855949e+00 4.707240666688577768e+00
7.793020308148172148e+00 -6.751317641203261610e-01 8.944706789799765190e+00 -5.050833394957991551e+00
-1.170409783414174676e+00 2.431658364808297002e+00 5.748190890170472578e+00 -2.559304651146204979e+00
2.070174198363944562e+00 1.023502602023419072e+01 -8.553977885300032113e+00 4.826211716246884276e-01
2.411803187908609480e+00 1.129426369275054576e+01 -8.085112200078137690e+00 -1.747677292741622868e-01
-1.135175877546042322e+00 -4.678537955880167409e+00 7.293914580183542107e+00 2.717585509770399366e+00
1.151418533447654013e+01 1.662921819894978892e+00 -4.870831544479861996e+00 -3.715582117532790996e+00
2.028746452941414091e+00 9.939510549836892750e+00 -8.157871172450727570e+00 3.184371718360293535e+00
-1.830600063387776588e+00 -5.890173527191154612e+00 7.273072661946018869e+00 6.318508467274384088e+00
9.693830271639377827e+00 8.379062038925769729e-01 -2.315149935054194419e+00 -3.176159831057713046e+00
6.147313990889196056e+00 5.461888455108559803e+00 -6.195847788932687727e+00 4.550950554886072474e+00
-2.980865790597107434e+00 2.581532802002352689e+00 4.937050935958510856e+00 -4.788245064973580156e+00
7.380647759364290295e+00 -4.755829340550794981e+00 4.739304019254060307e+00 7.365968478922608753e+00
-2.597121591589397926e+00 1.256998010609594818e+00 5.281810447435974609e+00 -3.637831822936723025e+00
6.344950821156279730e+00 4.916294511742620443e-01 5.605324626995781934e+00 -4.368677250673218104e+00
2.349551564877236043e+00 1.092966491053508094e+01 -8.099757976363603618e+00 3.192338897590883739e+00
-2.059923240601387651e+00 3.104747676100497955e+00 6.885487094304242106e+00 9.010238870729367022e+00
7.823232673603670584e+00 -8.254735599121850731e-01 9.127203735389819883e+00 -5.448886429696747413e+00
2.535131960754308800e-01 -5.761643311031369841e+00 7.897414457073170801e+00 5.124410554843242593e+00
8.753891064752298945e+00 -1.988535380182407941e-01 7.257794269983354418e+00 -4.012566562272271931e+00
6.947065320412932898e-01 4.376469495026229062e+00 7.213401036407178779e+00 8.167346123836367155e+00
4.545205908162314401e+00 -3.913039961521499688e+00 8.169977164852983975e+00 -3.518404512269434736e+00
7.677629780885361299e+00 8.840792034790571075e-01 -3.328183783857214806e+00 -4.692762118898020418e+00
-2.569426382515130669e+00 -3.439784728975002537e+00 7.342538567357996371e+00 7.374336458000782635e+00
1.024931517148451654e+01 2.181698160155043364e+00 -2.738824941531606605e+00 -7.119527440841736166e+00
2.247869997984877077e-01 5.408568778687570244e+00 6.172755946628297075e+00 6.609014059472405833e+00
9.794749366169921423e-01 -5.733800056688520108e+00 8.132398608838235177e+00 3.485651378220205210e+00
-3.103191491403221480e+00 -4.858407998474011613e+00 4.529077403333843677e+00 4.776604346818810853e+00
7.679118968295060021e+00 -5.827023645905101468e+00 1.291105602687621090e+00 7.988305571075082767e+00
-1.381385152028614671e+00 7.960296174988973350e-01 2.361511414022125610e+00 -3.833696765963131803e+00
1.065619733398065705e+01 5.818767135937239487e-01 -4.985563671804863262e+00 -8.906975129738330388e-01
3.716108894585644862e+00 9.340880387714808109e+00 -8.239627487463936362e+00 2.781134127580996207e+00
-2.433536890220183935e+00 1.616745056326520880e+00 5.358947682077647379e+00 8.173298639493490114e+00
8.894964593749644877e+00 5.101253266775738204e-01 -5.642538473488054152e+00 -4.813904166974179333e+00
1.347482591613736957e+00 1.019615292467054957e+01 -9.592005737815785693e+00 1.195177451367364085e-01
-1.991141920822776301e+00 4.657677341608029487e+00 5.244498127287066325e+00 8.037375996436768588e+00
1.953308455768338892e+00 1.171983275861828844e+01 -9.463519393100717991e+00 7.624285171600508892e-01
-3.231639109978259317e+00 3.975750882455020729e+00 2.658880294991792681e+00 -2.778947302191035362e+00
-1.936889891382131967e-01 -5.665141155147487950e+00 9.321601829900712843e+00 5.398679391844325437e+00
-1.456779227812960986e-01 -5.048980356312492646e+00 8.669445101850277169e+00 5.279893813852159390e+00
5.573748136999685521e+00 8.218006291343460390e+00 -5.281503171361210391e+00 3.082597292021467705e+00
-1.090613890060380120e-01 3.181328117878791772e+00 6.413014788060012350e+00 7.838750280851669139e+00
-3.026749368170325472e+00 -5.135378480725640848e+00 8.056086941459598805e+00 5.875030946354359074e+00
6.461858273185373314e+00 -6.811840744345066812e-01 7.992189475183977265e+00 -4.427783578455057878e+00
-1.635897293242343675e+00 1.148617713364216808e+00 5.305008913775378865e+00 -3.910049646467788520e+00
4.109522610716785707e+00 9.856448338332086223e+00 -8.077400403345377455e+00 1.515180819908840570e+00
8.224018010856951832e+00 -9.794887697691695427e-01 7.412867578916454647e+00 -4.785451075775091212e+00
-1.150031771423813520e+00 4.252424120555027720e+00 6.056445316932972389e+00 1.059655792167369448e+01
1.637653761323243362e+00 1.237815633840998331e+01 -7.796481370056571158e+00 2.504842740503270271e-01
-2.391075190375812287e+00 -5.694546992130118390e+00 6.666217263458131370e+00 6.139024496642536022e+00
-3.249761936245069371e+00 -3.468171591454114022e+00 6.784328434924006501e+00 3.669772832993238865e+00
7.144140326670964214e+00 -1.998149892823257723e+00 7.631130857721052152e+00 -5.513740377150276650e+00
-8.272893832939809400e-02 -5.912559537076363725e+00 6.044290153873653537e+00 4.357014671381876703e+00
3.649378286358226919e+00 9.993680236923333737e+00 -1.025197732940636364e+01 8.912948662911038822e-01
5.966030640034282406e+00 6.983976343666962627e+00 -4.212451438485134148e+00 4.659731313766552141e+00
4.252156436728855127e+00 7.586940160770801356e+00 -4.583852759443421299e+00 4.039697590078960232e+00
6.206061403909663099e+00 -6.152559653071897117e+00 2.752595050544491606e+00 5.990658927199691952e+00
-7.428065145025978255e-01 2.570396692923787807e+00 5.705062856090243884e+00 -4.996808042307105957e+00
-8.485887740950311953e-01 -3.796508632769613811e+00 7.434567266243657713e+00 4.231336463291141214e+00
6.669109206011199831e+00 -2.492872523525954342e+00 5.691277730940661250e+00 -3.983637719900978258e+00
4.784509591708905774e+00 9.221336188731557471e+00 -9.042390810579284732e+00 2.635662566638512505e+00
-9.881114227492908686e-01 1.736851816827514883e+00 3.738497710498512205e+00 -4.408518747013653538e+00
7.664993712202730514e+00 -2.101194053667416739e-01 -6.409637381211128471e+00 -3.320041672396431665e+00
7.026602237341404766e+00 1.990866058568569574e+00 -5.490183626832184416e+00 -5.798089906590586651e+00
-1.537208538409184921e+00 2.509402314418434976e+00 4.337950319636806107e+00 8.255128732088722998e+00
2.505537814576954680e-01 2.240169559401908650e+00 5.369687282035283893e+00 8.051838471233656591e+00
8.260423640426055591e-01 4.659561528301443545e+00 5.762475143974010727e+00 7.088273477677928369e+00
-1.549928668418501188e+00 -4.715749800630393729e+00 8.386865137065155906e+00 6.952462257251224464e+00
-2.976283568350299280e+00 5.233475441357185787e+00 5.556290775835308615e+00 6.907731729466451753e+00
-1.484228762878279095e+00 4.015759116375613225e+00 3.922300714038907454e+00 -4.526883390482440817e+00
2.627206136759453248e+00 1.060992572809260537e+01 -9.437755681393019458e+00 3.026661123819259558e+00
-9.357737949486357731e-01 -5.216285446562856976e+00 6.025768032094299009e+00 2.991816042511926010e+00
-2.064746454518466834e+00 5.562562378990909551e+00 5.912553861419702628e+00 7.433131982922759562e+00
-4.582558892938599193e+00 2.167207108241603120e+00 5.324757129805903766e+00 9.865265097468892463e+00
-1.222098781934352507e+00 -1.581987102473040530e+00 4.292400250944507611e+00 -3.350681816458199069e+00
-4.146452566772033776e+00 1.237128723531474517e+00 3.491536224832938906e+00 -2.733181549120753839e+00
7.762014577628074896e+00 -6.831144243778705771e+00 9.691763799862311846e-01 8.346112860688810642e+00
-2.441418929141718763e+00 -4.765670877814368822e+00 6.960514136691627662e+00 4.744045921079962369e+00
-7.137183154143998953e-01 2.958415634407615791e+00 7.140531592858441634e+00 7.404927556663109200e+00
7.949645970232669612e+00 -7.228577126163055588e+00 2.241503322325779202e+00 5.357451715278018334e+00
7.261281632913354933e+00 -3.920946198417519124e+00 1.091497514822802195e+01 -5.293424368286904880e+00
3.038346930349954178e+00 1.011579547210672025e+01 -8.439373072064235259e+00 2.577060605448099562e+00
5.863855143252301616e+00 -7.240771343722523845e+00 2.319584962582555754e+00 6.419153258957313035e+00
-3.139897392196906001e+00 4.258235323431481589e+00 7.399817880409484516e+00 7.534553836234286095e+00
8.696918863187423909e+00 -2.660379242383589915e+00 7.759803135917977990e+00 -5.499385041253794348e+00
9.910667926421414364e+00 1.467930680983698277e+00 -5.878441289960019134e+00 -2.483641562797359814e+00
9.240876141260461196e+00 1.748479724227204768e+00 -3.867428549982168562e+00 -2.836263137420188762e+00
6.760440616782029899e+00 9.166502966126440555e+00 -8.015653833105087500e+00 2.905050644282512806e+00
2.262847951235825050e+00 1.085342309996590870e+01 -6.703229107611391235e+00 3.450086359037374706e+00
-1.076172650250574847e+00 5.026280672265107441e+00 5.991064239628690835e+00 1.105165733859355193e+01
7.607673402789638217e+00 1.290279304205301347e+00 -2.702868619251099780e+00 -2.815353847076596416e+00
-2.198098035131761829e+00 1.961027877858502855e+00 5.982244669142081861e+00 -3.761270147860475088e+00
-2.770427013640899716e+00 -5.686550268903095784e+00 8.541385050756073127e+00 5.610986219806530784e+00
5.362538582077164939e+00 5.655288112167887959e+00 -8.368982589970157093e+00 6.517709811011890508e+00
6.635519579416797598e+00 -7.764145788451092933e+00 2.248694001029866829e+00 7.398412353762958027e+00
-1.890082065636405462e+00 -3.851745373516796800e+00 7.418143878310269557e+00 2.787155111453350820e+00
-2.836221098279799957e+00 2.101928442465419433e+00 4.411843846891138732e+00 -3.982058155144200917e+00
8.150390899905211484e+00 -4.455845561555882739e+00 4.129214364334152343e+00 6.508602397766010128e+00
9.774155825621390292e+00 1.357868212966150789e+00 -3.049150675077226147e+00 -2.935656640353578872e+00
8.572111700839569082e+00 -1.074842417536714390e-01 -3.624879534266527870e+00 -3.059542457652271175e+00
-2.057191937503963786e+00 1.319849465021553092e+00 4.120016306084483659e+00 -3.328100458399984696e+00
-1.470590887992611728e+00 -5.761872652152316476e+00 5.591452684045401966e+00 3.646928367479217670e+00
9.757779942552684105e+00 1.928136796602994529e+00 -5.429453613761964448e+00 -2.270518887803929076e+00
9.361640184465651160e+00 1.367117759825638768e+00 -5.550027424990640057e+00 -3.163919333421378433e+00
7.490040918908968059e+00 -4.828695867267907005e-02 8.485938802514221280e+00 -4.471991438000620711e+00
7.572948819535914033e+00 -7.227197433460106346e+00 1.808831727962441072e-01 7.453007737589010695e+00
4.235492923631153594e+00 8.137538830640118626e-01 7.169287019418646878e+00 -5.284518627205042840e+00
-2.730280701409030453e+00 -4.069501636245966836e-01 3.236310437807447649e+00 -3.061671396850623061e+00
-7.056521996323275037e-01 3.005262384744775694e+00 4.559544559661684815e+00 6.151359078695943339e+00
2.796903075093584601e+00 9.219219804986956035e+00 -8.966456047955746911e+00 2.511397761834312181e+00
-1.693862939799335665e+00 2.718097880265057498e+00 4.951411961801500894e+00 7.114800906442219741e+00
5.403978598507963582e+00 -8.016953270610105875e+00 4.188683915823399051e-01 3.237560462666346339e+00
6.915945122944455292e+00 8.128823536191467358e-01 -1.749048026950204449e+00 -4.123145960467056170e+00
-3.525965988172295340e+00 -5.832666583029851637e+00 8.790223104888605477e+00 6.387583262546669971e+00
-1.947060110536680710e+00 4.068484954159913514e+00 5.478058659975648226e+00 8.958393716868014778e+00
-2.576872419076126519e+00 4.170044367413207276e+00 4.838518395370963177e+00 8.060959547393784064e+00
2.045961566397809239e+00 6.674624515390126689e+00 -5.542382342575263188e+00 5.857676653170705627e+00
7.475775502232334446e+00 -8.977026893598196722e+00 4.914957696970169820e+00 8.292009069380876340e+00
-2.496983058834597813e+00 -6.833888936522694912e+00 7.419752008205118265e+00 5.738743950121522275e+00
5.173490837967801070e+00 7.384335134318745553e+00 -4.975984152320754639e+00 4.898867607010404690e+00
-1.101055649359424571e+00 4.694542641909871250e+00 5.498533108521669099e+00 6.396793443969695403e+00
1.615297622604221051e+00 3.490679479453972167e+00 5.421561760318551748e+00 6.960908302459062114e+00
-2.028411461590619691e+00 2.274470993986565936e+00 4.409462171002052955e+00 -2.771977404676887691e+00
-1.883748266887189438e+00 -5.113493063414812134e+00 6.621875740397666021e+00 6.259697656085854156e+00
-1.459252554685884551e+00 1.318285273347554076e+00 4.915834345752866597e+00 -5.663710975564146821e+00
-1.577741133246000071e-01 3.174731285418076698e+00 6.420041000214960825e+00 9.668213372979181486e+00
-5.146578561943084829e-01 2.254882979933358733e+00 4.967757855042297166e+00 -3.060618794582330437e+00
8.470824575484902752e+00 5.478179495505635099e-01 -3.825859685883030270e+00 -2.734289076665062268e+00
-4.431687064937360532e+00 -3.743233830188879896e+00 7.091015486704440818e+00 5.908140614573427207e+00
5.203920783841699205e+00 6.965963723452386347e+00 -3.623106067117271234e+00 3.538224304597894943e+00
6.151039560634852243e+00 -7.072166456157511050e+00 7.081621564184035211e-01 7.962024674297000892e+00
1.814389528972836008e+00 9.699635756301953293e+00 -8.451612916724890567e+00 2.014410651381042250e+00
-2.812636677605412583e+00 1.880925841467022686e+00 4.835136395190430036e+00 -2.781409758175541924e+00
5.812301797428409245e+00 -2.333306251366577655e+00 6.507484357470040059e+00 -4.901181660598893153e+00
2.507638452359456149e+00 9.985690614944049415e+00 -1.139569588355471019e+01 1.764352167598507881e+00
5.501724914372019271e+00 4.881647763087620717e+00 -6.118853943218713454e+00 2.847572944830774944e+00
4.528592381242654064e+00 9.113859555327747941e+00 -7.430052737372724536e+00 3.307022101752417065e+00
6.274447257060260519e+00 4.199638261231843472e+00 -6.610884589342962414e+00 3.028461433616108867e+00
2.054243646155847980e+00 1.062593119256006524e+01 -1.113649668603928333e+01 1.517637278769412346e+00
6.923817453736929473e+00 -8.956713481796189091e-01 6.343313146037202088e+00 -4.631329466852117882e+00
5.366470039797470726e-01 -3.572467719200596914e+00 5.019633325838786853e+00 7.220814123827013375e+00
6.840650383791231803e+00 6.928327594063639516e+00 -6.945658153566972359e+00 2.162086111521014153e+00
-1.794291270940296057e+00 1.491057293851439702e+00 4.655874194370631436e+00 -2.949702964286615714e+00
-9.390216843501310029e-01 2.886388156125834215e+00 6.384583153233309716e+00 8.729137662401795339e+00
-8.201783295818084740e-01 1.003901955779392452e+00 5.798212020001770384e+00 -3.791143779511785716e+00
5.663415231285324758e-01 -5.433673354847305959e+00 7.408821832982105171e+00 4.034470636100314422e+00
-4.060401974836456152e-01 1.289327811886532782e+00 5.922576312767972695e+00 -4.769493606052002121e+00
6.309169328078160000e+00 -7.728187833506718007e+00 2.019433252937174128e+00 6.000535130362545821e+00
2.054548752585902527e+00 8.776080366743647332e+00 -8.655893558944733002e+00 2.792136083200247754e+00
-1.957846244506275424e+00 -5.674283388207196133e+00 6.340337567463244284e+00 5.434210210631957416e+00
7.125680610186367225e+00 -1.240862351677623376e+00 7.475251303572767014e+00 -5.699260734641424797e+00
-1.784137428895545607e+00 2.385040613803193654e+00 5.182557777906296792e+00 7.605674222688866948e+00
-1.811838594085295018e+00 3.334184544455648158e+00 7.509578464721042401e+00 9.774927406751602987e+00
-8.311068752319420438e-01 3.798225470551249483e+00 5.886111875764534318e+00 7.644893068559977856e+00
5.996433403727513323e+00 -5.242699102473759254e+00 2.807566456139864108e+00 5.635001465950689514e+00
-2.716999651865598331e+00 4.562842347627362294e+00 5.093876646882378623e+00 8.113300240306520195e+00
6.459343128699031045e-01 1.936504931489449133e+00 6.414217097753620145e+00 7.098365376605590527e+00
4.434083928073301095e+00 -7.819303914508194175e+00 3.436475291454026859e+00 7.594196756425688477e+00
-9.850862929594471629e-01 3.392017771332842990e+00 4.166443142828672563e+00 9.814496064458754887e+00
6.895148566369124765e-02 1.709223880395860595e+00 5.414618368082249944e+00 8.524916710463690706e+00
4.804021982336085017e+00 4.254398041549882770e-01 5.545315140800198606e+00 -4.564813149616555599e+00
6.263647335540096783e-01 9.101726809399282914e+00 -8.642220141864211058e+00 3.567257759837863418e+00
-2.849525183841254972e+00 9.086935593070275541e-01 6.434781910094197421e+00 -5.158275336148495427e+00
8.524712962106253400e+00 -1.160934846312488222e+00 -4.349665788258163523e+00 -4.645831919138808885e+00
5.134440286408119114e+00 7.843386521068004491e+00 -6.793023093188415018e+00 1.776537911504019629e+00
1.705473307331099697e+00 9.560656342807220653e+00 -9.138860439169256722e+00 3.672735248811184849e+00
1.006108479627365959e+01 4.884890953873896047e-01 -6.237947935138179467e+00 -6.483861558873064368e+00
7.376574586147169654e+00 -4.896689793997192730e+00 2.256510751042004159e+00 6.874129759349229651e+00
8.573899983085244259e+00 -3.863599052505675591e+00 8.674970102715034770e+00 -4.393640389077819286e+00
4.189811235037968373e+00 8.599765180573875512e+00 -5.879354709966539971e+00 5.428120118597206556e+00
3.058424280532124229e+00 1.032997135186291970e+01 -8.886561606748848874e+00 1.135287469268326799e-01
5.767080358500455084e+00 5.354005411261713032e-01 8.047272803820220588e+00 -3.821900927111602897e+00
-2.329081790856293299e+00 3.145602612186722880e+00 4.620872320596095761e+00 -4.711336243221436071e+00
5.833558866402331233e+00 3.306519068892503910e-01 6.857448133673234913e+00 -5.039700691847422753e+00
2.138560998248338674e+00 8.219378382813527395e+00 -8.050867712234889950e+00 1.008728642141234033e+00
7.669612517067839974e+00 2.166657169124054150e+00 -3.613844766923436147e+00 -5.022775595245185798e+00
6.009756566631865304e+00 -6.851125800473947258e+00 2.179277560450215034e+00 8.463523700416363482e+00
-1.942615149769762573e+00 1.693945723192451736e+00 6.196877199570387518e+00 -3.076013686173705075e+00
-1.298871057847441834e+00 -3.383121978498708771e-01 4.498950528987188058e+00 -5.370401269600892036e+00
7.690926639544920285e+00 -9.348296619855221978e-01 7.429722095651166924e+00 -5.963026184217941505e+00
-2.421631193503003932e+00 -5.797058594987043456e+00 8.306985548271716979e+00 6.825090510363937213e+00
5.226362178390743907e+00 6.090655042300326727e+00 -3.897935398441164434e+00 3.968994854132210204e+00
7.325886559550031762e+00 -4.391207608153965936e+00 7.705365166160377477e+00 -4.312521560801417131e+00
1.382586963060998819e+00 3.019600274485895852e+00 7.037286117811182962e+00 1.034235748962834478e+01
7.781242486183376883e+00 -1.441953760304409915e+00 8.937468820106735379e+00 -3.294960262463794365e+00
3.665591674502923780e+00 5.856141189384014289e+00 -6.332589538217570535e+00 2.490197327607782007e+00
2.805221336433064927e+00 1.096193428994031471e+01 -8.853619977351062431e+00 1.613106435434607411e+00
-1.472953072278712305e+00 2.348588726220261602e+00 7.187636586446597420e+00 -1.876489130788147719e+00
-1.270422836253568555e+00 3.894173712741977766e+00 6.092119109280615952e+00 6.014666095998573603e+00
4.645413136749333205e+00 -6.688855597892520599e+00 1.593562526032471727e+00 6.617369671446817314e+00
9.116859342655880383e+00 7.004790650813319530e-02 -3.901675148390234771e+00 -4.291767726051635812e+00
7.626934564045860121e+00 5.274222074186893927e+00 -5.799047942974429048e+00 2.834358770713392595e+00
8.630413037264380804e+00 1.748734202485540790e+00 -6.062303624285089398e+00 -3.873492516203053349e+00
1.890902655065017646e+00 8.168394861664271644e+00 -8.935678241933421972e+00 3.247415114269064595e+00
3.980391909357548386e+00 9.910264963654995540e+00 -9.623153712104866031e+00 2.482082305982744153e+00
9.420617429637008655e+00 -3.780585319792191257e-01 -3.093279801272458940e+00 -3.903652730574442842e+00
5.074949049677968560e+00 6.762401698512946702e+00 -4.529375149468894080e+00 1.597995372392513325e+00
-3.618457977496638556e-01 2.935596974823750926e+00 4.918803020103565515e+00 7.533558548761240203e+00
-1.928549556028189782e+00 5.216431972921795612e-01 6.463569580955749849e+00 -5.340980908670464267e+00
7.319753045701942185e+00 8.666332527661896989e+00 -5.790790835125871006e+00 1.856301682722489854e+00
4.515054953671596927e+00 5.786644383471212016e+00 -9.080842441559866529e+00 6.866021448495720492e+00
6.239243485751192253e+00 -3.613543770572662517e-01 7.398910119046322009e+00 -3.975966794083403144e+00
7.224816838811488395e+00 3.373153671047927071e-01 -2.976415846352096217e-01 -2.872710618542612337e+00
1.734781912887100264e+00 1.186084838927177110e+01 -1.107926949654824433e+01 3.114438709003386485e+00
6.955327489060099566e+00 -7.221248839293761712e+00 3.071973566496854602e+00 7.813515530495827477e+00
-3.992944980819133072e-01 4.159136058038608752e+00 5.925671078508718992e+00 7.617586041887105530e+00
1.549340906980277932e+00 9.111476032089770527e+00 -9.531377854048926679e+00 1.179863410572542293e+00
8.253543556810068793e+00 -8.813535411580614154e-01 1.017673298299579443e+01 -4.940842545073764747e+00
8.261407452917630678e+00 -3.571573280563027364e+00 9.820155342831185408e+00 -6.730209052478802079e+00
5.348138914080105000e-01 2.039609492661355716e+00 4.091233066417174769e+00 8.906690708052591887e+00
-2.268909447678106872e+00 -2.141270389856277045e+00 6.041747494329357870e+00 4.189377458715610736e+00
6.180328356028281789e-01 -6.143878394488508476e+00 7.303629507244958852e+00 5.186438625744712816e+00
-4.863981026741834857e-01 -5.857315762681281512e+00 7.764866204530715521e+00 4.800324564255086912e+00
-1.968083383632081018e+00 -4.869273118797583955e+00 7.088082386701702653e+00 6.164478950761644427e+00
9.806070970548081078e+00 -7.537810567798297612e-02 -5.546937071738640590e+00 -3.896061519904361781e+00
8.545806584213417878e+00 1.729824778181732192e+00 -4.437646835538338053e+00 -3.716259660945276710e+00
3.694114360199464375e+00 1.093076226201323919e+01 -8.363037479590319734e+00 1.906690071107421058e+00
-1.658041151517015477e+00 -5.863841599189710152e+00 8.942197366721735818e+00 5.318842818879955026e+00
8.851864621137071065e-01 8.769511591264645745e+00 -6.693747012631654947e+00 6.142272302935900541e-01
8.675069046281462803e+00 5.832404672491658948e-01 -4.984800604582668271e+00 -2.159933698134005819e+00
-2.531196531401508132e+00 -4.433785679880375419e+00 6.994693779144165902e+00 5.105619044871349210e+00
-5.985361415172785193e-02 1.082795199545140807e+00 4.822528114665154853e+00 -5.230589877837891422e+00
1.134007883434214659e+00 8.253004565047534768e+00 -7.379857695434283826e+00 6.827257370058936736e-01
-1.789698206363071309e+00 1.705568198391858026e-01 4.428966321830019481e+00 -4.233699995930544802e+00
7.468697043110268829e+00 1.906898289584884498e+00 8.157424429681384481e+00 -6.263995674942994363e+00
-9.981301184323539966e-01 -3.724453126051062490e+00 6.008871215161382118e+00 1.667638226690394188e+00
-1.247416262720184577e+00 3.245884411340268283e+00 6.410289473473017807e+00 9.931503889053461265e+00
-1.543900617584123891e+00 -4.712249123876294021e+00 8.264060620020135417e+00 6.418674158322393630e+00
7.875718073129235108e+00 -3.446888393625529901e+00 8.150276487041145046e+00 -4.041853067886138184e+00
1.753927413932959922e+00 9.875931501593948170e+00 -8.743708991234054650e+00 1.226480370242341245e+00
7.871811967599541937e+00 -6.492610174163645498e-01 5.310868493641548227e+00 -5.256059463400578835e+00
5.132457087010878105e+00 5.906303092648165887e+00 -4.939307689456939876e+00 2.107844820064800118e+00
-2.814462141767590353e+00 8.418321427569422921e-01 6.305940091275441972e+00 -3.846597092149449004e+00
3.796106748024596467e+00 8.062665326095382667e+00 -6.321182424747765261e+00 3.516747836746312750e+00
8.850791604321450734e+00 -2.301896962620137987e+00 7.769106908846658222e+00 -3.080243181689033882e+00
9.160879417530672697e+00 9.361103658513516557e-01 8.623552373863857312e+00 -4.316545192462795555e+00
5.848714601627809095e+00 -9.129460877801354179e-02 8.758224099897896409e+00 -4.685865257665408734e+00
7.562176932437664867e+00 6.711464987675919147e-01 7.418932547597831828e+00 -4.641129218524907785e+00
4.696943644177665078e+00 6.571617207853347686e+00 -6.439622961481820340e+00 3.494579203558685343e+00
6.710637078784760234e+00 -1.585204515199212905e+00 6.283225938123659482e+00 -4.103399435230979719e+00
5.750630877619000714e+00 5.187694259936753483e+00 -6.484473648021520376e+00 3.041972820424120982e+00
1.681642136919503372e-01 8.685207113468832674e+00 -7.703232388930399743e+00 4.247997073019845971e+00
7.790011383498445241e+00 5.162827070403763763e-01 -3.774952965585955056e+00 -3.415184877474685798e+00
5.552475604622509664e+00 7.425851571174724164e-02 7.083239606417667034e+00 -5.901156774159853846e+00
5.660369710800834397e+00 -4.951479338879179792e+00 3.036909612147453696e+00 6.126794130592984722e+00
9.135159461614888343e+00 -1.496247055029058970e+00 7.740104139542519412e+00 -4.624296955533776732e+00
5.371686910917479629e+00 4.582603088379617162e+00 -3.666328804352905646e+00 2.503241035144399440e+00
5.745184198860474822e+00 -7.287707729029506254e+00 1.597276033655813610e+00 4.957747815687669757e+00
-1.466489288037382543e-01 -3.748553536618767446e+00 6.414975218082637376e+00 5.192783358305183228e+00
7.327690116895631434e+00 2.867369108595800409e+00 -4.151289970357004755e+00 -3.137649331912440331e+00
-2.216179223915106355e+00 1.473044051522556019e+00 4.287701306448553851e+00 -5.159080488722857183e+00
-1.208919593898971856e+00 1.886260103023025270e+00 4.263870348074579653e+00 -4.990560093182545565e+00
-9.898705227093156367e-01 3.156353828555690022e+00 7.875943217773222926e+00 8.687071944194817874e+00
6.986212875643701636e+00 -8.530481335570701873e+00 2.858792136978367981e+00 6.422282396343621080e+00
-6.714900721146921381e-02 2.595754335094795806e+00 6.190260343948789767e+00 5.365335827303489680e+00
-1.883802965079637293e+00 -4.345011289381914388e+00 6.303694175071898442e+00 6.475168932707743963e+00
8.616290343436089572e+00 2.001995227699323587e-01 -4.572047044376384761e+00 -2.478419826520757319e+00
-5.436974462772898864e-01 -5.297564587349114618e+00 7.140961383551164054e+00 5.574837006105150650e+00
2.857411642623980619e+00 8.463627882345083009e+00 -1.093310502003763673e+01 1.220881148184421061e+00
6.633888509005300804e+00 -6.198666792146228843e+00 5.195952925644894194e+00 6.441798718775045174e+00
7.128024932559605453e+00 -5.446120894306795357e+00 4.272289221146470695e+00 7.100672653594277683e+00
-4.834660838752531831e+00 1.980070174642940328e+00 5.975984501721854691e+00 -3.092123882606006902e+00
2.120317847163959435e+00 9.025591126115585894e+00 -8.828422273900114803e+00 2.196995816122613299e+00
6.219966663116404781e+00 -2.535013599074744661e+00 7.928357499754031146e+00 -4.254127630532622106e+00
-1.537668613381388161e+00 7.839839722749863959e-02 4.164901031551352162e+00 -5.093088380210304855e+00
-8.219730240124308862e-01 -4.063542016607628149e+00 6.227008580959799033e+00 6.654289015872159929e+00
8.094901176698391154e+00 7.201942485446863884e+00 -4.757831688472026421e+00 3.412338401971517943e+00
6.026297858231151494e+00 -4.877844434074170010e+00 2.532284192605828377e+00 6.079455405060776307e+00
6.794452053592205942e+00 -1.996413645639839363e+00 7.511501449665784591e+00 -4.331338676523121656e+00
4.026591305822193156e+00 -6.304065123109329427e+00 2.163339170735016026e+00 5.805916581097752882e+00
-1.699543586325188871e+00 1.968834630163191379e+00 6.334403291402573188e+00 -3.634242533163625666e+00
4.430833546607310325e+00 6.908879194158075165e+00 -6.614187157979837473e+00 4.352629475944299386e+00
3.897832496759455090e+00 1.164134022150405201e+01 -7.630597708620399544e+00 1.414837746273377439e+00
9.381868392230733988e+00 -5.041499434963137016e-01 7.836284225063537612e+00 -5.849760140061067482e+00
7.323589588817572604e+00 8.492248397513472158e-01 -3.409748304266310370e+00 -1.149241013862690508e+00
3.775641720577390004e+00 1.056551781471082663e+01 -9.111933389326345889e+00 3.039170940730580028e+00
4.259999025945103490e+00 -4.909771006969198659e+00 2.285741580568581011e+00 6.077178007865568610e+00
-1.978421058143923217e+00 -4.441456053035238938e+00 9.254788171029176169e+00 1.226232030272476070e+00
-2.973462512158849158e+00 -9.210604362438199466e-01 6.230045564014984549e+00 -4.101112309374143727e+00
4.560408802436962006e+00 8.489756180166056154e+00 -7.165197261412991736e+00 -1.184130757661761901e+00
4.098089960985024760e+00 7.816874241146639868e+00 -9.516176557675905201e+00 2.959018236096175869e+00
-7.602552346690973906e-01 -3.662448359035956891e+00 6.793222490314436257e+00 6.837099999392098226e+00
1.169547934791287247e+01 2.817475079238733748e-01 -3.088741084787276492e+00 -1.728329037611561647e+00
-1.766094891698221758e+00 5.496557849010301311e+00 5.586873642967651321e+00 6.813148817148299230e+00
1.032457979488768629e+01 6.836072511037912802e-01 -4.621401313025966573e+00 -2.733878458922793353e+00
3.145545409909635381e+00 9.578183578756480188e+00 -9.389530167251891157e+00 2.910031892760306604e+00
-8.112058669842784342e-01 2.045865406940505338e+00 3.513527187439082766e+00 -4.799934548150101676e+00
3.273204486387906176e-01 3.470014929633240097e+00 5.358087795328320802e+00 1.059149319120981048e+01
5.477232147374492932e+00 6.699760652562256169e+00 -5.807098894528951227e+00 3.395936833512219533e+00
9.341208552452240355e-03 2.615792212378175829e+00 5.438977937609356772e+00 7.180548553237454001e+00
6.877737888306891811e-01 8.367024889284483180e+00 -9.862877770840352554e+00 2.449687221526643199e+00
8.033055957017760651e-01 2.342505235766288330e+00 5.545315488732859066e+00 6.953502986983547629e+00
7.119813998910742292e+00 -4.727265069398194353e-01 -3.652200406356511220e+00 -1.665843464728000933e+00
5.574693776670973655e+00 6.679473683536732764e+00 -4.848548037974456548e+00 4.335202727769302378e+00
7.235671929999573315e+00 -2.833978602771316524e+00 2.329975108242934301e+00 5.456964800367837043e+00
8.866100902098581926e+00 1.793226415982884792e-01 -4.707861981789196015e+00 -3.129034960196081183e+00
5.620787358038192849e-02 -4.259198644353674901e+00 7.676698031558692570e+00 6.049372097075193189e+00
5.390655163687548601e+00 -5.388067051309677780e+00 7.848369733220030842e-01 9.115145950136575692e+00
7.893764248732082933e+00 -5.877700658731853878e+00 1.109256880518560306e+00 8.023257022507024772e+00
6.199585942753254919e+00 -6.455256034134170484e+00 3.449339180504774394e+00 7.587332566515623711e+00
-1.379081336801217361e+00 -5.068410963485492360e+00 9.654169790939596041e+00 4.338864205735136537e+00
6.674656082201489760e+00 -6.778135774892867005e+00 2.076435861872663047e+00 5.802031465809267097e+00
8.086933899328311526e+00 -3.716563845882897343e+00 6.395912699815619717e+00 -5.245901814686656728e+00
5.133053269802179130e-02 2.756381167446638081e+00 3.771940361974375655e+00 -4.910811869626012793e+00
7.434614980670659179e+00 -1.072586554183341923e+00 7.520821826487359196e+00 -4.679429700335799858e+00
9.800467246450535796e+00 4.937206003577376268e-01 -3.343005722228688192e+00 -3.716423435533866559e+00
5.858179987699436708e+00 5.466725222345948154e+00 -7.806676569824523071e+00 4.551319713812684853e+00
6.780898381478941417e+00 -7.050997449897895564e-01 8.732420201096278589e+00 -4.888661346774509475e+00
4.216685642841505377e+00 1.135683370304167639e+01 -6.259537916195036189e+00 2.324700810474291668e+00
-1.598857426856923780e+00 -4.593776715915377729e+00 5.916845002064432535e+00 5.166776379270951125e+00
-2.493081972484211484e+00 -4.933106073404468717e+00 4.480623572633898988e+00 5.084111165919783737e+00
6.114515138238698633e-01 -4.931962089058486320e+00 6.463486753147646979e+00 4.541910398685577555e+00
2.769648558713218911e+00 8.487438644743136251e+00 -9.419958859587977074e+00 3.006731991511382596e+00
-2.719869485653060970e+00 -6.306336052607979248e+00 7.381473734183288116e+00 4.068719077418454511e+00
3.305768712164183221e-01 3.630012641636225723e+00 5.339618144004099065e+00 7.063477531864609915e+00
6.368160187292018826e+00 6.025448347926412040e+00 -7.037959758073731642e+00 4.007559310811559250e+00
-2.355369295677633978e-01 1.341811745932433020e+00 4.278389132933333450e+00 -5.557430014261425022e+00
6.575663168407288595e+00 -2.599867469669533193e+00 5.675809935896721115e+00 -5.211248538941400277e+00
-3.181326607185829936e+00 1.974175458720857979e+00 6.201810667633890439e+00 8.406995701376271057e+00
7.274025300892319024e+00 9.886818641848595934e-01 -5.892131267696774088e+00 -1.745343684356891245e+00
3.802560377369405664e+00 6.833321475596988215e+00 -5.925786698640615136e+00 4.846895643545089172e+00
4.865586409237584675e+00 6.293598829499804204e+00 -4.557377274043998838e+00 3.501290271366808149e+00
6.574608982184869888e+00 8.816807039472006835e+00 -2.949587422096574763e+00 3.745368018904510432e+00
7.833285494683112304e+00 -6.200765843243729591e+00 3.724395244746211198e+00 6.739656825105051929e+00
-2.810984821252048960e+00 2.864254047941285020e+00 5.241945370853527741e+00 -4.161797865319941003e+00
-3.014359677189133446e+00 3.884644436923400335e+00 5.571278430063145493e+00 8.969776910321803243e+00
1.063727879237198870e+01 1.676540888392588968e+00 -3.520685923986486277e+00 -3.635632956619757827e+00
-1.112879228083644367e+00 3.172835754836186961e+00 4.387666977768231114e+00 8.567809891619296181e+00
9.474181885698286010e+00 1.177829298800965097e+00 -2.950243738627945422e+00 -1.762988508644954155e+00
8.679100503824383139e+00 7.203035963420025389e+00 -4.842743456890509002e+00 2.130188136980418978e+00
2.890249401014978403e+00 7.927096333281013152e+00 -1.018570580093573419e+01 7.341832007293365159e-01
6.892662726897558656e+00 -1.256708586139966943e+00 8.874053492472880222e+00 -3.943320868727660855e+00
3.249616488503918266e+00 -1.018620329813896941e+00 7.205992702726538468e+00 -4.842336442142780584e+00
2.688046596687830192e+00 8.266096448535469321e+00 -7.559941040928572775e+00 -6.412016589994640192e-02
4.849532580760308242e+00 7.188185307421665726e+00 -6.446387733027078681e+00 2.688795746879428350e+00
7.549566182123029989e+00 -3.197499475658367452e+00 7.063384001080063257e+00 -2.231480504198448234e+00
-7.689779002695740218e-02 -4.807343718932318488e+00 8.794799755784826090e+00 6.312500926272500479e+00
4.809617091312493820e+00 8.831043167917268732e+00 -6.864749914305577683e+00 5.890975382113198933e+00
-2.503229596753878461e+00 -5.395403078455360379e+00 7.269550602865017197e+00 4.447657013053316177e+00
5.721779733027513082e+00 7.005770362557737663e+00 -5.158312847471797191e+00 2.808019138870555764e+00
1.151216791485848034e+01 -2.736118535481437686e-01 -3.379245421147292205e+00 -2.935820580949716430e+00
6.191052273979368969e+00 -8.247785815038987778e+00 3.744085593539870249e+00 5.713760717496779939e+00
-9.048239342086763504e-01 -4.261930324374252343e-01 4.619016826638334905e+00 -5.290642407233875133e+00
8.699074010894747744e+00 -1.631210278308279804e+00 7.026449079310543411e+00 -2.975662488077388090e+00
7.383146200035461071e+00 -6.949654702322156652e+00 2.323064255898088071e+00 5.448543441380663488e+00
9.793634712831131850e-01 1.654841059237694312e+00 6.174354516256626013e+00 -4.775227092309073385e+00
2.187418716075730352e+00 1.169264378377298819e+01 -6.951662815571310716e+00 1.918321708155476646e+00
4.969340931949116857e+00 4.716936348274781032e+00 -5.875589346131391721e+00 4.797463403302615781e+00
-2.200739507552849084e+00 -6.125227516349122325e+00 7.330096985720888192e+00 4.153975042215137137e+00
6.137411334806826879e+00 -7.084599219218591593e+00 2.870538940412095563e+00 7.118810836757648808e+00
-1.026439800910738942e+00 -3.752691948810829903e+00 6.392367972282454680e+00 5.858347681840011312e+00
6.918170314017934253e+00 -1.458670436616264610e+00 -4.486326109201267620e+00 -3.712295447707268714e+00
4.322102655314179032e+00 6.567348719630264675e+00 -4.259453036253941782e+00 3.353528589348821143e+00
-5.529526627511620607e-01 2.739673382511285560e+00 5.143586536700536449e+00 -3.575477950128029825e+00
-2.754392025761787099e-01 2.099257308796775856e+00 6.260470966448684393e+00 -2.473221569744050718e+00
7.280919349161476539e+00 -4.986105053864167580e+00 3.669066900885981752e+00 8.349501404748478350e+00
8.172925408039430906e+00 -1.748838042114837066e+00 7.562234068947470966e+00 -5.627747387235705112e+00
-4.639250479836257157e-01 2.362525952020552378e+00 4.913588950539447886e+00 7.004663187357635934e+00
-2.554712709687378958e-01 -5.930943873564245905e+00 9.324789173949671550e+00 5.406115704284445656e+00
5.735435342581531870e+00 5.315503069462301333e+00 -4.663601140258905708e+00 1.847707631803482631e+00
7.094111297057517085e+00 8.641768085505530550e+00 -7.297805248573171255e+00 5.426015903951855179e+00
6.898369043146667323e+00 -1.437952934340474442e+00 7.272336051842477112e+00 -3.229275667195104838e+00
8.832464222042645474e+00 5.307543834294212726e-01 -4.341959099024646385e+00 -2.597441112251106965e+00
9.073870559869009256e+00 1.153838083183739815e+00 -1.815213123022069830e+00 -4.072305519174328481e+00
1.596381948924991523e+00 1.049613423506108489e+01 -8.729828139900165596e+00 2.240137741051698050e+00
1.758756386164787910e+00 1.172505291746169043e+01 -7.171861135758290651e+00 1.524527897672472765e+00
5.130591507815744023e+00 -1.561775120822485929e+00 9.466097406659471858e+00 -2.317496357461706236e+00
7.404822994684982618e+00 1.041920834663715212e+00 -3.032959028034725613e+00 -2.817829215644471752e+00
2.166647304272102392e+00 9.428759879702287350e+00 -8.529923131122822966e+00 2.110130799013656855e+00
5.508581784392189817e+00 -1.027401931674139401e+00 7.713937657304018813e+00 -4.855638953612328557e+00
-1.579246786431760974e+00 2.985996747589047207e+00 7.741072561473963276e+00 9.335420079620998735e+00
2.906727231056947858e+00 7.707430513172517372e+00 -7.161828693870899265e+00 3.678339720271587066e+00
7.291760810352436728e+00 -8.889977449495871653e+00 3.517369594967354018e+00 5.446657142520750838e+00
5.940924492921513256e+00 -2.644781613130600562e+00 8.047383472779227276e+00 -4.579589899163591049e+00
3.721309427263268077e+00 6.545309355540362972e+00 -5.094889067041246555e+00 2.912696697750989827e+00
-3.665033499318326449e-01 1.505789301208373177e+00 2.387468976813792221e+00 -3.932066022771854019e+00
4.929435336666204037e+00 4.466101405151265524e+00 -5.228042013043921798e+00 4.639567413032470888e+00
4.367469957863908903e+00 -7.810240897629477708e+00 1.334214361860762477e+00 5.740353678113676139e+00
-1.576096919592261614e+00 3.379934815687720029e+00 5.422000242185301744e+00 7.300848179367861235e+00
9.008380002364248185e+00 6.571106048290089596e+00 -6.468290531391708065e+00 1.413860910957555728e+00
-4.749674840082209748e-01 -2.337351700449302516e+00 8.770937565913982326e+00 4.950119670425932483e+00
5.230552974022300461e+00 6.245502037980873666e+00 -5.510528232222205780e+00 4.419132630894390346e+00
7.937395341494748457e+00 4.387354878328621477e-01 -4.702990108888308818e+00 -3.255466481720823868e+00
9.862854833139277133e+00 4.582481846367130740e-01 -5.126867622288337145e+00 -4.078010266650038851e+00
-2.027513418211420060e+00 1.221873935574046444e+00 3.919968900283040014e+00 -3.971566585587650078e+00
5.372557117923408398e+00 -1.360865092774601326e+00 8.710930935363990102e+00 -2.432524384986725074e+00
5.990551862292981866e+00 -5.081852672974497054e+00 3.914576851748780228e+00 1.001550034429255653e+01
-4.688234944808060134e-01 4.264226277123682962e+00 4.634805197273185406e+00 9.083375201845674596e+00
1.399028520620679839e-01 3.505198638509331666e+00 7.527917712871798450e+00 7.700811938831720660e+00
4.029168607521133261e+00 4.821695550484726311e+00 -5.439764971357979206e+00 4.952802827725169443e+00
9.394208236446964122e+00 -5.649336095485479881e+00 2.646381171530046039e+00 7.969833665625261077e+00
2.905375993802723489e+00 6.562986301850412652e+00 -8.712797901958355240e+00 3.367756082376782700e+00
3.799915600462846044e+00 5.764680999736657263e+00 -3.887860728065084537e+00 3.733162176681044997e+00
-1.155932412791426334e+00 -4.744522624468086036e+00 8.391172333093486202e+00 4.283629536713006836e+00
3.159082433977555837e-01 1.295111681566512551e+01 -9.103204320150684481e+00 2.701199800838307130e+00
2.737639208753269937e+00 9.418287819604891808e+00 -7.817827770374505825e+00 1.145499198218866255e+00
2.304623000256205145e-01 9.504633247177235233e+00 -9.802185201191029762e+00 1.837862227299567497e+00
3.828854899247688515e+00 7.148788827385196498e+00 -4.452258563935743041e+00 5.117474871549914539e+00
5.046312458654108823e+00 -6.100215569530786475e+00 1.346124010612727684e+00 8.098068530186449010e+00
1.311399495126545300e+00 1.114840843023040584e+01 -6.741915048933758925e+00 8.860835351575029328e-01
5.796893200762111675e+00 5.836876880189773686e+00 -4.920819460840146320e+00 5.121521086465842032e+00
-9.568594211828770346e-01 4.137023095058851574e+00 4.575982655205635297e+00 7.898123092938733159e+00
-8.762735090231689172e-01 2.956436730494024889e+00 3.702938291323569775e+00 7.472302513964351078e+00
7.020895431510076889e+00 5.867087994298900711e+00 -4.896721482758484179e+00 4.508519531910855527e+00
9.174321683911140113e+00 1.291875161162221897e+00 7.487373083574197175e+00 -3.548900491321326900e+00
-1.103789292462378002e+00 -7.483380306048957209e+00 7.045542575328373580e+00 4.739713681498839648e+00
9.017814354899407192e+00 -8.833610956213435728e-01 -3.831945816027731322e+00 -3.450763354465700150e+00
-6.607035338657668566e-01 -3.426782650379779582e+00 6.877932253254087414e+00 5.515072331721906806e+00
5.200745670262198139e+00 -4.746482849928558068e+00 6.542629676776237080e-01 6.541813516868233869e+00
4.924870276735666685e+00 5.778476067331702382e+00 -7.295571025976359536e+00 2.390312822942474824e+00
-9.495666001962040914e-01 2.151018424372733939e+00 6.615296165013131890e+00 8.232007198906527989e+00
-1.505208707246820765e+00 3.406490950559439401e+00 6.357312447999647453e+00 9.063991882188659588e+00
7.017615742841571524e+00 -4.980082040550139588e+00 7.091020227450730573e-01 6.449855439254675638e+00
1.025671223089834427e+01 1.261096245857651343e-01 -5.216203048816241861e+00 -1.384760540883576141e+00
6.371378415332390688e+00 -3.205532869708956234e+00 5.871225496664239429e+00 -5.426384512432223417e+00
5.547755297057698876e+00 -3.065706623166482903e+00 6.971221883260659169e+00 -3.840478732086090474e+00
2.016773832121752541e+00 1.014239445094280967e+01 -8.227991759849350828e+00 2.947068558355022905e+00
-1.878139492895485985e+00 -2.746639311641190240e-01 5.011069567704021566e+00 -6.839131407058452794e+00
-1.658136121438567478e+00 3.098809106567752103e+00 3.605968066685627971e+00 -3.147869268238686402e+00
-8.006307939845767052e-01 1.422013853688869123e+00 4.312569886818043763e+00 -2.295374998484834617e+00
8.343844059725691764e+00 -8.997890298473887327e+00 4.787380583252210720e+00 5.678464185603793624e+00
7.394270171684953041e+00 -5.745763568614516537e+00 2.743590632479430802e+00 4.807466583409175875e+00
7.328112582267388042e+00 -6.398016895371672952e+00 3.294600748426901315e+00 4.940618544890826414e+00
-1.143039237091242111e+00 1.822118712684551056e+00 5.520471213371616948e+00 -2.972258440044835304e+00
6.997465265315663263e-01 1.072003390528005973e+01 -8.516386040368074006e+00 1.731640008546845078e+00
1.300199270768459314e+00 1.060006132462673989e+01 -8.324651729519541021e+00 1.067387909429581061e+00
2.363590437176180004e+00 1.045692482481171126e+01 -7.859420640153753190e+00 1.794158584393226619e+00
-1.701154609241654070e+00 -4.512355989606954942e+00 7.693282788731289124e+00 5.727669702310886457e+00
5.945014452612369382e+00 -6.787802680678468370e+00 5.582160262011000018e-01 6.777783875528254676e+00
9.750331142119222250e+00 -3.029296396271710101e-01 -5.052106351243143223e+00 -4.023609844295086724e+00
7.095892698173176250e+00 -7.968432194963083859e+00 1.420741343427748049e+00 7.529487281452030167e+00
6.440015407541728187e+00 -6.367340372510787105e+00 1.688250158664897693e+00 7.135018485135405264e+00
2.306884089056007614e+00 2.785217059268622730e+00 7.414556835580101257e+00 7.597706578737374095e+00
7.870879847769135296e+00 -7.652717151371400739e+00 5.129925693431461653e+00 6.608322554940288640e+00
2.349917081605475744e+00 9.009590870275767216e+00 -8.648530557242080974e+00 9.856919146481799565e-01
-3.255971905247299070e-01 -5.501157748705979955e+00 8.867758783237732700e+00 4.669540051405321357e+00
9.240032342496486972e-01 9.891512864286436724e+00 -8.132466658931658543e+00 1.734481757896509269e+00
6.001052720137070473e+00 -1.589219117512018054e+00 7.947286151820813771e+00 -3.311257812502141462e+00
-1.921877638375776964e+00 -6.762776265236482232e+00 6.655432897249289326e+00 2.720847738997354437e+00
-2.816793376859770603e+00 -8.987948425774958672e-01 5.916219815488998890e+00 -3.589823505233102896e+00
6.550531367296971830e+00 4.554083291683943102e+00 -6.668385524209728743e+00 3.954810869561836473e+00
3.087892730620218629e-01 2.798058685933122014e+00 7.142858626620422591e+00 8.031868584081967910e+00
-3.283687852008866592e+00 1.740118865245460222e+00 3.356788903174333871e+00 -5.592616872799678340e+00
-6.261426173274509122e-02 1.463453269183178751e+00 6.478572624320598550e+00 7.952543916829508674e+00
7.488690547299248212e-01 3.594260547223936619e+00 5.589876519360864826e+00 7.412766715391538419e+00
