8.378659011245828125e+00 2.431832994636126344e+00 -4.106916004705529311e+00 -1.848739792183156760e+00
5.413262091744746485e+00 5.232139777530075975e+00 -6.107176957232043790e+00 3.579749160816761755e+00
6.683131604077393817e+00 -5.676183481281520393e-01 6.502465297748992512e+00 -4.850492632280584360e+00
8.480758625919643023e+00 -7.437716281076079738e+00 4.821385140444021111e-01 6.806640889578723375e+00
7.865948775492039857e+00 5.998590547759567571e+00 -7.173121290573974740e+00 5.029383470714670956e+00
-1.363775397413335977e-01 8.258955269283738687e-01 2.927320303566077087e+00 -3.793494996808935760e+00
-3.226956271619512595e+00 1.116906929398967740e+00 4.234878539138141385e+00 -3.556903502739199308e+00
5.843563633609194508e-02 2.506461979837508292e+00 8.024701152165999218e+00 6.495112409702133327e+00
4.920227854681118451e+00 -9.797815145490607058e-02 8.003033661631377527e+00 -5.235150521379968502e+00
-2.009423122129320838e+00 3.691661398484509693e+00 4.770888806975719376e+00 5.566701600716795539e+00
-1.484532594899916624e+00 2.613989723055267334e+00 4.120943498615407208e+00 -3.277499977770230721e+00
4.911699548741101928e+00 5.118121045618113207e+00 -4.106578200759845032e+00 5.912533854638605035e+00
4.727339924613653821e+00 6.237430672354451922e+00 -6.362579197290872735e+00 4.268479777988384072e+00
-8.253979250572552884e-01 -3.835362237169037680e+00 4.866130389644958143e+00 4.777732858228676882e+00
-1.215889965817997354e+00 4.328721073588134516e+00 7.750571967742034829e+00 8.445802261055161964e+00
-2.100116787311288480e+00 3.047969788382496326e-01 6.525999181245115466e+00 -4.585503259048647529e+00
6.341629990928240090e+00 8.292242063120895068e+00 -5.962579150937514783e+00 3.713298586895235953e+00
5.872423903544418344e+00 -7.410181811727438728e+00 2.048864452960681426e+00 7.012153115758497535e+00
8.960831226760532786e+00 2.758634981715843093e+00 -1.665366197879591947e+00 -4.124411856263723308e+00
8.741386178574597210e+00 1.153213707188945225e+00 -3.386948084552243721e+00 -2.390341940090916051e+00
-2.896538994854732429e+00 -5.094490978683879234e+00 6.057071733203811092e+00 3.442471236315668648e+00
4.046679102749231483e+00 6.449182928942928328e+00 -3.998151008927257166e+00 1.917020458639371316e+00
-1.349474701726129933e+00 -4.429963380497254022e+00 7.101474148831724342e+00 4.383471015045453001e+00
7.928074027338833929e-01 -6.051097683969691943e+00 8.390160323730317060e+00 4.928227874422956845e+00
1.042148641741276016e+01 -3.873809677546706798e-01 -4.296456553291760905e+00 -1.749199687137816595e+00
6.016871316863763752e+00 8.093271322832020331e+00 -6.874168635296026508e+00 4.616102085565645829e+00
-3.703673395215962394e+00 1.759656449553852475e-01 5.151010955352652410e+00 -2.494048071103887487e+00
-2.295303797218818609e+00 2.172586288103259378e+00 4.455818441879888070e+00 -4.682812808263160598e+00
6.779907483782944055e+00 5.982997357088295942e+00 -5.123325258993673081e+00 3.798551407031518057e+00
3.648683903060994105e+00 7.043977536430427122e+00 -8.584720683305391731e+00 1.114909020560144404e+00
1.886735961625963798e+00 9.916745702328368495e+00 -9.875733975393290009e+00 8.215893402764554709e-01
6.989402638384935251e+00 -2.206310575779245831e+00 7.530975701155911750e+00 -4.953739376454307397e+00
2.266935127845702613e+00 2.322199905998067138e+00 7.624698083895173006e+00 8.183458248928703327e+00
-2.294799525901843662e+00 1.131727473027980269e+00 7.601999799258025270e+00 -3.781644119558063899e+00
8.533322859278211325e+00 -2.166305908491126253e+00 8.943087749762927530e+00 -4.517600455837347262e+00
9.000203335119962844e+00 7.955122788382795740e-01 -2.334861312720192927e+00 -3.701145875542327879e+00
-8.202181163291156762e-01 1.748976986957554436e+00 7.131309057814335439e+00 7.350060073326649679e+00
-7.590271151586303056e-02 -4.466584669744113612e+00 7.374205236321175860e+00 3.700979272553854837e+00
7.867432276967833538e+00 2.523250383636099770e+00 -2.991793818808307748e+00 -2.087027820225287211e+00
7.367225347355840448e+00 -2.020200550215137003e+00 7.187398680176348087e+00 -5.986235565237599587e+00
-1.062940716410375019e+00 -3.592975464413474818e+00 7.544710775043676598e+00 5.277223419503393131e+00
3.607771009191008904e+00 -2.045680332516758071e+00 5.989163510962095316e+00 -4.417939089516668361e+00
2.383087630543467839e+00 9.028370937985936706e+00 -2.621288374975887958e+00 3.385832710948113000e+00
-1.325618432797015300e+00 4.053048727764956283e+00 6.882139307212934654e+00 8.889769874996554577e+00
7.083901513960771723e+00 -1.189132987787325346e+00 9.327457036075610830e+00 -5.131500482807306085e+00
-1.702820668331617160e+00 2.579161945097445674e+00 5.174303328755468279e+00 -4.632076938638996388e+00
6.938656500793310755e+00 -5.809122365217643136e+00 6.368342727093134759e-01 8.684010350056549754e+00
1.099117479359634775e-01 -6.117588602320267022e+00 7.198706633089237528e+00 7.205802204544166756e+00
4.765623686428525296e+00 -4.096624204674849778e+00 8.408385497899930172e+00 -5.291396098506731427e+00
7.368062081076832470e+00 -4.205216996867141788e+00 4.979538390042316465e+00 6.204949617808527940e+00
7.974084826856853603e+00 -8.321570044138915101e-02 6.714416553962485601e+00 -4.198486665566722564e+00
-1.092131207373365775e-01 2.256995951774997344e+00 4.433476744050981466e+00 7.765509173359789408e+00
-1.312518523094593270e+00 1.780317745076484215e+00 5.249358767357751532e+00 -4.711037171110044497e+00
8.496680319496515921e+00 2.031256624556590396e+00 -2.266585696377184433e+00 -1.830490992411766493e+00
1.011927231586135179e+01 4.431673585999229559e-02 -6.971811459226421093e+00 -2.879510975576972331e+00
7.874228355471389662e+00 6.328813497360160412e+00 -5.850496166715713819e+00 4.325030080601562688e+00
5.540153114317813987e+00 -6.006405177470944601e+00 1.578919738168889531e+00 4.939517437945266209e+00
5.169909411543815558e+00 6.586472866954518501e+00 -5.934172281287308337e+00 3.299600612764226337e+00
8.060151072787084203e+00 6.225956759581866784e+00 -5.856830154037489855e+00 3.585981523353907185e+00
8.645913693578114234e+00 1.791817447409156605e+00 -4.224118812831095582e+00 -2.752131011660972959e+00
4.496850687151585646e-01 -4.350024332423533480e+00 7.961415846517386541e+00 6.171474250717285059e+00
-1.844078710395635090e+00 3.246786048806408420e+00 4.574961173527233527e+00 -3.343334933752288407e+00
6.563189882984765688e+00 -7.689782552889271372e+00 1.198143870251140441e-01 5.465210735324020241e+00
7.745130522224911829e+00 3.824236795948410816e-01 -4.271096362264862556e+00 -3.835269336126958972e+00
2.833377505272949293e-01 2.227459629851061607e+00 5.867899139533513164e+00 8.460708470602133602e+00
-1.066749044425969739e+00 -3.903032994524615606e+00 8.090696300839638866e+00 5.881769360994911544e+00
5.736068304258145290e+00 -1.507794132768204509e+00 7.524383932201045511e+00 -5.047752373232171408e+00
5.755832616164675564e+00 -5.864985842466623467e+00 2.124033430362255448e+00 5.742639894523322575e+00
1.737529285972231108e+00 9.567424739375800513e+00 -7.755719425122197030e+00 3.305177889760577248e+00
8.318299361933719993e+00 7.345488313917847290e-01 -4.486359663597783154e+00 -3.606281312175759535e+00
1.035285502517794276e+00 8.228084671589295240e+00 -8.927430613639440793e+00 3.120729347493058636e+00
1.878894109679691393e+00 1.151569624525226843e+01 -9.974779856921900389e+00 2.100567031609836821e+00
-1.589736226490777060e+00 -4.901923720260934481e+00 4.713058196665186550e+00 5.974362945395781388e+00
-7.734932307301423116e-01 1.062849765945259328e+01 -9.569703500039066668e+00 1.879232062027738737e+00
8.823435503588280326e+00 -6.971604572199314731e-01 -4.989041823392257768e+00 -3.436827805451265760e+00
-1.938520445565499850e+00 3.505745942952702698e+00 5.747110538672529856e+00 7.146899055353335584e+00
1.076946898091173388e+01 1.840702820516528782e+00 -4.162624258766310703e+00 -4.739782584162957058e+00
-3.669680258399934392e-01 2.389247232889819550e+00 6.553509612866805334e+00 -3.928478015996764050e+00
-1.320788323218959226e+00 4.498154877773545834e+00 5.570872908864409112e+00 -4.478344546576320973e+00
1.097000572229820214e+01 2.291764902511362223e+00 -3.547295900612216002e+00 -2.795985722637956084e+00
4.521550107749822800e+00 8.584838316174527861e+00 -4.989978995319074073e+00 5.739746507972141920e+00
-1.533592737990570942e+00 5.268568864835816434e-01 5.446028281143370009e+00 -4.810852116876683127e+00
2.085383720287748321e+00 2.922192583060488236e+00 4.758883393079147872e+00 7.305975824479506997e+00
6.091781188866534968e+00 -1.142461826319792761e+00 9.175755164126343288e+00 -4.174970911367481996e+00
6.510290268413131187e+00 3.832800196711640961e-01 7.629728584584678508e+00 -3.312052435468345379e+00
-3.020364389278268114e+00 1.864507545917196474e+00 3.647782358406320480e+00 -4.346492323104584443e+00
6.010623823463910220e+00 -4.705843074392880965e+00 3.537064370558036241e-01 7.278518627100875271e+00
8.798276273089422617e-02 3.232429712147846246e-01 5.587310046011387143e+00 5.849079542841919555e+00
7.278405009402412418e+00 1.137556486606491557e+00 6.356834930846128273e+00 -5.741066201937291780e+00
-1.775366623301260827e+00 3.032243676162680313e+00 6.518172051126431832e+00 7.961837110695343611e+00
-2.579344055672193825e+00 1.985152683921114658e+00 2.999888192651020802e+00 -4.886095919971893409e+00
5.409005685229264504e-01 9.308833496857511491e+00 -1.177688734724797648e+01 2.225239077200273030e+00
3.519072541374598018e+00 3.239016504138824359e+00 -4.262214709005471391e+00 4.018311777404708351e+00
6.872225098629447970e+00 -4.139251128868408625e-01 9.189048057319713081e+00 -4.093348166930238285e+00
6.719389460972166717e+00 -4.232871315187990646e+00 3.199483472771226467e+00 5.840174734359004916e+00
7.052677955826807121e+00 6.908488317678122215e+00 -5.766590615636731698e+00 3.729647050027581567e+00
7.025016586173103761e+00 2.186516145173586612e+00 -5.246402334305438231e+00 -2.717311929422951522e+00
2.301954905400839468e+00 9.576432982528546134e+00 -9.684690467787314461e+00 1.361104579953259508e+00
5.777862353750815139e+00 6.862662176348838905e+00 -4.984487436057293941e+00 3.195094397515831908e+00
4.348606278578142970e+00 1.030508663337950459e+01 -8.383258394711406325e+00 2.744696694339460397e+00
2.174934069599277819e+00 1.185917470204266522e+01 -1.050790642804065733e+01 1.638131085327863001e+00
6.546013486973254025e+00 -3.254456446239339940e+00 7.949174384486815903e+00 -2.570353976666780227e+00
-5.305499984749496578e-01 4.637941728080804182e+00 5.385667992782389391e+00 7.097969786113655921e+00
-1.560319614128708565e+00 2.765829472455841653e+00 4.616355956310951747e+00 -3.128969532717791324e+00
4.843895478738965643e+00 7.027662181577295719e+00 -5.891726014979726145e+00 5.462804934261861867e+00
-1.306298660257900091e+00 -6.050303263011097776e+00 5.878560031939920272e+00 3.290186492794450857e+00
6.604604829766587137e+00 -5.442314036349854334e+00 8.780445601976862857e-01 4.977948873085003001e+00
7.543373819315841722e+00 -8.307498527791810972e+00 3.409071876617744135e-01 7.724026039189674897e+00
6.200269072555305350e+00 -1.276595896657783946e-02 8.150515243946204080e+00 -2.222847329171617314e+00
2.328152249689985354e+00 9.215264873481746832e+00 -9.188135332101445840e+00 6.006582789753878160e-02
-1.446670005478313481e+00 1.220335258095403441e+00 3.587131828311771908e+00 -1.847230039288410897e+00
5.972172933111053794e+00 -3.055000456443567991e+00 3.143007366417251092e+00 7.362892406310425741e+00
3.637380718925604661e-01 2.998149485193442931e+00 6.660739812420433559e+00 -3.861971229113275061e+00
4.682345077415828172e-01 -4.566738361874115526e+00 7.275976971217754219e+00 6.792260906769548967e+00
4.509538140300302977e+00 7.599822835661399267e+00 -4.591366536043525848e+00 4.511721295684945510e+00
4.437656161780956232e+00 6.035981036305560821e+00 -6.082337523296478032e+00 2.561771398554617107e+00
4.005729094608964758e+00 9.451385964482833302e+00 -9.605090184103046269e+00 -4.322052882983458133e-01
-8.082863915753923933e-01 -4.813662324189732722e+00 7.951568578150157052e+00 5.221519952127985142e+00
8.324816403662390840e+00 3.308490677695954396e-01 -4.681050574878951487e+00 -3.925325320321950251e+00
9.695897063450047426e+00 1.575623118154137803e+00 -5.821494988343657973e+00 -2.926574132692043584e+00
2.380423864336733697e-01 4.144379840024035033e+00 6.143646527727820938e+00 6.372878066150763132e+00
-1.212908847321162664e+00 1.885076096043351468e+00 3.627673708394679508e+00 -4.246365600826607078e+00
8.954071431028463479e+00 2.115991390891277746e+00 -4.572787775097680196e+00 -3.412425031118962337e+00
-8.706018377060998903e-01 9.977148371535643490e-01 5.877888107058065081e+00 -4.510182541550673108e+00
2.024881392201700603e-01 -3.925391683186525427e+00 7.125536317088692506e+00 4.461512025384412716e+00
5.545423119487377761e+00 -6.770254383094380657e+00 8.599855605564572514e-01 5.686875722096454311e+00
-2.534869468980437190e+00 -9.623999640177527404e-01 3.076455870838564088e+00 -3.379256783700753886e+00
8.474977601204873423e+00 1.886662851533064567e+00 -4.506568317936798351e+00 -2.242854442668225978e+00
-3.246437544287318566e+00 -3.564765956657292900e+00 8.936337640437013619e+00 5.044712628366712970e+00
4.801847061282344065e+00 4.314769190531102971e+00 -7.580467051242480991e+00 4.959580901151253052e+00
7.373779016616398785e+00 1.195521253956030705e+00 -4.869448718339539184e+00 -5.135466884805669707e+00
5.579340345745976038e+00 -1.500098912576610877e+00 6.564293289200044512e+00 -3.867792130152518659e+00
3.868116971721947905e+00 6.994864338024491701e+00 -8.723659784764231873e+00 2.354463045462559023e+00
-1.147704900566377306e+00 3.586789072948902923e+00 4.161318188071368773e+00 7.246236154367421634e+00
2.708169369334041399e-01 -7.043014911226478603e+00 7.217789027294158721e+00 2.953044894971284418e+00
2.589666655150399066e+00 9.500070557669284099e+00 -9.614479747098529927e+00 -1.261853989879786031e+00
-1.940012202854841217e+00 9.775912053186649464e-01 5.300976499942946063e+00 -2.477867510467297585e+00
5.205319648790733389e+00 6.253169828897757299e+00 -5.862178986194251706e+00 2.027535028948189932e+00
7.259005975409912992e+00 1.561540078299102241e+00 -5.366253564385115027e+00 -2.426106851463256220e+00
4.013540398218571781e+00 6.583298335420487923e+00 -5.017329641573260446e+00 5.227213774628939547e+00
7.050780634917096279e+00 2.422388550181884703e+00 -5.222922071384813236e+00 -3.447232463177745121e+00
3.126851451700707329e+00 7.916406466053255819e+00 -8.296614478678948856e+00 1.669158005543285528e+00
5.130154731523251854e+00 -5.165405981356189002e+00 1.327304096423792323e+00 6.500141278633035924e+00
6.704225980070335211e+00 1.636804188842539309e+00 -5.376043694722245192e+00 -3.795713725311760989e+00
2.963114430898900586e+00 9.685269168958608788e+00 -9.470796398031790631e+00 6.283715073456197509e-01
5.243809819775400172e+00 5.626968606167456421e+00 -4.738637366961559572e+00 5.417617874470780137e+00
6.125462772672746858e+00 -5.648564944048739100e+00 1.760248544099520140e+00 8.886516362453894757e+00
1.884321321779030889e+00 1.209288854416692871e+01 -6.835389930089011301e+00 1.718438603419224053e+00
1.283489938706774414e+00 -3.994619229018455453e+00 7.011758074311487121e+00 5.914883158596722978e+00
-2.375229470519015784e-01 -7.976581911950326287e+00 7.207784018453399000e+00 4.551902262175481439e+00
7.150714342286680569e+00 -7.552098109245484636e+00 2.290143322026509498e+00 6.473032872692962236e+00
-1.925040816902809038e+00 5.051593728636818437e-01 5.231050679818294746e+00 -3.699858364894003326e+00
6.944851399835568095e+00 -1.387808311405216211e+00 7.453847430423733655e+00 -4.674599383412764375e+00
2.853395513759583668e+00 7.529546148191995414e+00 -4.396126902680149051e+00 2.002650175220805906e+00
-1.357451813364670912e+00 3.410457112314714045e+00 4.185850134025625557e+00 6.184253900308730678e+00
-9.848469982276920609e-01 4.155156470209774966e+00 5.574099624880063608e+00 7.996813722506861843e+00
1.395436672939823985e+00 1.126135135557607647e+01 -7.202334910959019787e+00 3.478197707184436105e-01
6.037484859004103477e+00 -7.116696206060434626e+00 4.082032170029293638e+00 5.741517478595149271e+00
6.785309748256461937e+00 -7.256967876142552676e+00 2.226635664121907610e-01 6.473362549040476033e+00
-2.500654437020487286e+00 3.467080942399349830e-01 5.323387058702884644e+00 -3.973972584774055683e+00
6.348978684555924623e+00 6.304156158221227990e+00 -6.159866330916867305e+00 5.701916876957392688e+00
8.504866764596853201e+00 3.472343796681231609e+00 -2.929329548462380473e+00 -4.247393962987255023e+00
7.261778335712882892e+00 -6.045396240385097819e+00 2.767873552507240653e-01 9.008669156634486086e+00
-1.583918717485456984e+00 -4.401553932558347704e+00 5.705372665485325179e+00 5.388343302589417405e+00
-1.415797595300446909e+00 -3.834005072959500104e+00 6.242560908193141245e+00 7.579818630859743500e+00
1.303407779313053405e+00 1.051293541361368078e+01 -6.181869415933213929e+00 1.961293072082799682e+00
8.596014251634098713e+00 -2.221678631758616795e-01 -4.554650884765966801e+00 -3.393171188558600448e+00
4.367245675121223414e+00 -7.260506993756083993e+00 1.584468459183184796e+00 9.178774280216625669e+00
-2.402149508443733872e+00 3.036539209009982532e+00 5.278146590208111277e+00 6.123649431035695478e+00
-2.137032077283652631e-01 4.709803344021550764e+00 6.668315005488657299e+00 6.771258406450808565e+00
-2.050528329428396468e+00 4.904171800048242602e+00 7.221372333573559565e+00 8.890748746699509653e+00
1.855261827646543793e-01 3.543371811964545870e+00 6.907903597420062880e+00 7.655032008000013377e+00
-2.625169903965488771e+00 3.038152945990213016e+00 5.958267627710145398e+00 6.398431082711779183e+00
2.895974542523207074e+00 1.060906475307720953e+01 -7.692891570064268159e+00 5.668597505405676973e-01
1.161175338036654070e+00 8.278624597858804890e+00 -8.791017633781164520e+00 1.879672352209043718e+00
-1.243637889841668231e+00 1.854587700361737479e+00 4.658213787281506590e+00 -2.869423230247762469e+00
6.452254756692616056e+00 -6.492165610780072704e+00 3.290181049290775039e+00 5.177602107639279971e+00
-1.275964993404423486e+00 1.058175129575928519e+00 5.141055648963162028e+00 -3.723628925781936605e+00
9.537831660985796489e+00 4.969761888775901526e-01 -4.883309123478909441e+00 -4.304103141061220938e+00
-1.012689311171613760e+00 -6.201333405305191171e+00 7.001908751555744104e+00 5.208954093268444829e+00
7.433346701668570589e+00 4.174813375801769144e-01 7.873111058304156806e+00 -4.362103819637945357e+00
4.216276720532846412e+00 9.983612282384877190e+00 -7.608857349370275358e+00 -1.083686834637696883e+00
6.964177636687327144e+00 -4.242930485732364865e+00 7.465661752196304235e-01 5.300539203069323690e+00
1.720548223105339725e+00 1.006190543556408912e+01 -7.115473482350708423e+00 2.174505089719247497e+00
8.227677677449177551e+00 1.478079712502698317e+00 -4.050861544230465405e+00 -3.635794899582700523e+00
4.007772283111179057e+00 6.601461364900623074e+00 -7.750414511040410126e+00 3.762772501772631006e+00
-2.704442563420653922e+00 3.104916003965287441e+00 6.459448413974677727e+00 7.830941814471674256e+00
7.578573892380829236e+00 -3.100156865935239647e-01 7.649756661716703654e+00 -5.371762714311766551e+00
4.402267536355694233e+00 1.037633041043025273e+01 -6.756236104006952736e+00 3.716044045260506135e+00
2.053433620557391759e+00 1.125434839588922031e+01 -8.367459148236843447e+00 1.003289815715354472e+00
6.755340015009214660e+00 -2.184942921099326085e+00 8.749496973250801446e+00 -3.768194517069578531e+00
4.115454197480896248e+00 6.003063481379423472e+00 -5.653077336180396095e+00 3.405144471280064700e+00
-1.447359333926813818e+00 2.286251350356385714e+00 3.581799453414379109e+00 -4.727538946958206090e+00
5.222380642419959251e+00 5.871373877786750128e+00 -5.320738317770386416e+00 4.170530265873256148e+00
8.112445402932879190e+00 1.645144604784772868e-01 -6.262078015102376938e+00 -2.184730876054535642e+00
6.156720353787730637e+00 -4.374336468222551844e+00 8.023674916146271485e+00 -7.286542941169210863e+00
-1.537718511953551026e+00 3.666564431229964782e+00 6.277899513112881635e+00 7.534344356584695035e+00
-3.002880781609666982e+00 -3.923220450681184523e+00 7.915950512907919290e+00 5.265734916819169165e+00
1.333817095690765786e-01 3.084346701674157920e+00 7.789491970290370659e+00 8.973606163612686260e+00
6.564363839780750887e+00 -7.843800695467762374e+00 4.163307477181774630e+00 7.620219377396640681e+00
5.839964343706474104e+00 -7.124186020217511128e+00 2.233746407434824555e+00 6.006679164782092961e+00
9.214226955505505856e+00 -3.152620517521054211e-02 -1.946427815764159241e+00 -3.067528659589652040e+00
8.860935263237331938e+00 2.674258608181854235e+00 -4.697884929312692748e+00 -3.665617827018514685e+00
-4.633582425650080161e+00 3.588047186447242076e+00 5.048450820195377275e+00 -4.767021023785757095e+00
-6.520741158584257846e-01 2.131787792766346890e+00 3.936783776436215465e+00 8.017154983106763666e+00
5.618896868309968262e+00 8.209288128817263441e+00 -5.195398530567800321e+00 5.994295563969672891e+00
6.749088941174077760e+00 -7.161713579529484619e+00 1.057091430733891890e+00 7.273101674117049775e+00
5.906433664200486433e+00 4.292795157360152380e+00 -4.474835189770125510e+00 3.350134915805600855e+00
2.056101013398518251e+00 8.852154102645409139e+00 -7.876612200707086231e+00 2.184983314225127593e+00
-3.682257223393901491e+00 1.005466059876204188e+00 6.101127099795839115e+00 -5.108805511595292614e+00
9.883256849620250861e+00 7.883345383873588963e-01 -5.667373607296869231e+00 -2.765471680075703098e+00
6.121968677153041050e+00 -1.023776391256747242e+00 8.638362142801492283e+00 -3.876108235803801705e+00
-1.824146529007947493e+00 1.317495643616112266e+00 5.682572534631288086e+00 -2.914662289727255384e+00
-2.245161853288387910e+00 -5.894875000607944671e+00 6.181793051068328104e+00 5.210870142171033059e+00
9.309679355917213073e+00 9.609162858240055671e-01 -3.837878764020879352e+00 -4.516249345909573165e+00
5.540111137175157019e+00 6.625791413190464496e+00 -6.022399177313929819e+00 4.681488404409433812e+00
9.414344756988096918e+00 8.278041550934956971e-01 -2.600972377760975895e+00 -3.833138127232741166e+00
9.261498177106901153e+00 2.150562880958508227e+00 -3.343301127209802992e+00 -1.070652571856473667e+00
-2.082826544659976076e+00 -6.650539214545471367e+00 6.803208948653963972e+00 5.845614652021500213e+00
1.061095803921489100e+01 3.048968222907587067e-01 -4.400944045240117397e+00 -1.426583974040993352e+00
7.938094288439327073e+00 7.004552293571661981e-01 -4.987822755497165694e+00 -9.634721091095115320e-01
-2.477724403188613422e+00 -4.225409607768509268e+00 6.387601900638413710e+00 4.053925086836142277e+00
7.034822417650280713e+00 5.710507426777721385e+00 -7.132082480562966786e+00 6.657450238779636820e+00
1.067490970275673057e+01 -4.775057597556047195e-01 -4.076237664369417146e+00 -1.385407926853368554e+00
7.615590990935911186e+00 -1.382820975193521651e+00 9.078752184314728524e+00 -5.464312389964268490e+00
8.458739221289583554e+00 -5.110423817764163879e+00 6.072101522555328756e-02 4.931950530406624011e+00
-2.484070325852717698e+00 -6.700047077042578181e+00 7.940883709022926951e+00 5.112720330681773895e+00
7.366476902549489836e+00 1.625568257656071491e+00 -5.235114429449126305e+00 -4.315694467948350876e+00
7.489319249444585935e+00 1.000345108536310867e+00 -3.037445421077934693e+00 -3.112757973606008477e+00
3.561634759578613085e+00 4.849293975242884081e+00 -5.397083662090178535e+00 3.558214010037934916e+00
3.147246398169858850e+00 1.208898975383834262e+01 -8.347942043546167312e+00 1.429482753767183256e+00
-1.285362003048495350e+00 4.920769994900615174e+00 6.821939605935986251e+00 8.460255540458259560e+00
2.152009548586280019e-01 -3.238505429997010410e+00 9.726087163011627013e+00 4.907894775700479606e+00
9.175318212323666955e+00 1.751172557106429828e+00 -4.740043167341684516e+00 -1.932815708409016953e+00
-2.430391239072681397e+00 -5.204732133079359890e+00 5.902432162584742237e+00 4.103140491351169317e+00
-1.000975573241515315e+00 4.215541514830399628e+00 6.638363811754344646e+00 1.021733494499146744e+01
-2.024302754400917337e+00 -3.410274394240735418e+00 5.653992465056640881e+00 3.273189745194797773e+00
7.152247614758469041e+00 -5.333028181728153072e+00 2.148985930881279760e+00 5.867334316300280683e+00
-1.860963757770282667e+00 3.532648130022300492e+00 4.231649553120211849e+00 -3.647794822001678927e+00
-1.522110851442184165e+00 2.535037099277994699e+00 3.894619887253431667e+00 -3.917414725258098418e+00
5.897776105330382990e+00 -2.210452799057152085e+00 7.456570382723866075e+00 -4.094060973421166594e+00
7.753311569513382295e+00 -6.361219554810003673e-01 6.594069152272847845e+00 -7.752058066659309077e+00
3.396658132615909320e+00 8.849499540674315767e+00 -8.235111333571142112e+00 3.929938057782552008e+00
6.266076151364758928e-01 9.162973295242252902e+00 -9.594987309336342918e+00 2.972022929626437993e+00
-2.230053826158854946e+00 1.925688635514291924e+00 3.809699642505153250e+00 -2.303989392999277186e+00
-2.474843558458473591e+00 -6.029857252532137224e+00 6.457584156944144560e+00 3.660491578938721347e+00
4.164904240392056423e+00 5.264378665893670650e+00 -5.028102382969888318e+00 4.276502865105805462e+00
4.090451589061999016e+00 9.648627676868269276e+00 -8.946152015314693173e+00 2.525759968232289765e+00
1.652597727960417151e+00 9.913907692730038690e+00 -9.854571760984548234e+00 7.928697855272416328e-01
3.059265677424818808e+00 8.914844442151181880e+00 -8.090923034971240213e+00 1.920822083355144594e+00
7.560542787341778315e+00 -1.597192342377337315e+00 5.907195140763314534e+00 -3.212507482908865342e+00
-3.758656528374832995e-01 -7.232835729264030178e+00 6.169539784139960403e+00 5.868782129483227195e+00
-1.349070194766505359e+00 -1.242341092639883460e+00 5.077011358213199266e+00 -4.217341152906106672e+00
-1.132274139850704575e+00 5.536228643634844460e+00 6.890402168109856618e+00 5.947186381745748207e+00
6.391916947336449439e+00 6.067613124185762707e+00 -6.058660184529835568e+00 2.780730984631368141e+00
4.734780467646205082e+00 7.957357677427475018e+00 -5.597477893836044771e+00 4.237032750615723486e+00
8.425479234886863011e+00 1.536112446555286670e-01 -3.102037720011910249e+00 -4.144163006583082343e+00
8.834061134803402382e+00 -9.529706619813044455e+00 1.635937093117471708e+00 7.175673595974137342e+00
-4.097729368483666867e-01 3.190378169149060028e+00 5.634005216529724080e+00 -3.735309366182177016e+00
7.695522996330165455e+00 -6.906402120411598844e+00 2.744479276169869753e+00 8.474247987888210432e+00
-6.255900164106387162e-01 9.865886437253601482e-01 4.673101472505027054e+00 -5.154273471888060953e+00
6.618097888862698674e+00 7.610902898469390720e+00 -5.248403914873639664e+00 5.637003145283394190e+00
2.819170563301567789e+00 1.148821763185186917e+01 -8.763117845924261573e+00 1.715052026672918783e+00
-1.109490613077572352e+00 -5.826028624650833265e+00 4.949122334512404464e+00 4.547753550102543230e+00
-1.195498702816983894e+00 -5.540022814786746963e+00 8.305319895638229255e+00 3.263928578290281379e+00
6.168446738747706881e+00 -9.133732288721898573e-01 5.697498809827139077e+00 -5.156579805202653688e+00
6.113962704869813081e+00 7.562747055258192574e+00 -6.376705823470913970e+00 5.108765970954950220e+00
6.045997692292472969e+00 7.084905117568792932e+00 -5.187156654085288920e+00 2.905754721742326296e+00
-2.188451046607990058e+00 -6.637094466727626596e+00 7.543818821896389082e+00 5.160767154076758345e+00
5.526315130039587409e+00 -6.329248566432235101e-01 7.524057945300276273e+00 -2.799746072000698582e+00
2.169135658509420139e+00 1.347361310369268139e+01 -8.984015015250438552e+00 6.290318679090136644e-01
7.870188785383106733e+00 -7.313583350981022413e+00 3.492703565586858350e+00 8.211151051245172638e+00
7.609006817722009153e+00 -1.163649704450818945e+00 7.671101043729483315e+00 -6.804522630402248140e+00
-8.613152063560610694e-01 4.788764583425482613e+00 6.133900725778259400e+00 7.385783476155196148e+00
-1.630291519760219243e+00 3.047924070340858105e+00 5.534818797533838541e+00 6.872786763792360532e+00
4.721061498044456073e+00 -6.229374750177279374e+00 2.359869714846278832e+00 8.446247131233414862e+00
6.133472583845781756e+00 -1.403177834281104541e+00 5.553611155468930249e+00 -5.239764283920925081e+00
1.892795112811169300e+00 9.684999297432257848e+00 -9.916345783672673164e+00 3.524078469587830220e-01
-2.694785586253613641e+00 1.232302930626449466e+00 4.069330962980549415e+00 -4.843946235751335649e+00
1.094958729524184093e+01 -6.014425933118294765e-02 -3.648108119797849103e+00 -2.503526926616157944e+00
5.257450453990768047e+00 -1.496467886908353417e+00 6.562975140003261210e+00 -4.293757229521317775e+00
5.825780170843779970e+00 -7.030138391104786777e+00 1.731521260691132547e+00 7.843264584237738646e+00
7.038615034897236278e+00 -1.596654583208368283e+00 6.607681641356681901e+00 -3.502793935740942111e+00
-1.276277857932412996e+00 4.188803781190696185e+00 6.052012952237636689e+00 9.443735135485660237e+00
-2.371958171375210700e+00 1.059404628484612143e+00 4.717181856797875383e+00 -4.141335857981228941e+00
7.023709000291205484e+00 -1.339133945263395464e+00 7.133646018468950523e+00 -4.398449468958873787e+00
6.555655281679598545e+00 -6.028895956672437606e+00 3.392930290199546395e+00 7.468421858174597361e+00
-1.343601322293206168e+00 1.515796645974786694e+00 3.555785091522000840e+00 -5.457757083559831024e+00
5.155504242084115951e+00 5.152302386689560088e+00 -5.870837583855046837e+00 3.120608500741042235e+00
4.897693032281242864e+00 6.835429220662287975e+00 -7.053651332202016455e+00 4.008905021149876902e+00
-1.451139461104467676e+00 4.157451435889667479e+00 7.820934303869297111e+00 7.995833669355198126e+00
-1.241822581721893526e+00 2.785715604743902230e+00 5.648754635422353232e+00 -2.236809941644035682e+00
1.055313620123837026e+01 1.511345370621265616e+00 -5.293672088147236998e+00 -2.837156840317484274e+00
9.556698699847791190e+00 -5.833640260197983096e-01 -4.099511793753062072e+00 -1.026869767825546731e-01
2.855820936227104756e+00 1.237198913351379126e+01 -8.762823109520747167e+00 2.774226931430550103e-01
7.803664185441228085e+00 8.534849758197302627e-01 -2.371866828583691245e+00 -3.526585575786392202e+00
9.931009643656331320e+00 1.359419680800399099e+00 -3.283496216472187257e+00 -3.097398876983112892e+00
2.808861061260194525e+00 7.986938464956301331e+00 -8.886313103266290980e+00 2.642974695891172399e+00
5.674564735907361879e+00 -7.468817510180095098e+00 1.396013030290133461e+00 7.065753378667295692e+00
-1.400113039845441554e+00 -2.203985119211551602e+00 6.381132646351070470e+00 5.552637991803480944e+00
-1.383665895584610173e+00 1.758690755848960841e+00 3.989974035513438544e+00 -3.855125884218033150e+00
-3.917684604930629089e-01 -7.088589467285382639e+00 7.865257625504515460e+00 4.892827708430111500e+00
-1.000668779859841262e+00 2.080795382293677775e+00 7.940280269564420124e+00 7.608728549759177895e+00
-1.393188015186153317e+00 3.752625795388472074e+00 5.442161964256898798e+00 6.780345680962691191e+00
5.059267492181735548e+00 -6.977080626578969103e+00 2.231468010204456398e+00 5.441610583538080803e+00
-8.274528275266994637e-01 2.389316407752517080e+00 6.041074721888941568e+00 -4.064383123821941446e+00
9.417933911820940196e+00 -6.798159118277669499e+00 1.461579582687541290e+00 5.559729464032429291e+00
6.710040847620915017e+00 -5.954628747649583609e+00 1.413678509549999962e+00 9.301763919004805814e+00
4.857785717161877237e+00 -4.666224147862475746e+00 1.661199013351861264e+00 5.065249605104767738e+00
6.018288773895110744e+00 -2.722862095933388904e+00 9.711576946792073173e+00 -4.255387308902390586e+00
8.241934053006072958e+00 -7.693199800529924026e-01 6.444821603796522247e+00 -4.129278060783097892e+00
6.225023752204436711e+00 -5.731126516442571983e+00 1.134927342614161061e+00 9.423994156437430547e+00
3.699876279030594795e+00 8.743910604370167761e+00 -7.240428521138972506e+00 2.209987134504788564e+00
5.966630859253321262e+00 1.068504615086632370e+01 -6.735291361593567672e+00 2.425383772106397995e+00
4.780798013532887580e+00 6.833332845256122390e+00 -7.415539519167669624e+00 2.808409246775704915e+00
5.967556863578446169e+00 -3.412740225133068517e+00 3.164974499525749607e+00 6.942883121755850873e+00
4.117970919169382071e+00 -7.209335824487618005e+00 -1.592772717869039845e-01 6.518262417225038519e+00
1.692327224164100752e-01 7.235222795118916306e-01 6.632536469620943897e+00 -2.384273284004589488e+00
4.393296989013562026e-01 3.231313406931294985e+00 7.514788192376890663e+00 8.959043022401273149e+00
9.278216176662619219e-01 4.310198311388783843e+00 6.421069965221486875e+00 6.279481764906108765e+00
9.603328249519144322e+00 7.488627578278622687e-01 -5.173488885995602082e+00 -2.538652618843596276e+00
-2.874940151157807655e+00 2.748688132345030954e+00 5.032354423461121051e+00 -3.489077966434846800e+00
1.037206369454570520e+01 -2.970787976219277926e-01 -1.610290058794761059e+00 -2.615849883879437066e+00
7.002612264462465319e+00 -1.093407381886984941e+00 8.520900895850472168e+00 -5.275166271956626574e+00
-1.798276229914829161e+00 -4.125043350903840000e+00 6.947728175926960681e+00 4.631860046824004762e+00
-1.730094519613305737e+00 -5.061448727155818617e+00 6.946018883080787631e+00 4.146304244099224157e+00
5.532266897490078605e+00 -2.305643855829309530e+00 7.558550988525928105e+00 -3.462141271122659791e+00
-9.496267867878491753e-01 -1.851113252965799649e+00 7.799722892834210164e+00 3.836670934059497551e+00
-3.082493677972850676e-01 -5.610732192682649000e+00 5.463312912178563963e+00 2.321901259659878924e+00
-2.461743988852715503e+00 3.374517959584800941e+00 5.256319831988986557e+00 -3.501827757780599182e+00
5.225113461850950713e+00 6.272152829050113176e+00 -8.185188166750561933e+00 3.195356311706397445e+00
7.519393017716131666e+00 -5.594061497490617541e+00 3.817496006085950633e+00 6.886572921441211470e+00
8.195512742684883278e+00 -2.422904851116147729e-02 -4.757299256231863005e+00 -3.275768685914587586e+00
-2.648061727733205029e+00 -3.264460942403247579e+00 7.850119861109248198e+00 4.853943783775763521e+00
7.745284144458830511e+00 -1.320302036726162864e+00 7.165840584533795798e+00 -5.510970181457421013e+00
1.412873107208829637e+00 1.029529076963996914e+01 -7.435755071705600905e+00 3.210599548901866829e-01
8.772280128587267356e+00 1.605478681862940071e+00 -4.035791624991043491e+00 -4.956991718347475206e+00
-2.441296970342220263e+00 -4.337597428381839926e+00 7.715862596827484765e+00 5.096848096195219391e+00
-5.557447615345509906e-01 3.353632670846140584e-02 4.689692265748299782e+00 -5.859743944075087363e+00
7.340915746893194260e+00 -9.103601677156225591e+00 9.107665968997298300e-01 6.289376107075390188e+00
-8.746821509006378337e-01 -5.256975429612277928e+00 7.291219916494575237e+00 4.758191984661484852e+00
5.005729250835565303e+00 7.006137574925082490e+00 -5.900282898325070136e+00 1.706155761710963947e+00
5.573518772733421223e+00 3.666809324319586505e+00 -4.620466550377452464e+00 4.471768314813049372e+00
9.797684765059159417e+00 1.998542072105340184e+00 -3.891596428778004046e+00 -3.591180785655069929e+00
-9.268490042806785123e-01 2.626031839674920043e+00 6.356188626199072544e+00 7.806129047575501190e+00
7.415934774895394099e+00 3.071809061757529324e+00 -4.911371773948456365e+00 -4.221180675148518802e+00
1.291137551765899616e+00 8.086770708964225562e+00 -7.341198880198963828e+00 5.154571334888102818e-02
5.221219020755918372e+00 5.113459199657810927e+00 -7.917176672982138896e+00 5.426048738290932150e+00
-2.401653731606186781e+00 5.778648454968138282e-02 5.915739763383629501e+00 -3.420929314939742394e+00
5.777670360448700748e+00 -3.582859674738806177e+00 7.584143763013230455e+00 -4.699223237740104864e+00
-2.338457765676089650e-01 6.363301199983786294e-01 3.013000530510666408e+00 -4.747676493400200926e+00
-1.164201200779529488e+00 6.471148873567602600e-01 4.885098048234525869e+00 -4.839352481174752363e+00
2.935359901587994536e+00 9.854715514340444571e+00 -1.047979623275772454e+01 1.769438785313169893e+00
5.910165336657449586e+00 4.726781838112762202e+00 -6.368005678891545784e+00 2.690816803033057703e+00
1.984337827885215733e+00 8.634234060587642645e+00 -7.807862739531886476e+00 1.725420988917006682e+00
6.404745826984272306e+00 -2.583290753602555334e+00 6.085397205512919072e+00 -5.500915447114048007e+00
-1.910690668139820803e+00 2.811111732593315704e+00 5.075251721677828343e+00 9.617172757577142406e+00
-7.460427797747571921e-01 2.463302541916553512e+00 7.392135768021457665e+00 -4.024759052618958499e+00
-4.738404884968579478e-01 2.819152450794309317e+00 8.272675878180926645e+00 8.546191429323236832e+00
4.073548890075637807e+00 8.610406270281320218e+00 -5.735518078869179526e+00 4.367724876014738911e+00
7.923314371525009392e+00 1.490527599520341973e+00 6.104596813122374677e+00 -4.743048350382564671e+00
-1.206914111084584018e+00 -5.549948825921379836e+00 8.402725233177065434e+00 5.707608175042077292e+00
5.790002584597829127e+00 -2.235634985407171982e+00 8.400288869094616473e+00 -3.505826449994027705e+00
7.937919052014231980e+00 6.501460451846741151e-03 -4.635920030099286215e+00 -4.312316663132356176e+00
-2.645155996202690485e-01 -3.439218018211291472e+00 6.926400615873665956e+00 4.987044951825756023e+00
6.477362557578286051e+00 -1.404857908878959005e+00 7.861863382660164490e+00 -2.142583478303371702e+00
3.313592682411919732e+00 1.043030307948317059e+01 -7.362021474367960394e+00 1.791073760184452413e+00
-2.614608161178005652e+00 1.165032005411897886e+00 5.725755562267619503e+00 -4.473661467753437648e+00
6.766681685245901079e+00 -1.880485860416817090e+00 8.025100218728294266e+00 -4.021513561905807776e+00
5.848315751698763165e+00 -2.463026951327855762e+00 7.393401888802381805e+00 -5.084928491422291863e+00
7.075630277405574375e+00 1.280154322391101607e+00 -3.605544919894514422e+00 -4.279402226457531988e+00
2.757776218710234151e+00 8.679197944480272042e+00 -7.557457409138416793e+00 2.750493894205040757e+00
1.274261818519984324e+00 1.239569289366558458e+01 -8.737823124182186874e+00 2.581823180276359153e+00
1.402190283187208841e+00 9.887135715392725288e+00 -8.953591681617911746e+00 1.458238576066704706e+00
-2.777835922290570636e+00 4.387050631839480630e+00 7.845013811557052463e+00 8.182051658981521314e+00
4.734800434619294229e+00 6.544033663392948341e+00 -5.188470488756933285e+00 1.904304120347440898e+00
-2.187214924557086437e+00 3.005721299720510498e+00 5.232629635707234605e+00 8.201939235021972863e+00
6.127885220467634397e+00 -7.044308571821850329e+00 3.323611320258734292e+00 6.811440025499419626e+00
8.077072558011622050e+00 3.725966329465860150e-01 -5.535621682988444370e+00 -2.852521138346297391e+00
-3.371322048989562337e+00 2.739684489676319501e+00 5.026677515472186109e+00 -3.929813489463484188e+00
-7.796965954214237771e-01 3.194596341935768802e+00 8.667289831899289254e+00 7.628030267062344549e+00
7.022513851048676869e+00 -8.676230269848129950e+00 2.094596669074389350e+00 6.402449434557563990e+00
6.552686618879628000e+00 7.249369364060060938e+00 -5.243181435970551973e+00 5.271217821870543219e+00
-2.641057305282463297e+00 -7.512592946379919034e-01 4.847252600078027385e+00 -2.246743103209226433e+00
6.413247720335391477e+00 -7.409996836971472156e+00 3.211825125694325767e+00 8.159514513829043025e+00
-2.746863896799047744e-01 8.986544689932417285e+00 -8.744703646847460377e+00 2.425911104125324513e+00
6.332779749134833658e+00 -6.685437085505643751e+00 2.285536986458226671e+00 8.213234804155183255e+00
-2.027108913382165589e+00 -7.600637922359951837e+00 6.967965363576414717e+00 6.072265569429615262e+00
7.226045224423272018e+00 -1.764479836936367674e+00 6.712796725029308575e+00 -4.380476300701587000e+00
-6.315187513542377395e-01 1.871087211424214081e+00 4.787025831184214653e+00 -3.292210375510799203e+00
2.540678169635432138e+00 1.122844991264158665e+01 -1.040321538671995860e+01 2.793332996096104193e+00
-3.256243407055887218e+00 1.052028403097716058e+00 7.016898156231453854e+00 9.675677379002156187e+00
3.416653992233049664e+00 7.420369908287422156e+00 -3.611993886203905380e+00 5.459204421141041763e+00
-2.830891408435842749e+00 1.455039996990376672e+00 5.504889167871610312e+00 -4.681317818211462090e+00
2.509120080333477887e-01 8.702992885484926333e+00 -7.658894680612632122e+00 2.727812743273942075e+00
1.771043573094908119e-01 -8.097835400301338638e+00 6.037147754912920661e+00 4.412315074217444177e+00
2.917834540919844954e+00 8.574605839327887224e+00 -9.091272368511168267e+00 2.166134761038958967e+00
-1.893625000405292136e+00 1.241937505922071416e+00 4.112918439253857805e+00 -7.414828572221350278e-01
5.466316733919743598e+00 -1.285985578523167305e+00 8.286076083743175502e+00 -1.839767059690432749e+00
-9.655605432109192199e-01 3.991732839085457840e+00 7.996670556050182732e+00 8.008443084638184217e+00
7.827841263478370060e+00 -6.774448533527913874e+00 8.217656775229902344e-01 4.516214438072321258e+00
6.861819492514265484e+00 2.627157770185749586e-01 -4.482336051535305010e+00 -4.230284571127514326e+00
5.466102961760801016e+00 6.716100170533223945e+00 -6.584603470323163954e+00 5.094793994505240065e+00
2.258038017263028774e+00 8.961689381459969184e+00 -9.364728821319335594e+00 1.801810214104392349e+00
8.225782709796826353e+00 1.185319251063452262e+00 -2.193317817969962835e+00 -3.544675348519952696e+00
-5.627510872482708315e-01 -3.161841306949360497e+00 7.364032611749317780e+00 3.549664336883540550e+00
-6.112682864165313035e-01 -4.221183939511777616e+00 8.885351580547094841e+00 3.536760414172370304e+00
6.990121571659209998e+00 -5.599726221474069732e+00 1.368525873261844383e+00 7.637613446882999035e+00
-1.293791319974713749e+00 2.769238759435173947e+00 5.889904512447408536e+00 -2.978999538575769712e+00
-4.545014915255540799e-02 2.550713397808700655e+00 6.150853341180222422e+00 -5.524491312938161869e+00
-8.949121263410295679e-01 3.386759370002444314e+00 8.134157537712223274e+00 9.649573653613783719e+00
4.113212753508513231e+00 4.092267184070032648e+00 -7.670872514566261735e+00 6.147185790536422445e+00
4.209174807988071976e-01 3.818225360922592238e+00 4.349691649208851985e+00 8.868765271391950478e+00
4.710215192467475553e+00 -4.172969527681621216e+00 8.389011414217494078e+00 -5.289856565367275998e+00
7.999221605547274017e+00 -5.929317430315207638e+00 5.465911731457029354e-01 5.997119979420364899e+00
7.102667867774110633e+00 -6.019151360263438555e+00 4.624384563507169865e+00 7.722782025387849636e+00
5.929316883564881735e+00 -7.470669608852886334e+00 2.329420494554960808e+00 9.288730926767284402e+00
6.212809501001212098e+00 4.251732938044945342e-01 7.383636655342638022e+00 -4.046867367481759459e+00
-3.257295576994665876e+00 1.817738642351941714e+00 6.687654144989415350e+00 8.906124928874849189e+00
8.503258523182847028e+00 5.209592782058345861e+00 -8.289029270825134077e+00 1.930584547809508056e+00
-3.230371537902237300e+00 5.258044987513159629e-01 6.188132793179757840e+00 -4.527450750380437761e+00
7.622875022687446211e+00 7.551968144322664944e-01 -6.237089550864305387e+00 -3.647469030590442696e+00
-2.362639714713843375e+00 -5.424828526560999009e+00 9.477020728504475855e+00 5.885938763145002639e+00
4.987245749536986850e+00 -5.879149075163101479e+00 2.024456486623174456e+00 6.180666504644993786e+00
7.187233687995590259e+00 1.010865760548722569e+00 7.453744226806282569e+00 -4.037427741997986708e+00
-1.948330559044582522e+00 -5.405601607991430413e+00 6.509133664815138332e+00 6.988880760264569503e+00
-2.362469581298340948e-01 -7.954393961659933510e-02 3.833946297245188095e+00 -3.586984827190050407e+00
-1.581303158711516055e+00 2.430866073106820568e+00 6.935118213909626128e+00 9.149793593188984886e+00
6.960471939315472589e+00 -2.655650076076863542e+00 6.447931714829865157e+00 -3.541705947902955565e+00
-2.790066999420758087e+00 3.780557651597300506e-01 6.455772743078789233e+00 8.371418063194285608e+00
6.585163293185149591e+00 -2.009142571845088376e+00 -4.553961642412294175e-01 5.851788010122383810e+00
-2.523408357969872728e+00 1.464932633558669650e+00 3.702727754000651572e+00 -5.718003353034281311e+00
4.162941152116710342e+00 -4.387241764271764488e+00 2.653070388147541703e+00 6.930936189240528122e+00
-2.938266788963716181e+00 -6.207719357384466008e+00 6.484955431687699168e+00 5.971216500670906591e+00
-1.193329305972609777e+00 -5.106345590698440517e+00 8.009214588900047005e+00 5.353390207104195220e+00
8.444088756360255132e+00 2.011079919402417815e+00 -4.047337867599694938e+00 -5.423979829179364387e+00
6.037226004160373805e+00 -2.220485309562143517e+00 8.136025398869604075e+00 -4.215806931862399409e+00
9.031429606777315655e+00 2.337977683745272373e+00 -3.696156391313349943e+00 -2.332365053708993941e+00
5.335509567525988928e-01 -3.885908400081586223e+00 7.859281587651825163e+00 6.843277055680536236e+00
4.541173087033917533e+00 6.958765198477481206e+00 -6.349873094710414279e+00 5.521993718479792257e+00
1.127985717810754185e+00 -7.327941152108561340e+00 7.043639780621634650e+00 3.900634512073502869e+00
-3.141649088821082181e+00 1.322168546896473007e+00 4.010781081846761964e+00 -3.684132501515148039e+00
3.382120902757083325e+00 6.750128010264861977e+00 -7.464939588615762567e+00 2.715702740548357141e+00
-2.212837555930864397e+00 -4.086293650270235389e+00 8.147313611532869260e+00 5.497010866760299486e+00
-4.688792194610732267e+00 1.704796761980187370e+00 5.828288702363644269e+00 -2.892134177298366193e+00
2.261072618970246584e+00 1.098998874196014519e+01 -8.989863345210281409e+00 3.742364700917059750e+00
-4.217831599084618688e+00 1.693797297435821525e+00 5.762914582287929299e+00 -3.749454612603435155e+00
-3.186846511181595787e+00 3.484301817250762934e+00 5.163268604161626030e+00 9.270678762488190117e+00
-6.338728321326514425e-02 4.779053794788497456e+00 4.930761420630721759e+00 6.434902284767564318e+00
6.388019454568043543e+00 5.290149493058811103e+00 -4.406325559741369524e+00 2.628841873640508808e+00
6.571290493119415821e+00 6.665228989431644102e+00 -7.351855411314328848e+00 2.787570655582680246e+00
8.913864420889373363e+00 -1.054742220983802170e+01 4.336583824967378042e+00 9.405742098443292676e+00
-3.931970980443118879e+00 2.394917383649112885e+00 5.831830836924970285e+00 7.748589611231899710e+00
7.759188802183087930e+00 -6.716946541459001274e+00 2.386897367779169610e+00 6.793135459784663155e+00
6.696396641942413908e+00 -2.441679608976590199e-01 -4.778915700738099126e+00 -1.686647954250525272e+00
1.019283202419082102e+01 1.449222035869966785e+00 -3.505782690626201070e+00 -3.130315971515280182e+00
-4.026593469976423201e+00 2.138195199183232198e+00 4.054438193452848616e+00 -3.520132297375305530e+00
-2.769519626245007249e+00 1.912615496373915702e+00 5.317913604199370425e+00 8.624032551878327624e+00
-5.267157960907440373e-01 3.030872105614867973e-01 5.538746187150215050e+00 -2.518561505593961414e+00
8.354210947496731876e-01 1.113420366881919854e+01 -8.854864852933884478e+00 3.142936589361099209e+00
7.374532237493948372e+00 -5.450939525979511480e+00 2.811096238082501753e+00 6.513697901108908894e+00
5.708478584422865154e+00 3.821865465158869046e-01 7.867396710315409436e+00 -4.858307413640139849e+00
4.348965442765196698e+00 9.832979939304303585e+00 -8.251556145006709642e+00 2.858162170858884465e+00
-1.442875316618870141e+00 2.759586382154177286e+00 4.086099641855380327e+00 6.274786263011236542e+00
4.396510758759617499e-01 2.347655753787920574e+00 6.268000878637382201e+00 8.487510135518078869e+00
4.074435572964885122e-01 -4.963588702651502871e+00 5.624311322078940911e+00 5.211461626961831684e+00
9.111326633731577473e+00 1.748783113711674275e+00 -4.875351929804050855e+00 -3.210859542240385167e+00
4.466772160247300949e-01 9.991577837758267577e+00 -7.096103059443601424e+00 3.053021608084181437e+00
-7.776633472056820873e-01 4.236914326319400459e+00 5.593779707257828804e+00 9.013245349218411917e+00
4.972578815067216773e-01 9.540369662667216311e-01 5.846551629971039610e+00 -2.888646181056554241e+00
4.772368581035991930e+00 7.344939302581133589e+00 -1.111063572359756613e+00 5.663551998339371174e+00
-9.407569381378131368e-01 -3.481840193117655691e+00 7.715314010021305791e+00 4.789090368450489521e+00
-7.759056731878453128e-01 2.775208500424687141e+00 6.966167377956406170e+00 7.927651052608661431e+00
6.921202386084169156e+00 -4.489189460487843064e+00 2.906120936714336800e+00 5.408384031453596918e+00
7.681169019722078772e+00 -2.647621913832413298e+00 9.493949623894199163e+00 -4.367332929849907508e+00
1.851942565548810204e+00 8.328475092351123266e+00 -5.864550556802122117e+00 1.026112663238911704e-01
-7.896758438835197458e-01 5.638456683801368996e+00 3.438304848219844612e+00 7.530841413965621456e+00
7.719754968811955997e+00 -8.537634701181506802e-02 -4.182966066573146513e+00 -3.929856508630076295e+00
-2.793676079883685714e-01 3.956672010533629713e+00 5.780819876864574880e+00 7.708572529565612008e+00
8.940244607886848272e+00 2.382729407023568502e+00 7.266190583121103330e+00 -4.465717818519493676e+00
5.028872188275700594e+00 6.268465570918636764e+00 -4.526412215151372820e+00 4.344208069321742194e+00
-2.621326119083870143e+00 -6.777990550110686740e+00 7.738567369638982285e+00 4.663010487727537345e+00
8.305499146440910252e+00 -1.541219326952586233e+00 -5.167929985724462938e+00 -1.050302036964341656e+00
1.240376644200689160e+00 9.817862363586323582e+00 -1.153661303013804762e+01 2.247728974530177837e+00
-1.088352052322831831e+00 -4.560980521399504717e+00 6.862493844109721408e+00 6.188165325667599248e+00
7.103714756115451223e+00 -1.758469262601604521e+00 7.347724448774754613e+00 -6.206931968181543802e+00
6.042747516091706572e+00 -1.485494602274201936e+00 9.307382025186472063e+00 -5.769126132952420605e+00
-3.782387735949443552e+00 3.342176935768714330e+00 5.730147421055362678e+00 -7.098443107948220643e+00
6.738802511333029877e+00 -2.757294063570580711e+00 8.481713362762526742e+00 -4.522049693338946241e+00
-1.554219920494201546e+00 2.107133189883544588e+00 5.149506948104973780e+00 -4.874134631835710607e+00
-1.360345281003104922e+00 -4.211415247460973177e+00 9.360315084680905784e+00 4.588376433168249946e+00
2.827594733096605584e+00 7.883283924812998222e+00 -4.988322436570307161e+00 2.480551514174390348e+00
1.189664343885573405e+00 1.008301212205609154e+01 -6.691093021797808404e+00 3.847016682959734091e-01
2.551372288066834138e+00 1.065225010259890404e+01 -7.670839511315207915e+00 1.961365855750402343e+00
-7.761280197574057516e-01 3.895940917832137362e+00 4.046529681810614676e+00 8.137920034641126676e+00
-1.464269091085946828e+00 -4.274442703426913681e+00 6.707304592229323958e+00 3.045002088477080537e+00
4.248238562171144928e+00 7.465527368623904536e+00 -5.443265567697728180e+00 2.362383314512897403e+00
3.020765504101199816e+00 8.655522025413839415e+00 -8.749175145512241514e+00 2.025218166364715078e+00
-1.774575046752261187e+00 1.546062849499877156e+00 3.809862034603132663e+00 -5.256466740787947955e+00
2.511696341530457843e+00 9.796848544794045210e+00 -9.167999313964331876e+00 4.790291556502124237e-02
