-4.452118226414231827e+00 3.947692900778275504e+00 5.823315520593776995e+00 -5.719783419077241859e+00
-1.777354392923537585e+00 4.164802534409737689e+00 6.291979822151364310e+00 7.752175754041602751e+00
1.029102994237219404e+00 9.538790514412196941e+00 -9.890401204062786888e+00 1.809466514314292729e+00
1.105127896675384580e+00 -5.758731080637803146e+00 8.314166899456351345e+00 5.519799034760668910e+00
-2.485685264752038659e+00 1.635774415783554092e+00 4.979767020767761565e+00 6.807519027714688420e+00
7.940065911759912609e+00 7.554713627386320240e-01 -4.327692273132276668e+00 -3.966261692757534263e+00
-1.862998823485864097e+00 -4.871393973063360860e+00 8.810361965895657121e+00 5.334872608143566453e+00
6.299563532927259679e+00 -5.168683290317260814e-01 7.628748276729511169e+00 -3.246256839455504029e+00
7.122029567702689690e+00 7.107363940842675198e+00 -4.840729514658054455e+00 3.099312093748959995e+00
6.360543037443031622e-01 5.423928759772240760e-01 6.535834005797403812e+00 8.715046431876077193e+00
3.535417979108905762e-01 1.766886771732393280e+00 6.883060760989483384e+00 1.026371935585083506e+01
-5.626750386135415116e-02 2.466169423818551198e+00 5.330676173990969602e+00 7.744708002562666671e+00
5.370992718959515244e-01 -5.486075708219397384e+00 6.740740942307154704e+00 5.268120360658833157e+00
7.262366188971748571e+00 7.008292282439754217e+00 -7.105714269400073668e+00 1.950526157764566504e+00
2.693982090353388870e+00 8.421100734659665576e+00 -7.634319995548652926e+00 3.433658945846039146e+00
9.126905317734687273e+00 1.825598063475689425e+00 -3.652740516885272015e+00 -6.050756073004949442e+00
-4.688248644709049895e-01 3.694714861215637747e+00 7.454465862608818938e+00 8.261002205222231609e+00
-3.943006294568593972e-01 1.506161865833686164e+00 4.459221050202681447e+00 -5.783661887308378269e+00
7.063158163010176516e+00 -7.648570401408674613e+00 8.200942596345459634e-01 6.540667291786108173e+00
1.002843174142195259e+01 3.723840113195031609e-02 -4.049297243863288820e+00 -1.169738052876712509e+00
4.031707629041409113e+00 5.766701191423551975e+00 -6.375085359136234864e+00 2.387114733829065472e+00
-9.075661347387005140e-01 -5.470975590473663885e+00 7.985273113328480221e+00 6.027243777943411374e+00
6.742843302043366904e+00 -5.372600731904523030e+00 1.436685478365392843e+00 7.134163672773311760e+00
5.541674170013068945e+00 -1.707645739032089161e+00 8.390170144030362209e+00 -7.076975690817342901e+00
-1.874179606755709715e+00 -6.443567346863634526e+00 5.047927397784807368e+00 7.086068451911329724e+00
7.212743312722974309e+00 -5.306535789261912051e+00 2.001790514799467680e+00 8.908911807815741213e+00
8.657220573924744311e-01 4.107086501190175376e+00 6.625714575857377220e+00 7.376337673051659216e+00
3.906647634243612277e+00 7.357085292179642799e+00 -4.985646013019158218e+00 6.084927853599404912e+00
1.564224120341834556e+00 3.044201600622491455e+00 4.585129323262610690e+00 -2.392341922097021456e+00
-5.222891810836602922e-01 2.006574187717030888e+00 5.823181243130922446e+00 9.016142143907460493e+00
5.907672951696167907e+00 4.831156303586987555e+00 -6.124240240390775192e+00 4.525522936458251877e+00
8.315095023685607600e+00 -5.550006550583727716e+00 2.637555989133812062e+00 6.060789605134035973e+00
5.649993873597914273e+00 -6.540627968490615451e+00 3.466390587309597926e+00 8.991958776550573518e+00
-2.748037746737955089e+00 1.374011995308801914e+00 5.529303142385533221e+00 -5.072669414318494496e+00
-3.121206311868510497e+00 -4.752647501409420272e+00 9.050961271692811394e+00 4.864136136403664601e+00
3.008109668666536507e-02 3.401727588941057423e+00 7.899103859952875339e+00 8.691342227019866584e+00
9.335230402150955342e+00 1.486813334836891487e+00 -5.124914775761722829e+00 -2.976195879953707379e+00
-1.274111363348416681e+00 3.264456393333143414e+00 4.623243206361897784e+00 7.575287600786901443e+00
3.808586644450983716e+00 6.827677950551704456e+00 -6.012705768471978018e+00 2.851982584845565771e+00
6.709812223652543040e+00 -2.073073087552284477e+00 7.920846857302530353e+00 -3.503019330336843318e+00
-3.905102016234636597e+00 -2.172125275528282273e+00 6.273741308134139771e+00 5.905448937641697427e+00
4.327733998821551964e+00 6.758743223774072995e+00 -5.155839021624733398e+00 1.962622653187463317e+00
3.519410781402030786e+00 7.552052683723979420e+00 -6.565949521676533784e+00 4.060063775904539263e+00
6.097594773027093851e+00 -1.232901259178143416e+00 7.979235562957286199e+00 -4.993163731805651651e+00
-2.259467086847499750e-02 2.802078195248461689e+00 5.221790908471785286e+00 9.124958631501678852e+00
5.793558738427917909e+00 -3.279459374078841805e+00 7.804275206123716835e+00 -5.455992302263086735e+00
-1.132417784483988443e+00 2.424839601839527514e+00 7.079559335126044850e+00 8.324734582332224520e+00
3.264305352784035108e+00 1.018476125391906351e+01 -1.116970919056613631e+01 1.545678832903144562e+00
-6.601726070719177164e-01 -4.229325735876884096e+00 7.376602127873304049e+00 5.443345834821323947e+00
5.923045877406953874e-01 3.969888137634063341e+00 5.052486656416847133e+00 7.653107061826035284e+00
-2.359342325210047608e+00 -5.294899390951878893e+00 4.779688009966454487e+00 4.498400250794947652e+00
-3.991241393508728752e+00 3.812145514087732945e+00 4.786023552728950747e+00 9.201908886986199576e+00
-1.507620829991689337e+00 3.678423131288742098e+00 3.747560161472913265e+00 1.038434713682545052e+01
8.185934850053453449e-01 3.880858387954541744e+00 6.985844607839813314e+00 8.756001258782427854e+00
-4.815559264525348659e-01 9.034404341900152957e+00 -6.949504711388721390e+00 -8.052993088309068348e-02
-7.948595581230658569e-01 -6.363264929630271460e+00 7.765518548909643215e+00 6.605951158644626453e+00
-2.607539396066754556e+00 -5.522962528244749869e+00 7.540883829182059017e+00 4.137053453772319145e+00
4.427237319862817877e+00 -4.829924249756473387e+00 3.286484224068227711e+00 8.432847314166018293e+00
6.929971008406922373e+00 -1.500036671782484010e+00 5.641032002068080864e+00 -3.263207243508758459e+00
9.971156581925111340e-02 1.812191881107907410e+00 4.883985358650729580e+00 -2.172591007709828936e+00
3.084349716447043033e+00 5.628726122216866301e+00 -4.350768373851315651e+00 4.045981478627183492e+00
-1.464914164586633705e-01 2.896607378678037747e+00 6.483639050861870423e+00 8.904231941612215095e+00
6.172328111684921126e+00 -4.254747876223925473e+00 4.407072657382565595e+00 7.672602247372480200e+00
-4.030889936739716628e-01 -4.778108534562413467e+00 8.150090503732110747e+00 5.532116891205435039e+00
8.189761112439802204e+00 1.158197973404528458e+00 -2.825272533090871008e+00 -2.866890959182698762e+00
-3.656286015454402794e+00 3.223485105490584424e+00 6.866200350904414051e+00 -2.625310234173458213e+00
5.759721082003159687e+00 4.875900443710253995e+00 -6.038026144711454712e+00 3.754181874428579757e+00
7.203074527499959245e+00 -2.643399810265877115e+00 7.937855605738706188e+00 -6.316913696301093673e+00
4.166245326803830196e+00 -8.164625253205702649e+00 1.712645125217560071e+00 7.619129350483117236e+00
8.703822465944329068e+00 -6.561775304147349885e+00 2.056693531988813994e+00 6.876434604727139188e+00
7.317632829681263829e+00 -6.738463035368047471e+00 2.879305901754677155e+00 7.418035963263931443e+00
5.930288806740625418e+00 8.112253351065785267e+00 -4.044346470685113104e+00 4.323770975405401451e+00
1.681986871659817862e+00 3.867083947250728571e+00 4.203072085091249299e+00 8.334782296745936847e+00
-1.271981411114252669e+00 1.499201611012934920e+00 5.485026579026726523e+00 -2.935519387126161561e+00
6.720583234026848984e+00 1.715211330940437762e+00 -1.472100056106016464e+00 -4.573074292239606820e+00
5.189494375595182341e+00 5.183271316782302129e+00 -7.171782287109537357e+00 3.358199507891484359e+00
1.072525925465911811e+01 1.691756211674729560e+00 -3.053990721902954064e+00 -4.664871883911531292e+00
5.834888963238539894e+00 -4.800256762155209245e+00 2.669621934333858970e-01 8.115558078931027097e+00
7.491959049140583637e+00 -6.255628718961150359e-01 -3.542731865300623451e+00 -8.825431431288119910e-01
4.522333921279071411e+00 -5.210943849856601418e+00 3.709827789403598253e+00 7.685011492855032600e+00
-1.310424590217317720e+00 2.791682747811695009e+00 6.193213148225202858e+00 -5.451280800160009044e+00
-3.191556081203216211e-01 2.903837465637953308e+00 4.696649681740882265e+00 9.093614106744356107e+00
-2.377993437973468183e+00 -9.023747120039136149e+00 5.341413505084005919e+00 6.578580869098032302e+00
-2.171958745896460208e+00 -7.900988552945468868e+00 7.321932331422871698e+00 6.253293543371272634e+00
8.217303234880558804e+00 2.433464388737409667e-01 -4.187853997649715332e+00 -2.815542098872396259e+00
9.361071807342121076e+00 1.322684772240911855e+00 -4.624398392464621033e+00 -4.046005782327547706e+00
8.048766898543037840e+00 1.149194739621838490e+00 8.961071377872125154e+00 -3.850275018766475377e+00
-2.717194176760543201e+00 5.359279727240700453e+00 6.816573084579139241e+00 7.844333775215806881e+00
2.779437321298164676e+00 1.194728859157780931e+01 -7.625790507294078147e+00 -5.773710956115407633e-02
-2.193885526360436877e+00 4.582404344113220951e+00 5.664090280686777668e+00 8.483880392567684225e+00
7.142125000491161835e+00 -2.550779911091587415e+00 7.859165866193440486e+00 -4.517377459103525617e+00
4.844458834786876444e+00 5.498943112683855716e+00 -7.545317905496762734e+00 2.949570815457977169e+00
7.920167679691092033e+00 -2.315181091540833069e+00 8.797311999431313367e+00 -4.188910808438376598e+00
4.954574336156104764e+00 8.131016252634918118e+00 -6.769703988903133407e+00 5.940475530549166550e+00
2.138130552836200238e+00 9.317201623263139609e+00 -9.340155581117119965e+00 3.256377744261115481e+00
-5.277613874139182037e-01 3.464839132604257799e+00 4.126255896169833015e+00 -3.405337666598954538e+00
5.490530103801372519e+00 7.143923474970526044e+00 -6.138403716210209637e+00 4.515219270726801959e+00
2.157096225817049184e+00 9.488199082686358921e+00 -8.592927744754874197e+00 1.665296044417229337e+00
9.159077103874849968e+00 -1.700447252475775217e+00 7.729695239830466136e+00 -4.922046958736314259e+00
-5.421314813529962695e-01 3.973849306623451927e+00 6.302567377035604324e+00 8.312892962171654077e+00
1.046793865381512667e+01 2.024575670848544284e+00 -4.585716058664575989e+00 -3.944390354100832496e+00
8.194431653182379094e+00 1.412855927819798740e+00 -4.814279742502042936e+00 -2.124345572841124685e+00
3.292303008406724629e+00 8.968270533192219673e+00 -7.985183517474923498e+00 2.227556362424001790e+00
-2.584782714433720763e+00 -4.627378197432642004e+00 5.732848420959503422e+00 4.171635228829035924e+00
7.156643997894792442e+00 -6.938036754106310156e+00 5.372636385326223785e-01 6.770957878907630345e+00
4.848971946725479931e+00 6.989323973952186186e+00 -6.543496523647665875e+00 3.593738420067576378e+00
5.765621633007563140e+00 -1.372330015221439270e+00 6.993184532239347106e+00 -3.266995964919904072e+00
3.281989957360084809e+00 1.011653265044544803e+01 -8.965327111857167353e+00 2.741708629395564589e+00
7.674441102664540715e+00 1.379704467510738830e+00 6.617273881692987914e+00 -5.176134104718861373e+00
-1.750373072790234019e+00 1.823583123182839438e+00 3.042407708494263119e+00 6.473346472405276053e+00
-1.128500967727624982e+00 5.519507833899028881e+00 5.572176643994331435e+00 9.637011283808817552e+00
3.110829400069366812e+00 1.147556754776597643e+01 -7.419221232416582268e+00 9.216766581619693088e-01
6.453881303646158862e+00 -6.401298495351154472e+00 5.128287146319863155e+00 6.473683425864794394e+00
-2.363016322426656490e-01 -3.381371168708585451e+00 6.879301047781934741e+00 3.427693958232904237e+00
6.823398120697643954e+00 -1.085273620581080012e+00 8.126313259822905977e+00 -5.753004445387859711e+00
-2.547134728439234941e+00 2.740173866361752530e-01 4.257536239113018262e+00 -2.882435693593354831e+00
-2.813411553777254159e+00 2.836326683019312345e+00 6.698767867690018640e+00 -4.782373092871309517e+00
1.284991749916353676e+00 1.037986211678107118e+01 -9.710353213047554277e+00 2.466380333122931034e+00
5.363524225940258461e+00 -3.831009984530762136e-01 7.322604278210674167e+00 -4.896134638899452440e+00
7.306902319667866408e+00 -7.374869241297154154e+00 1.517119542463236881e+00 4.950994406577000184e+00
4.562996980359661947e+00 9.071631007595851059e+00 -1.044162332832937778e+01 1.480458430822700455e+00
6.594744426136778692e+00 -8.679394741659307577e-02 6.664494574521892645e+00 -5.630997916395004133e+00
-1.061287302155425438e+00 2.672736460410059856e+00 7.531131878936527357e+00 8.745836761007906190e+00
7.992591795535037846e+00 -5.266976327441271977e+00 3.757504354743955055e+00 5.494632429219937109e+00
3.777309121607594022e+00 1.070519818905559539e+01 -8.528623755898788517e+00 2.178484049689692892e+00
4.216758836259468346e+00 -3.495369853231986124e+00 9.588960107869908711e+00 -5.869635314305337026e+00
1.946771838337448379e+00 1.139391903257644323e+01 -1.051800019350282511e+01 1.543164087541946117e-01
-2.741379099666385599e-01 3.444456885138467594e+00 4.148896476790179477e+00 -4.429692009240517869e+00
6.679662097225907758e+00 -5.909079182174274969e+00 4.224464049644211627e+00 7.039470318509725821e+00
5.819554903253663092e+00 -2.341101974083112047e+00 6.755455805111083123e+00 -5.235163577837768756e+00
2.932428427693224648e+00 1.106977127469528810e+01 -7.773434213337709231e+00 1.664512993431004562e+00
8.862929781503858351e+00 -3.509420058040134460e+00 2.777108810875971834e+00 4.371929531766509669e+00
4.326767951781077315e+00 -2.464090519417882597e+00 7.641154791264302304e+00 -3.783827089388338560e+00
2.186230779959720039e+00 1.078559117544507728e+01 -9.356342004464050177e+00 1.126286018608869011e+00
6.861599891353121095e+00 7.721832202685221525e+00 -5.451841193606399294e+00 1.723128407962930986e+00
-1.436601135642291416e-01 4.642794068446592703e+00 6.476310059503194161e+00 7.913023460239611673e+00
1.166761495837479234e+00 2.321421883422056354e+00 3.999972460679797059e+00 6.814844828414846845e+00
1.107409037089320059e+01 1.729603006948579047e+00 -3.233288539339715051e+00 -4.250344257822991523e+00
-3.210267841762001861e+00 -5.013274328035890015e+00 8.059697783466216237e+00 3.865141305213583678e+00
-1.311448589535159304e+00 1.112553231779546570e+00 5.724585361445305942e+00 -4.448608930647238502e+00
1.016192533023570022e+01 1.927993160175375698e+00 -2.168872740246317043e+00 -4.022529967732518585e+00
5.635545190451520803e+00 4.629838855050212310e+00 -4.218405431608982070e+00 2.163453804936445568e+00
8.235277567388965991e+00 8.910414686176789667e-01 -7.775193391083332628e+00 -3.261192336914672474e+00
7.596988251067847919e+00 -2.246333240128661757e-02 -5.019085039110321667e+00 -3.061455540313121837e+00
6.720533903619826610e+00 -1.142685411036798104e+00 7.801438832861420813e+00 -3.484128941029561055e+00
3.543223819009029718e+00 9.698036960922490124e+00 -8.495951593745955321e+00 3.369679545950510224e-01
1.977582606050583891e+00 9.433641004517403061e+00 -8.449066574250515771e+00 2.453817471380602022e+00
8.336791557264001895e+00 -1.779800585837239435e+00 7.242586977330048192e+00 -5.062144440124304090e+00
2.751922812767259696e+00 8.751488722696691980e+00 -6.629104070365882784e+00 4.045423511931542926e+00
6.613063749746450171e+00 -1.860051431508662256e+00 7.912298496306088502e+00 -5.797417682980485765e+00
-4.490702715038178972e-01 1.244480948232251194e+00 8.073471212141615894e+00 9.526813098556615955e+00
5.212200089667201830e+00 7.443475595360986574e+00 -5.527399229616616338e+00 5.404638602287720417e+00
6.137940921273509431e+00 -2.115341403959900557e+00 8.283187965529087649e+00 -7.140437411974745352e+00
1.035030287865127896e+01 1.575613819686415118e+00 -3.930475413078261315e+00 -1.699908812327177277e+00
7.110166485428968564e+00 -2.304583239903716940e+00 7.052215037584171675e+00 -6.080218494717810174e+00
5.364463968910931690e+00 -5.972585366015939812e+00 1.254348418106890684e+00 7.242843102605620587e+00
7.178519116099270292e+00 -7.280350717457803711e+00 2.900614781445122858e+00 8.945431866738136506e+00
9.628392245768807811e+00 7.972408641518838879e-01 -4.053643771401763019e+00 -2.460284087731360536e+00
-2.887411760433865604e-01 3.944642325903678248e+00 5.189005502955271965e+00 6.140115628207270859e+00
7.017766897291163986e+00 5.857895894679857385e+00 -7.856811690369834622e+00 5.283069110739814001e+00
-3.728995432137847121e-01 3.632849796954594090e+00 6.895896029264672045e+00 8.630759850125645727e+00
5.612194999770312442e+00 -2.894720254703635032e+00 6.710717945931648387e+00 -4.650111649877539222e+00
8.216823157920931209e+00 -6.792876788541641453e+00 -3.612737600805431271e-01 7.845504143399354646e+00
-6.750984339909914533e-01 4.067244891329208301e+00 3.745361361078091811e+00 5.579104313022213546e+00
-1.925615173735414132e+00 1.226432632088873875e+00 7.368201360672264499e+00 -4.565061744152283829e+00
4.270062960220988302e+00 6.962645989306048833e+00 -7.537023303967173682e+00 3.417329436512954732e+00
7.414006088809250272e+00 2.144238817357019045e+00 -2.815915944730660314e+00 -5.484688671111206837e+00
-1.308175525098776326e+00 1.152954513502965739e+00 6.329485202094390139e+00 7.566056561613399900e+00
1.300890502204169019e+00 7.795737324574863791e+00 -8.378935724592867729e+00 6.032649319861949078e-01
3.030811643785486176e+00 6.214692369462186505e+00 -5.699696467133939848e+00 6.032488109365129247e+00
-1.983352507827582656e+00 3.682388943776761181e+00 4.438091382433075438e+00 9.696644656836813425e+00
9.098046514400449425e+00 4.422753029643057832e-01 -6.262491032779403000e+00 -4.638445325003971220e+00
8.161152792344912754e+00 -6.213101840905547846e+00 2.970731640453920797e+00 6.513221269950917325e+00
9.241373375440447901e+00 -6.968209968982207458e-01 1.115552852125502525e+01 -6.159009813069332040e+00
5.713995265089057973e+00 8.384685827133514735e+00 -7.991195814775158723e+00 4.605871008753701368e+00
4.808469475170920049e+00 7.482552292962084906e+00 -7.694484917515304723e+00 5.148260004804805945e+00
6.935933737700523238e+00 -3.691308373571803081e+00 7.143996594755525287e+00 -2.935765453296224514e+00
7.135212199893364193e+00 -9.069164566914530434e-01 7.456621011945319566e+00 -5.799124606902092971e+00
5.884191507473541805e+00 4.901244381276191220e+00 -5.591859052222746485e+00 5.572234388959969920e+00
2.247278084819462229e+00 8.938566430486570624e+00 -8.052414281874360924e+00 7.258087309837917278e-01
6.630650183394544150e+00 9.284861228227507368e+00 -4.912720259673886147e+00 3.058720385876244841e+00
2.330634897004967065e+00 8.708923020406391657e+00 -9.154721245540015317e+00 7.267730302535528875e-01
-2.869645985664994292e+00 -7.241658863464599527e+00 6.917490075432477958e+00 4.092538878874677266e+00
1.022722051530503862e+01 -1.305471317701727418e-01 -5.669025648158463326e+00 -2.713844726173934685e+00
-1.948562356214507130e-01 2.725115488325601021e+00 6.681009394239665333e+00 -2.822401573062749414e+00
2.886771013635223149e-01 1.505626775787458627e-01 6.067655334085966246e+00 -3.998632821877811772e+00
2.381713754787870396e+00 8.291795036358873716e+00 -9.887678672050929762e+00 2.029315770581022527e+00
6.657379976067892891e+00 -1.064549219192029383e+00 9.580141063672135360e+00 -6.399530284325985363e+00
6.312094629356233000e+00 -5.714810950944566592e+00 2.695877693484871163e+00 8.485714379840809229e+00
8.076448907839257174e+00 -6.137675332404444184e+00 1.529443347034773915e+00 4.389435916028439522e+00
6.414213190900577288e+00 7.081694209654115113e+00 -5.706233921125513753e+00 3.473442121399899385e+00
1.327614210886891577e-01 2.745621843179767652e+00 5.465966492294078272e+00 8.488915476427658646e+00
6.580903786263929689e+00 -6.102747164182877881e+00 3.594078222329034844e+00 6.099847574351223045e+00
-1.596312082078676031e+00 -7.700906787292516320e-02 5.064391157633028939e+00 -4.273811058390560191e+00
6.854949867422550192e+00 -4.092274295422908548e-01 7.620964321335936376e+00 -4.221478364406205941e+00
8.819610243230521007e+00 1.369985861884954081e+00 -4.013290756742375009e+00 -2.327767382915353345e+00
8.822490600223529711e+00 -7.407365961658962661e-01 -4.878901923179351563e+00 -2.761803695756698040e+00
6.756406511542823345e+00 -3.989511149471899554e+00 1.414934556693759449e+00 8.136181823827904225e+00
-2.651561801373303329e-02 3.373096191129625776e+00 5.325707889303559206e+00 7.123490585025995969e+00
1.280344893415170882e+00 8.161091351492338219e+00 -8.359750651035977143e+00 1.416988635626479809e+00
8.165130106736501858e+00 3.811426987083710860e-01 -5.844175365143631673e+00 -2.900186557251324793e+00
-3.190558417755566811e-01 1.486951060889446286e+00 4.799928904081988357e+00 -5.690475635090474604e+00
-1.995117513661119224e+00 -3.773856392333481580e+00 5.344740916900416750e+00 4.806535252768654232e+00
5.835140250235373305e-01 9.755965851780237230e+00 -7.158403369362020818e+00 1.184111117554229375e+00
5.531035826610560591e+00 -1.079371340113937094e-01 6.942948043805593272e+00 -1.739874276245319429e+00
8.194475769744745008e+00 -9.489515886218083951e-01 7.589935268415774594e+00 -4.908402779006972416e+00
5.483147044374542922e+00 8.161075487461189937e+00 -4.753173782925296464e+00 4.029152841352630077e+00
-2.861052004513182645e+00 2.965531065453311577e+00 5.430539288510159324e+00 -5.960642281569361600e+00
-1.605457723999402786e-01 2.211490237581283935e+00 5.373221157847440033e+00 7.629051854080703521e+00
-1.210894377891796214e+00 2.651551788446963709e+00 4.037132298486970861e+00 -6.396546624071495657e+00
8.642283874666196741e-01 7.659767927043350078e+00 -1.022285262372279746e+01 2.249632872816319740e+00
-2.330265536038315766e+00 2.690864575547313287e+00 4.913374521054443278e+00 -3.623160241430593231e+00
-3.627006253885652898e-01 2.879534021245953035e+00 6.769556085046990468e+00 7.276690838801665784e+00
9.087592010037251811e+00 8.488228969017216352e-01 -1.716413334570878746e+00 -1.215762284820221417e+00
3.880053890649349135e+00 7.810587318643533727e+00 -8.593181828914438825e+00 2.071989390815844878e+00
2.323903962742293050e+00 2.367966214829967164e+00 6.369120464109849777e+00 5.928285602023772860e+00
6.086125280659474335e+00 -2.649774158097788934e+00 9.292353516884116260e+00 -4.898924260357828686e+00
-1.862199058597873158e+00 3.900951176629368078e+00 6.374151278536726473e+00 8.158081308787556551e+00
4.702163986403466112e+00 -2.529400126884166156e+00 6.006198996317770877e+00 -4.220353434146636218e+00
-6.254622151498254734e-01 2.758551242162325057e+00 3.657043695078781465e+00 -3.106817946240493455e+00
1.003197306820064583e+00 2.332085025018933777e+00 6.457042997130492346e+00 1.073658447501279234e+01
4.490548080804056319e+00 6.748736761614307689e+00 -6.268490726713360495e+00 2.991814393884496770e+00
6.122869149220790064e+00 6.348406174177835481e+00 -5.082309845948820737e+00 3.537139532092667960e+00
7.372196646498654360e+00 -5.546772407589937615e+00 2.935279675941901978e+00 6.534813768591072325e+00
-1.908753829087888931e+00 -5.436213075767312830e+00 8.129817680516088885e+00 5.354747539062632455e+00
-2.134768609308720144e+00 -3.967605221972821727e+00 9.536627814760544553e+00 5.955704411516234309e+00
1.391876546138545834e+00 4.385099470786154363e+00 7.417836702023988593e+00 6.215450748722795460e+00
7.697767220183923342e+00 -3.253844232083498156e+00 7.148559430576675311e+00 -4.376648023968156664e+00
-1.651742784293467992e+00 5.157321004846057377e+00 8.731180706706052064e+00 7.886058852227201044e+00
8.079434433712981090e+00 -6.879693555282573314e+00 1.563989261143215792e+00 5.185708479007359983e+00
2.834433660033041757e+00 8.019775704457105192e+00 -7.977472079587892395e+00 1.053691981873084105e+00
-4.454633419920501769e-01 3.219775687709168110e+00 6.791484928305585811e+00 7.143677885328802546e+00
-2.928964541671575272e+00 2.232255035444143942e+00 4.466949567615003502e+00 -3.967620702026790180e+00
8.036066316254288466e+00 -6.126632729130123245e+00 2.643801719793509086e+00 5.634184527243100149e+00
6.066883214773787891e+00 -6.622518813661875114e+00 2.017847226580776088e+00 6.823895408531641671e+00
8.578922357461170378e+00 3.884269856318458558e-01 -4.116736977912013096e+00 -3.117369010904658566e+00
1.864743987612988985e+00 2.884100763644685816e+00 4.277134272465636045e+00 9.128187152127663850e+00
-8.780841393574221332e-01 4.258677070348760196e+00 3.776096042021976018e+00 6.404502070249442625e+00
6.666809988661256625e+00 6.979947330244358206e+00 -5.305882284634618529e+00 4.236781259026514590e+00
-1.415007642621424644e+00 -3.487584600866272311e+00 5.905538060781673870e+00 4.590004840172271727e+00
-2.744732264284875711e+00 2.035875849248556690e+00 3.120941963073555314e+00 -5.374849133201720086e+00
1.109874645003617744e+01 5.274342062304817613e-01 -4.728466862535816162e+00 -4.192794178690471441e+00
5.737855302898565490e+00 6.438726343020788612e+00 -7.955437261314223463e+00 4.608384960675184772e+00
4.926603179361473295e+00 7.241738072869672749e+00 -7.838641989652869846e+00 3.441945985628935389e+00
2.068421437009849484e+00 1.029313902115102053e+01 -7.009647539124546967e+00 7.479330536727005763e-01
6.785833884273332117e+00 6.957349793383161618e+00 -5.369700855448221510e+00 3.393458035795158256e+00
7.500182553463187851e+00 3.071885183853225176e-01 -5.341671387337323829e+00 -2.565622019283409383e+00
-1.527014738948953676e+00 2.309172463722263036e+00 5.051641075990261243e+00 -2.832431873413985279e+00
6.991964878397824101e+00 -1.292086202686920871e+00 9.045095519865945732e+00 -4.996526218812999964e+00
-2.786681999584021963e+00 -3.564419954035540350e+00 7.723635199690443542e+00 5.963781657464863883e+00
6.740272325294134781e+00 -7.229329222812989286e+00 2.327615995792790660e+00 4.623048263423166659e+00
-1.044349460706916588e+00 2.968628138408856643e+00 4.896350553274274375e+00 -4.291045449775631404e+00
-1.578205145540657606e+00 2.355739872663896950e+00 6.672633436637793736e+00 -5.662318031095036730e+00
-2.906961246936364152e+00 -4.290597830247131483e-01 5.095200515125948293e+00 -3.640760755556758710e+00
3.378281821667179052e+00 7.892992936123051528e+00 -6.434968199385949106e+00 3.940630213740698995e+00
6.287528117726049359e+00 1.416867773064850233e+00 -3.609542730410058020e+00 -3.234845295733318249e+00
7.644785793220055581e+00 6.795298798591800082e-01 -4.232772414450548304e+00 -3.475376473265966659e+00
5.936266587497438962e+00 -1.266263084972876873e+00 8.283983847302863524e+00 -5.084623698732857910e+00
4.976263138437485800e+00 -5.801858635476073722e+00 3.505539394572957157e+00 6.685040866134071891e+00
6.318952197408572502e+00 -8.132684012140608543e-01 8.428665881181348851e+00 -3.518314812278536152e+00
6.457969104488423540e+00 6.395173765612808481e+00 -4.107926063646987203e+00 3.906107065163697101e+00
-2.614903745502392240e+00 1.386273245933965281e+00 6.021309548115406862e+00 -3.950365940501467055e+00
-7.493958048264495186e-01 -3.836190681649854994e+00 7.519266298453482378e+00 7.197592074858925493e+00
-2.916882779596645214e+00 2.424038949286710931e+00 5.014217749545668568e+00 -4.915945727267096999e+00
8.093971638966502624e+00 8.256392148226808780e-01 -5.032654140747951033e+00 -2.901557369400935116e+00
5.969305389997949796e+00 -4.829380018336892899e-01 7.688527231664933126e+00 -5.069152149790217443e+00
-2.140623742570674004e+00 3.566555002785040340e+00 6.175717109979661501e+00 8.607771682502569632e+00
7.377681192846520020e+00 -2.355538839570628706e+00 7.919333724343250225e+00 -6.019346005538725564e+00
5.587097893733083964e+00 4.101529055757131559e+00 -4.499217112008995656e+00 3.736587732038633813e+00
6.601486527200608911e+00 -2.491134561209195741e+00 8.849819133854001763e+00 -5.342793025078548474e+00
8.925505436129345327e+00 9.927034543763370023e-01 -3.028445834384534407e+00 -5.268397118695117953e+00
9.555687500239468335e+00 1.839023467352662866e-02 -4.927554121064982695e+00 -4.702631245109172298e-01
7.467549684646543895e+00 -9.046913956310193683e+00 1.672008674730734779e+00 5.973764313449685837e+00
-1.244561992551720842e+00 1.634679591119292619e+00 3.435379087672134624e+00 -5.010240400385338688e+00
7.669328822483120867e+00 -4.873985589939955787e+00 2.489648232162892771e+00 5.864984546346135197e+00
8.396241922796825463e+00 -4.375383240123931206e-01 -3.702902132244580535e+00 -2.468291233170469390e+00
7.332489034660084393e+00 -8.431961478771577978e-01 6.890817884053537234e+00 -5.111668290938784054e+00
7.075006713368113154e+00 -5.955617781893087326e+00 1.488870891104285832e+00 7.388011866200471012e+00
-2.165203581791715681e+00 3.284852580754693996e+00 4.897506994889423204e+00 -2.808134535562976986e+00
5.821659925267573144e+00 -2.619450050642824657e+00 5.798731708509466287e+00 -2.869223360675675849e+00
5.610770335228836281e+00 1.068669371984299410e+01 -5.434524467530483349e+00 2.946575785105669532e+00
6.635607956974330257e+00 -6.639302422714045138e-01 7.811677045119465035e+00 -5.053758416264728659e+00
5.371292804819015387e+00 7.986216046648413780e+00 -6.075204560872946580e+00 3.435347881675204107e+00
-1.467930674141289638e+00 -6.372626016970495577e+00 6.504106689942509512e+00 5.483110883626096665e+00
8.863830656372510219e+00 2.301412767290095918e+00 -5.184965812604851898e+00 -2.474937673874417321e+00
-2.515572911822611779e+00 3.529628924401252199e+00 5.932938814413450501e+00 8.729368020402256789e+00
5.797975560005133033e+00 -8.284632797788486158e+00 2.875702177479566579e+00 9.146326393406535971e+00
8.264682828156093564e+00 -1.936855736943798423e+00 9.500306664166760839e+00 -2.872330390768389030e+00
-2.083186379751166051e+00 2.766542867007153017e+00 5.539375571291099476e+00 1.090938309519442484e+01
-1.615816198392864944e+00 -3.118390680055295849e+00 6.510232000185219192e+00 5.293355956142526964e+00
6.678319580965499824e+00 -4.737436451677146998e+00 4.667062684927506311e+00 6.455299794258401391e+00
6.945021536436746246e+00 -8.615287255177246806e+00 2.796806734444123421e+00 8.341202300131685732e+00
2.792820902465958710e+00 9.531557309769139508e+00 -5.356590281941656428e+00 2.671170100990236662e+00
3.566072197649003961e+00 9.166380097540184124e+00 -7.589576380570279390e+00 9.828274074890288592e-01
5.823471038610515293e+00 -7.975112788683191845e+00 2.599829588920590684e+00 7.838052190222065896e+00
6.573208674577792010e+00 -5.541685322845162354e+00 2.349705614459884018e+00 5.486562570505304492e+00
6.186374344023114702e+00 -6.858347001776067264e-01 7.666895912434714688e+00 -3.379339427191877299e+00
-1.965157991316007324e+00 1.887898365503806186e-01 5.028043276379239757e+00 -4.963401903843399410e+00
5.971694287289492920e+00 5.342801364245171492e+00 -5.687452449098828744e+00 2.428659433297545078e+00
6.453767543626950598e+00 -9.635457492441634741e-01 8.713793814405001115e+00 -5.483971432512758426e+00
4.733409233430124097e+00 6.226958327721481723e+00 -4.910478572276047338e+00 6.341374126950116263e+00
1.237469754302707781e+00 9.828704442165783206e+00 -8.662480178543228604e+00 2.386985484214350528e+00
7.689576771428101587e+00 1.399315005681455837e+00 -4.084210292169109913e+00 -4.931244871671928820e+00
5.971999234996427930e+00 -7.049455077768254085e-01 7.471051006937924122e+00 -2.955443076188660534e+00
6.972985861550635711e+00 -1.660483880087848529e+00 7.787943047523437912e+00 -5.373320860217106087e+00
1.179668971272764821e+00 1.078784199642454844e+01 -1.190324768737268002e+01 1.753117306423065846e+00
-2.175492856171685307e+00 -6.631049221217733880e+00 8.734087787042772888e+00 5.856204813724304792e+00
5.645860365390541702e+00 -6.035621984464786927e+00 1.105104758359300998e+00 8.965377728097049470e+00
4.373078983098324102e-01 -4.534393409800288488e+00 6.347767699707679512e+00 5.300888387332375551e+00
-2.392534893599344681e+00 4.268951905200806252e+00 6.736401057231606870e+00 7.349512014190001885e+00
3.614506345544707955e+00 8.623150428096218789e+00 -8.777394887538322976e+00 2.996503810333851270e+00
8.259280336848330961e+00 7.075619895719149621e-01 -4.538546911704315789e+00 -5.028844641611295962e+00
-2.400165755513976595e-01 5.089582356048691025e+00 7.686896362077408895e+00 9.081386681782149140e+00
-5.594827095855083865e-01 2.832958869438639837e+00 4.986452934779956436e+00 8.866374360774656793e+00
2.661534155803201962e+00 7.598146264246551596e+00 -1.087607428010735511e+01 1.686206531458912083e+00
5.983776209869509977e+00 -1.546204095368652442e+00 7.674370829834994190e+00 -5.348612063670030281e+00
-4.495617637887578399e-01 2.862145402457963339e+00 8.456265951982880225e+00 7.841622614622973053e+00
3.366144041128613651e-01 3.354073057757627652e+00 7.475827077745798022e+00 1.005204684322984932e+01
-1.914484168065584413e+00 -5.376945150515638261e+00 5.255919616170698028e+00 5.519506417662847220e+00
7.150588600767193270e+00 -8.412136327963954940e+00 4.761397329125440336e+00 4.489660143982177054e+00
4.955114657561304981e+00 6.976128446390146287e+00 -3.856702487267631430e+00 5.473356398527940314e+00
7.324881539671516784e+00 1.630862744893841532e+00 -2.155576179683377003e+00 -2.931389985459223801e+00
8.074771877718644575e+00 8.216851136127657496e-01 -4.421735959225198798e+00 -2.169003041714809399e+00
5.751499265136377659e+00 8.481271826886104259e-01 -4.820178009236331107e+00 -2.847971022904066007e+00
5.737852327962765564e+00 6.784401355106481901e+00 -4.177074173701678994e+00 2.673464383177441839e+00
9.077089429416320243e+00 1.802197658193865459e+00 -3.340260237576331726e+00 -1.439290100131261241e+00
-1.838833602512060184e+00 2.904168929540872579e+00 3.662664982796520086e+00 -3.604027906814193383e+00
-1.310667247429357918e+00 -5.525614203301078220e+00 1.002573931937427787e+01 4.087109681088959334e+00
5.918877993441165941e+00 9.657506816771974645e-01 -4.007476242654425036e+00 -3.447542535070912795e+00
5.430877636227472216e+00 -3.467172444404287290e+00 9.769471795467588038e+00 -5.259167525096670737e+00
-1.421520740264514693e-01 -4.374486790693977056e+00 7.344245677219450208e+00 6.637975400518675073e+00
-6.532717434114718724e-01 2.666500689619460740e+00 5.028748975301013502e+00 -4.080306144604142204e+00
7.137016182920791429e+00 -5.125416910155766725e-01 6.537043695394070930e+00 -5.498492995039334197e+00
4.671716858803671713e+00 6.751990150311968364e+00 -6.070141370888983978e+00 6.940694153448967896e+00
6.427183780038688177e+00 -1.630413407032595519e+00 6.790284307685948484e+00 -5.640185538686653288e+00
-2.397555007169927421e+00 3.963442253625073519e+00 2.646929908818622668e+00 -3.672780869394460801e+00
-3.093103089750046664e-01 -4.202111907851366013e+00 7.133300318093456660e+00 3.613182354002455021e+00
-3.009142450946385328e+00 -5.872904587374892849e+00 8.273252282500623167e+00 7.158757487192132452e+00
5.718463769500479188e+00 3.981772453269137646e+00 -5.517000307307562856e+00 3.430255509982225171e+00
7.268388034067094772e+00 -1.538073703035425677e+00 8.000980865171642975e+00 -5.976194878698373181e+00
-2.769735952990160399e+00 -4.103759652500964528e+00 6.922995284873747934e+00 6.285984910861088792e+00
-1.450698936862658162e+00 5.070937823116850929e+00 5.776473459080548878e+00 8.682216047952586280e+00
-2.003920992601936124e+00 2.471762437667833989e+00 5.580665061815710537e+00 -3.828546219433873077e+00
3.570632582246968667e+00 7.159136803860277176e+00 -6.262696443304691662e+00 4.929394852133658134e+00
-2.011074659377523055e-01 -6.497218827804547736e+00 6.280646899241270731e+00 3.741527004097460640e+00
-4.887570885799458864e+00 1.492015673310173263e+00 4.816784059575390131e+00 -3.825359632120269637e+00
-2.518576556013101708e+00 -4.054156681513489957e+00 9.220454193643323748e+00 6.694288432209508422e+00
5.996158774112934076e+00 -7.845346056087805664e+00 3.029166999948047057e+00 4.978303520575953378e+00
-2.875920741318400253e+00 4.295395246974407222e+00 6.895937036563635658e+00 9.977469780610835670e+00
9.306796589252995133e+00 5.735718312445141631e-01 -5.361540736310322686e+00 -4.466102701531199592e+00
-3.333868490563159259e+00 2.949607357535634300e+00 5.338035129756118380e+00 -4.343861244668744348e+00
-6.268080141489322799e-01 3.957375308679067505e+00 7.198188797012537776e+00 9.034147844926456727e+00
6.638083874726607547e+00 -5.242471562177952737e-02 -3.294588402411222638e+00 -2.821121187184173262e+00
-1.854361395113868216e-01 -3.568615089500003723e+00 8.612706713289528082e+00 6.203139127373525241e+00
7.881747078910772863e+00 1.728250302933193039e-01 -5.656490566052710278e+00 -4.209610584432801339e+00
4.202753061114286481e+00 -2.947362719726007718e-01 7.920886849623683723e+00 -4.799010292003679012e+00
9.004135473649769850e+00 1.729407342554287741e+00 -4.533426244391645099e+00 -3.246540397847449633e+00
-1.542460011502264638e+00 -5.117278479871242070e+00 5.510632164196865190e+00 3.122425804662531057e+00
8.879460845303428940e+00 2.424855467330445657e-01 -3.473709931741587376e+00 -2.203973757190977878e+00
6.696882675805983176e+00 -4.348137167241259426e+00 9.360135732708854128e-01 6.261413886089159497e+00
6.397180717701344221e+00 -1.269415453308011532e+00 7.786841694672187231e+00 -5.578759274477688379e+00
1.375627558914801707e+00 9.352155498444064463e+00 -1.120177602856136723e+01 7.180868702435438955e-02
7.666165682668667714e+00 -2.579855325394779797e+00 6.573203022959763331e+00 -4.599186564966458057e+00
1.011145313984917671e+01 2.605964040778138369e+00 -5.518983905101380927e+00 -2.399145852229036979e+00
8.994996850561047808e+00 -4.017578727942268557e+00 5.440870879865780552e+00 -7.868470196562466157e+00
1.335616503645653985e+00 9.966111364303900544e+00 -1.062795283332926033e+01 3.586758555566434303e+00
-1.152307044117547585e+00 1.920550363255404180e+00 5.365589144913985642e+00 -3.261972185853743156e+00
-1.383448959101205800e+00 -6.853248958560641313e+00 6.013310204366943523e+00 5.642173395889680698e+00
4.353193550180376015e+00 -6.739419621480545963e+00 1.993224317311266258e+00 6.487962549247682453e+00
3.354896302526393370e-01 5.294248676831476708e-01 3.536457021531711931e+00 -2.944168742928218840e+00
7.882660403473389366e+00 2.731757276452806416e+00 -4.650116410884683305e+00 -4.410946658462301606e+00
8.603662092105823334e+00 -1.655600276284857397e+00 8.132730517064144848e+00 -5.938932556064125734e+00
5.181456616801772164e+00 7.700266603341896499e+00 -6.458927802871190949e+00 5.595084478687970986e+00
-5.242437188194608577e-01 2.314424935996971300e+00 7.883815668538382226e+00 8.699085635796159011e+00
6.764141033373567424e+00 -6.841064511544013627e+00 2.684489871291654950e+00 3.385388418743675576e+00
2.894347815000013480e-01 5.661685898010897944e+00 4.499272608489414793e+00 8.452144675527126338e+00
7.558322159373631166e+00 -5.223396751920977854e-01 7.133309043995359922e+00 -3.624305439114393401e+00
-1.518508797181310932e+00 3.258218793877913910e+00 5.793122226889811266e+00 7.941354008585070900e+00
5.970218790273120746e+00 -1.894528684496749271e+00 7.360148875167164206e+00 -3.623792516451387336e+00
1.962625452180512431e+00 1.129946454429811453e+01 -1.026838031327212519e+01 2.051275323172954579e+00
7.539228159952970465e+00 -2.253864588601878438e+00 9.461370634720832840e+00 -2.295579411872746611e+00
2.057699731680987298e+00 9.888882398385836936e+00 -6.776974718744622983e+00 -1.133511268452112031e-01
7.087245001387714183e+00 -5.216110363440343178e+00 3.853289922956996794e+00 7.835005313643778280e+00
-3.431065860763596653e+00 1.560156274109472996e+00 3.396499307093640674e+00 -5.196891375407886926e+00
8.526306476858505068e-01 1.115435261966895197e+01 -9.532643903043958034e+00 2.823656044334016180e+00
7.093657361387823990e+00 -9.506670474110231472e-01 6.709705316442690304e+00 -3.831131426207871726e+00
7.644232929441433733e+00 -3.942391318467747929e+00 2.319025682246242503e+00 7.317550597998388362e+00
6.826010861432259880e+00 -6.326971243010934387e+00 1.607017828192965014e+00 8.476586376148066648e+00
7.682172717504347048e+00 -7.535216205537565770e+00 1.976206375860805053e+00 5.438126490493867315e+00
6.791602037440086725e+00 -2.071918212035116280e+00 8.385741817995398861e+00 -4.450945584936958355e+00
6.199174924007986753e+00 -6.320765353034278000e+00 1.316983354664395200e+00 2.867507217456105373e+00
-8.011018444552445716e-01 -6.047302699621074140e+00 8.085476640831419815e+00 6.726985971500592854e+00
5.786899772057056524e+00 -5.368003112112373465e+00 2.393995610150071673e+00 7.424468414702742436e+00
3.270336112197546274e+00 1.079975072547745008e+01 -8.274946522328951559e+00 1.203381498529905835e+00
9.749111674512601411e+00 1.782691286964497301e+00 -3.885542076217141094e+00 -1.289913107818302818e+00
-1.681916093245034771e+00 -6.051451853050816787e+00 5.870311601721006411e+00 4.450555996932853198e+00
6.247182794828048280e+00 -7.422852963262782211e+00 2.756549772635597417e+00 5.294709094737221733e+00
3.195008975572130705e+00 -4.760688596637079328e+00 1.172218969677896849e+00 6.929196762546950161e+00
6.813821575629943617e+00 8.119538860361251054e+00 -4.739339227134737875e+00 1.124156261760437925e+00
6.610596448006315740e+00 2.748772089330853152e-01 -2.055120652808219539e+00 -3.669810163253883317e+00
-1.352714386147548797e-01 2.130405391131785287e+00 3.926523295964027938e+00 -2.420012239952963995e+00
1.983127990479190306e+00 7.159787384223230688e+00 -8.665852894281503183e+00 1.941087997739316284e+00
8.837392510665178502e-01 1.000739588337951957e+01 -1.017346221216224578e+01 4.475699431878934487e-01
5.494993639439305078e-01 2.427159091135049351e+00 4.387773083371112826e+00 -5.893558231755604560e+00
-2.868115999930829219e+00 1.091517950726105468e+00 6.711523303047419731e+00 -3.992978833205629297e+00
2.869705724613112352e+00 9.611181328831863269e+00 -6.983829523663395378e+00 1.065780861828411474e+00
3.564641928050503950e+00 7.187650348581979820e+00 -9.887306126367295889e+00 2.406354220305860103e+00
-2.400886791243006524e+00 -3.781046374970418178e-01 7.237557782063246847e+00 -3.889507761721266554e+00
-3.041236938675738521e+00 2.620225116899216555e+00 4.309448943019391187e+00 -5.059671574089986024e+00
-6.093043654388772268e-01 2.525068865931983098e+00 5.176148798492341108e+00 8.925645754622987482e+00
1.910831688942900453e+00 1.050296476624359876e+01 -9.023800720903052408e+00 2.347308333178257822e+00
7.713608795900828596e+00 -7.890349621850996975e+00 2.105326115615973048e+00 6.053344302234477503e+00
7.542160653423314542e+00 1.408248931067600740e+00 -5.077513294435278546e+00 -2.525336272584778552e+00
7.374309995305950771e+00 4.756987968383274978e-01 8.401199929554458379e+00 -4.087654363596263885e+00
-1.759760921321192884e+00 2.754603936665730224e+00 6.242321212846571044e+00 -4.234913530948727356e+00
5.128839300362115772e+00 6.388205937682682745e+00 -7.004808680298999946e+00 5.556196324515449092e+00
5.160660924377773462e-01 -5.506339962334989124e+00 6.423843876226966287e+00 4.855160913756409791e+00
8.658413738931255210e+00 8.933361408136053505e-03 -4.508064800255013438e+00 -4.382562334038677676e+00
7.516137625079401197e+00 -6.467535201585288718e+00 2.924851474528021189e+00 7.237959596809923291e+00
1.091706126565491708e+00 6.170407544864451310e-01 4.627455168323220569e+00 -4.802103711436665812e+00
5.875298530192494262e-01 9.573807482151737602e+00 -1.119327155121492190e+01 -6.456875671325881250e-01
7.659972252776920065e+00 -6.286715658292744813e+00 2.020880907802953708e+00 6.692880623961525721e+00
7.646812763456713569e+00 -4.503059793840466618e+00 3.160151889410413251e+00 5.512170548831449857e+00
4.663469338101622341e+00 -6.043874926775510303e+00 2.122521542417990847e+00 5.322620426745100275e+00
7.592194627077699209e+00 -5.298989313375472854e+00 2.625856746362197569e+00 7.021965003818610107e+00
3.117541199011099717e+00 1.020705542303783275e+01 -7.880515434635415595e+00 -1.339821995754779671e-01
1.690972188192162218e+00 8.765601680640331850e+00 -1.002161256439056736e+01 2.935983328683304805e+00
5.213619120551964414e+00 3.177330939086024930e-01 8.345770043954201967e+00 -5.566682128425297194e+00
-7.487147928559513277e-01 2.272625949305031590e+00 5.669949730444473701e+00 5.609145924232734615e+00
6.675924159728250373e+00 -6.658761922234944564e+00 3.041324566901250748e+00 9.462346250957288873e+00
-1.800024196603966509e+00 1.801602524384366966e+00 6.658247069245043726e+00 7.835445859212061492e+00
8.036725481947392780e+00 -1.712353333800884725e+00 8.833255498419452678e+00 -4.473688520710333627e+00
-2.419574920809429486e+00 5.856904850022381481e+00 6.117677649086865621e+00 9.502217392977771127e+00
-6.973798476741241981e-01 4.355099546481746131e+00 5.846060390463131640e+00 8.371454948654536210e+00
-3.861708764816746964e+00 1.446218861294785940e+00 4.606640782353260022e+00 -4.986040341973189349e+00
5.882791807148302965e+00 -4.998942905724555352e+00 1.021994868465498918e-01 7.844252448885278284e+00
-4.037381316737622683e+00 4.781201983413712497e+00 7.250836598453241244e+00 7.177295737461265368e+00
6.597733657864226053e+00 -5.587642956188028975e+00 3.415746091948798302e+00 8.443255153152351866e+00
-2.402300770924253870e-01 2.418068107529025568e+00 5.729329282936650891e+00 8.082584344031493728e+00
3.487641119825737768e+00 5.213693516438556053e+00 -5.165977525581800123e+00 5.361344469619011122e+00
5.248453713443898216e+00 5.405492923832991181e+00 -5.114236792420301825e+00 3.478913412061495070e+00
-7.842940424126273458e-01 4.320786177378961312e+00 3.412835498101238763e+00 8.835858266169161368e+00
7.025968151073348267e+00 -8.233346900733247153e-01 8.278876260951170352e+00 -4.794265403986445406e+00
7.614829902791028005e+00 2.573479048958582815e+00 -4.263231493228508029e+00 -3.983092232477575045e+00
6.190408490771720729e+00 -5.857884249980768177e-01 7.401936235034799694e+00 -4.061562345767351090e+00
-2.699600782527174836e+00 -4.504938665069977866e+00 9.145546617382915855e+00 6.598022073018523947e+00
-1.319737425576396062e+00 3.092017298362955913e+00 6.299226370307579259e+00 7.147547671834947991e+00
4.731116218413770724e+00 8.034839054930268176e+00 -6.619627119800512105e+00 6.909263183823359356e+00
-1.132447612988298768e+00 2.450460522924212903e+00 8.319860132376733830e+00 7.007562054407738827e+00
4.797486164096929073e+00 2.889329446089676789e-01 8.016790230143692852e+00 -4.231288743017955767e+00
-1.733872130928539868e+00 -1.409164029423060072e-01 4.367742893174184182e+00 -3.728311880876778339e+00
-4.375374518594658646e+00 3.273592540068230861e+00 7.300657092241474189e+00 7.997170482737869790e+00
8.083274425564344057e+00 4.629795291139447433e-01 -2.722434036162766802e+00 -1.961013485649252708e+00
2.063615886723274784e+00 1.038258259760158353e+01 -8.618220332216843360e+00 3.402390498885897507e+00
-1.873363377064759971e+00 -4.671869364404441782e+00 4.849635285504447779e+00 3.954270855548307928e+00
-3.272684788739810280e-01 -5.294793139543248373e+00 8.913326079274160207e+00 3.093105857652012514e+00
5.374913019427064675e+00 6.131607362501587666e+00 -6.717931857987237798e+00 4.245760618532312236e+00
3.468289802016006895e-01 1.893640104505377009e+00 4.390136617138684194e+00 -3.635047951043516967e+00
4.261473052082166646e+00 6.999402744830832468e+00 -4.683773034409016489e+00 5.996769356304984200e+00
1.170356778821715293e+00 9.814214907412816657e+00 -9.031267817031658041e+00 1.904571110469790218e+00
-2.281469461331127935e+00 -5.961122070771826209e+00 5.840154245372927377e+00 4.064721883541551506e+00
6.897627728183680418e+00 -4.114564596762249060e-02 6.394074747030034089e+00 -5.712516046306970630e+00
1.105142212581625039e+01 2.125083157171294701e+00 -5.262243104676876726e+00 -2.605228498323353570e+00
-5.753928557501610808e-01 -3.542626980483402299e+00 7.146400211651825707e+00 5.894615236554647808e+00
-1.218396654052768646e+00 2.046726761211933976e+00 5.484185641833137836e+00 -3.105780519761888403e+00
-2.134517035934546225e+00 -4.582811126243798938e+00 8.300629425620700275e+00 3.815942918253557359e+00
-3.438871797842081968e+00 4.491207823930229104e+00 7.217316223553480015e+00 7.685771530994189860e+00
4.790252583283169940e+00 -7.882943731796562270e-01 7.176469275258273939e+00 -2.615876742872255800e+00
6.932050783749486023e+00 -4.982843465656632276e+00 5.123957790294023873e+00 5.147786086681167994e+00
6.549336409870014641e+00 -5.172804024121147926e+00 2.876074804726650669e+00 6.223979201368641689e+00
-2.101621498666132570e+00 -4.570167522560886653e+00 7.764223691717659470e+00 5.357687177816502277e+00
-1.424237001158045413e+00 2.327649488391008603e+00 5.752977982842153892e+00 -3.912206679051787539e+00
4.724051181873438310e+00 -1.681916707807118216e+00 7.249019574001563271e+00 -3.834346631104660119e+00
9.413488577705610982e-01 1.028147039430776388e+01 -8.053351853754733725e+00 4.424724908467561058e+00
5.366455953599182038e+00 6.950816939094812241e+00 -7.813779994848820465e+00 1.379539317260180198e+00
-3.729324622371159137e+00 -4.551602508831371630e+00 9.272098283134003083e+00 4.283571148426671193e+00
-1.166953624428917369e+00 3.189702107376828355e-01 3.534349818653825803e+00 -3.378460504845965939e+00
5.498472318120282587e+00 7.785817552914433115e+00 -4.564563725768381985e+00 4.040045307985901779e+00
6.010888594599725465e+00 -5.719370916335340560e+00 2.802102511516837424e+00 5.804289919366052430e+00
6.677398339196407129e+00 -9.635386613724591598e+00 1.789431967295817216e+00 7.302722124817145222e+00
1.036315283817406119e-01 5.071741082022733771e+00 7.158147935592493738e+00 9.371243964480964195e+00
-3.235328574811074276e+00 -4.182815675562720159e+00 5.500603275430052008e+00 6.088929075147963665e+00
3.332023617988786768e+00 8.812527626398583891e+00 -8.527332778803456748e+00 2.283088307612261669e+00
3.998842294174338452e-01 4.402596797351679747e+00 6.639658515144566842e+00 6.756914615355222864e+00
7.291536145506620770e-01 3.256033569951989559e+00 6.617885569811020829e+00 8.317702548078758085e+00
9.925366370962731111e+00 2.115842627715072588e+00 -4.149385610565325067e+00 -1.867980951465636696e+00
-3.325038539977180907e-01 1.541610108783448396e+00 3.385421490104885578e+00 -3.632635796305843545e+00
2.530410414138730690e+00 7.472780588709458272e+00 -8.359454087476949624e+00 1.908060426576306590e+00
-1.298140989502578835e+00 3.383273877303162980e+00 8.320147170164785777e+00 8.883107651417192940e+00
8.029183633811451060e+00 8.539326726094031983e-02 -3.490379987885919189e+00 -1.488935508973286304e+00
-8.027589413886495606e-01 3.379638657580167127e+00 6.731380219274312182e+00 8.089145759580626205e+00
-1.763621280989249529e+00 -4.168159067103528237e+00 7.304540050032342968e+00 3.040196330848954354e+00
5.226853250454738031e+00 5.958634910865193923e+00 -5.466673461501208031e+00 3.493136423648986355e+00
1.105201738489491348e+01 9.672565889688278240e-02 -6.545204534836848609e+00 -3.260585363693401462e+00
7.454951497973831387e+00 -2.535447216135627180e+00 7.767254214848434479e+00 -4.260957825699963841e+00
-1.098796641474041103e+00 3.019426548049821690e+00 5.716239907080156613e+00 -1.933996263954399275e+00
-9.148033216578828064e-01 3.346987990874386920e+00 5.851943810840785076e+00 8.385646759510597903e+00
8.156915511264162255e-02 3.509101335435967250e+00 7.953516307943415242e+00 7.612462331168026175e+00
-3.269920089551350273e+00 2.800328079914921275e+00 4.918136637889188201e+00 8.540294164359131912e+00
-2.397055106279064596e+00 -3.776628030157308302e+00 7.053123307523163632e+00 3.545826052607846002e+00
