3.973920327390713325e+00 6.310018520487143512e+00 -8.148462719161360113e+00 1.187843668859812629e+00
-3.743224946450513624e+00 -4.316472074419398730e+00 9.812237884922495823e+00 5.368208436368889558e+00
5.179690425780403729e+00 5.581252240250998753e+00 -6.932652820408303995e+00 4.106924270411075995e+00
9.006255763418462568e-01 8.466501579243033149e+00 -1.017599994418341147e+01 2.068709917224734962e+00
5.654234003419963628e+00 6.586168720304935498e+00 -3.847651866133808607e+00 5.256753610219206507e+00
-2.794843511677211012e+00 1.433486865267556087e+00 6.092953302941289451e+00 -4.814121203177784025e+00
-1.294644907629428632e+00 2.696738036992846421e+00 3.346626231971281840e+00 -3.010908323988966462e+00
2.040766527435059707e+00 7.048263765660281344e+00 -4.877415595558094452e+00 5.237914018248721604e+00
-8.600138642106256448e-01 3.426320964223783960e+00 7.470849132691700589e+00 8.145026147290442609e+00
3.429346679459868152e+00 7.131400901948874882e+00 -8.035778665534934362e+00 3.008245227658902454e+00
-4.177942763648259117e-01 2.369899256631007312e+00 4.243684052584790756e+00 -2.229465291727354526e+00
2.117285724509309741e+00 6.003515730253392135e+00 6.808873999356294782e+00 8.339980604082875004e+00
-4.094319588429362611e+00 -5.721330494039197134e+00 7.422317900714346273e+00 4.528271845293891928e+00
-1.352350022692225817e+00 -9.665148493500486104e-02 4.769543715833071573e+00 -4.330854433750473298e+00
6.033023722637257613e+00 -9.811554378014727407e-01 5.614241941812818659e+00 -3.463240623479148184e+00
3.762135042824168885e+00 6.306364078066913237e+00 -6.628668222528700582e+00 6.256685592929263073e+00
8.784773110284117337e+00 6.575745890997545251e-01 -5.385081196500895118e+00 -3.622078322151404794e+00
-1.197630670288641674e+00 -4.161339368669006333e+00 5.618798058400737538e+00 6.998320122246285635e+00
8.416226818329667125e+00 1.462430896447055151e+00 -3.333468507641248912e+00 -3.183734290264711220e+00
7.712905790375778281e+00 -1.523149417630823343e+00 7.626714911846304901e+00 -3.733288574886527655e+00
-2.226919670243557192e+00 2.050027893408443713e+00 3.899523413488108048e+00 -5.372694111417914087e+00
8.772702898235184676e+00 3.507274483936649867e-01 -3.721294300956719425e+00 -2.924254293831708207e+00
-2.403634590553937578e+00 1.926114483345162443e+00 5.443634225890487954e+00 -4.017490085592994475e+00
4.768488634605416721e+00 -4.048483890821046316e+00 1.591059338031082682e+00 5.423113086171333919e+00
1.645258386536281758e+00 9.228168955202814772e+00 -1.057139609249795775e+01 4.079438801285910632e-01
4.974166716115652420e+00 5.734889750739875502e+00 -7.268647625824693925e+00 3.564938149645868304e+00
-1.967220614966024739e+00 9.886874295274877822e-01 5.157941981755374883e+00 -6.047573405550521031e+00
-2.156295705182675881e+00 2.119619126536550713e+00 6.259368984230298416e+00 -4.235694795334117302e+00
-2.335945572663630010e+00 -4.264287081471080931e+00 6.591737727290324145e+00 5.189172674444747280e+00
8.695213430736755456e+00 5.746366212473621893e+00 -4.215566037324068205e+00 3.705667573246846036e+00
5.003368007309673793e+00 7.194438095159098268e+00 -7.946180372947702963e+00 5.445693368197382256e+00
9.230078325592259603e+00 -1.461389075437551810e+00 -6.019136064843212175e+00 -2.218698803845159606e+00
5.754126355711370877e+00 7.890002646655762675e-01 7.670444025013296141e+00 -3.569743224407504467e+00
7.915727446406926049e+00 -5.749283687110144037e+00 1.686126174774747799e+00 7.570824185846911192e+00
3.305080658308630959e+00 8.068836702069974720e+00 -9.087615046684209830e+00 -1.510702294176951010e-01
3.951497387278301687e+00 5.382108694134807969e+00 -6.108959621749455948e+00 2.891647019966136156e+00
-1.973375442259855506e+00 -5.016571914573885849e+00 5.799037735903810997e+00 6.906950335385063866e+00
5.330783201197169419e+00 6.088833799269310454e+00 -3.203910699435716491e+00 1.911886819600447929e+00
-3.118755762817054134e+00 -2.713112583666609456e+00 8.733086171761371475e+00 5.403134031965260320e+00
-6.188139433801265188e-01 2.651241438829922803e+00 6.652764877899721263e+00 -4.102142054923490377e+00
6.919230309712398608e-02 1.346808947311661120e+00 5.188388558747491608e+00 -4.067209498242373655e+00
4.606186532907571518e+00 -1.943482499042846534e+00 9.300498833570141954e+00 -3.478863856037098579e+00
-2.095967538758065185e+00 -5.179100859882617591e+00 8.424411436580372836e+00 6.949627448759256865e+00
5.743419705329753988e+00 -5.322659034110800214e+00 2.198168485892776136e+00 9.179306741129590108e+00
1.169249429253873540e-01 5.156031293483644973e+00 6.123205969184462027e+00 8.630107443799445832e+00
-6.635757118612617411e-02 -6.044970809320595606e-01 7.318790443987007066e+00 -4.819256337229711917e+00
1.222013473316569510e+00 -4.743201209293722798e+00 7.568311858436193695e+00 4.588342471357445440e+00
-3.298759681901902940e+00 2.018194984622280863e+00 6.865057690486890074e+00 7.513577899901633828e+00
6.626581460242513266e+00 -1.014271668047962427e+00 9.620014529379563584e+00 -5.162656201740830397e+00
6.593685307523061923e+00 9.050246112417493771e-01 -3.525102246925918337e+00 -4.281868826925417260e+00
7.887027976565062382e+00 -1.110278243519114083e+00 5.282216910259841747e+00 -6.007678054790254407e+00
9.373740284915221821e+00 1.548567129178853419e+00 -4.217053970363714654e+00 -4.381973351200659117e+00
-1.711419554511638852e+00 5.005624265342131451e+00 3.502990818354862146e+00 -3.824673036546154758e+00
-1.167961990447308418e+00 -4.616508041198010837e+00 7.250886839385489502e+00 5.938507338205547548e+00
-9.433741292953929936e-01 2.710650587244339160e+00 4.860592552752299511e+00 8.975634765228306833e+00
2.239542501839086874e-01 5.897406822640243185e-01 4.476395196179045577e+00 9.645436842001165800e+00
3.485041586324546969e+00 1.187474915560611777e+01 -9.333279338238245515e+00 1.082905823697498882e+00
-1.522902203465333226e+00 3.132020076704752132e+00 6.435140443369314234e+00 8.651073391472326790e+00
-5.122352657433060230e-01 1.602106270222234619e+00 4.384322672854850111e+00 7.793144140923891072e+00
7.319392302188340693e+00 -1.603186669709479872e+00 9.702871190056763240e+00 -5.688397247136361301e+00
9.166584283789807941e+00 -6.487722387671529312e+00 2.521206491017105034e-01 6.226747730839230499e+00
-5.309913627699567318e-01 -4.622486334263178342e+00 7.091428184217308583e+00 6.460815430002108783e+00
-1.281097831570181089e+00 4.998952872448769291e+00 7.686035888790599735e+00 6.312621617357406123e+00
-1.795586404225014032e+00 2.552792716516201210e-01 4.573490178418438745e+00 -1.894231194508784188e+00
-7.641742748481266112e-01 7.734524666989040398e+00 -8.704919145421410320e+00 1.473417939649512842e-01
-1.228349339543241214e+00 1.941422232914697066e+00 3.665810069080021272e+00 -3.917633126916285402e+00
-7.263457850484053013e-01 1.084266890543998940e+00 4.928607191221492378e+00 -3.549703690295824554e+00
-1.178652504643086019e+00 -6.629810366180704406e+00 5.600149664979092279e+00 6.211540158516304366e+00
8.274438134453049543e+00 1.555670092990618869e+00 -1.758166733365279288e+00 -3.296033027977769425e+00
-1.250135058621727691e+00 2.283735080323081590e+00 5.244789252613427877e+00 -4.283140959620545196e+00
6.578243764535867122e+00 -1.449741771961691850e+00 7.136162963885858801e+00 -6.014694060248307217e+00
6.078775882129371588e+00 -2.881107836069384476e+00 7.755434648145263843e+00 -4.900681538054111108e+00
8.693396230674046876e+00 1.441552878463720599e+00 -4.193163676342435586e+00 -3.353338292141556209e+00
-8.636114812808427521e-01 -5.497168605420684528e+00 6.054880597356031124e+00 6.250888120116799840e+00
9.931338664363362767e+00 5.974553623416051229e-01 -2.980705999621965585e+00 -5.442059829379085834e+00
6.641203222435329678e+00 1.559495230540276278e+00 -6.301184290182760606e+00 -4.778756367512912995e+00
-1.858413630325369770e+00 5.031930086998721130e+00 6.275993130160965272e+00 8.492931067245253374e+00
5.831947855698025762e+00 6.704015155937423920e-01 6.423493433634913430e+00 -3.740444271520375619e+00
-4.499751090566670442e+00 -4.637872390417272506e+00 7.271481020452342570e+00 4.338715806285906140e+00
-6.790049561521815935e-01 3.287051557031306803e+00 6.524975694468069243e+00 7.126540902728727644e+00
2.376625544669108248e+00 8.753172956194564591e+00 -1.092255183759094272e+01 1.652461387621964928e+00
-5.927106140837816728e-01 2.713028004893072165e-01 3.518396151166731656e+00 -4.323672116732016235e+00
2.137774702044657804e+00 1.046944618582310760e+01 -8.690839487346122993e+00 1.157048116433634366e-01
-1.367066641987943143e+00 2.179895752604472658e-01 4.190879743107754685e+00 -4.600889407624136673e+00
1.025258488562309367e+01 1.002190175334771727e+00 -3.240623127908110135e+00 -4.400399006913256805e+00
1.854072210715221658e+00 8.311810391425263234e+00 -1.041881570240782828e+01 1.577426558227552622e+00
-1.353663330957697308e-01 2.410680917828939229e+00 6.979057578557569919e+00 7.348185763525007630e+00
7.186995227758096405e+00 -1.786003579388154350e+00 8.379248410556867199e+00 -3.089489597881536653e+00
6.861912882303733419e-02 1.357742811555640028e+00 5.939178872076140259e+00 -4.197215803936977352e+00
-2.203739980421784317e+00 -4.331211684928258698e+00 7.561166560739827958e+00 4.422041601818341050e+00
-1.788399092346977248e-01 -4.991105512323942506e+00 5.958520430142875135e+00 5.246509028096948413e+00
4.413707489883895718e-01 2.693670155245867726e+00 6.976450635117883436e+00 9.756007894286831572e+00
6.347283718369043370e+00 -2.330323118429474150e+00 8.281973056121545440e+00 -3.601279971833579729e+00
8.392473800654718374e+00 -7.235899729426118476e+00 2.559953942774511049e+00 5.238641644160287214e+00
-1.847126819032126166e+00 -5.313970332867474333e+00 8.377383517933196799e+00 4.886823912113528401e+00
8.088611106370013459e+00 2.201822021622933390e-01 -5.270117535433569422e+00 -2.217410304827823531e+00
-2.914655995741155081e+00 5.489564734650784761e-01 2.419684878898589186e+00 -3.164928417285508111e+00
-1.821563841729486377e+00 -2.416400617533868811e+00 8.551963363721966971e+00 5.301713802088446670e+00
4.272865556711478163e+00 7.440853995941584920e+00 -6.143778403352018636e+00 4.834138316600482099e+00
2.853042920273284544e+00 9.449025272651153884e+00 -8.843615357459347237e+00 2.983327490766984003e+00
-2.906329563141476058e+00 -6.905352095407703672e+00 6.605643311378391225e+00 5.625247753880054269e+00
5.545735437919432798e+00 -2.145006195332651799e+00 8.336863604791235005e+00 -4.954868948416677910e+00
8.145761580814722791e+00 -9.374721691102566368e+00 3.288696480010680823e+00 8.294284275495659386e+00
-1.059973422301772272e+00 -4.756194346981295951e+00 6.640336798330539914e+00 3.744592559897653494e+00
6.707530649180986515e+00 -2.393287664471188680e+00 7.161250533676360774e+00 -5.238807964570349363e+00
6.916409247024152052e+00 -1.389959417580220347e+00 -4.704806436573206518e+00 -3.520208042314536545e+00
3.168617308354369833e+00 1.080135984576762098e+01 -9.120750687720097005e+00 1.391462470774375237e+00
5.857105018464166868e+00 -7.058860743127361559e+00 1.639995243050862861e+00 8.418151705597205492e+00
-8.170865725979190586e-01 -6.098775722664152354e+00 7.206634498715001058e+00 4.242963783684041701e+00
3.987828920026068591e+00 -1.900871505054816613e+00 8.257883762417213447e+00 -3.282613265323194085e+00
-2.307870684693697605e+00 1.819790726778344636e+00 4.067473644891894224e+00 -3.719949878342635685e+00
7.386124667501412056e+00 -7.376512132348594264e+00 -8.930153419909601098e-01 4.974894004537294023e+00
-1.295605535209196635e+00 -2.093123278812943688e+00 7.126443245258405668e+00 3.802116719053800331e+00
3.064543497435212593e+00 9.929374725520188960e+00 -8.928917632521123693e+00 2.679192140440938452e+00
-1.264097133820784258e+00 2.814662674154759792e+00 6.572391384162305172e+00 8.878903414305556296e+00
5.485096570160413521e+00 -7.483066361148734025e+00 2.984424597192205653e+00 6.318310800271776273e+00
9.151572448934782500e+00 1.667188221428735684e+00 -4.487530435171882992e+00 -1.081835217735548138e+00
-1.261430145080467247e+00 2.732126797945209518e+00 5.221852704133042700e+00 -4.233823071610432365e+00
8.494125203921445433e+00 -7.515966035136046663e+00 2.362130436427182012e+00 9.144590918131804358e+00
6.215053369150769669e+00 -3.431545221510851729e+00 8.291122599240098978e+00 -5.391281787111344315e+00
5.336946851222699184e-01 3.218376487323878710e+00 6.392640879657819575e+00 7.552059632106462139e+00
6.606313435036485160e+00 1.681178732419615907e+00 -4.207966818149618149e+00 -5.333933948991356644e+00
-9.143517383843764446e-01 1.799448294841010210e+00 5.105565422156644217e+00 -4.863418351412657437e+00
8.615563852580635285e+00 -6.849602836397380434e-01 6.429844478191121482e+00 -7.360748375407254684e+00
7.225495866585808891e+00 1.950455987982399275e+00 -6.477174887532741288e+00 -2.275358728113950235e+00
2.104948406328868149e+00 6.685669229248299317e+00 -8.338180832487719130e+00 2.350478496746870594e+00
6.692001701482814369e+00 7.940971230310487350e+00 -6.275339835009624778e+00 5.610604129443519383e+00
-1.075315198218452561e+00 2.317622682053841920e+00 4.568525980671777731e+00 8.609838651651973152e+00
-2.246993208204001391e+00 -5.389324862821241346e+00 8.615012231744918481e+00 3.790517144246475567e+00
-2.481878700031008300e+00 7.651353381680234822e-01 6.473061399983353503e+00 -5.611406159397231974e+00
5.440262078255726941e+00 6.424361771335720839e+00 -4.915855357120512359e+00 3.797479123681931856e+00
-1.594759068189327778e+00 -4.717001684503301817e+00 6.277603646472946330e+00 6.518214952589015176e+00
4.242744427148798181e+00 7.089442762568609169e+00 -5.458921989502233174e+00 3.181663979336329717e+00
6.193996852140866594e+00 7.283700322364569324e+00 -5.737380187909892015e+00 4.350870103181038395e+00
-1.262288020065708949e+00 -4.598237251190861130e+00 5.153454288748338996e+00 6.102912430196680837e+00
6.631754682813816970e+00 6.303600629594718008e+00 -5.584953240928674845e+00 4.479089325071968553e+00
3.164778523451445391e+00 7.847437613257032041e+00 -5.901762410273494019e+00 2.841750780429728618e+00
1.887188735721509136e+00 6.573282191705560606e-01 6.062848781102698759e+00 8.025003934230749536e+00
6.300418079790095938e+00 -4.313377089888901228e-01 8.968798666945831499e+00 -5.156120832674637278e+00
2.409097204300620021e+00 1.038113039253093106e+01 -8.421541700946308495e+00 -7.009014844961107826e-01
7.461951149532136895e+00 -6.685554802957519804e+00 4.571963773312448520e-01 4.490333912822503493e+00
-1.566671745669654836e+00 3.860100383105589117e+00 6.006137361921158657e+00 7.391574262771293924e+00
5.035654290820149370e+00 -1.864033060708289780e+00 7.886220000518282092e+00 -2.166341460546121755e+00
8.052912955282359064e+00 -2.542756905226632114e+00 6.611405297402804138e+00 -4.003061056089338265e+00
-4.503132645024349734e-01 2.825484378006212438e+00 6.191857875836781488e+00 9.407801064187749418e+00
6.982801696212757037e+00 9.111254528070036329e+00 -7.758404474449145383e+00 4.801424281378724679e+00
2.458561474859114249e+00 4.056064840763964341e+00 6.005352406408283272e+00 8.184251488278061260e+00
-2.389482446393973891e+00 -3.603764947391263185e+00 7.898986983630205572e+00 4.607744755974310102e+00
-1.626951217812086403e+00 -4.744562743347162659e+00 6.836645185953155845e+00 4.103205895265796599e+00
-7.943802553703573910e-01 -3.961300151620155141e+00 8.426921681086703586e+00 3.634924812319571874e+00
7.546152367906845626e+00 2.200763377919983554e+00 -4.126834680781036546e+00 -3.776400148923228617e+00
1.794916952651997022e-01 4.124427406596552714e+00 3.806705318938731430e+00 7.449564966600913607e+00
1.247000162161681747e+00 2.524874159319087319e+00 4.840131937258535189e+00 8.857808543215023533e+00
-1.801073909663402084e+00 3.337935231148766668e+00 5.770804991265958250e+00 6.861504408274227806e+00
-2.083102317270195236e+00 1.854379743875688380e+00 5.342371462938189097e+00 -5.751703674340427064e+00
3.811612442366410392e+00 6.927927496107008309e+00 -6.640837428935035369e+00 5.153606003842186922e+00
5.658595238091224111e+00 -7.614885705053035636e+00 1.076807040977846741e+00 5.766177127383315337e+00
5.839277177160998811e+00 -8.044661017464795449e+00 2.332375643241502594e+00 5.865222528786922851e+00
3.890952175578717309e+00 8.792624867811616340e+00 -8.830111229932159134e+00 4.421714006405200514e+00
-1.434958944063100761e+00 -2.719308865020091392e-01 3.880907576481043009e+00 -4.174931281098834823e+00
8.855195585178128326e+00 2.086312964241490597e+00 -3.348435370311253489e+00 -2.488522301311609120e+00
6.706170491967976766e+00 -2.829484380192333060e-01 -4.795542540205865123e+00 -2.795432786445943840e+00
4.469468977711868796e+00 6.013130606986468507e+00 -4.713691602907879918e+00 3.472633763640526006e+00
-1.579355724236386482e-01 8.342167262483713985e-01 5.373643235602582280e+00 -4.460567878020474275e+00
9.113926821790778732e+00 -6.355844414079597549e+00 2.133059195626270999e+00 4.920680949827817230e+00
9.395903969163612146e+00 1.820663018584850912e+00 -3.950404652942330674e+00 -3.654160017970589536e+00
-7.531663370817062164e-01 1.534894857312041339e+00 6.559014221608379103e+00 -5.260716565255229682e+00
7.309062082011189787e+00 2.082185152495940272e+00 -1.878573675315124980e+00 -3.192169760419241165e+00
3.327234646289138897e+00 9.233071274853974941e+00 -7.169841469954109314e+00 2.347216056153072827e+00
-1.154913773538045696e+00 2.228072188482415061e-01 3.734911519779176459e+00 -5.703944123289070411e+00
-3.231895581489056646e+00 1.539861995264341532e+00 5.583088365014070575e+00 -3.474278459049398471e+00
-9.097861525266112137e-01 -6.121492878581731745e+00 7.103477041387602497e+00 6.478049846138803858e+00
5.773734764818676979e+00 4.242224197843204259e+00 -5.269881877688025185e+00 5.034487813149136848e+00
-1.830561856840303037e+00 1.091842189819193010e+00 6.137262576768480749e+00 7.060576380779480132e+00
6.488589438662278219e+00 -5.430516978170299325e+00 7.352020663505232090e-01 7.054260008674126503e+00
-6.718876598627692154e-01 2.581496229611949023e+00 5.917705544091042213e+00 -3.822081167716264716e+00
4.997345789906504798e+00 5.065017031022142291e+00 -6.087184007464638391e+00 4.354772401342782651e+00
7.697613951005384259e+00 -5.618356915836987042e+00 9.626087625404766701e-01 6.430128646966610795e+00
9.394379507341446001e+00 -1.173913651692372495e+00 -4.134287814560646090e+00 -4.941201387748643370e+00
7.440178143463131555e+00 -2.012416279462769353e+00 6.901233192468907873e+00 -6.179250377333440625e+00
4.572727296808013264e+00 6.339661714831787975e+00 -4.320293308850107650e+00 3.970608501518464450e+00
5.318453098790155487e+00 6.310970334959649541e+00 -7.666641488949442085e+00 3.869821035917853980e+00
8.043473286964417213e+00 7.519433331652335406e-01 -4.055878594395153414e+00 -2.941501918622192679e+00
4.915268776617278235e+00 7.954091379538619222e+00 -5.235892890216120144e+00 3.562756652757770315e+00
7.272483452208666321e+00 -6.489555371368677328e+00 2.915475002350270906e+00 7.632774810318471381e+00
-1.403279125927796800e+00 7.683373991607724829e-01 4.257615185245107625e+00 -3.979666603618916110e+00
4.057898161812000026e+00 9.965242958284328267e+00 -9.649983720798973152e+00 2.393621836526839353e+00
8.032321707659049181e+00 -7.008185583535404550e-01 -3.211031069531026017e+00 -4.338154101113042671e+00
3.460642226277685474e+00 5.340206240382929792e+00 -5.388048504763037982e+00 3.734085157187265747e+00
3.233617049997130621e-01 9.361207451904009602e+00 -8.191564975208354582e+00 3.405484762252620978e+00
4.964848480534955755e-01 4.673223594346889165e+00 6.186078780422322509e+00 5.807560238340774283e+00
-2.772677126714225615e+00 -5.710467522436853294e+00 7.477669114043726140e+00 6.116313065815438321e+00
-7.790727246672234374e-01 -4.995275555218166907e+00 6.540118464174806689e+00 4.240954134162114642e+00
-2.308321825150163153e+00 -6.030130402569016113e+00 6.994577018075494479e+00 2.915936309852480424e+00
7.759680685631925812e+00 -7.837658023224223669e+00 3.472869690344721594e+00 6.046718145860803695e+00
6.463204146488282120e+00 4.565345458873288909e-01 -3.863869483833477503e+00 -3.890915615050093646e+00
-1.795722345013474497e+00 2.162857741723995808e+00 5.538419745243221115e+00 -4.785808147076428654e+00
1.175008404430055009e+01 1.627881456397038740e+00 -4.795991316673723581e+00 -1.697898981894108816e+00
8.750801172237878234e+00 -3.404232473579837936e-01 -6.597976017829875417e+00 -3.385568112998790902e+00
4.475241714841674323e+00 4.713295307627216602e+00 -4.940434196532335953e+00 1.200962713655729264e+00
9.146093462301143617e+00 -6.931103325438433771e+00 7.458174091936720096e-01 6.497441675978744335e+00
3.631315383618107795e+00 8.751994845522407473e+00 -9.755322895418382600e+00 2.576501192161770426e+00
6.880729867299144153e+00 -8.911319175456378083e-02 6.478175847793959719e+00 -3.582958342880080416e+00
5.333794019714884094e+00 5.692608476368564041e+00 -6.605659860961517360e+00 2.153980467517500053e+00
-4.839799386943530179e-01 3.870518786680794854e+00 6.450836511915787774e+00 9.298401966511580241e+00
8.064718349663401398e+00 -1.028274470121160133e+00 4.116481261358204691e+00 -5.537196384841088559e+00
5.668197099180650511e+00 -1.280937585159626746e+00 6.068280908687458286e+00 -3.241830259900543076e+00
8.885388322253287896e+00 -2.097000746001129734e-01 7.971994391235133648e+00 -3.342851236868917386e+00
9.097287846980908199e+00 -6.721014809111347965e+00 3.743558654025174626e+00 7.969040195466816634e+00
6.998044743762847020e+00 -9.746108033253096936e-01 8.224427198933414118e+00 -5.171146716489412931e+00
6.557782965120198426e+00 7.209616354359544843e-01 7.416774171492116707e+00 -6.191932248810861239e+00
5.453691072619022862e+00 8.327058609209462503e+00 -5.636500854629716173e+00 3.959115357070955632e+00
6.403639754416154961e-01 8.681463054864778428e+00 -8.263221093551491592e+00 1.511153617195583942e+00
8.534391442854351695e+00 -1.281287441424285856e+00 7.250938743673716935e+00 -3.460490285467381355e+00
2.084160177629919009e+00 1.083024219649413489e+01 -8.074862236487138745e+00 1.386094474547810984e+00
-3.567854880856566435e+00 -6.064602979292338603e+00 7.821390614692625753e+00 4.910085217611201536e+00
-5.581947915958025419e-01 3.991582377285044281e+00 5.502248397115902634e+00 8.706773797777529467e+00
-1.025384723362681605e+00 -6.390568150689440508e+00 9.333440149647115547e+00 1.088512770859697554e+00
1.040300565789285869e+01 -2.789244956392986641e-01 -2.130337748217258742e+00 -1.743003738804315139e+00
-8.217273280829744397e-01 4.764466922198859145e+00 7.760368125425765484e+00 7.217180790688254355e+00
6.290441229601422712e+00 -2.853324823174974156e+00 7.144397449601228800e+00 -2.544661913480462001e+00
1.075957217593143511e+01 2.389261957768314959e-01 -3.765542218260599761e+00 -5.618600987298852267e+00
1.247893202337409191e+00 1.138044204552323002e+01 -8.477650331037072107e+00 2.901335538629687072e+00
4.926116363313357560e+00 5.806243208317311222e+00 -7.074361844579629022e+00 5.648501801123513744e+00
-5.829844505431713841e-01 -3.412540999568592692e+00 7.902468242715407598e+00 3.774570160083159820e+00
6.264410014432345797e+00 -5.961968315301120924e+00 2.875011509658673248e+00 3.403177198885701582e+00
3.886512549325566113e+00 9.979365824031402710e+00 -6.938356233580359245e+00 5.278131402347556733e-01
1.407246171202367169e+00 1.053762104866530436e+01 -9.862065795929634504e+00 1.009686700306058338e-01
-1.021683896596224495e+00 3.040221361668114852e+00 3.009557967587145555e+00 -2.730433280553477893e+00
1.029840235905785661e-01 1.069567695531945084e+00 6.466376858659447890e+00 8.148186328128918632e+00
3.678446748356798413e+00 -5.602477972110568860e-01 8.286452656104703607e+00 -4.624385600403563501e+00
-2.259580302516070560e+00 1.940922959380227075e+00 4.874449664102925794e+00 -5.053615673746882919e+00
9.231213683042202689e+00 -1.031172485843886433e+00 -4.902980544296294596e+00 -4.185324309947475285e+00
-1.752046768836850621e+00 1.382731853767781072e+00 4.129824069505581896e+00 8.114164689257769680e+00
1.625634320045918901e-01 -4.887486123672869276e+00 6.674301477862853993e+00 6.139225787720798522e+00
5.105812420952651642e+00 4.695909106835216562e+00 -5.175037197268966160e+00 3.083752639421815545e+00
-1.362269031207456127e+00 -6.270195921649513338e+00 6.428430456166786655e+00 5.779163778264229556e+00
5.844897748572455143e+00 -5.436035348312810100e+00 2.696965154184112645e+00 6.262483809237065380e+00
8.713844581171974468e+00 -5.747795223976913448e+00 3.787668690416760242e+00 6.472026520122605930e+00
4.914550199405612219e+00 9.005189104329900829e+00 -8.286340492372630706e+00 2.649918733447590213e+00
-1.341837863230624928e+00 -4.469665826028260014e+00 9.076448446190145347e+00 5.303449778541320825e+00
5.341727965911838183e+00 1.103731040647444317e+01 -8.184412920303859806e+00 4.147817695283435135e+00
-5.614808397391756190e-01 -6.344972827487035616e+00 7.844200959012582963e+00 8.046660924799832415e+00
3.348216694006366900e+00 6.375593983263011744e+00 -3.520112095467577529e+00 5.278509454978989268e+00
6.398904094146748989e+00 6.471467260062836679e+00 -5.777953127279126910e+00 2.674435555839372647e+00
-1.950851638065051574e+00 1.773738969069392546e+00 5.383319396629498321e+00 -3.315117645174264549e+00
7.202570849003607556e+00 -6.039594459012163519e+00 1.028549553432529962e+00 4.739505411336718765e+00
1.309454912555929607e-01 2.402679547305822005e+00 3.228953755530037384e+00 -3.940663307714379116e+00
9.107881544040100863e+00 1.066932939674746450e+00 -4.605276333851442416e+00 -7.954279841810714125e-01
9.120250936785661011e+00 3.732075966763072628e-01 -4.529707120700575018e+00 -2.558462765768063640e+00
4.365167852264535853e+00 -2.680452296224248077e+00 7.536276373706463971e+00 -6.624805400641884390e+00
6.700514312970128117e+00 -1.452185371538653236e+00 -4.771054922137419219e+00 -2.703685874137668144e+00
8.170039737184511708e+00 -2.099517093426086056e+00 6.224143917036809803e+00 -4.402042646725261577e+00
6.774718511279217203e+00 -6.265547335613455004e+00 2.185895493717558313e+00 4.526986337891157675e+00
-5.572467843433066115e+00 -4.433516300924441822e+00 7.147214267936683463e+00 6.605853794357162911e+00
1.174725635494347387e+00 3.593163192101084036e+00 6.276923163134235928e+00 8.309213549970037249e+00
6.924601673085900799e+00 -3.746370026353088800e+00 7.714544101538338694e+00 -3.578605998661464227e+00
7.730506689898809292e+00 -8.058979189783467945e+00 1.432466158483802765e+00 4.090025533525722068e+00
4.794396637006202333e+00 -5.826995049522873948e+00 1.828528824540254227e+00 5.674218165297610916e+00
9.108163402412333909e+00 -5.445709283083650654e-01 -3.705533141503716266e+00 -2.312243416271634544e+00
1.051177372140578381e+00 3.149569821883213105e+00 5.329622194943807401e+00 7.933551572585867184e+00
2.076282221233614944e+00 1.068905027630700744e+01 -9.047542117649504334e+00 1.733390093767556150e+00
-1.800683305002796164e+00 2.252046960917490459e+00 5.213087266495577410e+00 -3.763349432128050509e+00
-2.635153044640359710e+00 3.012557969070265518e+00 5.089919826993690499e+00 -2.596821370736190460e+00
-1.794607145564125705e+00 3.348487686670285957e+00 7.147897806212249350e+00 1.069644276442493513e+01
5.027720484298171755e+00 4.947232965993389797e+00 -6.108672776422361395e+00 3.031285650451943869e+00
6.559374339234399720e+00 -1.442382521108385163e+00 8.432896328167318600e+00 -6.515441999910368764e+00
-1.670831024007806587e+00 4.201395088189396887e+00 4.811657945090415112e+00 8.582312271282425797e+00
8.450383403467107257e+00 -9.904609779804691705e-01 7.553922133636116421e+00 -7.141604825043474492e+00
5.523300134022805175e+00 3.845454052824017754e-01 9.140080050576889548e+00 -3.928814645613998735e+00
6.933899002562531777e+00 6.860788238929662164e+00 -4.414755964735694427e+00 3.109719906980529025e+00
9.071533317099072846e+00 2.039151498424910613e+00 -4.596775843743576395e+00 -3.305074335821012177e+00
8.799134895383327049e+00 -4.802594588037856216e-01 -4.665969275959855445e+00 -4.014433976092447232e+00
6.454195128142914406e-02 -5.768474518331559331e+00 6.491153087620082474e+00 5.640282885091539633e+00
5.286739933783035639e+00 7.875208793819604480e+00 -5.322743580500349125e+00 2.869255507373969394e+00
-2.774451000157563740e+00 1.725686769712794222e+00 4.461319417145055866e+00 7.631945495887848985e+00
-1.104006733776930593e+00 -5.357756490882245259e+00 8.161721516449434333e+00 5.796124931147479842e+00
1.068839041965915015e+01 5.536707520845745023e-01 -3.903927917521686108e+00 -3.216053899142084838e+00
7.421283158717095318e+00 1.846143921661200782e-01 6.626706260802423643e+00 -5.346623662774398156e+00
3.505441001378104549e-01 3.086918006660107849e+00 6.397016094068550096e+00 7.803234714099616554e+00
1.046589081120149523e+01 2.379784073634038100e-01 -4.845626930393783560e+00 -2.307322369912992333e+00
1.690562445773402533e+00 6.898566505698755513e-01 7.025743639319363965e+00 8.886773650750013687e+00
5.984372112350258455e+00 -4.560694870500484832e+00 3.527451186987005549e+00 6.673520665633095206e+00
5.192245781395237181e+00 5.375627521614772419e+00 -5.365089684459892538e+00 2.598685741662666526e+00
5.875751050588593927e+00 -7.918568369409547891e+00 6.260669119577966235e-01 7.504049028801133225e+00
3.918185123130221381e+00 1.009668068746868030e+01 -1.133189515749016962e+01 1.699588616323679302e+00
9.307815353415120896e+00 -2.928159995310681385e+00 5.459102678689422561e-01 7.712635159814421826e+00
-1.303970140276062395e+00 2.916850720634515781e+00 4.542234860506357386e+00 7.711860529358557592e+00
9.814425808351376901e+00 2.860013991121992838e+00 -4.635246546978648574e+00 -2.764452074963004158e+00
7.863955153283194832e+00 1.756359025845886546e+00 -3.750060236281150594e+00 -3.510366435609142410e+00
-1.045241966473756223e+00 1.246701945167084657e+00 4.176736911963908838e+00 -2.986260991195762049e+00
-2.710198047412811118e+00 1.580553449758805629e+00 6.340747837211092808e+00 7.956259749321469954e+00
6.246729169653951530e+00 1.683870399218204916e+00 -3.857816514179316147e+00 -5.217054853742556730e+00
1.072937615328324767e+01 6.103174532758856019e-01 -3.596756643527099229e+00 -3.228320283346751918e+00
-3.099650660647463862e-01 -4.353071628960769601e+00 6.058857378089325785e+00 6.764812931863471768e+00
8.704275228528668862e+00 8.837378208020729708e-02 -4.556502606566776414e+00 -1.868233204112434542e+00
6.448902966921009394e+00 8.059063656216638449e+00 -6.607500094452657180e+00 4.869490771111121497e+00
2.605000807154004949e+00 9.320245767854437702e+00 -7.506830288831220166e+00 1.581927921180450891e+00
7.597812796569345828e+00 -6.992571502040640929e+00 3.251272915264431074e+00 8.472925795859284293e+00
-4.074514007664150839e+00 1.448625355059134145e+00 5.895486938508017083e+00 -3.568976164227112502e+00
6.485210111237442732e+00 -8.663175689930156409e+00 3.747932732560417257e+00 7.319786765900007097e+00
5.699776437549589403e+00 -2.931012134087929155e+00 5.266382397499771884e+00 -5.001788098029829044e+00
-1.636406129784636621e+00 -4.688479135421619759e+00 6.540187808689023719e+00 6.368467879952252275e+00
-2.038132098017564342e-01 -4.941567977966040637e+00 6.668872163420278554e+00 3.357506544943058113e+00
9.244694437977393875e+00 5.860065057565871927e-01 -4.561931851025674334e+00 -3.580313241083143083e+00
8.060268870771954752e+00 -4.203110687856383976e+00 6.459239722642625026e+00 -5.410278767430583891e+00
-6.130834928602864053e-01 3.847520066301265640e+00 5.135704787746914413e+00 7.023654787468829319e+00
-1.261784909809297250e+00 2.355170518531458423e+00 7.239463926186723519e+00 7.715662855960668587e+00
-1.981128108558102507e+00 8.847049475800844442e-01 5.608145759642898298e+00 -3.114078960497021598e+00
7.292924716594681556e+00 -9.248696568011947061e-01 7.873970258133796918e+00 -4.359565020779474942e+00
5.272015537712354316e+00 6.237016219973175346e+00 -5.026364529551206495e+00 4.762125990258928354e+00
7.353400321342860479e+00 8.202367672673988253e+00 -3.780194007274303214e+00 4.948935910568419416e+00
7.942474042236413290e+00 2.226143744389661006e+00 -3.395430925898821339e+00 -1.901146106834136207e+00
5.936825000271941377e+00 -6.647931738119368994e+00 3.117693547527247144e+00 7.559417826460746781e+00
6.630588552065947994e+00 -5.680700434069080984e+00 1.297931872295980948e+00 5.254596716268157941e+00
1.198765255651262684e+00 8.774405505730385357e+00 -8.405288745468117995e+00 2.684509780449101157e+00
4.218261928164545260e+00 8.247014143527582775e+00 -1.123894357959179757e+01 2.503612981021428485e+00
-2.136895417308307898e+00 3.168924441297432004e+00 5.770790581374837913e+00 -3.463408670485074392e+00
-1.331120496199090120e+00 1.202100473022874816e+00 5.581913818853610820e+00 8.045014187609378808e+00
-1.143914080897338037e-01 2.867300331013046488e+00 6.030530235303947606e+00 7.747994614494841059e+00
7.574600984836975748e+00 -6.213637243417393208e+00 8.404252210428511116e-01 7.924346081945325970e+00
7.889483382963105917e+00 -6.669376747190680632e+00 9.779061067854104561e-01 8.157277486062387339e+00
-7.025421163551879289e-01 -6.921397871609034524e+00 7.621733466733637385e+00 6.083973796978281889e+00
-2.303277542139771761e+00 -3.844421197088428777e+00 9.945926286868131072e+00 6.360655429423228036e+00
6.175127858092556821e+00 2.248726033951675696e-02 9.418022313190981265e+00 -2.783348406200619074e+00
7.657319277420648440e+00 3.457230502537734562e+00 -4.322081074002993795e+00 -3.381494509339178833e+00
3.271248914474374825e+00 9.265066071056388353e+00 -9.081503456315010325e+00 2.070737055363246260e+00
5.991392692209060122e+00 7.055415759373983242e+00 -5.220742100503863448e+00 3.465594487377623878e+00
-1.120834368185955832e+00 2.992518744626680771e+00 5.214288087554645124e+00 6.049194997437107091e+00
6.948163907673116313e+00 -9.915544466911669907e-01 7.814245816462487504e+00 -5.286470292841274343e+00
3.791734997524276451e-03 7.291946417015419790e+00 -7.082076210558250651e+00 3.137710011535754795e+00
2.788892958283691215e+00 1.027555271706102680e+01 -9.398599421775946539e+00 1.099267529715869163e+00
2.943960860100773846e-01 2.414488328505944637e+00 5.435828163386815071e+00 8.702670894901334719e+00
8.521868457706482047e+00 -7.912121918446159086e+00 2.904015032254763096e-01 6.175381571610822462e+00
7.703018708104441004e+00 -9.823856244853714781e-01 7.435829815807873722e+00 -4.969846128745317060e+00
7.108625127157012002e+00 -2.704589165635693959e+00 7.838791383525332002e+00 -4.826747664104282798e+00
6.555012483911450083e+00 -4.867883039727678884e+00 2.527563518547452315e+00 7.868169044961669911e+00
6.647446344130011120e+00 4.670411099495908047e+00 -6.128307876880774607e+00 4.559930511988765645e+00
2.955415529855922152e+00 8.874109379251724050e+00 -6.882165775400320484e+00 3.882104834868392196e+00
-2.425774649134819327e+00 5.664148544875540203e-01 3.784025392938586307e+00 -5.853063881747610608e+00
6.945485105905953027e+00 4.384775680267637199e+00 -6.093746213111569610e+00 1.156192701182277016e+00
3.917700294222356661e+00 6.106251250083689186e+00 -7.612115251207258737e+00 7.380484546838822268e+00
-4.971373069501016317e+00 -4.426521720022468465e+00 7.373907187727702706e+00 4.872219888760633388e+00
5.155880499927749661e+00 6.714298201743852168e+00 -4.364204788901083987e+00 2.993996630164208028e+00
-2.168445692203343711e+00 -6.354671634439480243e+00 6.873121176648345987e+00 5.686365333693239599e+00
9.433789718316551998e+00 -6.484900740815997544e+00 2.551916192269524597e+00 5.171765305832317416e+00
8.422343630970729578e+00 -2.935468678700108747e+00 7.179864108082435692e+00 -3.653551849936035989e+00
5.847658861647367701e+00 5.829468147400132416e+00 -5.316893942081105884e+00 2.951557217655274012e+00
-2.266208620926763118e+00 3.637852108288091024e+00 7.429518022027258084e+00 5.340355572375036886e+00
-2.459856836234577404e-01 -5.025894843940858614e+00 5.273778725908206511e+00 5.806257668147202899e+00
7.547686977597958702e+00 -1.114535160754630105e+00 9.644028373105411944e+00 -5.062756158176173749e+00
4.825317199520554823e+00 -5.482733356041231687e+00 2.765339119159099024e+00 8.262668676360005904e+00
5.746814442162418324e+00 -5.792897948817871123e-01 7.995286683292487595e+00 -5.153706373299860033e+00
-2.607597988607053718e+00 3.814278104549512438e+00 5.667772459758447567e+00 -4.096155663913560119e+00
7.158613501384958333e+00 -9.777939902684011031e+00 2.658960339158255692e+00 5.459380137701089986e+00
3.103426131113495856e-01 7.373540964754582205e+00 -9.903217898689799625e+00 2.486260766281419787e+00
-4.956307560235288179e+00 1.129018518689567152e+00 3.735779445694783263e+00 -4.368827141361776079e+00
3.841795759604612392e+00 9.736455027219713898e+00 -1.031220826162003767e+01 8.936908900591560290e-01
-3.863970121992836848e-01 -2.446007149962002636e+00 5.529808932176843328e+00 5.089495831905409773e+00
-1.425109427815966834e+00 -7.317458548660546569e+00 6.481090093481507886e+00 6.310512648324444918e+00
7.699994200261585320e+00 -3.242068899674153570e+00 6.550745595913131325e+00 -5.728889703681787182e+00
-1.413582951386431752e+00 -6.395319384686390940e+00 7.472955529499370364e+00 3.805678662075853147e+00
-2.205283534384249844e+00 3.599351411194195549e+00 6.967492401384602019e+00 8.071672170358695553e+00
6.383656395666419847e+00 3.412156189781221816e+00 -3.433509252569241887e+00 5.712589773124701509e+00
8.048039553147500413e+00 1.370098473846561582e+00 -5.897175146749106034e+00 -9.885225810095170651e-01
3.923578308372976053e+00 8.048747543963420625e+00 -7.521429299896981391e+00 2.653722620072754168e+00
4.437936465501688410e+00 8.346006957400163628e+00 -8.592159741821243202e+00 3.201348723957612386e+00
7.664634438321668242e+00 -6.067917069003722297e+00 -3.326487089597573998e-01 7.541622975546080632e+00
4.682882024784993824e+00 5.757261159071164869e+00 -6.589586411902739194e+00 4.272214733270645937e+00
4.587912188628964216e-01 1.414205229408596720e+00 4.540854657118813087e+00 8.390072221493429794e+00
6.340104398283061826e+00 7.049314502275245253e+00 -5.988607345514271429e+00 2.160352896241892307e+00
5.940274624233005341e+00 6.609839208284898682e+00 -7.045395509632153441e+00 5.275612313130920050e+00
9.976693971567536678e+00 2.055357650364408872e+00 -5.606306928607391882e+00 -4.250496084186339729e+00
6.236233096212075111e+00 2.953047116601152933e-01 5.559205049312156532e+00 -2.708395272477900573e+00
-9.350375440335125798e-01 2.659486929703090752e+00 5.419912763208804662e+00 -5.280336202118785849e+00
-1.956369104938761927e+00 1.615669215853520635e+00 4.826212606565878360e+00 -3.623544745923927390e+00
6.788754161696797240e+00 -1.384823239961288310e+00 8.855422575905024019e+00 -4.245475868519626772e+00
-9.503974212822314804e-01 8.602546038130917339e+00 -8.060059434439365234e+00 2.574189992265494276e+00
6.441926754093623586e+00 7.497172562443081389e+00 -5.182270217486248498e+00 4.654408526557110903e+00
8.125624724379635566e+00 -8.831751744575933039e-02 -4.632692335296864528e+00 -2.454309473322487722e+00
-2.691493041405199182e+00 -4.612396297766411024e+00 8.871530145435782444e+00 5.466905426179736516e+00
-1.399833752355134742e+00 1.867686385324023757e+00 4.837012724160077326e+00 -4.626005947188269296e+00
1.970213982843335376e+00 8.841541574363965594e+00 -8.628919095728754485e+00 -1.613283522822950289e-01
6.954802067986960878e+00 -7.611519418899347356e-01 6.880377495625682016e+00 -5.482188068328537334e+00
3.812116748845224556e+00 7.977202519830973060e+00 -4.585181730786884735e+00 6.198423065961643275e+00
9.241890160101212004e+00 -6.265969890854709234e+00 4.779293331538315925e+00 3.312805622054752597e+00
9.354519343579815072e+00 -5.310945690485495696e-01 -3.491601881239797311e+00 -1.816377060950435496e+00
-1.992380747642490402e+00 3.661740139654443560e-01 5.341211872311150799e+00 -4.777059341139888282e+00
-7.967483529680055021e-01 3.971533679199041877e+00 6.549548686118088270e+00 8.490541862898277614e+00
1.226777628361286565e+00 9.558294584433470575e+00 -8.534793802061503953e+00 1.368391203854267602e+00
4.091928630065599926e-01 3.566002470834664706e+00 6.382171464093659985e+00 1.076874098169834326e+01
4.689157666161062110e+00 9.785109609299990296e+00 -7.420783255082820773e+00 1.551821965641985823e+00
6.080156968230965298e-01 8.572912670145500513e+00 -9.733971265322347577e+00 1.500836611051428848e+00
7.611018800764405512e+00 -5.519754348791308107e-01 6.519370535070795114e+00 -7.366999360077931769e+00
4.031036774486720375e-01 -5.531935093430865535e+00 7.776293153675014835e+00 5.848841834006275775e+00
6.729221041056240971e+00 -4.783989822620466903e+00 -1.832954058113913653e-01 5.753055187402448034e+00
8.043279261608837771e+00 1.364410907684488805e+00 -5.016493526124593316e+00 -3.331449854723109727e+00
4.176608634649925378e+00 4.852963103806909650e+00 -4.835662459883307562e+00 5.097598539116384053e+00
7.186484366300270210e+00 -6.834219820649871657e+00 3.129866071499423086e+00 4.286533479437284022e+00
7.251689238038165897e+00 -5.734963414008409366e-01 -2.520183246933163979e+00 -3.700189165965720228e+00
1.023867779952839463e+01 1.962430990862319646e+00 -3.313100976899541195e+00 -2.605159002406774782e+00
6.576398805331597153e+00 5.319834377269475389e+00 -5.200167732984071201e+00 3.257570149933295411e+00
5.295411097965764924e+00 -6.688508000004568466e+00 1.596329729464412761e+00 7.980827458690650467e+00
9.201720015849661038e+00 -4.305997377400749837e-01 -5.079091482661255874e+00 -2.587179987585636276e+00
1.007473238810669613e+01 9.936040517016768714e-01 -3.306177213364177803e+00 -2.984328886668673686e+00
-1.052183002321638305e+00 1.197016571901636794e+00 5.523956216621047410e+00 -4.905192486950581632e+00
4.677754836355539680e+00 1.294466491955920517e+01 -1.124355733448146211e+01 3.054409176893676303e+00
6.907639028382266844e+00 6.878931335533511326e-01 -6.284386216018458704e+00 -2.506958808935498606e+00
-5.256552052488435711e-01 -5.658293792949006473e+00 6.597267843303290746e+00 6.565491473971265535e+00
5.350676404303527534e+00 -7.838420337162143037e-01 6.517995142073935710e+00 -6.560080592930687793e+00
6.906120011559486294e+00 2.116113247626756788e+00 -5.678494138553711323e+00 -2.560021241954769877e+00
8.242024200851178151e+00 -1.014881642047309462e+00 6.775706630783990825e+00 -2.069265838938603608e+00
4.018531484493326644e+00 7.985490128068021498e+00 -1.087696486280444219e+01 1.364698226368464162e+00
-2.097986086342573664e+00 3.313381145534403327e+00 5.500272395273538173e+00 6.912438150479008669e+00
6.994477009710182713e+00 -5.960172936163275814e+00 2.916319526768647030e-01 6.634694578100938323e+00
3.052784189259230452e+00 9.163397855457569463e+00 -8.508075928061314741e+00 3.191519493476732361e+00
-1.170703708864700543e+00 -4.951978844506800925e+00 6.473014624583891319e+00 5.525341019240961771e+00
8.632213164034787667e+00 -9.864953889067569204e-01 7.289405154962103062e+00 -4.885142991291195003e+00
7.449698826334402391e+00 9.835271434120662626e-02 7.465443059497919087e+00 -4.502763491722757472e+00
4.250671466825505007e+00 4.306944315026525416e+00 -8.357207964802761069e+00 3.556563842491941685e+00
2.707805003963208446e+00 5.088593226823464377e+00 -3.178333905854409558e+00 -1.036367435524543801e+00
7.273256431831334190e+00 2.207703228146904895e+00 -4.386825060061834591e+00 -1.494959180076248728e+00
4.768307731099170610e+00 -1.848604331490331099e+00 7.398562325319645971e+00 -6.493307613932345568e+00
4.471625175894845761e+00 5.234020504407517649e+00 -7.624805528430762536e+00 2.923907782444614245e+00
-2.427443878887597606e+00 -5.238589392494242603e+00 7.414408499980542189e+00 6.661946772803670314e+00
2.336698751895261772e+00 1.073291997482704474e+01 -9.883342390007982203e+00 7.460535186706694910e-01
-2.813132568119895982e-01 3.085236988473476938e+00 5.052307324507810726e+00 9.187695749563541625e+00
-2.354329662411843938e+00 2.014625902734556107e+00 5.431465606180009509e+00 -5.405805455841860230e+00
6.199758490775105102e+00 -5.636756928951107248e+00 2.002714073346000045e+00 8.389336608743482415e+00
7.057719365643302378e-01 1.167429941539764471e+01 -7.692474650922769719e+00 2.851382261812656971e+00
-3.326558430565766500e+00 1.492981869275355589e+00 4.780763746272071124e+00 -3.915330912125574159e+00
2.631002334811257892e+00 7.681734271204669895e+00 -1.059500616655379268e+01 3.552306100591546834e+00
-1.231016472975108522e+00 3.503717019566249924e+00 4.623957221130326367e+00 -5.746546412058510356e+00
7.511077200408597498e+00 -6.397033945336892735e+00 2.805993533821069086e+00 9.482772435924331944e+00
6.893520332970676456e+00 -6.348651642871124601e+00 2.865365423072054885e+00 6.620152153491260627e+00
8.138562129230152209e+00 1.545851734511728859e+00 -3.298421736768604617e+00 -2.196043469801387538e+00
8.194940580345429382e+00 -2.565976667075265727e+00 8.087985292916556546e+00 -2.401920949952705442e+00
-8.296308075583050945e-01 -3.805507448650751634e+00 4.562327984357473554e+00 5.125104583164127092e+00
5.569464358842562746e+00 -6.215683803597691792e+00 1.619395759983965455e+00 8.498561532239596872e+00
-2.851687261220275715e+00 -5.128028521795214623e+00 8.512751374240574265e+00 3.564831230985911148e+00
2.174975196498742491e+00 8.725999988125362705e+00 -7.850687963169120209e+00 8.987169016816002332e-01
7.497568199144470924e+00 -5.939564318116220321e+00 -1.726186516431247320e-01 5.006190156990287576e+00
8.793821335677854734e+00 -1.574162641860794576e+00 7.628892248024847333e+00 -5.598905848937476115e+00
-1.156150453237443809e+00 3.624492468179484117e+00 7.211317860137075542e+00 7.805223384082880855e+00
7.295042740711439322e+00 -7.732615959046539311e-01 7.656920154399090350e+00 -6.229782512934109562e+00
5.393431082129306553e+00 5.962562192582061549e+00 -5.724298590442515433e+00 4.072344038377475606e+00
2.239967735642482527e+00 1.100541745135044991e+01 -9.566743063357298738e+00 3.692111439793863692e-01
1.712221923345825347e+00 9.607303620273814460e+00 -1.127091076412891368e+01 1.409516180717834022e+00
3.109909533723925978e+00 9.179154683428381034e+00 -8.480630183560194268e+00 -1.859800225661532025e-01
4.922785459384377837e+00 4.774635358677013386e+00 -4.618270587355947754e+00 4.008532692302937406e+00
6.821658206540043956e+00 -1.581979682044818647e+00 4.928869323359085008e+00 -4.821675315380575810e+00
8.052735690208482566e+00 -1.330331245231350934e-01 -3.848641474663404338e+00 -3.419186391020737847e+00
8.513732138446830078e+00 -1.419473609903637801e+00 -4.691480002685151973e+00 -3.347014222238413605e+00
7.797134793755194693e+00 1.239166713769384476e+00 -4.849243374430598053e+00 -3.813111375668142067e+00
-1.526256130454801241e+00 1.918230528928376755e+00 3.785084976717314476e+00 -2.637872798606045066e+00
-3.013815805889048960e+00 1.373387701811123573e+00 6.028983062941970061e+00 -4.851398947997462407e+00
4.312105796481418007e-01 1.096697771253133702e+01 -8.743463147802462032e+00 7.841942782458581895e-01
6.043042035398810796e+00 1.283492351528101594e+00 7.525632372729077701e+00 -4.419334049632460015e+00
8.342391226179055153e+00 4.655252423245245241e-01 -4.473124964371891110e+00 -5.018818116994905765e+00
-2.349476466197020219e+00 -5.946751003206220076e+00 7.387527645266859011e+00 5.162530135568151657e+00
7.602449313238122564e+00 -4.845675672935358946e+00 6.932622370440285842e+00 -5.471862775433875115e+00
6.174250304353092744e+00 -2.420406316087198029e+00 9.523217948998553339e+00 -4.773501111020779675e+00
-2.597356398982673120e+00 -6.557082794381335233e+00 8.134269555540162955e+00 5.519537202571288326e+00
9.046402470556962783e+00 -3.901963515421511541e+00 6.848133549860926372e+00 -5.132794384146248667e+00
-2.258227036978773583e+00 -6.139838298036053743e+00 8.293607490136714944e+00 4.716542961916233345e+00
-2.806392288553704262e+00 2.608900020081938109e+00 4.942747085468151447e+00 7.536691985936188942e+00
3.499045606821644672e-01 2.246218950061118491e+00 6.736360032333493564e+00 9.163676823393927862e+00
-1.628631222515086296e+00 -3.799731002298951665e+00 7.759499334330294928e+00 4.706624327825927878e+00
4.556785443634900901e+00 5.580235282579235623e+00 -6.539857586334806960e+00 2.785268536573004550e+00
9.754539760134623094e+00 1.379966787500807479e+00 -5.446339418289293022e+00 -3.091565799993174934e+00
1.584244729895045722e-03 -4.731644947660367251e+00 5.814525434457667785e+00 3.068411142073419473e+00
6.516579405005855641e+00 -1.033286119829242455e+00 1.014952023145017712e+01 -5.839768178235038576e+00
6.626688011249371790e+00 -2.709550244580299250e+00 8.544892218927360616e+00 -5.691511510740811630e+00
3.694948033778108432e+00 8.086635888648650905e+00 -8.791631443881813723e+00 3.203672091460570748e+00
5.559477091109294555e+00 5.075245242565259218e+00 -6.937397814359376191e+00 3.612695086329602567e+00
-1.943397334143399213e+00 -5.680211333677208430e+00 6.002115255761576229e+00 7.204830989519276585e+00
4.504897912921921321e-01 2.732312490657147652e+00 6.853428924515501564e+00 9.495657470329524230e+00
7.165368579580045250e+00 -6.575107254666964884e+00 3.038184353533679438e+00 9.961844907457201970e+00
6.435167626450493117e+00 -3.218074274485791086e+00 7.916787533944930288e+00 -4.248283286366511646e+00
8.192624814452319271e+00 -2.058238478457683929e+00 7.795869576391905476e+00 -4.649884771911528603e+00
1.207622011430472320e+00 9.555214106417661668e+00 -7.601692723841491528e+00 2.224989369363381542e+00
3.852749536955682785e+00 9.824935201575138777e+00 -7.485300667347274839e+00 4.382425074844189528e-01
2.852953156288882575e+00 8.309660577499451861e+00 -1.024320646779281851e+01 1.351985520473781843e+00
7.819178994539180749e+00 -1.451727144015025450e+00 8.970329396023227986e+00 -4.198837140501518128e+00
8.485515957304659906e+00 -5.039674581219826255e-01 8.250272473687775943e+00 -3.935237327893146286e+00
-1.258916900090340851e+00 1.056262085995465894e+00 4.763963743996309397e+00 -3.126276288422769056e+00
6.405012470265189606e+00 -1.682260870348412762e+00 7.256427901800283742e+00 -2.658733479457384252e+00
9.791591923092456184e+00 1.406392961256031970e+00 -3.618761554545139258e+00 -3.246856632571166745e+00
-1.437509391399710346e+00 3.743278953028805756e+00 5.020182726658996231e+00 1.035635411643434978e+01
-1.317116450056897703e+00 3.221571391079464330e+00 1.556255062268229405e+00 -4.770163749003542009e+00
-2.132994554584428659e+00 -7.553084445042761885e+00 5.847281100544360122e+00 5.977000752410888573e+00
-2.061714252401456449e+00 -6.665162965969684272e-02 3.628279710996127783e+00 -4.854191712551613413e+00
9.581418195569970209e+00 -3.964129650824708140e-01 -5.683723329211863629e+00 -1.772319461468244262e+00
8.706529690751412254e-01 3.993691157562997862e+00 3.483879130157705450e+00 8.453682031025977039e+00
-6.288614994195260710e-01 3.952532982523849991e+00 5.811248001896572646e+00 9.622471687221452186e+00
4.269781299912208894e+00 -6.109588752031651637e+00 1.125735019809937398e+00 4.406067137835235847e+00
-1.267075465295250725e+00 -3.093844858249489072e+00 9.981962892907457530e+00 4.720056026915623093e+00
8.800479798911560181e+00 -6.751113143623172164e+00 1.173767266745216808e+00 7.375429846609502960e+00
6.111774509670735434e+00 -1.717203543442700653e+00 6.208113159606444498e+00 -5.338088718659673049e+00
-4.416235221254849463e-02 -5.791847370502500425e+00 7.711669228270555898e+00 3.841700906114325242e+00
