7.091419123302802774e+00 -4.401392078518701290e+00 2.277454060421232551e+00 7.069678318998621869e+00
9.662141712822005957e+00 -3.150297755479009254e+00 -7.240692836482910621e+00 -1.747403467369591290e+00
-1.954875498072792039e+00 -7.601427658234614082e-01 6.844252776723310561e+00 7.168957130231163433e+00
-7.351506789215892290e+00 -3.689374258447992272e+00 8.439099058795697772e+00 7.335737834428389448e+00
-8.602107181789106605e+00 -3.054504957503074714e+00 6.980842932690594083e-01 5.343581184205838497e+00
1.132802169297228723e+01 7.359788174555943030e+00 1.484861322386372917e+00 1.960486771042602383e+00
-5.722177295464352831e+00 -5.081339343573528566e+00 1.121218142669556528e+01 8.282016856590132647e+00
7.553712563954465331e+00 -2.300138357674567313e+00 8.606651691326392406e-01 6.588755870773785439e+00
-7.281828070180710988e+00 -3.239481610484545193e+00 -2.068441159167780707e+00 4.622363990755073537e+00
-5.962020220765278822e+00 -9.187951535298120476e+00 -5.187074062257386320e-01 6.768784706829251263e+00
3.612031358074525134e+00 6.555989639475923170e+00 -3.844855558032889142e+00 -1.678518926438898218e+00
3.120984219459434605e+00 3.291595517954074346e+00 4.462135346872642128e-01 1.078695892482002883e+01
6.802730847283732452e+00 -2.095049100349688498e+00 1.303383397946269007e+00 1.025168856575247744e+01
6.033249645833251407e+00 -4.955617578362964792e+00 1.318329297160179214e+00 9.160148810642080974e+00
-9.246658014908321732e+00 -4.328442817667770726e+00 -1.626163833576374174e+00 3.901768391980224848e+00
4.696227535563973987e+00 -8.007751757233357637e+00 7.609666374214417495e+00 -1.037416614647810098e+00
5.292569476842053255e+00 4.162543207904397136e+00 -9.115887334202363856e-01 7.822975657134866090e+00
9.387349257532706659e-01 5.564698702372039563e+00 -8.188465332902630678e+00 7.690614072091133124e+00
-8.996167394057412281e+00 -3.721004743149831206e+00 -4.365758209070036422e+00 1.032112124990394086e+01
5.056175948334272086e+00 -2.695579327861987284e+00 2.387115925382378434e-01 7.685345293182597182e+00
-4.031801945047679858e+00 3.774348455113959666e+00 5.344372049171719929e+00 -1.466239278641163768e-01
5.909954714598706360e+00 -6.553100902263558680e+00 -1.022976257351137264e+01 6.661965239455248877e+00
-1.128966511683850094e+00 -1.648273383825821226e-01 7.447002125968620767e+00 8.600822794361436152e+00
7.254918425320879827e+00 6.515155530088565961e+00 9.184064517293881735e-01 -2.264617850641213792e+00
-2.570032253172255032e+00 3.560752915489499237e+00 6.603894493461077708e+00 -1.433109169687672990e-01
7.375900802446012428e+00 -4.943043912337760304e+00 -7.222879925943126445e-01 7.276157328115854916e+00
3.570823478914933791e+00 5.881182808084613356e+00 2.917566614286650761e-01 1.007546777457824660e+01
7.102733411957633081e+00 -6.226740185608339750e+00 -9.387769220510396195e+00 8.332240543941191291e+00
8.537569085791318457e+00 -2.174327599225542862e+00 -5.833502772795664093e+00 -6.199783792457235876e+00
-8.192470897587062595e+00 -6.973195037064378710e+00 -4.703538296646600614e+00 1.052141424425330563e+01
5.581792322664488104e+00 -7.300817882781995394e+00 1.053784359340372134e+01 9.974720930235980720e-01
5.422525936060303309e+00 7.997335938586338067e+00 3.225600101409229925e+00 -1.340764172079182970e+00
1.041238255491172815e+01 5.669853312355017216e+00 -8.012345041761609332e-02 2.439932844902119591e+00
9.561896472029546956e+00 5.559322527128549574e-01 -8.122920381526482103e+00 -4.839002568175958530e+00
6.675267799551681591e+00 5.649940993291973079e+00 1.625593921341791592e+00 -4.343765847260540269e+00
-7.419832103572474580e+00 -6.993888743467261193e+00 -2.156751373636955016e+00 7.063479999837105616e+00
5.604400025805524876e+00 -3.913453047030754917e+00 -2.073731539049306960e+00 9.064024554266886469e+00
3.290348706095766573e+00 4.242787440541195387e+00 -1.235214326178074629e+01 3.175107112789329555e+00
4.157555441821347841e+00 6.606626260592828537e+00 -3.429582516179514151e+00 8.768312820440240074e+00
-7.778173909276101305e+00 -4.236152464491660830e+00 -3.957341080117373178e+00 9.357967809401081638e+00
3.958449632772973459e+00 -4.392062551794413849e+00 1.791020940466780731e+00 8.765772982093224641e+00
-8.119603413450981577e+00 -6.057031892391656847e+00 1.115498083494454784e+00 5.676994817252612791e+00
1.010213322082206933e+00 -1.013568032308740996e+01 1.052743719814799306e+01 -3.585146178002527773e+00
-6.455389578666902217e+00 -5.732968383700134396e+00 1.115840549780820901e+01 9.476737738030582392e+00
4.825907338635943233e+00 5.947669293901291176e+00 -1.136685129506201442e+01 5.382206028850157864e+00
5.503890308540631437e+00 -9.541808038743369025e-01 1.737188400641746844e+00 6.466939627659687773e+00
6.791206020032619861e+00 9.007235157545141035e+00 -2.844046505557598525e+00 -1.706662397359970385e-01
8.125824224682125063e+00 -3.557384864402246993e+00 -6.150579693117547819e+00 -5.191153220630081222e+00
-7.514293882112355938e+00 -2.125590120977415509e+00 -2.752142478760696953e+00 1.173973456718468178e+01
-6.130001710407181115e+00 -4.867273213805373366e+00 -4.259177403282508045e+00 1.105231638227047952e+01
-4.048901591463499372e+00 -4.413786413209153991e+00 9.017741516250218581e+00 5.791074045038853590e+00
7.187729195649716907e+00 1.061999605778909128e+01 -8.742450319135537384e+00 -5.215714915772614368e+00
-7.359651027915339760e+00 -9.190233864131263530e+00 7.620766545512341894e-01 6.091738105633689671e+00
-6.496203081250536471e+00 2.049008447247361531e+00 7.363918642220504296e+00 9.801354855306749769e-01
2.891497099678243199e+00 -1.072716997810148953e+01 8.584106477886949804e+00 1.100281256403827346e+00
5.128856280238830223e+00 -5.068062562365401647e+00 4.223708887010472757e-01 6.321356151407302448e+00
5.538851561402605483e+00 -7.556876699131204411e+00 -8.006290669580632624e+00 7.542242971818272856e+00
1.064219248800395867e+01 6.627423654945515885e+00 -4.954066155840196606e-01 1.705568221389802241e+00
-3.813442370576242801e+00 3.711094089424462616e+00 8.735085687944401656e+00 -3.849976507734058639e-01
1.031406301660188873e+01 7.902926163944147042e+00 2.165792396924034191e-01 -5.002956580674877696e-01
5.848876603036640809e+00 -2.084814479891086147e+00 1.809774121472984776e+00 8.862561819667831742e+00
7.722732315356182653e+00 5.757893086773863800e+00 3.796944855858132017e-01 2.891768482932606688e+00
6.765511675247731560e+00 8.423598429461499393e+00 -4.081184018072753439e+00 -4.895811537939328550e-01
4.794972967722634927e+00 -2.347224471877388030e+00 1.057017279678058808e+00 9.541114966875639425e+00
5.536044300947096986e+00 5.407690271107040481e+00 8.201346267263999179e-01 -2.730046906013166907e+00
1.146950558148199795e-01 7.544545620299492050e-02 5.995637207814240810e+00 8.871311935001738647e+00
9.097136514701240628e+00 8.726319987162305836e+00 -9.591851927266715094e+00 -5.995014143909372706e+00
7.762562532592456321e+00 -3.455386657832741903e+00 -7.196967822706863416e+00 -3.189611005856600290e+00
7.371640358964393513e+00 6.643550859537937114e+00 -3.988665923058828389e-01 1.418136614347141444e+00
-8.704943069297293334e+00 -4.598258081651108498e+00 -2.173221185244323284e+00 1.063715357787191884e+01
1.821151268639416565e-01 -1.282542527312982461e+00 6.112291057250863524e+00 8.343601461671546815e+00
-6.619639412378243826e+00 -6.262807700085629037e+00 9.619741906480634430e-01 4.447508181081341938e+00
8.037790540531659644e+00 -6.306911383035457952e+00 -7.260506055350609778e+00 6.815575944018556598e+00
1.048305618739990130e+01 7.220547246391017637e+00 8.505273248782124762e-02 2.476545872193644637e+00
3.116782327661027363e+00 4.148341078739516519e+00 -8.694599972389216447e+00 3.013794500732513093e+00
7.482619023104154721e+00 -5.775059932383585171e+00 -9.668510032997707171e+00 6.718863979737125902e+00
-5.154487435368771742e+00 -6.337542615580309402e+00 -3.818701351099266894e+00 8.825380709572858251e+00
6.846536364067955738e+00 -6.857465478941925596e+00 -9.311472386449105798e+00 6.426398559550305478e+00
7.123994840402498419e+00 6.659997270696628391e+00 -8.933301322551079338e+00 -3.677480400278048567e+00
-5.580103072612311088e+00 2.319292305322539161e+00 4.849826695129188181e+00 -1.095742999398617856e+00
5.463431421520050790e+00 6.861512370979058417e+00 -1.414942525211967617e+00 1.151890607483261597e+01
-1.203016551062211503e+00 -1.387327698309182011e+00 7.373467355502313580e+00 7.180121449973514203e+00
4.431205817715857087e+00 -3.491349070770499274e+00 6.187814934642961173e-01 6.657450680539639620e+00
9.125276642360949708e+00 6.515903363377860025e+00 -1.499506198691347159e+00 1.248798190595494351e+00
6.777838750195642525e+00 6.402536895508385228e+00 2.129886190859441975e+00 -2.571709578538155849e+00
6.088340023015985203e+00 7.586661015513652018e+00 -7.651847492212029422e+00 -5.356087744558189812e+00
1.913719940400813391e+00 -8.253944375169982806e+00 6.996412578108040847e+00 1.829354133529066839e+00
-1.336879457725515419e+00 -2.479849047585373167e+00 7.073435352921483066e+00 6.714613942993643114e+00
7.726843535947669039e+00 6.945178298251867055e+00 -3.128558898128892540e+00 -3.468107479944667837e+00
-7.327580119739181441e+00 -5.829301762962771249e+00 1.944206858695091827e-02 5.209273444008321263e+00
-7.496100300970322650e+00 -6.006901904619692090e+00 1.213177506761484725e+00 2.547852819504417887e+00
-2.315652225815022724e+00 -9.285047406586764751e+00 7.533542491878630898e+00 1.392837793561751969e+00
6.278442638648467522e+00 8.503663800319856136e+00 -6.759726451028460481e-01 8.957846526319290348e+00
-8.961071113290859813e+00 -6.226989376344914007e+00 -3.126633819986203711e-01 4.879300615282313736e+00
6.709474598582737537e-01 2.931612920305187719e-01 7.758932040645467154e+00 8.191628242475118782e+00
-5.894033278507126106e+00 -3.960407691135439556e+00 8.609673401282238459e+00 8.555781764827177227e+00
7.239352639574956783e+00 6.106156792364837216e+00 -2.141652895874746054e-01 -5.662242130445700461e-01
6.020773609675766025e+00 -2.736393822360229766e+00 4.172299983530691203e-01 8.686805702039368526e+00
1.083052734109711324e+01 5.711678787353476672e+00 1.135659865231046339e+00 -1.109785048246925143e-01
5.020413240760764673e+00 7.135417149937522296e+00 -2.201872107409102997e-01 8.093006801103806325e+00
8.358228420304319783e+00 -3.600952010336749609e+00 -6.661840888127236404e+00 -2.576524735161942026e+00
1.500715675662279702e+00 6.694656640884224075e+00 -6.960479888757655331e+00 3.512608566110909880e+00
-2.872280493267540535e-01 2.728467327120612573e+00 7.438334406422286271e+00 1.400959689818763731e+00
-8.056080504613037263e+00 -5.427544047029937424e+00 1.011373184609338871e+01 5.634931560822324492e+00
6.973997710177481935e+00 7.711945040897328241e+00 -2.572019625154002398e+00 6.217069189006023677e-01
5.188493340823046474e+00 -8.079815335697842826e+00 9.518068143172360607e+00 2.533080512588269606e+00
-6.646601433319001551e+00 -2.706586340208066765e+00 8.932896125236293727e+00 9.260863023696444429e+00
5.965746944090969173e+00 6.540170884643398352e+00 -1.300008156634249179e+00 9.541237831741144149e+00
8.620701136208262838e+00 8.685155682357947882e+00 -7.911184693920843003e+00 -7.038414960631843798e+00
8.188861757576756162e+00 6.036463289478271932e+00 -5.104837676586514439e-01 2.472402935492256315e+00
-8.004183412733043568e+00 -6.826835816398619805e+00 -2.957770405957606208e+00 9.911452909797857203e+00
-5.611046064630958341e+00 -4.590241619273648155e+00 9.511004599617153943e+00 7.232633679070907817e+00
-4.137804284958453316e+00 -6.699934604004655014e+00 -2.117279930795958887e-01 6.106736488377992877e+00
6.087739195765069056e+00 -2.276320751879473470e+00 -4.395940119625525444e-01 7.318062791699082581e+00
-7.478731223713113607e+00 -4.338237178961746210e+00 -4.230549215251392603e+00 8.495299435999472237e+00
9.437149705300948099e+00 -7.829669867246893844e+00 -1.003990863664943767e+01 7.514204276699071094e+00
-1.005955857995658498e+01 -6.994801406232666885e+00 -3.150653093015661099e+00 1.147068917112549435e+01
2.004004872775054125e+00 -5.163941295250232599e+00 1.052508583398853759e+01 5.770904438326126540e-01
1.063847807813718305e+01 6.850415394757431109e+00 1.804346972244339264e+00 2.003384507635586509e+00
8.042163238493465371e+00 -3.202045590909826878e+00 -6.482355881286099297e+00 -5.323945363903408001e+00
8.326021255485860362e-01 -1.264652177724035820e+00 4.090860261528798780e+00 3.843559589229936790e+00
-6.091144573199794188e+00 -5.606015018933406147e+00 1.129950942171779715e+01 5.879585113824030707e+00
1.227448672787089912e+00 -1.000652812792576185e+01 8.530889804759091533e+00 -1.799077940633638795e-01
1.758585433844569890e+00 -7.702811867492840747e+00 9.400531940319174495e+00 2.963897220689690304e+00
7.458452708260788988e+00 7.178591736008226754e+00 -9.293461646527633846e+00 -2.774118130331748588e+00
2.138989814803438527e+00 4.165825781208400969e+00 -8.898549619069761718e+00 2.407299836003845339e+00
1.913016364443056005e+00 6.316144139038667227e+00 -1.024607651553323961e+01 4.834892132282569754e+00
-3.738876083291295060e+00 4.136518917326845290e+00 8.010218754194749380e+00 -8.897484072028236657e-01
-8.112551503589815027e+00 -6.060332328272945546e+00 -4.029401687470540949e+00 1.087918445619232521e+01
-5.812621033841142371e+00 -4.638513566508994934e+00 6.737496327824495923e-01 5.065502643414268036e+00
-7.415468032739142679e+00 -7.053313448012488607e+00 -3.749202442572397431e-01 4.752257870312085686e+00
4.462920591916646806e+00 -2.410890688885225952e+00 5.964863888513065593e-01 7.685504120846464282e+00
-6.005355555299323633e+00 -2.852511402802192286e+00 1.027377200536426471e+01 7.102238771674992179e+00
3.769346009623174787e+00 8.599855560309920932e+00 8.441499928774401917e-01 -4.908488049261610087e+00
3.111797748918183615e+00 -7.856901843989285261e+00 1.065648572248529291e+01 2.412179021956009917e-01
-9.188304304332222117e+00 -6.155313220946450947e+00 -4.025411953592880288e+00 9.582717669664964077e+00
1.070267634920756450e+01 5.363184688343276108e+00 9.881023797279051557e-01 3.650793375764196380e-01
-3.620499342176937141e-01 4.966787952973131581e+00 -9.662022576771130744e+00 2.755925278154739644e+00
-7.449378900180419372e+00 -3.747293107144873403e+00 9.973924470751812876e+00 8.459811569824815081e+00
7.696713794478507786e+00 1.124996004260860261e+01 -1.018714873039808033e+01 -6.780622657160865430e+00
8.215149272494590704e+00 -4.056234041651139322e+00 -6.493271702289198366e+00 -8.640967557263112830e-01
-9.956062780287327385e+00 -6.133978125333730880e+00 -3.254628792072072674e+00 1.053910846682759406e+01
3.897945912687756476e+00 6.265963583694155403e+00 -3.730969599311413365e-01 8.585015402599925238e+00
-5.332350582532225935e+00 3.561942458630523500e+00 6.752248519898151002e+00 1.250922793864679416e+00
-5.511562815557368822e+00 -6.026041503961558021e+00 -3.214546383361158277e+00 9.810989110697901694e+00
6.284819690536398440e+00 -7.613252409907447671e+00 -8.349743248494705838e+00 7.527390119720102746e+00
5.970912301262977451e+00 7.311308403375938347e+00 -1.874018092536456237e+00 7.064959557547314528e-01
3.878401613888716071e+00 6.423434627547696785e+00 -1.050056102700669491e+01 5.431731830205945855e+00
3.558431675256990445e+00 -1.056976052614920647e+01 8.718261755059629081e+00 -7.611987727140792082e-01
7.208982819885926263e-01 5.091585144157679821e-01 8.486531765117108606e+00 5.640285235705135847e+00
-4.721319681813783475e+00 2.945646433710587431e+00 6.035525348430878623e+00 3.218114567954511340e+00
4.212995759749080804e-01 5.091320843876536273e+00 -1.223248293143898380e+01 4.118870381678609860e+00
6.446566614669269946e+00 8.756780694175986923e+00 -2.925915499592168345e+00 -9.301374517424884081e-01
-7.730350899889328886e+00 -4.016399140029899506e+00 9.974730277541100421e+00 6.692708228359257383e+00
6.319046102849415369e+00 -1.615387049288705468e+00 1.406072360580302716e-01 8.219644464085334334e+00
-6.375094474773416842e+00 -4.285159147253718714e+00 -4.932803220400293398e+00 1.051328512772901114e+01
7.304755388222353041e+00 -3.276024133282010364e+00 -8.085482693744889815e+00 -3.653769359703709085e+00
1.258566139284915764e+01 7.890828687707482914e+00 8.501487087544009613e-01 1.383508175467707657e+00
-5.291946779788994526e+00 -7.406725104033195173e+00 6.007543845271954286e-01 5.106594248625389021e+00
9.854531970903288141e+00 6.227733868427570485e+00 1.515341647888333920e+00 2.394011745080630860e+00
8.562901516621844067e+00 -3.772178205621420144e+00 -6.692659077840325210e+00 -2.081415469032052989e+00
-6.653769063214474144e+00 -5.465211274795876761e+00 -7.255564221429882110e-01 4.489187858491982652e+00
8.096538462834338645e+00 -7.535702235319881481e+00 -9.579771846193622764e+00 7.395838048527728859e+00
2.710239999855152959e+00 5.419328449930281622e+00 -1.017352917909414067e+01 2.057309911551538306e+00
1.196487545312079170e+01 5.814786359572682528e+00 -9.800591234112894234e-01 3.016193109474905931e+00
6.494433553030630968e+00 6.187129307056897787e+00 2.009534084622793593e+00 -3.144454818431758447e+00
-3.863941820119193959e+00 2.416375589788135159e+00 7.232594070195375480e+00 4.380359931019752739e-01
6.931121261335965400e+00 7.541328015375936111e+00 -7.347076204045080772e+00 -6.645154336604054635e+00
9.379551300104793654e+00 -3.566850432286584827e+00 -6.434229279676472402e+00 -5.904963271752025733e+00
8.275159485534928194e+00 8.816257698127975218e+00 -8.298192891271698457e+00 -6.828401411299821255e+00
-5.772546459761289661e+00 -4.455082175686089663e+00 2.831638912930064311e+00 5.216582597580088354e+00
9.117046248326770908e+00 -4.602330346180152354e+00 -8.157042289012061076e+00 -1.950712378725557139e+00
7.850166465384869952e+00 -8.993138730630404254e+00 -9.515343029399602415e+00 6.635928957578481224e+00
1.848287549477624525e+00 7.033315625469539256e+00 -1.098508690501507346e+01 2.123520992524471129e+00
2.905759376978233055e-01 4.134650986128827199e-01 8.242044256344636111e+00 6.417678571632476903e+00
7.478338686833108540e+00 8.822987431861081475e+00 -8.729273581427611006e+00 -8.061143012638162020e+00
3.157815529508372965e+00 -8.190714962472185334e+00 1.102500727947669468e+01 1.896683705199100789e+00
-2.377034482646910973e+00 4.020603078704133582e-01 7.303545377879773426e+00 6.942184271387902506e+00
6.109982454020572717e+00 5.429886553179240849e+00 -3.817678983969523099e+00 1.061838853091885326e+01
5.026467021178971706e+00 9.640192938021026947e+00 -1.100068632696454962e+01 -6.090126276704047825e+00
3.854596970902810504e+00 4.982881459781374645e+00 -6.635541045591513143e-01 1.039961597688835049e+01
8.321793119145052486e+00 -2.943452411364571475e+00 -6.515669064361833129e+00 -4.200798008760821212e+00
6.938804929461886317e+00 8.251141548490403821e+00 -1.159887137274407465e+01 -6.677993082222363874e+00
8.489967718598158797e+00 -4.622381486917692683e+00 -5.941285027378113703e+00 -3.460952763481183858e+00
9.208607138503181133e+00 5.337136958544256515e+00 1.112151106892919294e+00 -1.417744148298385465e-01
4.535826097744288354e+00 -1.585377127321163426e+00 5.823623794556518352e-01 8.014526384674603321e+00
6.328650403597892549e+00 8.653837845501799464e+00 -3.425065578516437448e+00 -2.789879453081400840e+00
5.354035879368842288e+00 -6.092480875398496920e+00 -8.354734472921752086e+00 7.307557420679379412e+00
6.320148486713475400e+00 8.133198008127186185e+00 -1.050341176945053334e+01 -6.045111792795563765e+00
-3.423289653413800759e-01 -1.315295402187902862e+00 9.593465829918647714e+00 8.939909916116503652e+00
7.817739862680753937e+00 -1.588968262493472450e+00 -2.236797326224529758e+00 6.498956228670117241e+00
9.870243068153536470e+00 -4.088128715401754043e+00 -5.805500287942373383e+00 -4.792470328175062022e+00
6.181622956651022349e+00 8.279888215097059856e+00 -2.524215075889026938e-01 -2.360928029260376704e+00
4.458192759183708276e+00 -4.396731829783165679e+00 -1.162304758100195512e+00 7.832956746112282431e+00
-8.348178752751586273e+00 -6.228206343631130792e+00 -3.604063848733527031e+00 9.688781867865952080e+00
-9.699407332174275753e-01 -2.241531915949087850e+00 8.292887542750811747e+00 9.270037751317294905e+00
-2.961723837580045426e+00 1.845830063423244072e+00 8.454740620501530302e+00 1.159367382645602129e+00
9.082902178391221160e-01 -7.832842916715800907e-01 9.229316393711334499e+00 6.863176623753867389e+00
1.008234282833764439e+01 6.191777770167607109e+00 1.725980555148989959e+00 1.594145868056524140e+00
8.218495058799314634e+00 8.271480175837455207e+00 -2.167611368037850816e+00 -1.149035833799719297e+00
3.892265130307744680e+00 9.397016734278459182e+00 -1.935497697201241207e+00 -4.371579497028036387e-01
-4.329842125293732913e+00 2.783936367503516696e+00 4.816435882667476243e+00 -8.675078416074992749e-01
-3.103127808522067266e+00 -1.328313598522339767e+00 7.336316640157639846e+00 7.850790338884268138e+00
5.374746652764637922e+00 6.133220442688928742e+00 -1.572053501463098302e+00 9.258191464989819153e+00
-5.510360425308199694e+00 -4.275870278179092487e+00 8.307208950567364525e+00 5.255614759563949079e+00
-8.189792316638740743e+00 -5.029256059897342368e+00 -3.972748238775124285e+00 1.025291943941996919e+01
6.641479078503987665e+00 -3.613178230942095670e+00 -5.715983767004855665e+00 -4.630683090014156456e+00
2.462003370127102464e+00 -1.093456233486904949e+01 9.847136563393933173e+00 2.960276961982051258e+00
3.627140032463168851e+00 -8.265393700958773238e+00 1.036565072458468606e+01 -4.900974380776245143e-01
9.187201982647948739e+00 7.556673082902930716e+00 9.116251977437597187e-01 6.902381874406298135e-01
-2.660485177053824035e+00 2.060311543004166968e+00 8.565058071153771380e+00 1.234146241661663090e+00
9.788293846426650902e+00 -4.409873954598348078e+00 -7.408662466026117777e+00 -3.756934534850091545e+00
6.156558632009282661e+00 7.288704761912552677e+00 4.747972099646026733e-01 -4.243164887249729844e+00
-2.394304687706986456e+00 1.078301975639631261e+00 7.897642038752555216e+00 -3.029730491648236157e+00
-8.084721568058210295e+00 -7.030779905646957317e+00 -2.499864088681452934e+00 9.976237380278053735e+00
1.187061628765073040e+00 5.071659501676785142e-01 7.152774351982436940e+00 8.102814766717663986e+00
5.020113203050142303e+00 -4.329811600953131112e+00 3.302164590874001160e+00 7.011998892561082108e+00
3.529792100407320721e-01 5.239138277440320568e-01 6.806867485667737583e+00 6.843669269555574530e+00
-7.840291587760889414e+00 -5.311288232840435164e+00 1.769909361286856830e+00 5.511107083699341658e+00
4.875497445491244974e+00 -3.626992692772502913e+00 3.208081111747986269e-01 5.972244351476054369e+00
7.919384182174072251e+00 -6.582397052294033379e+00 -9.383103467553851829e+00 7.022889212294727734e+00
7.023346421626370351e+00 -8.364764689912643547e+00 -1.058236009647004749e+01 6.730859676057193042e+00
4.074110344978271847e+00 8.133280140132384872e+00 -7.567787269225592972e+00 -7.563408746333934118e+00
-1.164165703979362920e+00 3.964282711501007084e-01 5.730166993457045166e+00 7.088353833957360628e+00
6.642556825196060721e+00 9.136818126213935187e+00 -1.085306051922591308e+01 -7.162817016416704874e+00
6.535541412156090857e+00 6.733363362381070694e+00 -8.455649249040570581e+00 -6.713023912477141586e+00
6.090094470925675907e+00 -1.029501490445741041e+01 1.118662460166836325e+01 2.323290301390094625e-01
8.500949586696942006e-01 5.016999477674006336e+00 -9.999139339817471495e+00 5.211258911569529140e+00
6.960159508235659764e+00 6.739675092972287729e+00 2.745277383934583870e+00 -3.622992344764740302e+00
-6.794578368739206731e+00 -6.249537962068013819e+00 -2.180675727015657372e-01 4.697033520954264851e+00
3.665174149553823701e-02 -6.636588728478153287e-01 9.128568356987294408e+00 7.884826835510928333e+00
6.315647152016708787e+00 5.223892791656390422e+00 1.002658445117898145e+00 -2.317903797164487134e+00
7.146845463502544682e+00 8.081258455640012883e+00 -2.288877259320631907e+00 -8.251126814361984252e-01
7.546442885296369418e+00 -4.549039002655633546e+00 -8.666547447672755311e+00 -6.356965129197247322e+00
-5.759440644253854380e+00 -3.840382397070038589e+00 9.764659677480750588e+00 5.487650536163811488e+00
7.920508808069107509e+00 7.223650298349592269e+00 7.178561211920354568e-01 -4.260268247558842702e+00
-3.960180901347719828e+00 5.332394497427587865e+00 7.593564799947324140e+00 3.091044831904872225e+00
6.408034944950326661e+00 -1.487003871925675513e+00 -1.020570617666508140e+00 6.438861855128465095e+00
2.818742913243158732e+00 8.735923179635921798e+00 -9.740456545934883081e+00 3.738834881835234825e+00
7.793098220186601921e+00 -3.566210785865278066e+00 -5.943545576464704716e+00 -3.419579581656266409e+00
5.211876204923568068e+00 -2.248305544396184796e+00 -4.745564454904193097e-01 5.955830689253113874e+00
5.792855498925519875e+00 9.692225795045224856e+00 -2.446068148388660379e+00 1.971505921655909876e+00
8.072938654322797447e+00 -5.195128903165990408e+00 -8.105493215904111537e+00 7.402120833362761942e+00
5.751250368430410376e+00 9.663816966477460468e+00 -2.969781159905474421e+00 -1.451653376873652812e-01
4.033672372809262718e+00 6.610180418589574280e+00 -2.082854935191414736e+00 9.699489275930423204e+00
-6.570716626300680652e+00 -2.881189228042018158e+00 9.300824520921450400e+00 8.158761411839863698e+00
2.499577836891473392e+00 3.854618230542362411e+00 -1.094134747907542149e+01 5.628980197537645225e+00
6.881013184252899428e+00 8.110917096979743945e+00 -2.867810452455087589e+00 -6.446389330984114707e-01
5.086462341222766526e+00 9.437105843600862798e+00 -4.168792462706884194e+00 -2.712269315964171756e+00
-6.182753108957311561e+00 -3.270631190458309412e+00 1.210221607195157034e+01 4.582896213985092615e+00
-7.980560373847811029e+00 -5.049846292146310311e+00 -1.588645948823118603e+00 9.634448307117814636e+00
5.027617434824895426e+00 -1.650414034033918398e+00 -1.346362332379402726e-01 9.934922391005631681e+00
-2.964039899860798410e+00 2.336786247350956636e+00 8.346470901259113617e+00 3.178255130318448529e+00
9.024512661018704307e+00 9.242954814865722568e+00 -4.238218538616613351e+00 -1.605683934651041866e+00
-1.027810807917557767e+01 -4.598027740509644801e+00 -3.130735951080390045e+00 7.962407071774231682e+00
3.813198304964087182e+00 -2.949900985817503596e+00 -1.363002577789605985e-01 9.099783546197087958e+00
6.916156271949565060e+00 -4.334416719613948032e+00 -5.818588504311597909e+00 -2.260027588246408925e+00
7.675054015118219830e+00 8.075428451155152842e+00 -4.629730374304796392e+00 6.383191252344500022e-01
7.051875827632744453e+00 -7.243344719779147844e+00 -8.502896438684578229e+00 7.666123743188500761e+00
-4.493124379410802227e+00 4.438876920669158288e+00 7.988518936556421757e+00 8.418122894593784711e-01
4.032870527338061173e+00 -7.202584059553229778e-01 1.102236444518968739e+00 9.494620027377644433e+00
8.956032608095796377e+00 6.016620429982600271e+00 -7.221123489544947205e-01 2.593118345703757655e+00
7.647529834557917461e+00 -3.850965223822854888e+00 -2.950737251355846080e-01 6.448596498042118874e+00
1.029121610600191516e+01 5.489426567498643550e+00 -2.673094958482213013e+00 2.985473377191709687e+00
6.902464798789895717e+00 7.632540721733486855e+00 -3.236540928022309416e+00 1.440437897890895158e+00
1.997522348595748731e+00 -4.603231691236042145e-01 8.673486117225129632e+00 7.284103152617791288e+00
7.557903625670607362e+00 -2.101965184116698637e+00 -5.727004724339590069e+00 -3.223123266552989641e+00
-7.567116591699734052e+00 -6.238522763759694278e+00 -1.883015551002950039e+00 9.759500636811626606e+00
7.526076289899172878e+00 7.022081667626144608e+00 -3.878313003322066521e+00 -1.509419805148269011e+00
2.755935359180241573e-01 1.791385825771938833e+00 7.202552421445820308e+00 8.292564221023923210e+00
-8.267945370644504521e+00 -4.629148283976183720e+00 -2.463938519383026993e+00 1.016760806815634766e+01
7.640178371691873416e+00 9.768649997830989307e+00 7.407234532073481148e-03 3.940145949687747784e-01
5.112870736646396352e+00 6.601946807677161466e+00 -3.281577282187157163e+00 9.567361574710334438e+00
1.130476934895670915e+00 4.784137266002313815e+00 -9.841715682620149508e+00 2.058471637487507166e+00
7.074901989358299836e+00 -7.234085372759013310e+00 -8.332154285579168373e+00 4.936861414432069495e+00
2.215380855306523955e+00 7.018880370138444569e+00 -9.219660244187768416e-01 8.003209035654041514e+00
-9.860089529189538737e+00 -4.016649085689946830e+00 -2.539860471862958047e+00 9.557084779432020838e+00
2.394362043551597097e+00 3.308372813110165289e+00 -1.030619500347576434e+01 5.556694405250212299e+00
7.065086028943585283e+00 7.375731450737433192e+00 8.880411355849855415e-01 -1.868457542847604014e+00
1.446809445794233318e+00 5.778531018839410116e+00 -7.956716569133258865e+00 5.360718288294884282e+00
3.799491098049285309e+00 1.022670082027902794e+01 -2.393655145484308910e+00 -1.142713600009012120e+00
-5.953831268089772699e+00 4.086409388151140298e+00 5.964686203008179533e+00 2.863175616595852180e-01
-2.961827901994568801e+00 4.179428740344233617e+00 7.807369054715666223e+00 3.083560339934652283e-01
-9.298866605215785341e+00 -7.937586286130565938e+00 -4.959076301498947181e+00 9.604048801605921781e+00
7.817326771184527345e+00 9.007605830066475860e+00 -1.062006509041816926e+01 -3.988827413969878943e+00
-5.954965681031173297e+00 -4.613794578955886294e+00 8.696784018903805702e+00 6.064956728250949780e+00
5.851977526656185979e+00 8.526009427055335266e+00 -1.663577072884646180e+00 9.240938400999989533e-01
2.127703763321567632e+00 4.715391399847722376e+00 -9.201010950572388936e+00 5.809378764850671395e+00
5.194741290997107797e+00 7.925248206693539466e+00 -9.393057839295904543e+00 -5.128306572502040694e+00
8.341110997386781634e+00 1.016891421788178818e+01 -2.233153346301627984e+00 -8.346111487125420503e-01
3.041653863705684468e+00 -6.856670986403942791e+00 9.908295042150525589e+00 1.435274095281138473e+00
-4.525533325525211481e+00 2.963632978354261649e+00 8.289502957359859536e+00 8.749035961003719386e-01
5.937731177044281772e+00 5.796649435440830445e+00 2.386046317039376419e+00 -5.395664842670046646e+00
4.153480081174905969e+00 8.022706799764945274e+00 -9.980983844808786198e-01 9.717570275629945797e+00
8.843899490115276762e+00 -5.101818054858054730e+00 -6.591904587978450358e+00 -5.736428094488283058e+00
5.425945461670279357e+00 7.355124910583981546e+00 7.275981154766240078e-01 -5.029178776618019597e+00
8.018923898740158762e+00 6.382779500122139460e+00 1.959704918169720145e+00 -2.796341440522982946e+00
1.047321688311368604e+01 5.749155929691356803e+00 5.698308988764582139e-01 1.439119665614159826e+00
5.834870418314599405e+00 9.254823058641008515e+00 -2.740304721282611933e+00 -1.745051703568372137e-01
1.001063904224344725e+01 8.778085204104174366e+00 3.325650371460572852e-01 2.753294751502830096e+00
-9.255184898821632311e-01 -7.804527917978799634e-01 8.326661378643159139e+00 7.051436210911318447e+00
-1.756918847054535604e+00 -4.776145430373811562e-01 7.142797350476122631e+00 8.135948795774750053e+00
4.922618590706763442e+00 -9.836536172949811530e+00 6.906389781963731878e+00 1.860016596172846981e+00
7.061219244703658582e+00 -7.894057198646057927e+00 -1.092944643227621171e+01 5.792326399701125617e+00
-7.663462635083091001e+00 -3.909294725209216281e+00 -3.862198010112669611e+00 1.017218226508396661e+01
8.940007575777032756e+00 -1.767104948236717821e+00 -4.377060454710949955e+00 -4.556107904936063768e+00
9.547680523157426435e+00 6.771918736647364767e+00 -3.448926266407484897e-01 2.521148242369910530e-01
7.577034171976946286e-01 6.882142690794234241e+00 -9.275671828732200197e+00 3.166222630817617123e+00
4.025926594481326504e+00 5.614857065998854146e+00 -1.324631888339149022e+00 9.575305337656741855e+00
-8.350673945499575979e+00 -3.786129619261786594e+00 7.627728887992999418e-01 3.492417276692493022e+00
-1.312265548228267464e+00 -1.788193867964792627e+00 6.988111823131252009e+00 8.770536851407799261e+00
-5.652891180618313527e+00 -5.637558066281246560e+00 9.818001217450893492e+00 7.111318977673348307e+00
7.444460698417855404e+00 7.220461299961426604e+00 -8.011804594181771932e+00 -4.260969685388180217e+00
1.983047926573101805e+00 7.547681646900709751e+00 -5.410638281030024643e-01 1.298315583057588540e+01
3.817453912120628789e+00 5.620572769432132354e+00 2.532809181480457639e-01 1.048535429174640754e+01
9.846379312024415853e-01 -1.124190134846338296e+01 1.056681944948064178e+01 -2.434757427386734507e-01
-8.302503403022200246e+00 -2.725478495172509952e+00 1.099185193048862530e+01 5.840786199141778212e+00
6.496508262107401066e+00 -7.906808343970299191e+00 -9.129173501144066449e+00 8.118500215950668064e+00
-5.337699128627697576e+00 2.806035109869987831e+00 6.576187831808401718e+00 -1.454540697163706264e+00
-6.740800023264108098e+00 -4.741948432884212750e+00 8.493163723224185446e+00 6.903906429711806680e+00
3.943123886674952949e+00 -1.781403270716656051e+00 -1.817779505299460752e+00 8.777920875780106158e+00
6.508229670385540899e+00 -3.441368102824727160e+00 3.073809413946070102e+00 7.194231130129962182e+00
1.772240285107921975e+00 -9.906472284344754797e+00 7.182699849771144507e+00 -1.165833794618498898e+00
7.657599832773680504e+00 -6.866372784570517140e+00 -9.335687846600869477e+00 6.891208915658530998e+00
-5.270926397768818106e+00 -6.675574453496739835e+00 9.708250985627614682e+00 8.634394145003268406e+00
6.525788114481126279e+00 4.002051164563672714e+00 -4.760709822292663596e-01 -3.391058900254052322e+00
4.904474851305867800e-01 -1.522745711449954520e+00 8.440239686558859589e+00 6.635916961001563585e+00
-9.999830407878976257e-02 6.599917537876515139e-02 7.806800621133783480e+00 8.009193749161504172e+00
5.213271222889949819e+00 6.009691214558863237e+00 -9.387360551593332048e+00 -7.094873512478764965e+00
-7.600565287582163876e+00 -6.601337788057086264e+00 -3.185953179503377974e+00 9.789608588266041522e+00
7.189843749754841085e+00 -4.022460047431087204e+00 -8.072039496130113179e+00 -4.733486980373241337e+00
4.902918643611018368e+00 6.031191663500433009e+00 -9.820437655553396539e+00 2.568107354784045171e+00
-4.313471108677033317e-01 1.309550187066238491e-01 6.484918629685211933e+00 7.513335233919878675e+00
-5.632347202396088548e+00 -6.267420679957061758e+00 -2.764876547838873488e+00 1.095849084405213247e+01
7.492543725715344216e+00 -6.785875225570068281e+00 -7.869510298578703100e+00 7.236486791852458467e+00
7.446007561475191494e+00 8.670672667892681318e+00 -3.674163111708848906e+00 -2.175954042577741276e+00
7.196647890317272811e+00 -3.692342506263737612e+00 -6.109397442851049576e+00 -3.593813798305880436e+00
1.851757313441850128e+00 3.915837017600541259e+00 -8.051651776880609290e+00 2.287555227788435896e+00
3.985589748502344154e+00 6.323208055594634835e+00 -1.399188323665218725e+00 8.975788541468350701e+00
2.075031559180641416e+00 5.718425586468521615e+00 -3.868778114856397110e-01 -2.666506113718493776e+00
7.080278462174374177e+00 4.945331020901079455e+00 3.112663042598351471e-02 1.220709622050117282e+01
-7.792845964743643883e+00 -4.814722439289541356e+00 -4.452253465593890347e+00 1.055447971092229942e+01
-7.536189543933366153e+00 -3.268650855743039152e+00 8.387897588080448941e+00 6.943225917977478900e+00
7.761823255540909017e+00 4.450230045298861015e+00 -6.415227458139755035e-01 1.693959499137574598e+00
-6.235033976525624411e+00 -6.407167200786855865e+00 1.027126511771426776e+00 4.945163967839912189e+00
6.078469232181858750e+00 8.370366413126683724e+00 -3.761221929124576757e+00 7.907260322646902928e-02
5.002799895505235739e+00 2.841249978782345309e-02 1.031452279212978773e+00 7.052554184017067129e+00
-5.349615742986975064e+00 -5.431114705693322442e+00 6.527129263971426232e-02 3.440492414787001074e+00
8.551667525246079649e+00 -2.185835640065359797e+00 -6.269934438211008931e+00 -3.208629753879196578e+00
-7.606412096489058250e+00 -5.649123857477264643e+00 -3.138636782631648581e-01 4.817863507948899837e+00
7.649107084053349936e+00 -2.017765425383583722e+00 -8.556640514997500446e+00 -3.480665062821218125e+00
5.301538093079518177e+00 5.130793724059679484e+00 8.935891100388340114e-01 9.346879369949665062e+00
7.835757537172430176e+00 -4.003927925029817203e+00 7.460635411174938447e-01 7.048246108564271140e+00
5.167931938490936794e+00 -2.099064707195142709e+00 -9.931261380893041668e-01 6.972228984326451773e+00
-4.795142989975177628e+00 2.299680554451089431e+00 4.781409220671782201e+00 1.189339143655690822e+00
3.009119686867396393e-01 5.405016440718357629e+00 -8.291364388311558642e+00 3.667118537321162108e+00
-2.866989250255672639e-01 2.261185502195386832e+00 6.403752655443201824e+00 8.320438149640946079e+00
6.699161007190558514e+00 7.556358181118422834e+00 -1.002061746820327315e+01 -7.678588278211448070e+00
1.489849696477283825e+00 3.926564832866646704e+00 -8.976547402044561252e+00 2.916630593785004777e+00
-6.689502850731639860e+00 -4.210717515119946519e+00 9.054155234855096879e+00 6.158959254346354051e+00
9.744937905980464166e+00 7.572366533252537835e+00 2.431251258477062915e+00 3.139011010905878862e-01
2.958529162625159081e+00 -1.015312369450346175e+01 9.716855896788889169e+00 -1.020721553927257830e+00
-4.741347495711734084e+00 3.127708693197007950e+00 6.888879094354442678e+00 5.786063788668616148e-02
-7.455244170670519033e+00 -5.665127279531645854e+00 4.977628077494070657e-01 4.377733449213635275e+00
7.892353542435643021e+00 -1.535979232796577110e+00 -2.581642580358978201e+00 5.717541976304778117e+00
6.612633677641995611e+00 -7.269271296562314078e+00 -7.892383399729952842e+00 7.585905476754189358e+00
6.055187491058712901e+00 4.669514195818377900e+00 1.638997139797411462e+00 -2.976292850768651910e+00
-6.193137444509903666e+00 -3.479223648200264751e+00 1.012004451186225751e+01 6.996184947823281597e+00
5.957165810364280389e+00 9.685263299796208258e+00 -7.876791219187513349e+00 -5.301646313050548009e+00
5.036255423296933209e+00 5.869000792289601698e+00 1.000053634125088742e+00 -4.143710609578851845e+00
7.286658007395946157e+00 9.140575818531486263e+00 -3.004851676707867902e+00 -3.758041374098601839e-01
8.151365535737033596e+00 9.506553517189951563e+00 -7.702984895660048181e+00 -5.643832767044890453e+00
8.205467416071947184e+00 8.701089395958103268e+00 -9.590250611476255571e+00 -5.530310185322015570e+00
2.845928458188878629e+00 5.247827102711601022e+00 -1.039897666880990101e+01 4.040138115879511993e+00
6.160764639135850373e+00 6.412834702099199369e+00 2.117054630669482407e+00 -2.179463873366743076e+00
-8.178414550162306895e+00 -6.149473338317701376e+00 2.509193869988731507e+00 3.001962957801246556e+00
-5.620167848023307045e+00 -5.460880515928676182e+00 9.115967684670335913e+00 7.429704802564553567e+00
1.066220449747451582e+01 6.201132246390351099e+00 -1.498661573769273003e+00 1.121727912239047997e+00
-7.024182239416709272e+00 -6.067061902393001027e+00 -3.433400777329353115e+00 9.547881159793217165e+00
8.944969539674969994e+00 8.139883230201679254e+00 -6.274985710533809158e-01 5.382007024125844419e-01
-5.872273884841537672e+00 -4.500616177805818907e+00 9.953493353869642846e+00 7.250713751687082542e+00
-1.170938343526355840e+00 5.216475851984649914e+00 -1.011858520579468035e+01 3.303490807441453292e+00
5.460474618132112212e+00 8.978901045139071613e+00 -2.775427901726760904e+00 -2.277831359862440230e+00
7.675925546764085894e+00 -6.721086941885320520e+00 -1.037472475387490434e+01 6.154407820700767751e+00
8.247896994252023717e+00 8.369761950723253463e+00 -5.878449065944693075e+00 -6.821295148917921880e-01
-6.844486917663666681e+00 -4.979848572144307539e+00 9.551642647301873623e+00 7.861983996750931070e+00
-7.262163182063718914e+00 -4.234231399469789991e+00 -1.222562758013043371e+00 5.386180133421714089e+00
6.524240693197493890e+00 -1.823085540303428509e+00 -6.497321233878387226e+00 -2.840882175640599971e+00
4.649929177928640911e+00 -3.475144206900124821e+00 2.651259858265502700e+00 7.556152615769510916e+00
3.923631983924761535e+00 6.973659879057388267e+00 -1.276137242055942922e+00 8.070970861239375793e+00
-8.419667789389562174e+00 -4.096100368710244410e+00 -4.153816313959945994e+00 8.937303917792752017e+00
7.604686343169215768e+00 9.174004175844810760e+00 -5.199142435752107438e+00 -1.057369124272243388e+00
8.338672514369141808e+00 1.016766074681063969e+01 -4.201091920016306602e+00 -8.677759670934649394e-01
1.067353450087262701e+01 6.579674391683397516e+00 -1.472930451902673576e+00 1.768624647932137917e+00
-8.278856966904047709e+00 -3.957817115561164112e+00 8.706288831920064197e+00 8.770867868595345840e+00
-6.811676074409444226e+00 -4.231107938739320673e+00 1.027986011930534005e+01 5.996273411960340027e+00
5.941942367842353079e+00 7.987304167587214287e+00 -2.735794062870776866e+00 -3.976747644173145302e-01
4.502292464909446679e+00 -9.664836888305920581e+00 8.808946380629141260e+00 -7.168603619168902874e-01
5.523239057138777497e+00 5.240129065141902132e+00 1.142664331662104793e+00 8.883651797326603372e+00
5.056818408092512485e+00 4.466064280242036943e+00 -3.424273888847952918e-01 -3.011574352316037206e+00
6.669645974300675739e+00 6.902409862427378862e+00 2.448550809156238017e+00 -5.040234672211017397e+00
7.803783894373225394e+00 -6.865051729734488184e+00 -1.033000032210530073e+01 6.964080971897160133e+00
-4.824485132488091743e+00 -3.300573046296121582e+00 7.819798027617657965e+00 6.726215843162827390e+00
5.406799681980862360e+00 6.602641433812549643e+00 1.247907746946751439e+00 -3.254162150156076905e+00
6.260258871965319827e+00 7.253383958774040075e+00 -9.247621617148567452e+00 -8.375890156162192568e+00
-8.343184884703985560e+00 -5.209721279643406255e+00 -2.025716061811769109e+00 4.536706786300535477e+00
-2.201155388677126457e+00 -3.935780076572493735e-01 8.644429636028242214e+00 7.676153387260603367e+00
6.042994939834416712e+00 5.215518427129626211e+00 -6.664580548868484833e+00 -3.850807315785938378e+00
3.526676638260970442e+00 3.721733708189918222e+00 -4.046249812278920888e-01 1.006874984260839945e+01
3.882824698987672907e+00 -5.675861435572066682e+00 9.330176135029635276e+00 7.463748194821040460e-03
7.416787029679252186e+00 8.585080579764714059e+00 2.288539391606146722e+00 -2.961245418390249018e+00
5.754090668117206597e+00 -1.000813453535855579e+01 1.070460667280630851e+01 -2.440867315567713636e+00
5.993167516771924497e+00 -5.552927499573342196e+00 6.516890221402821259e-01 9.169773669172364805e+00
-7.861166106160895062e+00 -5.324362161836911689e+00 -3.069854541645627322e+00 1.135712965357184956e+01
6.280110681392967464e+00 -2.339249648308318719e+00 -1.892713931109192282e-01 6.270706829116340586e+00
3.641612302601373141e+00 7.586380176819947252e+00 -4.005323444912276543e+00 -1.498995310394572344e+00
4.593997927129483294e+00 9.222824891388869517e+00 -9.712153641138801419e+00 -8.670097033277899712e+00
1.021098032086836760e+01 6.195961570294454823e+00 -2.842328816649271062e-01 5.576438762688196160e-01
7.156559765218170277e+00 5.875720592714157142e+00 8.664199079467078679e-01 -3.046100418391701758e+00
7.326190113011483263e+00 7.325290859114717001e+00 -1.190577069045415470e+01 -4.054748065030780779e+00
6.271983607122598947e+00 7.060742036348317541e+00 -1.471000777842794704e-01 -3.611180745122624547e+00
-7.110429767641353926e+00 -4.768223076197026344e+00 1.306974512057453808e+01 7.874889985864400366e+00
-5.075746004908856523e-01 -7.164891530977277601e-01 7.713579444483464442e+00 8.041859150436472703e+00
4.214414169040100688e+00 -1.000385701557347495e+01 1.023699346887475947e+01 -1.644341463436597373e+00
4.537904995657238594e+00 6.480202057568242857e+00 9.993881329651128631e-01 9.628470432905933407e+00
-8.530008560482592372e+00 -5.769387810189266830e+00 -4.419133196998683566e-01 9.563143469087020065e+00
1.529213273114992999e+00 4.592220278844519221e+00 -8.360425079669058235e+00 5.597949638576451115e+00
-4.430152402484084817e+00 7.406437121168694127e-01 5.724309835417448866e+00 -1.804663186504505301e+00
8.873748399742245496e+00 5.383588539782507176e+00 -2.094608616283775704e-01 1.695150825823702245e+00
7.115692911114497754e+00 -1.887677662171361126e+00 -4.953054492141180987e+00 -4.120274255182098777e+00
5.944398697023131284e+00 5.617550376195202588e+00 2.069290074736716001e+00 -1.103661014239095017e+00
-5.308995005271214929e+00 -5.414411792893417896e+00 9.177560094955980574e+00 6.885689910224111365e+00
1.623393667686081843e+00 2.309443184589111020e+00 -7.909405116232774979e+00 3.946694315382374807e+00
-8.240378421161395295e+00 -6.498515412172638506e+00 -8.629579332042888185e-01 2.939281115316381587e+00
1.118504547784392322e+01 6.032737895923614424e+00 -6.737194492577693872e-01 1.191333923459782174e+00
4.051007782379993927e+00 6.241264044445216541e+00 -7.442638530571946687e-01 9.312232905474354894e+00
1.046620411575134924e+01 7.770331160863626963e+00 1.884389348944097708e+00 4.992175173913571129e-02
1.285105152692669894e-01 -3.594348133592555339e-01 7.587474980182920881e+00 7.937509566439788777e+00
-8.641144814442801803e+00 -7.042683562293212240e+00 -1.417297828456892450e+00 3.053551060693088459e+00
1.243361562995346059e+00 3.187718406740684962e+00 -9.923967668798866271e+00 3.905782785321219031e+00
9.706778942987149605e+00 -4.054487409759968131e+00 -1.235492566440651308e-01 5.171075190273269229e+00
8.930650295845602216e+00 -4.478994433621421578e+00 -9.156883461839548488e+00 6.006191406904322960e+00
6.144701624647890270e+00 9.497026469471641974e+00 -8.175424394594250188e+00 -4.558551316411436183e+00
6.206402137299627420e+00 -7.801598695422863550e+00 9.833860628535020965e+00 -4.324436900367042425e-01
8.314753419632898712e+00 -3.398354012209159336e+00 -4.906255256960109890e+00 -4.218264122329436816e+00
4.612508930869491763e+00 -4.450442628909806686e+00 -9.781578433658344451e-02 5.846947118956777878e+00
-8.371852946901199743e+00 -3.212245943200362497e+00 9.840767590422677458e+00 6.582467042133782087e+00
3.463199680804875502e+00 5.061717361464738829e+00 2.516803018105536971e+00 -1.126600375655748554e+00
6.230487785202162065e+00 -3.248103304778346967e+00 -6.783361118180937233e+00 -5.501870565037997096e+00
8.036544059747495083e+00 8.620401212163731230e+00 -5.152455886791023509e+00 -8.927743929878646512e-01
-6.453676404530598987e+00 -4.708895263805402465e+00 -1.235644449361262276e-01 7.080330270778144808e+00
9.705134906346367885e+00 -5.595951403798611778e+00 -6.826563937083328426e+00 -4.260133734556591278e+00
8.876428065462516059e+00 7.046915543022325146e+00 -5.596534134377351144e-02 1.536183048832859388e+00
-7.777232200980986221e+00 1.144239837606725985e+00 8.899917213386039805e+00 2.770987492569337851e-02
-5.866025515035286020e+00 -4.539090265366199084e+00 1.080789112926745155e+01 6.466938179741935855e+00
-9.510320648981199554e+00 -5.513653405157586285e+00 -1.901868003464445511e+00 1.132469314253837922e+01
7.742957408256846641e+00 -6.564660793222775403e+00 -1.020287377519471761e+01 8.265054684330957357e+00
1.039541581264995784e+01 -4.358691278793264345e+00 -5.859854327174272015e+00 -2.886154933554006874e+00
-6.547962297046340474e+00 -7.837147634234399085e+00 -1.591627620884553007e+00 6.170039724006866955e+00
5.215552045807180903e+00 4.595499306105795156e+00 1.084309305772992893e+00 -3.032978943843083641e+00
3.662575956482137851e+00 6.068761363107255669e+00 -9.247923766089932940e+00 3.953560172944932116e+00
6.681505499299058570e+00 -3.405968978158163019e+00 -4.703793494189397961e+00 -4.460051690948734660e+00
6.672034149830601280e+00 6.622326040416522730e+00 -2.912299140425384181e+00 1.173177184283008767e+00
2.522426856024035047e+00 -7.736749778671075717e+00 1.089936143118429435e+01 2.405489116263971994e+00
5.550277927034318992e+00 7.707152350850085654e+00 1.846092502585066741e+00 -3.110432976984854658e+00
5.523068220863617261e-01 2.420752867480200354e+00 6.434593896349211306e+00 7.358213471734067035e+00
-1.044771404277656224e+01 -5.789768534643020992e+00 -5.920863259689885805e-01 4.405542225119602584e+00
6.998684028299280158e+00 5.365996788733874645e+00 1.570191231550151389e+00 -2.136805399396366489e+00
6.427767691964070274e+00 -2.678939928105978474e+00 3.840160973308467951e-01 7.587563057906505648e+00
3.553636128495550217e+00 -2.682066029814470731e+00 -5.993201092946427444e-01 8.956475982646765033e+00
-7.420643824584061576e+00 -4.518787143770444104e+00 9.906465599338933004e+00 5.059079431826152273e+00
-7.505678648802261321e+00 -6.021766612571370914e+00 -1.586972522942768693e+00 4.290364954799771979e+00
6.944698031616749034e+00 3.618596435654990895e+00 8.632567428784398977e-01 -2.598188318355130200e+00
6.366612058736557778e+00 -3.437023775378302393e+00 -1.325276384829373377e+00 6.442687125901590761e+00
6.693145703676874447e+00 -3.333750064809350988e+00 -7.658711110285314483e+00 -3.800945287345117496e+00
7.006324611342837905e-01 5.506925526784622882e+00 -9.755741776774407015e+00 5.941683451041280151e+00
1.129545136774085812e+01 7.062110986039012772e+00 2.291430786412055054e-01 1.058163199272110333e+00
-1.482688411832134401e+00 -2.658302798129378086e+00 8.167382665279774301e+00 8.546611025504375903e+00
8.179999980986830010e+00 -6.502682046399535842e+00 -9.613979199359492966e+00 6.177244961360411679e+00
9.536132587653316506e+00 5.255021672149360334e+00 6.210506718564441642e-02 7.656487281774086995e-01
-5.450180678534029433e+00 -4.748703879461422694e+00 -1.796412669383954164e+00 3.523269343399079379e+00
5.336131125003775288e+00 -1.057705784059284326e+01 1.170698446610688492e+01 5.789541348839741808e-01
3.859553209550820707e+00 3.892147689078700346e+00 -8.830264494441699696e+00 5.549049700035600274e+00
8.728597716565502651e+00 6.602294918474046703e+00 1.442090802946704109e+00 -1.745076183160531924e+00
5.943924024659883898e+00 1.152938182574420978e+01 -2.235080316386891308e+00 -2.231738065086398271e-01
-2.016266993903639282e+00 3.110337840560337241e+00 8.651110229124050477e+00 1.794695443814058322e-01
7.752882596525117798e+00 7.877689704740411081e+00 -1.024645237841138545e+01 -4.393545735944100805e+00
-8.608406473854763874e+00 -5.777234032900262051e+00 -3.068428287123252218e+00 9.729826092146788952e+00
3.217763077074551781e+00 -8.982985499158292697e+00 1.155404183459670975e+01 -1.818909092899915425e+00
6.033047229824664015e+00 8.350170943390484268e+00 -5.550434830019122856e+00 -5.283749408161080297e-01
1.561777467126724606e+00 -8.574573264451901267e+00 1.005186401723412715e+01 2.272061253920561352e+00
-5.334307179202434135e+00 -4.604055674162453649e+00 8.705718463343737668e+00 7.413461701786274283e+00
1.451998294256562350e+00 -1.518652658608566020e+00 7.907032821390486355e+00 6.959834731425723398e+00
-5.135539451089336183e+00 -3.080818376687344262e+00 1.037584016713195822e+01 7.673226112959290468e+00
8.333887554921338037e+00 -1.784716545364252616e+00 -6.395371150337871846e+00 -7.901944290853761821e-01
7.111455279051027034e+00 1.033621213622041601e+01 -7.642124761216539497e+00 -5.997961789819976630e+00
7.385179676404706406e+00 -2.555471087285834386e+00 -5.523684985009909454e+00 -3.413625352732299501e+00
-6.514962126232649808e+00 -3.911998672930705023e+00 9.592223591368535196e+00 9.057200265390035199e+00
-5.365012962906459570e+00 -7.387743708221249150e+00 1.505949063699822954e-01 6.632247371059422747e+00
-5.379694627690656539e+00 4.267092397882557009e+00 5.862188784597942792e+00 1.566528759763618162e+00
7.795527117871431599e+00 6.123891345730831937e+00 1.093643481504491977e+00 -2.977812028258834953e+00
3.843795659130716302e+00 5.727933923129887361e+00 -3.347111267599813811e+00 9.054088192699873971e+00
-8.727263400865494347e+00 -6.566209170953243301e+00 -1.947477677786074501e+00 6.462607547565864863e+00
6.502390894085611883e+00 -3.911102015462586401e+00 -5.501391021024581995e+00 -5.332654879356594435e+00
2.258762998286941048e+00 7.631714879705093324e+00 -8.818586970460751573e+00 -6.453503431773496501e+00
-8.711007947742949176e-02 -1.462302459452874404e+00 7.633114662659840732e+00 5.873191425368968765e+00
-9.053133703671269572e+00 -4.800729557869727770e+00 -1.924922061508173909e+00 9.483399776935955927e+00
4.039295000704075989e+00 4.099703620758449851e+00 -2.378401451237269759e-01 1.075484612039418231e+01
9.082422867455798965e+00 6.730647839000986288e+00 1.097825727722094191e+00 -2.858832404422628759e-01
4.355213221343444907e+00 -7.901553281487927016e+00 9.681577031727314875e+00 1.881880249913841785e-01
1.027887024143805661e+01 -3.406815999761847458e+00 -6.092987474687458160e+00 -3.722643021916192119e+00
7.643902951517983269e+00 -2.883247829053943612e+00 -7.884756831980679337e+00 -6.818479839538477805e+00
-3.804646124788852113e+00 -2.502350577033776169e-01 6.969124420162507327e+00 -3.940037338424383639e-01
3.538304164920016426e+00 -2.486089476190802561e+00 5.096731185411065290e-01 7.545962928972230976e+00
-8.784918953481613002e+00 -4.457536363702597093e+00 -3.511923317111863785e+00 9.348532160339788177e+00
8.463309652609309452e+00 -6.551199863789543443e+00 -8.742535473977646632e+00 7.101242602226819578e+00
5.251457269795676730e+00 -9.714138877798905725e+00 1.074121607541416168e+01 1.893205950505388313e-01
7.548063961402396771e+00 -3.606284622374124726e+00 -5.492028272210584205e+00 -3.958221836626043100e+00
-3.376856534484318217e-01 -7.111906090354399579e-01 4.151725209647734616e+00 7.297073300970910559e+00
-8.378255853763372230e-01 -1.515209184852994273e+00 8.607103671159830327e+00 7.644663937796534192e+00
9.953135495583772752e+00 6.375720948477100691e+00 -4.416379874488506330e-01 2.863727750028126628e-01
4.377994478729378969e+00 -2.632942723528673312e+00 1.890613394920178658e-01 6.928931118670790923e+00
3.678866831637374046e-01 -9.468062096072876743e-01 7.427800751028817317e+00 6.559159549901979247e+00
4.576631973178676205e+00 3.351114006490790498e+00 -1.466107861262150092e+00 7.915428855605139091e+00
6.311176828469280409e+00 8.736911451745129398e+00 -7.874193395837654208e+00 -7.516760499039394361e+00
9.646513108458547592e+00 8.559011691891260654e+00 -1.162283773119011654e+00 1.076751237711610631e+00
5.085348678145335199e+00 -4.942053331521283788e+00 2.060094587676725431e-01 7.638091695120423630e+00
6.166441225612956600e+00 -5.175125643881254511e+00 1.578715305034008365e+00 6.786595947671568929e+00
5.651689287194152200e+00 -1.015786992463884486e+00 8.501097746830931223e-01 6.827482023396130195e+00
-9.220751769466698278e+00 -4.668451048709306939e+00 -1.612165190060185216e+00 9.259681340446338282e+00
-5.869850299150167316e+00 -5.878936874849025607e+00 -1.286693228723838622e+00 4.384009158008721485e+00
1.042283711182483863e+01 6.063182290279853781e+00 8.990016494819992321e-01 9.287531307073595421e-01
5.737627754684704762e+00 5.629477212000006503e+00 -3.951083812472615531e-01 -2.229013436058723041e+00
4.201228820507422412e+00 -1.016360846022711151e+01 7.624469269615555156e+00 9.808536095457534021e-01
4.062228164237247086e+00 -2.581378937367491133e+00 1.798996337738978657e-01 8.005690755012079052e+00
7.712998558274519745e+00 -8.275975412376212148e+00 -8.053067561214446002e+00 7.233304187998943036e+00
-9.374896291543791449e+00 -7.424836103802116227e+00 -3.939018923373378112e+00 1.009588242912605693e+01
8.949718086447997489e-01 4.211860292577565001e-01 4.786729673292349219e+00 8.238522889378105063e+00
6.209009695331238810e+00 1.063740165567931939e+01 -8.936695563881431603e-01 -1.580288040962225526e-01
1.153583171366454829e+00 -3.050061110443516910e+00 8.476334697324352518e+00 8.763094358607606438e+00
-3.133458741809171055e+00 1.794381550285861771e-01 8.023727444223849758e+00 5.620056080301477408e+00
6.628610964488394153e+00 8.748768194015537958e+00 -1.010402202790962534e+01 -6.067223081150072694e+00
6.596493236435189367e+00 7.733325954926849377e+00 -4.986125735916196788e+00 1.477247469468134788e-02
3.499868495465074947e+00 -7.975654164119272416e+00 1.255226880079418450e+01 1.142082906831657363e-01
1.836764380946522168e+00 3.448824190859656635e+00 -9.487297786558343660e+00 3.905776823119622154e+00
-4.668987629704346443e-02 -8.210011445675793329e-01 8.636395950828795520e+00 8.968581048618396778e+00
-8.281741865927653379e+00 -2.798628239289278952e+00 -2.539900819320664915e+00 8.225954356247925148e+00
3.802591850716161570e+00 -7.747496726591496241e+00 8.978083087311748756e+00 -5.076392354870262746e-01
5.689025745333206707e+00 6.528975621194007317e+00 1.645478482809803467e+00 -2.938924371124489454e+00
7.988858204678448871e+00 -6.233670444005430689e+00 -8.298214275780757987e+00 5.992869926399922775e+00
8.574163047049262687e+00 -2.299192151787586624e+00 -6.198934580483931533e+00 -3.458807148205057747e+00
3.512856037219723504e+00 -3.322525935337234948e+00 1.267679664717465737e+00 6.691703510797943899e+00
2.584608292772989646e+00 5.653457483572150721e+00 -8.835186151818625433e+00 3.591338938276208204e+00
6.692556581685908945e+00 9.163099528742199240e+00 -9.900941768979153679e+00 -6.970913489709910316e+00
4.567869669863686255e+00 1.060168828088716353e+01 -4.088119202269144381e+00 -1.195328596217251516e+00
-8.246196185104917475e+00 -5.022887310891265500e+00 -3.132055141962179601e+00 7.831945102144654669e+00
4.688985796585701138e+00 4.837517921362833206e+00 -2.867530894210155168e+00 1.085379677225341055e+01
-4.310040521219716148e+00 2.877902659309917954e+00 6.849017122327580864e+00 1.012132130306732769e+00
-8.172758603231438101e+00 -7.514019827482017355e+00 1.360259299310962455e-01 6.093622282697942261e+00
-1.610141627749843707e-01 -1.205776311814866109e+00 8.283641985128140206e+00 8.575901300146496098e+00
6.867212066817104166e+00 -1.080720830272030142e+00 -2.301505107048443799e-01 9.731841440676305410e+00
7.556332942647697060e+00 8.337892457911229016e+00 -3.475447252316083091e+00 -5.305518270830789085e-02
-5.672577140038635335e+00 1.726807497726360108e+00 7.473033389035323104e+00 2.044903864214068001e+00
4.852621520679352152e+00 -9.304600562068314318e+00 9.586979459824625849e+00 -2.007799583470987415e+00
2.804090794145384535e+00 7.073617484552896961e+00 -1.889749467092807667e+00 9.135696217200040437e+00
-5.585762182608814186e+00 -2.767953207814764838e+00 9.118971129225824868e+00 7.871316024796518818e+00
1.416947056589886289e+00 -1.819238032699071139e+00 1.016147412228526647e+01 5.853485196811382352e+00
-7.568144765582779598e+00 -2.105141276542988216e+00 1.053286835469948457e+01 7.170855849566574847e+00
5.952157958927300818e+00 -2.682259947416301582e+00 5.647477102267880467e-01 6.637665794162115773e+00
6.564877734792136099e-01 6.136265191440230637e+00 -1.151644336827664716e+01 3.425179784020065732e+00
7.412813252030856503e+00 -1.118466843098153696e+01 1.028825555014494064e+01 -1.232866319129778176e+00
-6.776391636915386485e+00 3.160888300226146086e+00 8.219460462225208985e+00 -2.128934587960333857e-01
8.324644243391318810e+00 7.089501247586119881e+00 -4.146323370439443101e-01 9.487611700357243549e-01
-6.647648312635673129e+00 -3.480902231547722270e+00 9.968297314110621699e+00 6.810805858088927245e+00
7.352554583846201197e+00 7.624268398959500814e+00 -4.085931237418856554e+00 -9.678354223768198539e-01
3.395266860710807855e+00 -1.198900479640708383e+01 1.029182129884483388e+01 -8.670137987918591360e-02
6.364649519796233612e+00 6.900546823188109968e+00 1.205714033033127519e+00 9.558218775454157878e+00
-7.993778841122427536e+00 -7.251840921312449950e+00 1.353227443608850500e+00 2.072216305682824000e+00
6.929254791219188192e+00 -7.546300353406699024e+00 -1.007676524880442237e+01 7.720218018782659009e+00
-8.826058291077860218e+00 -4.579401615029803807e+00 -1.731751028610887477e+00 1.224071809415426237e+01
-5.556302859499473001e+00 -5.606075783455679584e+00 -6.241333244160759408e-01 4.265230773772058726e+00
-2.527209315164748560e+00 4.136492541499302789e+00 8.555310079758978503e+00 2.025999024088485534e+00
-4.211344351866043390e+00 3.512543189115277187e+00 7.678523796036992977e+00 2.091164364062702230e+00
7.499843305830294682e+00 -7.272700625735149416e+00 -9.627985771652914693e+00 5.833901769373178503e+00
2.384036850751813930e-02 5.810649810570181373e+00 -9.671414960701756769e+00 4.426468822170757988e+00
2.672299616065704431e+00 -1.124813333249207936e+01 1.026096463799530412e+01 2.074750929168319047e+00
-9.026128232533352502e+00 -3.296705563077999113e+00 -6.073707387203461039e+00 8.298113438406490516e+00
7.071495577842327407e+00 9.403496206442143901e+00 -3.026688947599000201e+00 -2.391410561482571584e+00
-6.705844291689131431e+00 -4.448211273837827662e+00 9.879251830283626745e+00 8.198556408464455103e+00
4.960364488559497964e+00 -1.140816284792682378e+00 -6.305161178942062516e-01 9.430285923406849236e+00
6.208781781886084872e+00 8.008805950933114204e+00 -9.407828202713242050e+00 -6.362663700453643045e+00
-4.345427582138034595e+00 1.847512742849135359e+00 8.027607680696098313e+00 1.039632288877927913e+00
8.195299480256066360e+00 9.263242564779904598e+00 -3.207935803672899766e+00 1.796916013664184852e-01
-9.800626730645486395e-01 -1.158400919356742609e+00 8.590379010201669274e+00 9.079419176619332177e+00
-8.180960671767005365e+00 -4.311501137426309249e+00 1.050133719812411437e+00 2.820064450956351720e+00
-4.974797819978661551e+00 -4.791495968123599347e+00 8.590290004090347153e+00 8.099662036071601179e+00
9.659575644926994276e-01 -1.179628428400954610e+00 7.663015771730159464e+00 4.252223203253427286e+00
4.198807140867140575e+00 9.618750173272957227e+00 -2.972805543359566371e+00 1.366279560377527513e+00
-6.717231197325476799e+00 -7.233649749927018036e+00 8.260265231215223602e-01 4.763334477320787741e+00
5.156912187050467722e+00 8.512396026461226839e+00 -8.089174672948951539e+00 -6.751677984221691631e+00
7.505827430737816996e+00 -3.112276006003369400e+00 2.026942513579246707e+00 7.949953189858077529e+00
8.251057924301575142e+00 -3.267816502259027533e+00 -7.986157227983872176e+00 -1.742527269358241204e+00
-5.558624240881575140e+00 4.775698710079204545e+00 8.098617301249106504e+00 1.257029112654444614e+00
4.077782644896600139e+00 -7.086957286001725365e+00 9.267556382258414160e+00 -1.134567628108686277e+00
6.939221341890010386e+00 5.765042132352640181e+00 6.948333370795820585e-01 1.298828397967892734e-01
-6.249214575455207310e+00 -4.276862508305070421e+00 9.722780132323787683e+00 8.354607040136352580e+00
-4.969105722966229877e+00 -4.884177343664778626e+00 1.010154545812020999e+01 7.988074743554217427e+00
7.724437671359707380e+00 -2.706215879310576611e+00 -5.294006074873683687e+00 -4.056711764710819068e+00
-3.912769075364727733e+00 4.279722985570089122e+00 6.210035864671627159e+00 -1.229584915147788227e+00
7.367337877411745062e+00 8.770539006273830651e+00 -7.254535180300822894e+00 -6.323989111458956813e+00
-3.511826923711351967e-01 -2.195377680416144894e+00 7.692960127805359427e+00 5.621968613848740581e+00
3.719659666412860499e+00 -2.960054110876062516e+00 -1.834248149589450705e+00 6.189454334784500134e+00
7.589009199094360891e-01 6.080278177423245722e+00 -8.377319826906605371e+00 3.139946851959337870e+00
8.098233267722227069e+00 8.109350195431192176e+00 -9.866861998976935055e+00 -7.025832896895322754e+00
6.343486055172026461e+00 -3.593549693992212468e+00 -1.659329308727527152e+00 9.010323804665160807e+00
7.579081096088865266e+00 -2.218929339542968115e+00 -7.867568206929981933e+00 -5.952396065895037225e+00
-7.796500714731381620e+00 -4.898090768421456964e+00 -4.282369320117824785e-01 1.206675512705107245e+01
1.504456964727868495e+00 4.906315909791624463e+00 -8.714707446245610001e+00 4.293444069142497987e+00
-7.221678437431195086e+00 -7.063559618282909014e+00 7.812854382012877075e-01 3.687291293003015724e+00
6.418406886938191391e+00 -3.381815367863713284e+00 2.736793328507900913e+00 7.722192750090822067e+00
-2.146452343574500432e+00 -6.555700418673715557e-01 6.897392185734668502e+00 8.948052741777491548e+00
8.600974626055526429e+00 6.629123568761158047e+00 1.504663215967104062e+00 1.626874099049415046e+00
1.540395725540731675e+00 -8.888578059748363458e+00 1.158779641119235393e+01 2.046805340969263809e-01
6.154160030060280562e+00 -4.867412739522588794e+00 -1.043641793187736866e+01 6.187810974063768121e+00
7.705679163515705810e+00 -5.497157918955570821e-01 -7.684337878375522735e+00 -2.879206285280269562e+00
-7.506148950600904257e+00 -7.352566459808289601e+00 4.817081258274436562e-01 5.274844420788584287e+00
4.988141958212757743e+00 -4.410463865270836337e+00 7.902735987310772758e-01 5.566507887155517587e+00
5.519214455322245527e+00 7.537054448017050490e+00 -3.139788469783418856e-01 9.201857776306919590e+00
6.030835845134459916e+00 9.198810689212891134e+00 -4.502935024614706627e+00 -3.509995698869297076e-01
8.034344346821903571e+00 -5.983261981609417468e+00 -9.442568107429714530e+00 6.640219533243744365e+00
4.672466827614111251e-01 -6.972320716303892496e-01 8.432001828137154931e+00 5.392681041399920439e+00
6.318168031165694032e+00 -4.460528100707715993e+00 -8.701291649742957546e+00 6.109634141143132524e+00
6.352111895019852739e+00 -4.765037807079499643e+00 -1.011086291786813973e+00 7.807854686572793135e+00
7.993039358975218001e-01 5.178244224882686542e-01 6.886875065658078832e+00 6.507256918139547430e+00
4.849272757087192076e+00 9.016105237930874594e+00 -5.632192533533578072e+00 -2.601741373630488852e+00
7.283067359936783447e+00 -2.191371221387191870e+00 2.331056441070200325e-01 6.000468654372410171e+00
8.215472806094599179e+00 -7.298570230376516754e+00 -9.451720772967787454e+00 6.236767705612621171e+00
7.633653484781415699e+00 -5.693313450320129476e+00 -8.377965678899620627e+00 6.152235576394829764e+00
3.400521788685493263e-01 -7.391295092654276644e+00 6.796313022794714165e+00 -1.411663044619659857e-02
-1.634146129719722840e+00 -1.378872685642192009e+00 8.454110936405912824e+00 3.334922009860457059e+00
9.412015923712694132e+00 7.140094050761192079e+00 3.190877667573868148e+00 1.158626831941226953e+00
-7.246579143710611959e+00 -5.117173705573931919e+00 -6.712955782941698590e-01 4.768705408649369204e+00
4.057230824028918548e+00 -1.791426951917736377e+00 -8.193021138091556299e-01 7.347136530640006491e+00
6.716143717201174645e+00 8.877990654008451443e+00 -8.655183651826967584e-01 -1.294801462907489542e+00
3.447557862362745418e+00 6.190881325740503094e+00 -1.882146744303643260e+00 1.028541961484323508e+01
6.398174658635610079e+00 -6.063582423715707215e+00 -7.883183114804843683e-01 6.436237670163910352e+00
6.806147783727821476e+00 4.958595548491181226e+00 -2.750925158269286186e-01 9.953581095431417225e+00
3.552292708984309932e+00 -4.772911402427298277e+00 9.541425837110097063e+00 -3.164556405605503664e-01
-5.705716969363434643e+00 -4.874554935741647554e+00 -5.767130606821685435e-01 5.161138058176223176e+00
8.141497730484850148e-01 2.117860166722049797e+00 8.546759562713766911e+00 8.437803247192299239e+00
-1.619721559975100478e+00 2.272626700062749805e-01 7.836855944858593048e+00 5.732363447150683911e+00
-8.130003162555627938e+00 -5.877817343032508468e+00 1.124242535146380284e+00 3.781225187425538259e+00
9.299228636167688578e+00 -6.817613832122774831e+00 -1.078714643392066108e+01 6.044119838199567774e+00
-8.309594392840160992e+00 -5.897137484047474842e+00 -3.135180571877555611e+00 8.248576152705071607e+00
7.435015313919609348e+00 -4.332550432853315314e+00 -7.551454237997621277e+00 -4.439575774339124870e+00
-1.460803522451593173e+00 -8.558959307655971127e-01 5.236358246816072537e+00 6.587788796037662209e+00
-1.700929127843001099e-01 -1.904157191753382605e+00 8.797344162841101323e+00 6.730330756794743685e+00
2.439470361454404213e+00 5.751447257422754866e+00 -1.191855293839599028e+01 4.865067659182054527e+00
-6.941485935346675795e+00 -7.323657098808000754e+00 -1.057528822202677743e+00 3.539047373234830651e+00
3.138413675653519697e-01 -9.586546386164499722e+00 8.825416132657082358e+00 -3.175168761830639008e-01
-5.921511779236413808e+00 -5.963479016439597657e+00 -2.610166506099511174e+00 1.097440323969074427e+01
6.434599961906035226e+00 5.816462840184295047e+00 -5.101247221588816050e-01 -4.053072631330517872e+00
7.094355116280739892e+00 -7.110463196511895845e+00 -8.075876453364978502e+00 6.936179121262034286e+00
-7.300581017233680470e+00 -4.177961395566437197e+00 -2.440230288958341598e-01 3.462790250393836367e+00
8.834275999693769421e+00 6.959722000216006954e+00 1.163247239324753934e-01 -3.040538307390783235e+00
5.299050553089694304e+00 8.137360327795903459e+00 -7.765778213007435760e+00 -5.654793015910703602e+00
