6.505747159005635716e+00 -6.915471999661551017e+00 -9.597490765054404349e+00 6.768298490306711379e+00
7.241307976165044735e+00 1.015463005719176515e+01 -7.716019902234529049e+00 -7.086014328869443268e+00
-4.296174120418782216e+00 6.236815375732098765e-01 6.981258923421655105e+00 -7.007768773518657790e-02
-5.656877137475613715e+00 -6.097056598637752955e+00 -7.077867334838325863e-01 3.598888951406179260e+00
4.725535036011637935e+00 -9.894631381353324429e+00 7.958477554386650610e+00 -7.372571706646546819e-01
-8.745333660937063547e-01 1.748352832539249446e-01 9.149983457597254954e+00 8.650602427466854039e+00
8.349811810465190831e+00 6.456560134242161908e+00 9.737505190266063648e-01 2.306259468741493457e+00
1.770004797585386980e+00 -1.088259492161689934e+01 9.361659211388452917e+00 1.746839243813967490e+00
3.753958704324063866e+00 6.302049444614553408e+00 -6.830116840323552374e-02 9.848107257308623019e+00
5.779245724958940400e+00 1.036916489609136960e+01 -8.858892180096429314e+00 -5.296616447249651749e+00
8.411189803271739152e+00 -3.693857442434375749e+00 -5.687721020956436391e+00 -4.284005755705898366e+00
7.097709930501610920e+00 6.277764433430967905e+00 -1.036154189514698842e+01 -3.926788472149618237e+00
3.833112735972603158e+00 6.924516810197816064e+00 -3.317292368918365875e-01 1.041160368281929749e+01
6.167018758021201030e+00 6.042206090010376229e+00 2.911690830345711412e+00 -2.140157626343359265e+00
1.182918959673236792e+01 6.451453973582723656e+00 -1.395367989666748798e+00 1.869428230665512114e+00
-5.832704472541016649e+00 -4.808829846121786211e+00 9.767206406220710235e+00 6.743641075743806113e+00
-9.318552462633398648e+00 -5.619962191598014023e+00 1.002211055026016950e+01 6.871015784676208327e+00
5.382043238916169869e+00 6.558897963713540058e+00 -9.310309999537260683e-01 1.037221852727855875e+01
7.644037907629520845e+00 -6.902349362417808720e+00 -1.080281116536880504e+01 7.463878136350733605e+00
-9.496583597403287502e-01 -4.342722324890502250e-02 9.415521703037256884e+00 7.505532044231641997e+00
-8.546913724736928231e+00 -4.816411866977163392e+00 -3.277055656195791311e+00 1.026150835167605813e+01
-5.475141067208356915e+00 -3.425690930471764428e+00 9.944455843673013717e+00 8.551319818191501554e+00
-7.429202189890514063e+00 -5.221019997329344520e+00 -4.569595142237308671e+00 1.059197530066245108e+01
2.294163293829049710e+00 -6.991790796727054946e+00 8.564261045396351690e+00 7.247117271022368579e-01
-2.591126058907398555e+00 -1.369842307396236247e+00 7.720680503752430646e+00 7.287028784726211406e+00
6.928065986849549773e+00 7.802851683419850914e+00 -8.456309588492610274e+00 -5.343171720005460479e+00
2.678036050106568311e+00 3.769951209649800905e+00 -1.130945438915225587e+01 6.345850954957171552e+00
-6.281263266593732020e+00 -6.387796557483921944e+00 -2.766227927040218471e-01 3.768264389662506986e+00
2.706148571099050715e-01 -1.790079859904999626e+00 4.995371894559459847e+00 7.416292372065331762e+00
6.412090112713883627e+00 8.958492780654214727e+00 -2.566210567741594950e+00 6.126943246075653438e-01
6.293521461530453109e+00 8.351169463308535157e+00 -3.277962883757596035e+00 -2.048839342953689524e+00
5.886012901883897364e+00 1.084699662185054869e+01 -7.729956869902751215e+00 -6.578468584035480404e+00
1.760110290775842579e+00 4.919717232359209547e+00 -1.083354119326376974e+01 6.656025899464426132e+00
-5.086088609064000288e+00 3.904583342074058550e+00 7.112341759768483485e+00 -3.884033001600928348e-01
1.013436377175594538e+00 -2.267381951099054938e+00 7.288075787378497594e+00 6.961451250011300829e+00
-2.191949385190336663e+00 4.162969529940197866e+00 7.035766773020921683e+00 1.753535944818294556e+00
5.706284711786334896e+00 7.311913079131900695e+00 -3.933760796852587394e+00 9.896596457545784986e+00
6.064297592755291788e+00 -4.627125327560815293e+00 -1.710553643748897734e-01 6.198204332217609469e+00
-7.809826249674498122e+00 -5.009081297949652622e+00 -2.340190228251034288e+00 8.061423827589274893e+00
5.187647205545864892e+00 -7.797217875943381671e+00 7.614489298019517349e+00 2.283006817019444856e+00
7.019659898798473741e+00 8.242949994797982072e+00 -9.111219000518348210e+00 -3.425851044013955349e+00
-3.825610460850998873e+00 2.693812334757717419e+00 7.531688287538818471e+00 1.279878825184108226e+00
-8.527251878012108932e+00 -6.292593929980265344e+00 -1.321488599181725343e+00 1.059398918935584533e+01
6.407945858813669737e+00 7.857601099096616970e+00 -7.912472390130495192e+00 -6.031456162959427658e+00
5.553072809219667505e+00 7.768531632750473648e+00 -7.993909876982769447e+00 -4.508210570439631582e+00
6.808343004883289140e+00 -1.122333358899170630e+00 1.029920382880875840e+00 8.596804296953699520e+00
7.561043043338048442e+00 6.078248458711852820e+00 1.631112964434612511e+00 -4.643675779403842796e+00
5.191072012078592479e+00 -6.791437472311209866e+00 -7.690794817439927655e+00 5.338870386498916432e+00
4.258538003214551448e-01 5.696041551689793536e+00 -9.751019802431862615e+00 3.783776274951003327e+00
1.254918919635834129e+01 7.345111250564725580e+00 3.745780100475185614e-01 1.366427530191799633e+00
5.236231119000653855e-01 6.266223046091245585e+00 -1.055990633064162942e+01 4.009918994437103201e+00
5.597123898479181570e+00 -4.240933687039373012e+00 -1.737033501638840516e-02 6.406818109746519774e+00
4.570279185150306844e+00 -6.076393182191807796e+00 -8.947071044330302314e+00 6.637653680615043683e+00
5.569476274017939765e+00 8.899878495455940453e+00 -2.806880893313576042e+00 3.742997478430518665e-01
8.037138931784436835e+00 -4.809292304750114155e+00 -1.379185110281146986e+00 6.765126334997402680e+00
-5.823531778708860074e+00 -6.768463355147233962e+00 1.736608254647991068e-01 6.597272372655511141e+00
7.101808604314132189e+00 -6.311735482797637964e+00 -1.055473187482209241e+01 5.249090342671726361e+00
-4.718111451071561824e+00 1.689707425327124479e+00 7.343522550678857286e+00 -8.132065449608474328e-01
7.319280021730810049e+00 1.027849490304751257e+01 -4.718441323934469800e+00 -1.428987600565092997e+00
-5.033215002600051946e+00 -3.645431565719856604e+00 2.069192749274228138e+00 5.612399002968147421e+00
1.425593801148962614e+00 4.619980839147016738e+00 -7.980486466177710625e+00 3.039717139414678471e+00
-7.993396063243572991e-01 -2.458625782767610346e+00 7.518370886689377919e+00 9.459536528910927444e+00
5.990908183232884099e+00 -2.622324601928011756e+00 -7.774742061467676102e+00 -4.590032163499233597e+00
2.796029163279213581e+00 -7.907197940256067703e+00 7.402201813243645567e+00 4.850394784743541909e-03
8.354935942134913418e+00 -1.454942546499320866e+00 -8.653820273518103789e+00 -2.801450917445967637e+00
4.706362697088351865e+00 -3.266968614171867458e+00 -9.676995526426570571e-01 8.020230782204265552e+00
6.903227643880235576e+00 -3.489311023596444183e+00 1.223706741478619353e+00 7.409157287730288033e+00
6.310359658109662817e+00 9.127326705382214911e+00 -1.784952334413610675e+00 -6.777445168241853501e-01
-7.620755537635305998e+00 2.435691055217694245e+00 7.533587475798327660e+00 -2.845221230972642124e-01
-9.781087107341648323e-01 1.446119555738437201e+00 6.712315093929569265e+00 6.325837133784232513e+00
7.697848415019639567e+00 -6.382630088468819629e+00 -9.300149154564941512e+00 9.015590115283810491e+00
7.154162391322765657e+00 -7.929353762572689313e+00 -8.064585334104117820e+00 6.121365921410830246e+00
-6.544096184721063914e+00 -1.798553541870857142e+00 1.129057839003261066e+01 7.613154478854951890e+00
6.707547979316217379e+00 8.986253190830291615e+00 -2.442405786733469419e+00 -1.484289055621145881e+00
-6.756038272839995251e+00 -6.520018759943249087e+00 -1.786649202051052043e+00 5.822937058421237211e+00
-5.855529273571949411e-02 4.281118020732660456e-01 8.214801137155630428e+00 6.484296639726372824e+00
3.694433595723638053e+00 6.594353871908194442e+00 -1.842137842491020638e+00 1.135574932358436051e+01
-3.377656675949241905e+00 -4.662152754298480417e+00 9.833640940672623287e+00 5.080469913591446840e+00
9.395199618879763293e+00 7.777009679230532768e+00 -3.727876065570951525e+00 -1.013182532569726790e+00
-4.024022879361472960e+00 4.822576501117641357e+00 6.984826956825367361e+00 -1.807265949202395028e+00
5.721153157707260739e+00 -3.263398799967024200e+00 5.926737776148094383e-01 8.485218872335806850e+00
7.066339991052791980e+00 8.078964633810663543e+00 -5.943430009692928451e+00 -4.840659504667437218e+00
4.959441999595187944e+00 7.143627282385354604e+00 2.200815644981906072e-01 1.139047597068437234e+01
3.561158447098180080e+00 4.820911785522216775e+00 -6.840124254233042045e-01 8.888060675063826466e+00
-5.572092473648005750e+00 -6.952239379756202986e+00 1.888504809073022983e+00 7.510440514309117077e+00
-8.100010597814595315e+00 -4.998029335118868488e+00 1.059453432499547354e+01 7.195680665974650836e+00
6.610212619486624419e+00 9.145062623291556392e+00 -6.030006358339308647e+00 -7.713481361076281573e+00
-4.072569974916495639e+00 -5.261978555166833438e+00 7.700186804243004168e+00 5.491982993944717784e+00
3.320028810067310321e-01 4.491252491394554625e+00 -1.018908183644643195e+01 4.051612374871614186e+00
-6.815778732602000289e+00 -5.306061933540346942e+00 1.385658768196625257e+00 1.783629330341813812e+00
5.997668576926436401e+00 8.185072782259686264e+00 -8.125027932421645005e+00 -5.171105600569116056e+00
-5.215478597121751214e+00 -4.384265527533257156e+00 5.661671509262748980e-01 4.166892617646707819e+00
6.491747303598913277e+00 7.738062120224775242e+00 7.420192561683595089e-01 -3.913413225080390134e+00
1.798685089014064875e+00 3.197278429495736152e+00 -9.417393009074435994e+00 3.675590735305140910e+00
9.518518490195375659e-01 -1.861568279296889339e-01 7.788204976376158051e+00 6.434133171887825853e+00
6.700468960173100896e+00 9.507314048592268918e+00 -2.542163166278222253e+00 -1.429238460661138577e-01
7.030167826061956227e+00 -1.924173837322428859e+00 4.733844917428499111e-01 6.037860423677888555e+00
5.789080003009318354e+00 7.490629406614231378e+00 5.061072629571494730e-01 -3.253155197503124985e+00
5.373187674334218400e+00 -1.058682169532052875e+01 1.029396349037543068e+01 -6.593531134325569809e-01
1.342335771058219551e+00 3.343209856408882352e+00 -9.549982658983561024e+00 4.261717368203200351e+00
3.510324675879213263e+00 -8.905381543071676731e+00 8.247642084739036150e+00 5.890926802817534336e-01
7.003613154663196561e+00 -3.217444638869033202e+00 2.579850923570336629e+00 5.228724318239596158e+00
6.377068983085874443e+00 6.924246889437406516e+00 -2.875431208542448935e+00 -1.532399026506119144e+00
-9.019899298241709218e+00 -5.290861485521404894e+00 -2.590106779424622641e+00 9.794355896941809192e+00
8.516230008818920894e+00 -2.589816184964421453e+00 -9.042753523202215149e+00 -3.802197781705155766e+00
5.511549405168642224e+00 -4.186121497218126208e+00 2.883551804493428294e-01 8.507716625000421473e+00
8.630609958194034093e+00 -2.296254564732097325e+00 -6.776816844774398163e+00 -2.728998672540452031e+00
6.210407818697073701e+00 -3.606582949704449703e+00 2.133816645410626656e+00 7.913277523284390824e+00
7.454450464134849685e-01 4.780494400299764912e+00 -1.079051874240505526e+01 4.064615232116637777e+00
-7.211544978188771715e+00 -1.357602381843053152e+00 8.950529959913218647e+00 5.198306624815460353e+00
9.061553738931927171e+00 8.769015618694227854e+00 -4.029952296308244364e+00 -6.473570683040430485e-01
8.520412542693357238e+00 9.625644632736825912e+00 -2.478718269764704996e+00 -3.069856819810016457e+00
4.767496231003937268e+00 1.058839941841260313e+01 -4.593666979204512835e+00 -1.017338061102415869e+00
8.449587219499676394e+00 5.666091071524766321e+00 1.407517250168943468e+00 -3.245496289377195254e+00
1.892057935073310215e-01 3.980454303369588276e-01 8.801229106533707380e+00 6.944760233715371989e+00
9.458473935973101376e+00 6.295499012886989654e+00 2.369418158989898604e+00 1.748454988988545011e+00
3.948664716045063638e+00 7.508748603023218671e+00 -2.744944890029257234e-01 8.978515701748225553e+00
-5.869721459579498202e+00 2.628112262843331770e+00 7.482549732832022293e+00 -2.541123898666559633e-01
8.957229586665825138e+00 -2.609455646309966070e-02 -5.459215637246839670e+00 -4.669914624534692749e+00
2.949946643518341904e+00 4.184362191057163116e+00 -8.831939532061531040e+00 4.903653314213780590e+00
-7.143829656912917159e+00 -5.146143479875044058e+00 -3.277687306376503074e+00 9.608655509050130661e+00
7.083468010611306376e+00 6.896239547729331676e+00 -2.383550524091682998e+00 -1.467041253749153285e+00
8.172216866025166837e+00 8.075076391392276065e+00 -1.755841937188363566e+00 -3.149452369817525632e+00
9.097939933000706247e+00 -3.508774318082416688e+00 -6.414351738640653444e+00 -5.603234943438554438e+00
-7.325609134489647012e+00 -4.509802362407132392e+00 9.176807109354417236e+00 6.784805238252260118e+00
2.120782589434711429e+00 3.836951794467135635e+00 -1.004445484978540826e+01 5.676805041796546547e+00
9.576836879013372439e+00 5.936060023054949397e+00 -4.748869298354797541e-01 2.999197762740686279e-01
4.161811360142333882e+00 5.007140251658689145e+00 -1.015902046080740462e+01 4.231608235929968487e+00
8.688001565881815935e+00 6.464982821993253026e+00 1.583917389950246779e+00 1.037798553133293566e+01
-9.274416326398206678e+00 -5.886059934460596388e+00 -2.620300054677474844e+00 9.083112039117422043e+00
3.396838363284479634e+00 9.172007981609720417e+00 -1.470366441147868741e+00 9.715668959012356609e+00
7.011835520362488694e+00 4.639264371118400732e+00 1.827511647145937168e+00 -2.723737682732024545e+00
8.239705137855285244e+00 -4.425984150402114459e+00 -6.475521335731539985e+00 -1.767503385426842488e+00
-7.298766018906834852e+00 -6.939678014924552940e+00 8.436180783014460616e+00 8.438999669079828791e+00
-9.536591894941457426e+00 -5.915817876406390674e+00 -1.368512844282843810e+00 9.171795629644096337e+00
-6.823025671586219865e+00 -5.826368302895862605e+00 -3.604086599550074155e+00 9.253869028888415116e+00
5.874960553599398949e+00 8.271068945611798284e+00 -3.426118216579411069e+00 4.528602491092414972e-02
-9.665870661824591537e-01 4.889542569291112528e+00 -8.371182508805665279e+00 5.276119291749605367e+00
3.761277934005170298e+00 5.808541934517519323e-02 -1.430477586142430146e+00 7.133269702722556005e+00
-5.668836618613790623e-01 5.548474788105219879e-01 8.032426667375963447e+00 7.556486518994738333e+00
6.535256067714708905e+00 9.292339108489112931e+00 -5.027516108783547821e+00 -1.987171683937810629e+00
-7.921405775443153274e+00 -5.931386478286679420e+00 7.957388834184752069e-01 1.634410117293448206e+00
9.437858897413814674e+00 8.799462095870842049e+00 -5.139406155755560590e+00 -2.391426325093506833e+00
-1.427261664278795861e+00 -2.041205669589759353e+00 5.843676825782562645e+00 7.137054543822134001e+00
-5.937107995108664937e+00 -4.350746253302689937e+00 -1.714222021534374640e+00 5.581403495647872859e+00
5.841372016827249602e+00 5.805537212266103531e+00 -9.141870737582637574e+00 -7.410538935443696573e+00
-6.667835782630594288e+00 -3.721772834549735620e+00 9.445704923597473268e+00 8.228393608959954975e+00
3.554713310600458254e+00 -4.595363031174183988e+00 3.147383065474063102e-02 9.996023135167366291e+00
5.660789094478483996e+00 8.077441704646902920e+00 -1.001339121726859460e+01 -5.270440396613398804e+00
-4.232489327057908035e+00 3.339903074833445284e+00 4.650581129022005378e+00 1.993681218108106279e+00
7.089595021196565483e+00 5.924509807073843781e+00 -1.922515524155773869e+00 9.802044081917363982e+00
4.064180137242209279e-01 -1.006058946948949817e+00 8.217207206833819555e+00 6.779606244290086181e+00
-1.660149265910189076e-01 4.296841892454802192e+00 -9.471441998636628057e+00 6.048308984188707882e+00
1.121135672726019195e+01 7.771678527705850215e+00 1.346106486721447559e-01 1.900529741656116656e+00
4.804053984555022971e+00 6.801895302213742056e+00 -1.028127682262942955e+01 -4.541999729892222781e+00
2.587469925316650432e+00 4.288077721510477502e+00 -7.934125244231815088e+00 4.096370971017907259e+00
1.009351430790477444e+01 7.889457131441392157e+00 1.186466664224992584e+00 1.067349324757183693e+00
7.446193217111559015e+00 -3.343004144513986198e+00 -8.106326559894384332e+00 -3.866233666758015719e+00
-1.014217107315301458e+00 4.357413187876240102e+00 -1.105344062089422508e+01 2.913670565942377166e+00
-7.953088834757850556e+00 -6.982397925478184497e+00 -1.430018316928860056e+00 4.483838354021689732e+00
-7.408232137819617869e+00 -3.629310932597484829e+00 1.130587199825876965e+01 5.620727304977280347e+00
6.858359810845271909e+00 -6.036324221320950478e+00 -1.034557959801941074e+01 5.961017579151464574e+00
5.128967811803970989e+00 -8.173179994274859084e+00 1.088997338732874454e+01 1.422033935279432892e+00
2.228047654414653245e+00 -9.515087160784982956e+00 9.217878136489217056e+00 -5.064933375752548317e-01
2.681821011335161931e+00 3.534703447298449319e+00 -1.047034220919243985e+01 5.167243704322832087e+00
4.264436128791182945e+00 5.936796519321312360e+00 4.226891674014318312e+00 -4.418878439691096283e+00
-1.987621807308685096e+00 -1.018216528030716717e+00 4.489617674944151204e+00 -1.182117682501586442e+00
-7.500624280552824708e+00 -4.222941955063652664e+00 -3.618864484122257252e+00 9.815482202662844102e+00
7.088338789828176445e+00 -6.398619852869630087e+00 -9.169494257284965144e+00 6.912638611726737992e+00
-2.116770379312504780e+00 3.270388526815247054e+00 8.471324357357911339e+00 8.424194493518004645e-01
-9.380378025231769001e+00 -4.265225724708844091e+00 -2.528371059177914049e+00 1.098002426422516109e+01
-6.828955731905224980e+00 -4.758482415034925417e+00 1.150075407938889294e+00 4.883058375064313061e+00
-8.796063110297833276e+00 -7.453430448417910803e+00 1.952303798136297841e+00 3.714471219386272338e+00
4.065136451300279674e+00 8.062040805360766171e+00 3.095722978300892159e-01 9.893740501586140823e+00
8.017557108172177038e+00 -4.363261007303924188e+00 1.193984902618085542e+00 7.557371441563822678e+00
2.925856368899374615e+00 -1.094919710203919649e+01 9.890064610409314838e+00 1.816124461296089176e+00
1.075167767943956854e+00 -8.468210600308362146e+00 8.793212141348650590e+00 -1.713024113682265925e+00
-9.831774542198539635e+00 -6.841799569169022988e+00 1.002332090262330055e+00 3.570923755953882228e+00
7.891098413972382986e+00 -2.260236683674429425e+00 -5.416678063202525095e+00 -5.817584468324809244e+00
1.131216144738886875e+01 6.097174512872308050e+00 -7.866088848022889657e-01 1.814161808621034044e+00
7.140342586287543591e-01 -2.475201459028826267e-01 4.740192706403725253e+00 7.228402792243664443e+00
7.251204650909504501e+00 9.289077943725676079e+00 -8.455231170052950773e+00 -5.655644818413334107e+00
5.883097057438981814e+00 9.732360226419629612e+00 -9.204282897521848028e+00 -7.134591308241703622e+00
6.356524697514071676e+00 -7.284016632476538078e+00 -1.060242097703110709e+01 7.618039954866299368e+00
1.010644012362628885e+01 5.039101421610103770e+00 -1.083717791273570485e+00 2.373554955564218805e+00
6.721337297682690171e+00 -3.692907947502283683e+00 -7.998221369874621622e+00 -1.904117813484309307e+00
9.126555046831771989e+00 7.122412261958703361e+00 -8.200825350069601560e-02 1.355369542296482432e+00
1.212030711291920504e+01 7.170040799901051365e+00 8.090901416395943624e-01 9.043478875519485038e-01
3.667319973304873137e+00 7.039676343746876341e+00 -9.381515767880408418e+00 -4.025854811460176208e+00
7.704066062093104073e+00 8.890165377937472968e+00 -1.008308088031264660e+01 -1.016218686485624545e+01
1.071687626626749434e+01 6.607988389855396605e+00 1.146435804124255275e+00 1.758960141187570603e+00
5.539450467433789882e+00 9.729701095552433898e+00 -1.165658589305058612e+00 8.304468996818748394e+00
7.749719230601685105e+00 8.479972931161231742e+00 -8.978883655394925611e+00 -3.880995310438339008e+00
9.407981594641061207e+00 7.578288629754194261e+00 7.669933281008758374e-01 1.542321088717595989e+00
-5.974408425155949054e+00 -2.713623963812437978e+00 9.217030648134260318e+00 8.240217101375158393e+00
-3.706709772968048711e-01 -8.473896383605380223e+00 1.114674091499298214e+01 7.981559430090225948e-01
-8.235225362893821455e+00 -5.770915789261748863e+00 -2.772514721513158698e+00 9.668986306318840818e+00
5.633342424540692228e+00 4.732561142747714555e+00 7.731343077276078279e-01 -2.542241937098274285e+00
-3.969947523382515442e+00 3.689706963650682514e+00 7.181885719344506036e+00 1.632187502519217848e+00
7.962739782336996086e+00 7.288500616181009306e+00 -3.997512826822854137e+00 -2.431055167463113342e+00
6.808851357705391294e+00 -3.875190317201911760e+00 2.813138351593704289e+00 8.009611802100339517e+00
-5.534246152862469792e+00 -5.491155570762539462e+00 9.713737571609437182e+00 7.334972057994495920e+00
-2.482778564290857304e-01 -1.094817140771813868e+01 8.552339610913977097e+00 -4.764174165036942910e-01
6.056104633172989971e+00 6.654964048281953204e+00 -3.860162183394351132e+00 8.123623226877263903e+00
4.703689392581585693e+00 9.641950831159807223e+00 -3.948388405049052086e+00 -3.132757848388374899e+00
1.175369360812406505e+00 -8.075474224880622387e+00 1.107407989227860412e+01 1.240418219972525549e+00
-1.242650804780156992e+00 9.364704696621770630e-01 6.307585393106369231e+00 5.053363696743613964e+00
3.044475039021739882e+00 -9.382122044287660501e+00 1.044646749421116461e+01 -5.755091254011086566e-01
7.090662379423460671e+00 -2.870079621926227453e+00 -6.950827827597586328e+00 -5.199287186652815862e+00
-3.359581078564729761e+00 3.608257598669162292e+00 5.061460551925599738e+00 1.650121009604432754e+00
7.030216837622267789e+00 9.193916601957303314e+00 3.755405406034111326e-01 1.163436854685549982e+01
-5.932604888470414117e+00 8.099296411329262035e-01 6.405503938366178929e+00 -1.327458962504413309e+00
6.455637467863454049e+00 5.523926811741444176e+00 2.179086466248846943e+00 -3.849485414760783542e+00
4.702002423412784182e+00 7.184488137030272448e+00 -1.002889059585054810e+01 -4.014154820282858971e+00
6.613882531460962610e+00 -6.739811272068973125e+00 -8.857736348830048456e+00 9.046651979251880249e+00
-8.745802941603045610e+00 -3.179471871980831921e+00 -2.226860189825628389e+00 8.593265538347861110e+00
2.453207787800605555e+00 7.586614323451962072e+00 -4.758854019336621888e-01 7.766389343579650273e+00
3.553042423779463554e+00 6.581157598697530808e+00 8.758779863949531785e-01 -2.175184476621060625e+00
5.026990152354762209e+00 5.635516915836530139e+00 -1.072070591677520834e+00 6.896727595316933801e+00
-4.235814876521542871e+00 2.812031667687364678e+00 7.680564653262892172e+00 1.458392792005873129e-01
8.902404738416024088e+00 6.685772644606607251e+00 1.195630050294113511e+00 1.932136964925154965e+00
9.236089147109476372e+00 -1.346122193511494869e+00 -8.192317974684144133e+00 -4.171551938573867524e+00
-7.384134331731331713e+00 4.516933354181322358e+00 9.304640602225052959e+00 2.087833260961888371e+00
1.451472029189131874e+00 -3.074947591907764011e+00 7.197936871465168807e+00 7.218661488946846561e+00
7.002587456241318620e+00 8.137328098497938811e+00 -5.404333129122461443e+00 -2.157451375309897834e+00
-4.619135070921492670e+00 4.024745120682240440e+00 7.221716862088554123e+00 -5.906042529381572148e-01
5.947791795479155041e+00 3.960898871333648597e+00 -2.163183265969516711e+00 6.797857717199603300e+00
-7.397878785793455592e+00 -3.796847122823227672e+00 -3.968330980534122698e+00 1.203717244626120220e+01
-6.153334315025553281e+00 -3.870921330678075201e+00 -4.145437192054616915e+00 8.061813847283485046e+00
4.051080932583197569e-01 5.051207753919923604e+00 -1.016625048403029830e+01 3.355941831505811379e+00
3.567902012783202181e+00 -1.016325962625779411e+01 1.095113262854374625e+01 1.624733259029499388e-01
-6.326936754168968946e+00 7.489695804621878672e-01 6.052858873601068446e+00 -1.125136197949677230e+00
-6.078023995532714885e+00 -7.228646197619509550e+00 -1.084075880350615417e+00 3.865325974777959583e+00
4.176378057598253868e+00 8.122065013181948956e+00 -2.728142964862891873e+00 1.024908758301824108e+01
8.839811503470526022e-01 6.043538494667940242e+00 -1.050953020498340251e+01 2.475601085874868712e+00
6.950056774302560747e+00 6.854776856751858105e+00 -1.033541150074099768e+01 -5.583798443102573117e+00
2.092654003932978846e+00 4.387983937741775087e+00 -8.846962248273747775e+00 1.351311101811183857e+00
-6.188165531224522731e+00 -4.697225062968916731e+00 -2.400766074357159940e+00 1.052888813550338298e+01
7.570167935047638075e+00 9.592577590441893065e+00 -1.003394068800479033e+01 -5.593477291090950487e+00
-9.423493553349963747e+00 -4.268831199795436682e+00 -3.644951055807858165e+00 8.703570539288449481e+00
1.031647537014126392e+01 8.746965353454591252e+00 -8.825730949017045468e-01 1.615421578920006596e+00
5.074994664602340499e+00 7.913159338954955935e+00 -9.443115777180887349e+00 -2.464714641132956352e+00
-4.497281411784560312e+00 2.288862805611879381e+00 6.361721554118821231e+00 -6.596147816933426444e-01
5.467569862780298884e+00 6.618134396176715839e+00 1.757930742280523706e+00 8.536905861999100509e+00
-6.806299323884048569e+00 -3.834287111092865796e+00 9.369142963488030773e+00 7.757298918859412140e+00
4.635376588857990754e+00 9.773818059398127644e+00 -1.683617708157060910e+00 1.012682539568844753e+01
-5.872664557665323137e+00 2.698870261996076714e+00 5.614115541767001005e+00 1.942403526451916163e+00
5.344026449423211922e+00 9.099701114244625799e+00 -3.037790563097093610e+00 -4.958039306438304372e-01
-6.177762618410896245e+00 -3.525881700628549886e+00 9.944520300651948475e+00 6.396821985324302240e+00
-7.100421601571206054e+00 -6.376205968015212555e+00 -2.810458383785059855e+00 9.874443608043497633e+00
9.637221697088621752e+00 -4.935970504369596057e+00 -6.349425038026448753e+00 -2.977570931896798889e+00
-1.888560647702151041e+00 3.074896450984351937e+00 6.239575323967923914e+00 1.188134215626487800e+00
6.168516865740959254e+00 8.341695056726617707e+00 -4.900828493727551027e+00 -6.055785519689944607e-01
4.462074231080371156e+00 3.817044520319937906e+00 -1.591993692232684943e-01 -6.231039337073975837e-01
7.189046753736810125e+00 8.705049145981872627e+00 -2.956721173247986556e+00 -1.998677978523309973e+00
-3.289263408219346374e+00 3.412590570439585136e+00 6.392790611401848011e+00 -5.461221655075247927e-01
3.300490435031679048e+00 -9.765492330844688595e+00 6.697138382126943235e+00 -2.440287606552837829e-02
5.808563922565036286e+00 -2.687901353812467420e-01 -5.808556526227630634e-01 5.902193165837633870e+00
-8.848596026490231026e+00 -3.301800305214662501e+00 -3.297548174806230303e+00 9.711013925951732517e+00
7.798534628475277231e+00 7.112978205543831756e+00 7.550588371812732014e-01 1.056740558574317745e+01
9.498706511786016549e+00 8.467540570710443859e+00 -9.794918109639059622e+00 -7.089449630186098972e+00
7.003188744215011141e+00 -4.335574151745665183e+00 -5.764204513994461543e+00 -3.894369716302596540e+00
-5.135139500033918836e+00 -4.660208247976091123e+00 1.074745133334588232e+01 7.411252599137114316e+00
6.911976258565299958e+00 -5.017057599102088261e+00 -9.143330805696061603e+00 6.868949604092207117e+00
5.915316596817785211e+00 -4.980334331040676688e-01 -4.157223490040282687e-01 8.552431867142789912e+00
5.471173578566119744e+00 8.762544036855262064e+00 -3.017450245687238741e+00 -1.616597177897313387e+00
4.978815277751442281e+00 -4.818373154529433045e+00 2.488384863522535850e-02 8.752985971113979247e+00
7.782539833186471689e+00 -7.525545080390301678e+00 -9.183346318360491978e+00 5.566249299823715191e+00
-6.832355331405300269e+00 -3.086136687327604378e+00 8.098825379839112770e+00 6.086691545636255363e+00
6.197678587900715463e+00 -6.287795497552087554e+00 -8.593947727297370776e+00 5.837091546391962815e+00
3.922284750391129116e+00 6.193528666380803571e+00 2.317647590010570191e+00 -2.077848143272208237e+00
8.668731089717041982e+00 -3.831176340308597439e+00 -1.794876138671924082e+00 9.538136530737062913e+00
6.575058084921489687e+00 8.838955173539750021e+00 -2.465211268744122997e+00 -3.541693280440358471e+00
-7.302465555507908768e+00 -6.739831758126411998e+00 -1.719975880842971483e+00 9.897829172843177759e+00
7.706676455589805741e+00 7.135945791921583847e+00 1.274903013170431532e+00 -3.638716497486126134e+00
8.457077193510494695e+00 -4.269552874579017221e+00 -7.376591465736279218e+00 -1.324027999188554627e+00
2.848387723393551063e+00 5.577153491807762542e+00 9.567862792043584363e-01 1.086916141222602228e+01
4.877457562435962402e+00 -4.967950490936311247e+00 -1.026901793583751576e+01 8.211231927431565936e+00
5.255923381430983810e+00 8.402245492403881855e+00 -1.323007900342589416e+00 7.229083378928509163e-01
7.381262229456521773e+00 5.437198288048536554e+00 -2.433276064245966985e+00 9.189911399133501746e+00
7.366449927775374995e+00 -4.655318934844289380e+00 -9.054356390652825937e+00 7.275417921062982352e+00
7.866694659864848838e+00 -4.293766649914265265e+00 -7.225070040519538495e+00 -2.660417430001431605e+00
6.330915205012667357e+00 -1.093811363739543019e-01 1.401394188476638547e+00 8.533970884280325464e+00
8.877259590431915370e+00 -5.014146098622096481e+00 -6.240986363347079902e+00 -2.465705978834314305e+00
-6.997442441665213231e+00 -6.650365471952419227e+00 -1.801602735189261173e+00 5.399094014981078438e+00
1.951002735957407808e+00 -8.955349114585842152e-03 6.142711634428926537e+00 6.591829629398083590e+00
-7.871089663637751421e-01 6.299606638746954701e+00 -9.898090488379100549e+00 4.264374698366363958e+00
8.241640307307587676e+00 -6.431263906106664763e+00 -8.911310211729459141e+00 7.150354834083593403e+00
-8.439439240285496746e-01 -4.073806656970757611e-01 8.689247706900543378e+00 5.944489066196918081e+00
-5.200754021029871055e+00 5.967924372244430842e+00 7.157431003032781902e+00 6.365828515142401001e-01
4.681946052789753843e+00 -4.119955781837406406e+00 7.042064659301923157e-01 3.272222441947011617e+00
8.599904868954483916e+00 -3.911553414238633231e+00 -6.923587683138375581e+00 -2.222887047267290583e+00
6.531968312972054491e+00 8.812990012551386698e+00 -4.493516133933127321e+00 -3.586090220918974891e-01
7.237484560075901463e+00 6.948161525667952532e+00 -3.935745622609871930e-01 -1.579824356549558662e+00
6.863877805521298114e+00 -3.010398872975852846e+00 -4.952490931787987272e+00 -5.998792388636053019e+00
7.616724467645648033e+00 8.067801884453755790e+00 -1.099679432716761696e+01 -5.661171560569332684e+00
-6.998896716251940653e+00 -8.488701793199709300e+00 1.147448564476290400e+00 2.163133693357243814e+00
7.682423690111302328e+00 8.147707861219066316e+00 -8.747073308450339368e+00 -6.824022507802646409e+00
-2.202219771282986738e+00 1.631298504058556142e+00 7.522002147089655644e+00 4.955508329308102589e-01
4.814769405671405877e+00 5.572118987024358816e+00 7.005563099811953354e-01 -2.532631796188371087e+00
1.029748600459505337e+00 6.036773766970843447e+00 -9.211700826360241123e+00 3.927625580449324527e+00
7.901058998938781386e+00 -3.548171105916458234e+00 -7.196632879357802715e+00 -3.095379613535294894e+00
-7.812262450803892921e-01 -1.312645544326514480e-01 4.928513425860231223e+00 7.338580892868553640e+00
4.474683514244520488e+00 6.616350891190766248e+00 1.772706798630729885e-02 1.137317438806685033e+01
-7.940245589338303489e+00 -7.997663159014491541e+00 1.668689463325188305e+00 4.527533121741187827e+00
-5.268740239065951236e+00 -5.684102213078037202e+00 4.023567309995483288e-01 4.857179224530008277e+00
6.001808572927659569e+00 -4.630952185810715882e+00 9.540709408320919849e-01 5.675575625990361139e+00
8.252065009773133397e+00 -6.780637181392665802e+00 -8.688459535168735925e+00 6.969013534198023052e+00
6.613676604728357944e+00 8.539619593453142699e+00 -2.146022514238659529e+00 -6.723910864600002313e-02
7.210060347259529046e+00 8.090475977420572562e+00 -8.007455246951609595e+00 -8.825324638280905631e+00
2.252092467077696281e+00 4.041500404242690969e+00 -8.164468081939112665e+00 3.625725291326242772e+00
-6.780186310688995022e+00 -7.081205094878975537e+00 1.342299432316447216e+00 5.290401468885891134e+00
3.390300190380054701e+00 -9.699065282531964982e+00 1.218045529154811568e+01 7.451432977801475399e-01
5.728908774047640762e+00 7.731070702905202374e+00 -2.084016897744049857e+00 8.278612191944485943e+00
5.356531583333464575e+00 -8.430402841268332281e+00 1.079918251076309588e+01 1.799143692213788226e+00
-5.567251874019333080e+00 -4.150168014431743657e+00 9.735399663035801510e+00 5.720563562024897131e+00
-8.753190452393910803e+00 -3.241475189185139882e+00 9.065330514326528366e-01 2.739586638207410552e+00
-6.905111637918477818e+00 -4.945581946033955845e+00 -1.679280560593836791e+00 2.816318126640942499e+00
-7.623667525406576218e+00 3.722787645609447971e+00 5.737700622840558040e+00 6.353950332392298561e-01
1.035872982349369309e+01 9.114892939142961836e+00 -2.384645415640399002e-01 1.128800415926002554e+00
1.124589618925776691e+01 5.589407171161870025e+00 1.375831417759165953e+00 2.195469485432888224e-01
1.188580278041471705e-01 -2.893980569117978741e-01 7.292593531729274048e+00 5.884216039501136031e+00
-3.264106414862955496e+00 1.666217483442042679e+00 5.118082706823618544e+00 5.513812435755529595e-01
7.343638451527737310e+00 9.705240520806952986e+00 -9.015576603717750714e+00 -5.925609920826312660e+00
6.859529444737576753e+00 7.962816842639531600e+00 -9.611605850054168343e+00 -5.056013156095890970e+00
7.887140187623945309e+00 7.736192273091260674e+00 -2.732237809362644043e+00 1.744218761643296922e-01
1.126872667371118908e+01 5.360647819279543036e+00 -3.290689946863894488e-01 2.741628585332932744e+00
-3.887338683435404008e-01 5.066182646665991385e+00 -9.091123718070663884e+00 4.352010623364682473e+00
5.307172639892157484e+00 -2.900689522261007181e+00 -1.593248856855912887e+00 9.602053069648118111e+00
6.251758173477336200e+00 5.889144252501792742e+00 1.501626747239982240e+00 -1.614123550613461466e+00
7.885309172965123459e+00 -3.170692031235268438e+00 -1.141842141219700624e+00 5.787993378702513958e+00
6.079134119942754211e+00 8.561836224364789416e+00 -3.777584520727701012e+00 -6.786513841817513049e-01
7.524907257282917428e+00 9.965651684877110839e+00 -2.328861963185474782e+00 -1.459889971103990769e+00
-5.305228633704469843e+00 -5.420078966050677849e+00 7.799040332667908970e+00 1.164624747367447100e+01
1.727590976345331875e+00 5.302821996209183375e+00 -9.140893792975626653e+00 2.177713169226628498e+00
3.963243574475867614e+00 -1.960169564482355131e+00 -1.849180269705680502e+00 6.585742812419300485e+00
9.655887964703701698e+00 -4.183269594486630716e+00 -8.229339452540076039e+00 -4.993160326986745723e+00
6.226552649594404798e+00 8.364083812774850912e+00 -9.721984386874533257e+00 -5.132562044682281943e+00
7.672568284243740599e+00 1.053510362820846780e+01 -4.549867112632010269e+00 -2.528500642136920495e-01
6.416717592082113342e+00 -3.843981824695676508e+00 -6.748097042959756209e+00 -4.655852341263699401e+00
-3.868681618524186128e+00 4.818952700852750404e+00 6.784142543267342340e+00 -1.689543293256829948e-01
8.317958993139930257e+00 -2.411883207745910251e+00 -6.863232703253149936e+00 -5.649155708543879939e+00
-6.024938825835805645e+00 -4.072312828448118260e+00 8.114705393127703559e+00 8.280303746258047326e+00
3.599141610863444196e+00 -1.270804613358280299e+01 1.023790793382424447e+01 2.582368333550821404e+00
5.657537463816193934e+00 -1.343873477055888221e+00 -1.790948777714600482e+00 7.129985666356851937e+00
-8.900051940900000957e+00 -2.826702168836551898e+00 -1.517561911233331617e+00 1.070343891878071396e+01
1.547857374786583806e+00 -7.547392362256591269e+00 7.872571946041181157e+00 2.616627340091326914e+00
8.340151278537019763e+00 9.180553190594062940e+00 -8.050784275096205533e+00 -5.955117643422980223e+00
6.657863569706986340e+00 9.656346364615256306e+00 5.990588481756675687e-01 -1.984137229383105439e+00
4.786917343212708786e+00 -8.656319981835673971e+00 8.801559996534701114e+00 1.667258898424417435e-02
-8.893402484183695833e+00 -4.446369819843521753e+00 -2.622784444166969209e+00 8.640526533105383322e+00
6.730390809380679684e+00 -7.317825253659941964e+00 -9.682530995227637050e+00 6.681191995029940323e+00
5.255310065784954077e+00 4.177202064464454523e+00 -2.219032257485378246e-01 -2.411204608190561149e+00
1.715282310144201627e+00 -6.750894208486617032e+00 9.699099898494113248e+00 -5.835052378348921653e-01
4.460529536438119891e+00 -1.376247371116084750e+00 1.424820492799650395e+00 8.145978055714543586e+00
-6.838139412643972292e+00 -4.358170309770623696e+00 -2.712372361273024612e+00 1.212582428546656921e+01
-5.777776487435475339e-01 -1.880683519157691219e-01 7.257238062962131586e+00 7.043633363423063898e+00
8.431636930200621549e+00 -7.448620089344455408e+00 -9.253782289209448564e+00 4.996335159103585610e+00
6.397727724304427710e+00 8.226593919820881950e+00 -5.195992623806882982e+00 -1.438614679835464871e+00
2.481142408044438419e+00 -7.054835061908926619e+00 1.136011613565534972e+01 3.471362442345884425e+00
6.279918644950020834e+00 -2.672168519951643173e+00 2.946597863145060114e-01 4.687431113292942264e+00
2.130647606475225331e+00 -1.175640871551862077e+01 7.275624088125144162e+00 9.623538738787187352e-01
8.449657118068444106e+00 6.177256244490012982e+00 3.330558122614794225e+00 1.347800394322967943e+00
-3.146297925938419837e+00 -7.927001060596077231e-01 8.493450453835686531e+00 4.442608587999039571e+00
2.872277030437726975e+00 3.681955680037468426e+00 -1.063482068183340878e+01 4.616236686070287476e+00
6.508661228781611463e+00 -3.059652401280793743e+00 -6.718854828149201985e+00 -5.259253109933688108e+00
1.069320902878711621e+01 6.660785654144117274e+00 -1.081414273218532784e+00 2.509752485504539443e+00
-8.572596685744157119e-01 -1.665887964298091051e+00 8.685927531915373478e+00 8.728741024991956365e+00
6.213334181621007701e+00 4.875421310321675250e+00 4.710815518242290056e-01 -4.287068520992855625e+00
6.624665983178060991e+00 5.283864016085884963e+00 1.574661584541541037e+00 -3.282333778957767567e+00
5.633700814787134803e+00 7.132871257973513401e+00 1.310930464940143425e+00 -4.469754694583471633e+00
-6.825662087110177190e+00 -5.153702512450034412e+00 9.449917157370817833e+00 8.128965487061034167e+00
7.775389888110282754e+00 -5.729559280966368462e+00 1.206423303440312900e+00 6.065137904445624173e+00
1.001685251612400940e+01 7.412032623490714123e+00 3.437109422112973878e-01 1.214505746801442188e+00
4.358457531286609843e+00 6.047748176407246490e+00 1.166772544667622480e-01 7.611926430656117404e+00
4.692597065628073771e+00 7.607757028803977306e+00 -2.217306928248603537e-01 9.975664971653165125e+00
3.169302439374162006e+00 8.706084622835028597e+00 -9.196946070118110939e+00 -5.419341318794550943e+00
-7.809411953419712837e+00 -3.661336757606639125e+00 -9.501679423885858178e-01 9.153003982606358946e+00
-4.867622683971617015e+00 2.654768128689712903e+00 4.197959157289218979e+00 -1.691801501068177949e+00
6.385303402797270600e+00 5.548192570949011859e+00 -9.772619309405838894e-02 1.080560985676791930e+01
1.642747444870438889e+00 2.633600810591851360e+00 -7.559805710807223633e+00 2.535167831257656879e+00
6.665960153690642542e+00 -6.400261648768046818e+00 -7.344882738602406036e+00 7.169606552157419266e+00
-6.759745688337239322e+00 -3.841582454680071645e+00 2.662338205497333243e-02 3.568869194156646607e+00
9.952827190292291348e+00 7.429738796293248626e+00 9.185441898432024077e-01 1.051540915023476686e+00
5.882309739395737758e+00 -8.859938025769860115e-01 -8.659989617457415356e-01 7.681966855282970741e+00
4.270351025159488501e+00 -5.257496233267010766e+00 8.739431665330466004e-01 6.207258791539647547e+00
1.118006964674344061e+01 6.354534744876130681e+00 -7.676546168979172524e-01 4.218206245524418474e-01
-3.011758341643568926e-01 3.970664004030164396e+00 6.300478917996786166e+00 -3.099508658971674713e-01
1.074572937487995361e+01 9.071457422838022921e+00 -5.744772063312252319e-01 -4.808371863526257339e-01
5.708747502202109914e+00 1.092155791942497878e+01 -2.964824747474132494e+00 -4.278612410003452826e-01
-6.490533855207439307e-02 5.845399750737942934e-01 6.266183025774381576e+00 9.322363932466370073e+00
7.366178745947039808e+00 -2.352660342339605748e+00 -5.952067024850546950e+00 -4.573770459555324130e+00
1.048376427426584456e+01 5.981610177203425138e+00 1.618673335248580036e+00 -3.280034462135301698e-01
-7.675269813138924091e-02 6.969218318467087503e-01 8.785307352897103073e+00 6.186062219397344464e+00
6.490311324518923008e+00 7.238752788928487725e+00 -8.582439721895145368e+00 -5.871521399568536026e+00
3.619117220019415271e+00 7.063584037279785122e+00 -4.952856466422628223e-03 -4.535464723500468587e+00
8.385657709843270524e+00 -2.171020119483828559e+00 -8.582476134815205882e+00 -2.852587119611772692e+00
5.981381151263400753e+00 5.927049375471071357e+00 -7.043477555965433901e+00 -6.187257436686103063e+00
7.502967479653915639e+00 -4.627830207752966274e+00 -5.915473305083577493e+00 -4.309310132901750023e+00
3.778515627959099010e+00 -1.048598287725494593e+01 1.237840927607616592e+01 5.801854746158163767e-01
4.309512171004517000e+00 6.873384884429284192e+00 -1.378124038862192258e+00 8.558873265118476681e+00
-8.895766586573278900e+00 -5.280684011571575631e+00 -3.013266410085499558e+00 1.000481224352246556e+01
9.624084967153233805e+00 -2.796159452640063048e+00 -8.988188843944570294e+00 -3.278136208876039071e+00
-5.789608139090024252e+00 -3.996777088386900711e+00 8.415644753079504881e+00 8.185953233107113647e+00
8.341714603131716643e+00 6.636580898114306848e+00 -3.753317229208836814e+00 -2.394031621431897960e+00
-7.539374934760073366e+00 -3.040484914404788519e+00 7.066452319470598376e+00 7.446104575154434357e+00
3.010504992912418132e+00 4.796256151784170640e+00 -9.022400916954961048e+00 5.790591107734314846e+00
-6.202695470019965462e-01 3.993589301822034976e+00 -9.319684356956674520e+00 3.395665306377715353e+00
7.102826257817982381e+00 9.400087728517842578e+00 -8.070127718863970401e+00 -6.098172781216163685e+00
-5.924056126421156421e+00 -1.045437627443167372e+00 1.078743718155539000e+01 7.547597238060438585e+00
-7.438142893154444657e+00 -4.488056024474460948e+00 1.005504117726031232e+01 5.880085693749792952e+00
-1.224790822119323774e+00 -3.835594979185721343e-01 3.402454573994208253e+00 6.058531343049513573e+00
6.578541137272773121e+00 -2.110219709652999320e+00 8.953450400064655312e-01 7.948964092890362210e+00
-4.574594851697572295e+00 -5.714173030701987344e+00 9.683497770586040332e+00 5.423111453837773155e+00
4.916209376081785543e+00 -9.793708484890331079e+00 1.082138575650052204e+01 -5.518209030160418083e-01
5.985770231435959765e+00 7.325448231801826360e+00 -8.526153154729632533e+00 -8.727197615604207925e+00
5.361655994618745424e+00 7.481403525316541625e+00 -3.075459805007746183e+00 -2.367793233612532244e+00
2.816268686155530609e+00 6.971095482383015352e+00 -1.058969608541875296e+01 5.206281780205959997e+00
8.461302862451089979e+00 9.876663080372418690e+00 -2.683349822867052925e+00 -3.488205477271988375e+00
5.368187855363976801e+00 9.353909503555689398e+00 -3.773668375574291023e+00 -2.312458695893695904e+00
6.934084722447000360e+00 7.394033663314403704e+00 -1.120555342471629068e+01 -5.347003335913601774e+00
-7.386066276027626998e+00 -2.554051388119263244e+00 9.062750261767146043e+00 8.235809530537238743e+00
1.629463097975224262e+00 2.579386583978023229e+00 -9.646196196462417660e+00 1.075424017875416194e+00
6.413635757237722501e+00 -5.147308690386513952e+00 -1.004890893539800523e+01 5.175760158683115009e+00
1.602017522960178963e+00 2.079989433155548628e+00 -1.085230193633885065e+01 5.821526135557122394e+00
-4.902007985055782946e+00 2.874856565346916248e+00 5.326814166699366027e+00 1.701202858095786308e+00
8.030213498619074297e-01 1.111083398285579227e+00 7.799250782215099598e+00 7.308111908553363456e+00
5.168940765486690125e+00 2.560113998794209422e+00 -8.832202142904044262e-01 9.143877983931059106e+00
-5.602861084482996468e+00 -4.413642499318330081e+00 9.608205889915472753e+00 6.257011124752811959e+00
1.006662264933774509e+01 7.123408470533446391e+00 -1.853900919346547216e+00 6.275732759193642929e-01
-8.773557408891136333e+00 -5.396399871148349625e+00 -1.944266478856409242e+00 9.721933718130456370e+00
1.363865187508960464e+00 4.294964927684087996e+00 -1.218337039022009094e+01 5.087435630201927239e+00
-7.996761254403565111e+00 -4.805496526534626334e+00 1.106139520449721303e+01 7.198274397005137715e+00
3.397300931056931317e-01 -2.763673383808462169e+00 5.022099438921905801e+00 6.868060939808619203e+00
6.830503349126074042e+00 7.249640874304962068e+00 -9.705968206256173403e+00 -7.083823790067962811e+00
6.936353974271834311e+00 9.437687761195512337e+00 -4.128843566890220806e+00 -9.753759774257193538e-01
3.515435449565488923e+00 5.481995675643275945e+00 1.865795788904301311e+00 1.092293017494096929e+01
1.750384491702412282e+00 4.898993723563755509e+00 -1.171438092104334316e+01 4.046203462448777266e+00
-3.181770720652741247e+00 3.128471680261124543e+00 7.878027862589277674e+00 -7.301429490230126884e-02
1.131717172839755037e+01 5.309556350576410289e+00 -1.849075592406144608e+00 1.482612760078941827e+00
-7.703958806425518446e+00 -6.851666018652871060e+00 -1.467628589611637002e+00 5.056918056810756568e+00
4.949033470395542977e+00 7.275143279516987249e+00 -3.055495550344000666e-02 -2.344077280462708135e+00
6.578882750938156221e+00 9.889718150326661572e+00 -2.921441630649427523e+00 -1.091511570938291431e+00
-4.870090228761045026e+00 8.334121908142058111e-01 9.080716290123319823e+00 -9.528413412885341494e-01
-6.745680308735453323e+00 -5.855773358598857392e+00 -9.656612419290281357e-01 3.377479747866589221e+00
-7.387167101432249972e+00 -8.143585754031096968e+00 1.921139589525152847e+00 3.494542506824713790e+00
-9.241573288248186913e+00 -4.603024540811401444e+00 -8.213776745112157940e-01 1.027789452869306253e+01
-7.914208841226243685e+00 -2.871756410214222566e+00 -2.968728336002227408e+00 1.075216407103437355e+01
-3.090904053576567723e+00 -5.323174690159833133e+00 8.535027883365014389e+00 6.144312859951120309e+00
9.240378781191834534e+00 -4.051828661213072280e+00 -6.043080881940111837e+00 -5.857129439991327402e+00
-3.910821220531474740e+00 2.005713415891240636e+00 6.298798501713981146e+00 1.880782329789513874e+00
-8.328809609796419267e+00 -4.516909703969883338e+00 -3.099415940117019819e+00 1.095197268104916688e+01
-7.350944361922659986e-01 3.875060518367789975e-01 6.272238492934498311e+00 7.557046380642892025e+00
4.731345032931256966e+00 -1.283062092868521242e+00 -1.006524171184796534e+00 6.869408257303304843e+00
-8.622865107728401313e+00 -5.258614607738958391e+00 -6.336138777963675750e-01 1.016320444385815236e+01
3.182804930472782345e-01 -8.801584298817642704e+00 8.719809858928426749e+00 -2.815465098134696476e+00
-5.050976188661150168e+00 3.945455037963379485e+00 7.071874183596233543e+00 2.180883401933883803e-01
-7.273028832819557365e+00 -4.563695984181975085e+00 -5.570960332383288749e-02 4.846369007502228321e+00
8.135263069947434644e+00 6.651169390370370138e+00 2.099735880377768815e+00 -6.338310404440554713e+00
-7.665186021483397560e+00 -6.607041220398341963e+00 -9.902415888944327005e-01 3.266984408216900171e+00
7.125561018763081123e+00 8.735178924486129759e+00 -8.963446170859841189e+00 -6.132747793171176021e+00
8.844988333330199737e+00 8.705920662248798791e+00 -2.086725716270565023e+00 -1.928161502732122390e+00
3.280877171141215687e+00 4.648183370108867507e+00 7.894671221995752664e-01 1.099319667222730956e+01
1.190476790544843455e+00 -9.100227110653854590e-01 7.944835432738417857e+00 4.936398928411868781e+00
6.504831553012175860e+00 8.383086946594895394e+00 -8.241302821888304209e+00 -4.068626862252505028e+00
9.454199401804704195e+00 7.049746040306705375e+00 -9.692947039757271455e-02 3.764121531574893709e+00
-5.149740586123728647e+00 -3.653887373908874192e+00 8.805995505715628724e+00 7.146248146901352349e+00
1.028811811641958229e+01 5.341214375641886392e+00 6.312456264325845279e-01 1.406130896297332900e+00
6.817092728777481625e+00 5.697948386680593558e+00 -1.482759438007687391e+00 7.756473083464939577e+00
2.945836206262515855e+00 -9.667929126744059687e+00 9.622054612382608951e+00 1.527536952978354012e+00
2.893779210734158447e+00 3.813612338950125302e+00 -1.043307204776915142e+01 4.768948016840074189e+00
-3.218548236341171709e+00 3.915875942208797866e+00 7.478971262551271870e+00 1.628419623377672210e+00
7.389589819265405701e+00 -2.544248330230580724e+00 2.012865490205198782e+00 9.157668377895513245e+00
6.614464846290815991e+00 8.019207532054664966e+00 -5.331411162495403921e+00 -1.785530336745142943e+00
-9.016015915085533905e+00 -3.696325650707874111e+00 -3.058989321556958796e+00 1.134324573677108106e+01
8.163619194110980359e+00 -1.981208210175084528e+00 -7.504516550303236500e+00 -6.353458649224926091e+00
8.430517136106267628e+00 -5.118488174519042033e+00 -7.246377888349689655e+00 -1.961877358886195966e+00
7.635923738930360471e+00 4.857195670802985532e+00 3.414002132766606135e+00 -2.754003191956050145e+00
-1.041364040894348619e+01 -3.484068077609892455e+00 -3.114248428691638093e+00 8.213585074409195386e+00
-6.596491658400410962e+00 -5.330620687335351882e+00 1.133355706113260197e+01 7.624271389223848061e+00
-3.642787844779769912e+00 9.270172163205323557e-01 4.351691967231150926e+00 2.012748641114173509e+00
8.985993839558309659e+00 -3.837747244973536809e+00 -5.705485818170339840e+00 -3.190487718130148309e+00
-1.879637420834392225e+00 1.208681495116628257e+00 6.856367499952751743e+00 6.517195006762913856e+00
-6.882416280837332145e+00 -4.294357748213137427e+00 8.239664632030475389e+00 6.754539213015265275e+00
-4.911094388465033767e+00 -2.114662897935795094e+00 1.016991611827802977e+01 7.247228065501184702e+00
-4.107345535286819782e+00 1.467344966952671692e+00 5.190620298386686038e+00 1.744445696123793077e+00
-9.080301372985273289e+00 -6.596170460843088890e+00 -4.129114579341983671e+00 1.065656336185121056e+01
7.458003356028310549e+00 -2.022122343268332401e+00 -7.266853977076493720e+00 -3.175192489319705658e+00
-2.195881071798623907e+00 1.351865710225900408e+00 7.284849666635343723e+00 3.558265848708235257e+00
1.057816055125002919e+01 7.500729217546227012e+00 7.548473669222958982e-02 1.437354815566806776e+00
-7.367968672926319407e+00 -5.001339524741732490e+00 9.817585896243674171e+00 5.836800881660026086e+00
-3.156878614015223294e-01 -1.329804189407611137e+00 8.445835641154383566e+00 9.413189641714440725e+00
1.019694621944566282e-01 -1.335475308192753729e+00 7.276763651617251583e+00 6.417538790238331181e+00
-6.350038205992615481e+00 -4.548107166331306850e+00 -2.139897598974846105e+00 5.835571713903514812e+00
2.547619746691882625e-01 5.723024156828488973e-01 5.569383394361144823e+00 8.435992588596628039e+00
-6.022481573436856195e+00 -5.119526683137282319e+00 -8.893372712098834842e-01 5.220875007253933830e+00
-1.654608946033365946e+00 8.234599343136497218e-01 7.982005815558078865e+00 8.644618841328586711e+00
1.722119820820444458e+00 4.844058516500525435e+00 -9.433521335548396891e+00 3.787502099033977832e+00
4.837072038051855927e+00 7.827772367968668377e+00 -8.662794020781099391e+00 -5.511296058868331293e+00
7.653943207866670484e+00 7.436023082786650917e+00 -8.638513795517374305e+00 -8.705126447098002984e+00
8.801349265806853950e+00 -2.030610680197916018e+00 -6.952687065622296103e+00 -3.925799342334403086e+00
-8.850436596493299390e+00 -2.165196950435379630e+00 2.271438305247615919e+00 6.051646834226524163e+00
-6.294970438311700889e+00 -5.017740181668264299e+00 9.032397004832334986e+00 6.494873447118775012e+00
7.525346233650488159e+00 5.707781110859176721e+00 7.055056643818420348e-01 -1.988496512961901663e+00
-7.160431992148800440e+00 -5.317426769530598563e+00 8.861351773476370042e+00 7.001841407531252948e+00
2.291499708673104152e+00 5.448803708038410853e+00 -9.810532907649124112e+00 6.448057667107125468e+00
-5.788941772594388802e+00 5.272255002352556730e+00 7.653175473277611829e+00 1.712192431832847139e-01
4.470715116051787064e+00 -4.417706051507106046e+00 -8.547263652379641918e-01 8.729368784153750838e+00
-5.559189881611381168e+00 -5.142169604265658833e+00 9.889420787365400756e+00 5.806686466179453276e+00
6.549918093077585546e+00 7.550953040620787426e+00 -3.354537033269331392e+00 -1.893923414093945379e+00
4.240569887545223793e+00 6.745449734462216185e+00 -1.293892065103567912e+00 8.652768413009621185e+00
7.095123858222486923e+00 4.955783539958185102e+00 -1.502127836034685693e-01 -3.485453110381554254e+00
4.426285103994251457e+00 -8.668868247813541927e+00 7.984658690482730137e+00 1.122768950537554433e+00
-7.200668744613391681e+00 -4.035596169232292141e+00 -4.212218083266485280e+00 1.005448458458696237e+01
-6.874791064326777779e+00 -3.632038440433268178e+00 8.945916148248731048e+00 5.537005513076646679e+00
8.886771359905825562e+00 -5.201768406782560028e+00 -1.103353940697160240e+01 6.297325772031404867e+00
7.358091436331580582e+00 8.128547846363503027e+00 -7.956065442794360010e+00 -4.219910455963886697e+00
5.250202412783715467e+00 -7.691555909402366886e+00 9.586239429154804981e+00 1.057570264686392703e+00
5.452169060805109879e+00 -1.903868267105122136e+00 -3.800515350064381792e-01 6.995519935552294122e+00
5.809805116803524960e+00 -3.362941001078602721e+00 5.193691827093274149e-01 8.817683970079752243e+00
1.016843579199650982e+01 7.007552337347840776e+00 8.480803146694572137e-01 2.562244622713972575e+00
-6.035263512814916798e-01 -1.642884739611597755e+00 7.525388021179030495e+00 6.093067411449750281e+00
-6.646854270701436640e+00 -5.197306854215854699e+00 1.033475565284836328e+01 8.784900323275870448e+00
-3.055067543612985936e+00 3.398927232549885158e+00 5.910740945586368866e+00 -1.216351091846864518e-01
7.014595112824494549e+00 6.105548248496231345e+00 -1.796521946457880992e+00 1.054938878110119482e+01
1.946798948719430822e+00 -7.797182652127833791e+00 6.937869852539185089e+00 2.042934371393349657e+00
6.354713056147276440e+00 1.017229169588009441e+01 -8.329698833841804984e+00 -9.026761180256571038e+00
5.261481842669748055e+00 7.342860202071529230e+00 -7.487535131410175460e+00 -9.173223642845380610e+00
-8.569555389037406101e+00 -5.948993752648440214e+00 -6.777971965054713221e-01 5.575784684118549883e+00
2.646521465399477968e+00 -7.365119363812178577e+00 8.248849973090027987e+00 9.169829699075144891e-01
2.886433039595946770e+00 6.792487588191623793e+00 -1.943350820972614468e+00 9.537940405893106544e+00
-6.134400793464193313e+00 -1.736292338092206400e+00 1.001406010718504724e+01 5.204266954147405144e+00
4.772404922292024843e+00 4.482699558843341592e+00 -6.530267439597368107e-01 9.483960935890676680e+00
8.466922381571269085e+00 -3.391766597405418082e+00 -8.720873943941997553e+00 -1.323048211041855549e+00
4.851725940776869805e+00 8.807330511885576030e+00 -1.018636207808587812e+01 -5.728112262109921637e+00
1.026979170384980833e+01 6.135171479000446126e+00 -8.789983869048227927e-01 8.628169824284535050e-01
3.916269975541482040e+00 -9.707857468956433422e+00 1.000890245400377410e+01 1.384884016331933809e+00
1.004290568295990838e+00 2.988955728067069995e+00 -1.141907991581332737e+01 5.216153930876185285e+00
-6.060072416127326722e-03 -1.350166424411795574e-01 5.186402036557669959e+00 1.033516915776646705e+01
-8.942106514851829502e+00 -6.297567518096212069e+00 -2.188112160000031725e+00 1.082986381782979279e+01
5.148543798604155342e+00 6.111227435812751629e+00 1.078043033567204212e-01 9.755089771516816555e+00
-8.582279207738089610e+00 -5.388362492869124054e+00 -3.661557686690797730e+00 9.957664224596483038e+00
9.659438905824265120e+00 -3.761030587369146527e+00 -4.532009645614325066e+00 -4.619968275746218822e+00
8.456718432786572981e-01 3.520727363287731393e+00 -9.763915857796947151e+00 3.739863389996236354e+00
5.246999679803991956e-01 5.424374405759449402e+00 -8.318333913260518742e+00 3.385726217270847105e+00
-7.511478266312187735e+00 -3.500294481865053431e+00 1.165374265353089100e+01 8.674608014777897225e+00
-9.276361099044159175e+00 -6.257843421492303548e+00 -1.173567488315819363e+00 4.699908351853457233e+00
3.645246766114494275e+00 -7.368101129045067310e+00 1.069394945775715122e+01 -1.490351862358502810e+00
5.663110292290859604e+00 5.896206968734160725e+00 3.960714047084758604e+00 -8.354997423546293156e-01
-4.186484965434814853e+00 -5.736408880940051525e+00 8.184133769291126015e+00 6.355059284633265193e+00
-6.228116583940013662e+00 -7.746773451447419134e+00 5.018075584809480461e-01 3.069032035023481875e+00
6.299884503537169778e+00 6.670959302740418373e+00 -2.907264182041072176e-01 1.113007215313284526e+01
3.195607066591106271e-01 3.810231124751620957e+00 -9.067060443111135015e+00 2.848201825794381747e+00
3.080639639991697543e+00 4.419098335545834644e+00 -1.082800975841314362e+01 5.940598760594054895e+00
6.323777447052229661e+00 8.851953170786083902e+00 -2.632849500788430497e+00 9.767616795513415440e+00
3.824813833558813769e+00 6.440464280075902437e+00 -4.746010102819975263e-01 7.878621566091201345e+00
4.872438301046747355e+00 7.472738072058948688e+00 -1.797437213204655437e+00 1.125540914770342127e+01
-6.482994577149914228e+00 -7.683248767677189228e+00 -1.726586737077969724e+00 2.123025357178697892e+00
9.141055799722710873e+00 -4.203519482836926002e+00 -6.165509613060065064e+00 -3.535976141774363146e+00
7.621336512088214832e+00 -6.673740973998451231e+00 -9.207310348153352919e+00 6.147664927567335624e+00
4.572272942943712337e+00 9.367794340241974993e+00 -4.504150678469689417e+00 -5.362603714475606687e-01
-5.204696837581227697e+00 -2.469412871737689308e+00 1.173932691159026476e+01 7.928784916544463712e+00
6.983466342178091146e+00 9.001544106632760389e+00 -8.276536429242886683e+00 -6.270497117538790022e+00
6.369010097968019757e+00 -5.693755501720808354e+00 -9.634236011702341784e+00 7.911849362922044548e+00
6.577691644453347308e+00 -6.195196485679783649e+00 -1.076526158180104886e+01 6.913109815585193552e+00
-1.681937643822557504e+00 -8.472772923998803662e-01 6.551664539944979104e+00 6.095764822717279152e+00
3.770758744563398768e+00 -5.767429341608149684e+00 -2.025064471780926301e-01 5.196182779436699484e+00
-6.737530719066238127e+00 -5.238619980835641066e+00 8.858021656857278714e+00 6.257176417538524049e+00
-8.338497134882075557e+00 -7.281282641261377364e+00 -3.077391136473052402e+00 9.483911099406119760e+00
5.726115066814355892e+00 -3.971183405112606479e+00 3.570989174119686971e-01 8.070357348082314530e+00
-2.909486193555413713e+00 2.079520109226852043e+00 6.934593743135965660e+00 3.457087273037506292e-01
-5.610805465813372805e+00 -4.366641708912820441e+00 9.745714483274127815e+00 5.838394063615706564e+00
4.430817669493269051e+00 -3.794321046851119039e+00 -2.691657148781876341e-01 5.346809489638483015e+00
2.998131074764982085e+00 -6.389107001392382301e+00 9.240150343092471630e+00 -1.510044176350711531e+00
5.732642943787132239e+00 -4.471148842987505034e+00 -8.105638835591477687e+00 6.697272230031875218e+00
3.553079102610292139e+00 -7.742291213339123956e+00 8.139178954565290169e+00 -1.167958217763512607e+00
-5.830466771655446578e+00 4.108835209321600956e+00 7.040175130622650101e+00 2.849566036676478564e+00
7.837722121272125975e-01 -8.820563960227472577e+00 8.635896904970408627e+00 -2.667747330748268642e+00
5.303428117539979780e+00 9.203932696433536620e+00 -8.633141994922553408e+00 -4.316827332793287120e+00
7.124328320642569601e+00 -6.421599543784848763e+00 -8.070251640500915258e+00 6.356588684370715114e+00
6.507772902110915858e+00 -6.740362221678868337e+00 -9.534856297508490286e+00 7.472964639097900097e+00
-3.369715024567260464e+00 3.354997933880413008e+00 6.251796177335637417e+00 -2.113091383032983384e-01
-5.544685415158951081e+00 -5.071883425956578151e+00 9.457125514489643336e+00 6.542411232830466439e+00
-7.084064605924053737e+00 -3.772896190743909806e+00 -8.234906992806716453e-01 4.468674012364263426e+00
-2.738904837694233763e+00 4.698909894068371784e+00 6.835043434692055442e+00 2.027697559507553038e+00
4.334434249440800579e-01 6.472356308778681733e-03 8.722578518091237854e+00 9.299741004052899385e+00
4.834656418155630853e+00 -6.213032852272593054e+00 -8.803367553956560343e+00 7.208359607371667366e+00
-8.461466671211654855e+00 -4.685639848725173806e+00 -3.188082593716486723e+00 8.610296497518918457e+00
2.121749356883603443e+00 5.666790840826201325e+00 -1.014512003378249005e+01 1.977869757297831654e+00
9.649460185247811239e+00 6.996333361640442838e+00 -3.384284290985014598e-01 2.358285463565042317e+00
5.996082073637514220e+00 -3.309837439043473051e+00 -2.309838482109749958e+00 8.110500143888343061e+00
6.724630091929851616e+00 6.129534971812286237e+00 -8.361419025281224826e-02 -3.245140207996094706e+00
2.864324032410630494e+00 -9.169121310869321917e+00 8.909595052804469617e+00 3.580621174733114032e+00
-5.842449968046469877e+00 2.290360649668039095e+00 4.117425341656167248e+00 4.875602663433409312e-01
3.187686302930837989e+00 -7.200964820180621118e+00 9.863280331310249949e+00 1.145411760136755275e+00
7.419128958294231246e+00 -3.627453978611802743e+00 -7.844590601836596733e+00 -5.365801513347330243e+00
-3.434449983377702575e-01 1.830905980304168512e+00 4.938316398119404482e+00 7.260929577265811119e+00
7.407927035639009006e+00 -4.963057680926630688e+00 -5.713544624622737267e+00 -3.374114299069480349e+00
9.566208087647215308e+00 6.740990615388508189e+00 2.431016608601640483e-01 1.063440664701190030e+00
-4.834244106196554647e+00 -3.317168300868094555e+00 -1.175038424824012218e+00 5.257538821035361742e+00
1.470500043334565188e+00 -1.011365211336641146e+01 8.998878430815748786e+00 2.452143641640289307e+00
1.975809388589887305e+00 3.919509602433399742e-01 7.791633819556258445e+00 8.538044893723384376e+00
6.069590091488419326e+00 9.464099325532108864e+00 -8.610727778457313519e+00 -5.940069974531235530e+00
-5.951634734091333812e+00 -3.744793136491139762e+00 1.072599360342371710e+01 7.164231162404391284e+00
5.398334418692741110e+00 -8.978152639122287226e+00 9.854634017877350161e+00 -1.303262391103372719e+00
-1.046732810394985336e+00 -4.389232196139059572e-01 6.949991896330660168e+00 4.941731963801267113e+00
-5.051997336940513783e+00 3.757539313086322164e+00 6.855283807717113653e+00 -1.287448351833920812e+00
1.151349505253154781e+01 5.382381666258428510e+00 -6.168224863652979062e-01 5.868293827476095403e-01
3.262056387277158631e+00 -8.591129621122121307e+00 1.067952024553038903e+01 -1.882564413235454648e-01
3.770328153602397592e+00 -9.104365194824053376e+00 1.234069734918971228e+01 4.865963877732871756e-01
8.300101141318346976e+00 -6.896694936139564192e+00 -1.171574528759137479e+01 7.375021853634655677e+00
2.733044266704429681e+00 8.725912213526578753e+00 -9.385275958016690012e-01 1.054377840985287307e+01
1.312437634113014395e+00 4.322015263267348750e+00 -9.909803667996222032e+00 2.880785291109872137e+00
9.237476621508003305e+00 8.225230466254309647e+00 3.033516922663859194e-02 2.554356773176601259e+00
5.733367225564870218e+00 8.698978239307523452e+00 -2.266746944786149243e+00 8.293319025507699394e-01
-5.276956601762910815e+00 2.995244118018420831e+00 6.871318539880641119e+00 3.955118850974294609e-01
7.882932740925236992e+00 7.248978213761906986e+00 -2.909432616678550243e+00 -1.594525880828605580e+00
9.168334303339113589e+00 7.788538518548722145e+00 1.323385700976978496e+00 2.099945109039175417e+00
-8.584816390621179849e+00 -4.489395944724701160e+00 -4.234106833461740216e+00 9.937951944647153368e+00
9.275503567533339933e+00 -2.426228542218107798e+00 -5.946558976552019260e+00 -1.590191797160792397e+00
3.252838928268904084e+00 6.494297920283581327e+00 -1.010018598761513120e+00 9.662457357119167867e+00
6.997712417842177679e+00 6.878205149638402460e+00 2.500856372513014847e+00 -4.808077252346349084e+00
8.598791181487257518e+00 -4.631135101914879648e+00 -5.258346532022855513e+00 -2.201778491410544270e+00
3.770106157015312043e+00 6.569912029997998282e+00 -1.954623123400933249e+00 1.035192218447901524e+01
7.849367950709590147e+00 -3.989967785944645406e+00 -6.352184254172508204e+00 -1.727643841437527472e+00
-3.772507334855029981e+00 4.024567065797390875e+00 6.267457984369830370e+00 1.147415871959961198e+00
8.435547705653764439e+00 -6.741700479549932012e+00 -1.188024201105314859e+01 5.790508514655895667e+00
8.406575846447385203e+00 5.357113194314620408e+00 7.258978819145165406e-01 -2.649345477565165474e+00
-4.400694779378998334e+00 3.151450538085674768e+00 5.896299193823343998e+00 -5.441909276533282158e-01
2.187858991364977967e+00 5.309867144756815982e+00 -9.604912791315127762e+00 3.956879876983343980e+00
6.270247859623932385e+00 -1.057034542676682287e+00 -1.170896320531097379e-01 4.620900492215429978e+00
-3.849194384632750321e-01 -2.210909613332608659e-01 7.083740447076185553e+00 8.584258620617053026e+00
4.497505918767412680e+00 6.453268312420773256e+00 1.763571546234828258e+00 -2.570085431384812935e+00
-7.750809354960754405e+00 -6.381485303282124377e+00 -3.234538715301893852e+00 4.745422261339324876e+00
2.934675850045103118e+00 4.681526691121836059e+00 -1.083226062410218304e+01 5.135677791157506888e+00
6.037920704334510447e+00 -6.573051971397947391e+00 -1.017589335453107680e+01 6.333723819712162140e+00
8.684140444186603247e+00 -6.533637073542202245e+00 -9.764464494987736387e+00 6.711886389959079935e+00
8.855758519315804378e+00 7.596751231138733296e+00 -1.685004088747676265e+00 -8.419573792835352011e-01
6.058040760752197329e+00 8.862165075349002663e+00 -3.842947395152058743e+00 -1.912509617061880274e+00
8.861755328709408630e+00 7.673778055573110102e+00 -8.675166881580867795e+00 -4.573927601153500611e+00
2.852733247279525486e+00 -8.819720831272796602e+00 1.054570570989707967e+01 -3.185055235791254269e+00
-5.112054035657946471e+00 -5.009417751520341078e+00 8.008612663895613437e+00 7.954349306342657577e+00
-5.617400253719770475e+00 4.325382592430031536e-01 6.227389758602283720e+00 3.155631437184224453e+00
1.562875883788763964e+00 7.017051284074829809e+00 -9.926199100466506664e+00 5.146880378803464495e+00
-7.063429831844167950e+00 -6.092826463674597903e+00 -1.493563857946242024e+00 3.941346800052427213e+00
1.054032888163466808e+01 5.249743481873274220e+00 8.969715465701466606e-01 2.952433608663435294e+00
5.914080884956959494e+00 5.958316430177562850e+00 -1.444394731479961891e+00 1.023390770148068540e+01
-2.821771166216907822e+00 3.155224714777040251e+00 7.653027409616567134e+00 6.519022038505821737e-01
-5.147215404333278510e-01 1.431855027529238322e+00 7.596612293101064672e+00 8.582552561831377602e+00
5.479664404262183375e+00 7.728187094831542758e+00 -1.599697089844007714e+00 9.178071288677385198e+00
9.621430809445872256e-01 -8.581414612976232092e+00 1.039461766161722345e+01 -1.370872610702627004e+00
-5.686524188385783773e+00 6.509174069519916728e+00 9.646904894708494993e+00 -1.365822099852504357e+00
-7.965650408090882983e+00 -4.640713120125711022e+00 7.797678927462763809e+00 5.235332271051793995e+00
6.301446632736982245e+00 6.859482876569019894e+00 -8.381772131603691278e+00 -6.508572308005120988e+00
1.798898456264693024e+00 -6.811682479723200956e+00 9.791590377176396132e+00 -1.021816361481982516e-01
7.610538973579656030e+00 5.165532399092301219e+00 5.732983993544504830e-02 -5.520638348609042012e+00
-7.190178673208854399e+00 -6.792457831929917589e+00 1.526352113860588666e+00 3.192633834532739190e+00
4.250526339332051151e+00 8.345880407740112972e+00 3.294689003636945834e-01 1.065734535701134078e+01
3.855265409844101043e+00 5.932015468014988357e+00 -8.624864207121696325e-02 -2.463329512985680925e+00
-6.833854780986380995e+00 -4.872689007465641708e+00 9.849983625820311062e+00 7.238043650265618467e+00
1.031216337662308025e+00 2.677306297464967066e+00 -6.812577550936003590e+00 4.229962725560673320e+00
1.164862045360375742e+00 6.601748476731327031e+00 -1.064778995495571579e+01 4.914188552255684073e+00
6.515102834619609595e+00 9.122273870293016174e+00 -1.592202762493983625e+00 8.622125062935024342e-01
-5.292435756593553364e+00 1.926895536172348322e+00 8.962631140561081011e+00 9.361717433617966488e-02
6.966611219853858117e+00 -7.001615621018419944e+00 -1.046312938552526361e+01 7.924380386990564240e+00
-4.187281440627873552e-01 1.164284235413487467e-02 6.079501659352873233e+00 6.325726261681726470e+00
-5.678053409454181022e+00 -4.553730194436061751e+00 -1.282782647705899670e+00 4.910091450981080463e+00
7.038020215519453338e+00 -5.358120057984685047e+00 -5.969441868543426288e+00 -5.522113600968866720e+00
