7.635564370926290145e+00 -4.853840200450179942e+00 -9.176594356365693983e+00 6.672714114948580466e+00
-8.321506472484394124e+00 -1.684028189765151673e+00 -3.697457853335261113e+00 9.295024122579331305e+00
6.246234977914950193e+00 -3.462933989464490825e+00 -4.171038873445258588e+00 -3.533351169147816773e+00
-5.306643130567335831e+00 3.782879222684107035e+00 5.378731640560745930e+00 -7.022510223926334838e-01
6.000697560628386995e+00 -2.913242663994176418e+00 1.117978522815710196e+00 7.582954343244925788e+00
8.151605331578529956e+00 1.047583200208602605e+01 -3.080250343918913725e+00 6.551356247820161460e-01
7.106863594957590458e+00 -7.522065301829868211e+00 -8.849195385348076925e+00 6.106010438849858168e+00
8.451324831340320642e+00 -4.727904289475562294e+00 -6.215092694269564788e+00 -4.736631436506760551e+00
-5.244183883362387721e-01 1.575868572433220205e+00 7.416765112346610955e+00 5.996317793787282469e+00
6.743964366346267170e+00 8.744226352519772760e+00 -8.479676863330270820e+00 -5.264381011705952851e+00
3.542731082375057738e+00 4.957134853031761601e+00 -9.716832995373703596e+00 4.102963325097006120e+00
8.037777295595555316e+00 1.094180043928169965e+01 -8.405870296890817883e+00 -6.018169243670314472e+00
7.397994610141026328e+00 8.320885506733326054e+00 -8.309575558008260643e+00 -5.729093311482117201e+00
3.634779712405456387e+00 -6.820481231457782734e+00 1.032707405731500927e+01 -3.268725140312910282e-01
5.517830253934659979e+00 -7.892222345192442035e+00 1.001546036370577397e+01 3.985939650522129618e+00
1.783879895764605816e+00 4.871686669469464270e+00 -1.009933376851795828e+01 5.169054341630545224e+00
8.306803384113408129e+00 -3.450322691529305708e+00 -5.728179421920071235e+00 -3.173246504377404520e+00
6.181752139048840355e+00 -4.661426037626038799e+00 -6.015606082348551986e+00 -4.013214815950018277e+00
7.094606810225471349e+00 -3.660782613214211167e+00 -4.917652481841797929e+00 -3.242526508798746487e+00
7.030981511532736761e+00 -6.266291516743280887e+00 -8.777853651630321608e+00 7.098034209128021743e+00
-8.123502912185170288e+00 -7.038943103199091667e+00 -3.729018352825533178e+00 9.118458994371662740e+00
2.970399516891936820e+00 7.651304949373821884e+00 -1.055691501640067287e+01 3.326785977213626122e+00
-4.674592053708819250e+00 1.711560249331835371e+00 4.331220139782184120e+00 -9.834100425685987634e-02
-6.001711820128230457e+00 -3.617328746176681875e+00 8.959552205456420282e+00 6.926938270581404211e+00
-6.909967851926150928e+00 -7.298108781476587481e+00 -7.147156665081684235e-01 3.758343868576253133e+00
4.472801700523583612e+00 -7.544336708740789099e+00 8.637329864461356976e+00 -2.552865981339116797e+00
5.925378797464091463e+00 9.017687764782131410e+00 -8.530973203176102970e+00 -1.755964113373998714e+00
6.138834456336163647e+00 -4.250819057978183935e+00 -2.784157656893311295e-01 6.505310283359983181e+00
-6.872668930083395189e+00 -3.346664429644144789e+00 7.635573762869720227e+00 9.803039636505658905e+00
-7.354329783367527185e+00 -4.312176084186164715e+00 -2.653242862252353174e+00 1.018688401024843060e+01
9.985206370206224591e+00 6.148934649151573062e+00 8.189689348304973748e-01 7.407494732418442585e-01
7.219745337841915855e+00 6.366109459895063161e+00 -5.039936907372044139e+00 -6.281105360586003883e+00
7.501287566440614896e+00 5.481432311272673275e+00 8.829480658001328530e-01 2.412383881525760110e+00
-4.541063554667828406e+00 4.665498349008978529e+00 8.981800662976102245e+00 -1.320588412104495291e+00
3.146415677667790511e+00 6.624907663170488625e+00 -1.471721788066548520e+00 9.040762965898558434e+00
9.918597696434893862e+00 7.476604512696980009e+00 -1.712109391028785454e-01 1.666009027003646281e+00
4.842379929210487433e+00 9.166161789070541133e+00 -1.180301688798978432e+01 -5.233278090689752915e+00
8.338697777043357462e+00 -2.605681763708141307e+00 -4.867505646091405680e+00 -1.650711020218321057e+00
8.297775630630515042e-01 -1.186053151289511165e-01 6.593215790341767857e+00 4.802632054036351406e+00
1.072348219135359493e+00 5.404689572774309170e+00 -1.017109151018952673e+01 5.136500792630753764e+00
-6.634244254911847882e+00 -9.643485842676627229e+00 1.941436523256112046e-01 5.637532123760371938e+00
5.950047068889810831e+00 -4.419796445233842519e+00 -6.160766474748937682e-01 6.895583537509238248e+00
5.412245134701493932e+00 -4.581614510541016649e-01 -4.999042903845307695e-01 8.107292885599068910e+00
-6.344187995436381122e+00 4.324335450058132579e+00 5.635661073305069380e+00 7.985504864199235442e-01
1.057483905782149769e+01 4.205613906157689819e+00 2.548486782745684742e-01 4.093980924582605319e+00
1.043915287252151458e+01 6.693298744609069040e+00 -2.770976904425918041e-01 7.151986965233891880e-01
6.676445104172978873e+00 -6.093460676795610098e+00 -7.232861823134938639e+00 6.101812333805899158e+00
-6.672931762121656618e+00 -3.343138658103554484e+00 1.009801930708300333e+01 6.848302676442298953e+00
4.426114803417840804e+00 7.992272682809150375e+00 -2.297349165635105273e+00 5.243799903928492157e-01
8.985135555305177046e-01 5.344210827914841033e+00 -1.024995430453585854e+01 3.488457649618796008e+00
9.803604234519310623e+00 7.622228250542983474e+00 -1.153723171972390826e+00 -3.365429239027084574e-01
-6.938802586985557852e+00 -6.694424210341979098e+00 1.443265450453194765e+00 4.976631437805756342e+00
-7.111976423759057475e+00 -5.618467981598540106e+00 1.035955902573626020e+01 6.639530587496064840e+00
5.501752666893040100e+00 7.536949203236794403e+00 -7.898092267353945317e+00 -7.060387811361984234e+00
6.880504334256823951e-01 -1.029394611507429502e+00 7.034517922287992775e+00 6.868354466874713182e+00
-8.040792349614925172e+00 -3.839811010588056295e+00 1.856683110995589470e+00 4.521939690285019964e+00
3.178379873255888555e+00 -9.120085078138115975e+00 9.876527156392548079e+00 -1.128578399713425218e-01
8.433640655085007154e+00 -7.129626246008986534e+00 -9.408007159404535358e+00 5.976557015943201101e+00
4.964185424273671821e+00 7.560930036238637797e+00 2.020721458003755799e+00 -1.418496602672900453e+00
7.440535387378009347e+00 -5.261324029256406298e+00 -1.058402714230491881e+01 5.832990389263995823e+00
6.909368176709749676e+00 -5.660977728046588275e+00 -9.011514598204939830e+00 6.617894147947689376e+00
6.115241442330149546e+00 -6.086579710107542063e+00 -8.535639757882304224e+00 8.614440667348750580e+00
6.875165879866353968e+00 7.429112414927320884e+00 -9.087675473968406692e+00 -7.123718451665324913e+00
1.541624724540020974e+00 4.886212170908794228e+00 -8.128482261018950439e+00 3.812506928883177437e+00
2.251631240499417430e+00 4.947179805800386632e+00 -7.589073847727137334e+00 3.521000157903478200e+00
3.299776737961078510e+00 7.588596325033925893e+00 -8.728430696488231888e+00 4.419239055994189869e+00
6.966288669585438242e+00 -3.799290325766872201e+00 -6.213190059870030701e+00 -5.031382405638542110e+00
-8.582846961916448691e+00 -3.804381592218071262e+00 -5.746192314719655858e-01 5.859849438248291520e+00
7.933620526995760258e+00 8.854595957370811732e+00 -9.792151592666368032e+00 -5.628389200144045645e+00
-7.645867652529489966e+00 -4.926483063657954631e+00 -3.944726261263307610e+00 1.098456869468882147e+01
6.358349434998770811e+00 -6.321262811311196828e+00 -8.361541788801496011e+00 6.056844808814097370e+00
-2.393371606765858084e-01 -1.668812688119242216e+00 6.495202784216538738e+00 7.713954194428428224e+00
-6.419304315288056895e-01 -2.105747806766169461e+00 9.507078682290801552e+00 7.533636638555550213e+00
9.203022176483161232e+00 4.871724286823993388e+00 -9.935945642067822714e-01 2.320100142865484827e+00
5.592198845951260822e+00 5.745630970895526879e+00 -5.168527387201844014e+00 -1.167060592970477595e+00
1.139310599525255085e+01 4.297607863178592780e+00 -3.110474525899144527e-01 2.581571311738804386e+00
-4.235295103446953924e+00 3.090932284076916670e+00 6.975346839722489811e+00 9.257729951328476092e-01
-1.139047479613874536e+00 5.035585618837356670e+00 -9.008733456836912623e+00 3.330474514436893241e+00
-8.813722605584699110e+00 -4.485692815405778688e+00 -1.416403760254968391e+00 8.191344886717924823e+00
6.136539069283246661e+00 7.637818018826118660e+00 -3.099164317962880055e+00 -4.031735780534577707e-01
4.937866394377927293e+00 1.024219031519602296e+01 -8.969330368057747194e+00 -5.921266677791433786e+00
-1.612056113224707765e+00 6.485388758896252881e+00 -9.657344068454786878e+00 5.438673144355270495e+00
-3.779671420610446919e+00 -4.143119051961685173e+00 1.197875135899541377e+01 7.061619317081731850e+00
2.832472911727705434e+00 -9.277541341254998741e+00 8.997263069399979329e+00 -1.365787373481025968e+00
8.264227381659456029e+00 -6.769569974414162417e+00 -8.533781301486412119e+00 7.571162108346319641e+00
4.559145243712592332e+00 -9.519475466952718179e+00 8.278521629472834320e+00 6.273783408153801311e-01
8.590954673467928515e+00 7.957018040693511374e+00 -7.877081806126057906e+00 -3.704774215132026427e+00
7.031447978796943055e+00 6.541885386488866416e+00 -7.862695702792075636e+00 -4.312040185370307199e+00
-6.043698276872673247e+00 -6.560019392740009891e+00 -2.426942745751961894e+00 4.817988407055334932e+00
8.040357367783371956e+00 -4.767034424705386186e+00 -4.081062105192982514e+00 -4.395214002807756870e+00
6.100501886103102400e+00 4.710225110628611489e+00 -1.113955818649368101e+00 -2.156889543963395717e+00
3.222259280405550541e-01 2.486126443129552666e+00 -9.443034372408984467e+00 4.412294122293944021e+00
1.192424094049551186e+00 4.261433011618095179e+00 -9.152102999934395910e+00 4.466923660238970584e+00
1.597172701428639652e-01 4.394304075583374214e+00 -8.889967376051849612e+00 2.331356914418218906e+00
6.887756756152377591e+00 6.601388016486716026e+00 -1.061260756450795206e+00 1.002063600704038748e+01
6.448411148967599260e+00 -4.335120480355468153e+00 -8.516859600634063554e-02 7.554728379869083632e+00
5.980201878716585595e-01 1.727719233192632320e+00 5.174392216254148913e+00 6.636104980166543932e+00
8.278422917740330789e+00 -1.517535217619664145e+00 -7.983759980130954226e+00 -4.316648945654590896e+00
3.791239654773165491e+00 -2.722896785098679384e+00 3.111115359804548230e+00 6.144922905469027974e+00
7.481995004341317923e+00 -7.807437918075862626e+00 -8.875751307155281822e+00 7.545386589447708126e+00
3.084300503155308348e+00 5.617795148401524941e+00 -1.043163762369433023e+01 5.169367499916194930e+00
2.666786824369378195e+00 -1.036048214048606830e+01 6.052996289730123713e+00 2.033780918733155918e+00
8.001663238348413643e+00 -1.204343376002105837e+00 -5.528559018455498020e+00 -3.049183823716062225e+00
-6.840152590484017914e+00 -2.985761368333357257e+00 9.955033918034876805e+00 7.277429289825358083e+00
3.976016487318762671e+00 4.712355108717547481e+00 1.383789567115346397e+00 9.200488088375706752e+00
2.773181092143159887e+00 -1.003546920703627876e+01 8.587624204048145415e+00 4.511078112299471421e-01
3.641067958762132406e+00 4.771036285672321853e+00 -1.128616370564749172e+00 1.104737018952500449e+01
1.717905331281163184e+00 4.993599799664887762e+00 -9.551180734785049253e+00 6.114161916881366565e+00
-6.209738824221247455e+00 -3.693763148198409674e+00 -4.231827589138158707e+00 1.066320763108483582e+01
3.352861472120549191e+00 -8.763240053434206089e+00 9.427030360679111709e+00 -1.573057624541227772e+00
5.542553586365579932e+00 5.688818254174139000e+00 2.225356393741053207e+00 -2.056522413055269283e+00
6.548097044350886797e+00 6.478258729015929696e+00 -6.552321599131558649e-01 1.348243188299147377e+01
6.337258018321358044e+00 -3.008390644435502637e+00 -6.682863389741704019e+00 -3.012285506732485185e+00
4.673606820550528784e-01 5.874214946501393975e+00 -9.770355920003833461e+00 3.407198362076235831e+00
6.818560080911066024e+00 3.623520526401359021e+00 -1.368014058338759442e+00 9.156549218260652268e+00
-8.449877118047734115e+00 -3.159797293193013168e+00 -7.582440730786037530e-01 3.988497628445190735e+00
8.495824582092909694e+00 9.686489522283309839e+00 -4.225084348696984016e+00 -3.277408060451977301e-01
5.116849304943857923e-01 -2.905796682246780449e+00 6.667873266875191440e+00 5.108785140580163642e+00
7.520922481142611637e+00 9.921749360030933218e+00 -8.526672844728320655e+00 -5.715536149641426533e+00
3.736140608440806865e+00 -6.398592648508254044e+00 8.136300884606127326e+00 5.424163514249882856e-02
1.650597771076683262e+00 6.611604557958067119e+00 -1.030341181747369994e+01 2.227182078741343219e+00
9.549685814308643828e+00 -2.885493038683962119e+00 -4.910918727811764306e+00 -3.793629481273963044e+00
2.674120612010989717e+00 3.924858399528442732e+00 -1.096569716014636064e+01 5.476327252710628812e+00
-7.533920074727831206e+00 -4.834445588174195230e+00 -4.161848757373459051e+00 9.759734736822279544e+00
-8.686647778253606234e+00 -7.137699244986468017e+00 -3.043734630707105815e+00 1.183412133743634342e+01
4.846248351149785805e+00 7.603508695256286920e+00 -8.045658786719529942e+00 -4.332574484391905401e+00
7.141958777108465384e+00 -4.336818918536705425e+00 5.493453670862413762e-01 7.670123612024270621e+00
-4.985373290348256603e+00 2.652363135794207238e+00 9.189946675025561618e+00 2.355398331677233337e+00
4.216779870819967968e+00 -2.752495782282002867e+00 9.865478690415535601e-01 1.069454069233301752e+01
5.932746099825857655e+00 8.558719867008113269e+00 -6.409802006373494621e+00 -4.970461090603029319e+00
-7.932396223597161011e+00 -6.698139068758204751e+00 -3.505894410191842780e+00 1.128481729301718062e+01
5.577999976413710925e+00 -2.724241362682835010e+00 -2.007091855230882516e-01 4.786626747843435226e+00
7.573987767314742214e+00 -4.920550842327713781e+00 -8.398574476889121954e+00 6.518025053527936485e+00
5.183098980688995105e+00 6.553350392946161840e+00 -1.038534953055621024e+01 4.511662272794341177e+00
-7.204382076224207232e+00 -5.008101271921407083e+00 2.981939680784864155e-01 4.602173526728711828e+00
5.507143911637051303e+00 -6.740486511807537440e+00 -7.978962407908912979e+00 5.917112377993952954e+00
8.800898326737030430e+00 9.157931595056171048e+00 -7.839526550162799978e+00 -5.326697485809754440e+00
1.631892472815999806e+00 5.234059720165272545e+00 -9.196568796647332178e+00 2.024500069371264921e+00
-7.966812709444202056e+00 -6.607870864221830232e+00 -2.290608291019679221e+00 9.185526549000485375e+00
-6.415804917513789007e+00 -3.433226406289911825e+00 9.587913431389210928e+00 7.552887738473920365e+00
7.234694715273539245e+00 -4.625836680299365788e+00 2.380741828903297996e+00 9.503618238157494957e+00
-9.101457682944870342e+00 -5.385920965347617440e+00 -5.710120526275110464e+00 9.788995505904951600e+00
2.022452202454611658e+00 5.884807477040407520e+00 -9.788881614486365734e+00 4.932696588420055761e+00
1.823092730181727683e+00 3.511122052798146598e+00 -8.632451356470408399e+00 5.011444068378377636e+00
9.201251542765955804e+00 5.012719594807665047e+00 4.114712534699717650e-01 1.615282542349431028e+00
-9.333422924405091692e+00 -4.829842802642413169e+00 -2.462332757828295193e+00 1.058813713889719210e+01
5.720639057057018917e+00 3.050745006967257034e-01 1.147785049328761797e+00 9.025291822751299264e+00
-5.653924962884929961e+00 -5.050255666435364610e+00 4.396817986853057691e-02 5.142631110237027237e+00
-8.219143341783460954e+00 -4.699127734615816898e+00 -2.390793003765616653e+00 9.129202243696605379e+00
7.142415647354760644e-02 -1.904236181090077862e+00 8.398819442004976210e+00 7.614220149718184061e+00
5.374341903487243499e+00 8.308568364713019960e+00 -9.369281592287206806e+00 -5.680456253487927931e+00
-5.700098917092877748e+00 -4.013394833223240532e+00 8.823908860044417324e+00 5.909097429831474457e+00
1.136911126316005927e+01 6.420723723143658468e+00 -6.019522458354632510e-01 3.819750464878550744e+00
6.706387283058065307e+00 9.000088875671435673e+00 -4.889442331849615186e+00 -9.344419568702386769e-01
5.063842064384703079e+00 6.220728037858895831e+00 -9.892989470608187785e-01 1.208630437140302227e+01
-5.330843243768956796e+00 2.735541115858347361e+00 6.407252927622532290e+00 -2.944398796907727878e-01
4.547972236633981424e+00 4.407466486222223701e+00 -1.027678661594069709e+01 4.451498759067852973e+00
-1.009441014640131939e+01 -3.005849323625595204e+00 1.187254828508688220e+01 7.424252753959304840e+00
8.024083849061035778e+00 -1.310486527282147096e+00 -6.519716651473804525e+00 -6.034919031811544876e+00
-7.543241473107907602e+00 -6.373487829858039078e+00 -1.076943261373783933e+00 3.175883244140703887e+00
-6.035043135667885750e+00 -5.911503921561942931e+00 -2.203530565648630812e+00 9.402146755595378380e+00
-6.794622153929749331e+00 -6.311144408945751572e+00 -4.077340102635544028e+00 8.601494897342350399e+00
-6.678493676902839127e+00 1.473639076479525523e+00 8.096482029780723622e+00 -6.014612819196321070e-01
-4.098122400448241720e+00 2.607244802912846104e+00 6.708762007256535043e+00 1.988205248480426679e+00
6.881280907380157075e+00 7.003479671496805281e+00 -5.700403966562229030e+00 -5.354880272030126065e+00
5.700090248476412214e+00 -2.332889753121157206e+00 3.862871890785271045e-01 6.830938193428975680e+00
6.910239645396429431e+00 8.747571270535273058e+00 -9.721808360399192495e+00 -5.893845647414950761e+00
4.196801490386855349e+00 6.781860987646487260e+00 -8.265972840800798194e-01 9.774203405528551158e+00
8.373330022093214975e-01 2.063469601510336648e+00 6.358399219151031900e+00 6.825957601858878121e+00
7.131178863269632906e+00 -5.361119480539761284e+00 -1.011659195823131618e+01 6.477881044558771784e+00
-5.069390970039930444e+00 -4.869918594896002872e+00 8.507725096767940087e+00 6.857170707831849121e+00
4.573650027103490778e+00 7.126081753964575327e+00 -1.485102540820182337e-02 1.306080930139387597e+01
7.704542646959118279e+00 -5.009837186174181944e+00 -5.942138781812729142e+00 -3.656562699116296944e+00
-6.637984636474596467e-01 -3.740700991626443872e-01 6.646158623352170558e+00 7.305381092969168044e+00
9.424021244663974173e+00 7.031620671804129863e+00 3.883375496120180514e-01 9.182613698592371199e-01
5.176081056148454707e+00 -7.616051758602294441e+00 -9.484217645659084539e+00 9.414975787161418808e+00
7.336577444365675049e-01 -1.127036897189858333e+00 8.195971466342029998e+00 7.721874178678644896e+00
4.228149823110777028e+00 5.082123250060663899e+00 -1.377770104226454961e+00 9.857140189122725715e+00
5.471543238379457108e+00 6.483519541530089469e+00 -8.433347651621978969e+00 -6.784230806686133874e+00
9.171252035555667703e+00 9.888218130312946386e+00 -8.862709769584096620e+00 -7.296218847937365304e+00
1.150013228281970967e+01 5.960231957107913203e+00 -1.056972305841726190e+00 2.983718474090266248e+00
7.536306859386772139e+00 1.021429866020554300e+01 -3.454410469800791361e+00 -8.514310423458064658e-01
7.332732054313455095e+00 -6.857930519103861755e+00 -1.131943873812627999e+01 8.522164001504140884e+00
4.408731570552857804e+00 7.412709875386729763e+00 -3.382132554163868043e+00 -1.650739922179073504e+00
-3.490551345364404590e+00 3.042235668137491800e+00 8.771178564809718026e+00 -2.131142416365789050e+00
6.006481396286472041e+00 5.358798944193412517e+00 -1.308301686335200609e+00 1.193876423699344436e+01
-5.059424387792895494e+00 -5.365512037429931880e+00 1.018865496709005569e+01 9.972558865432908703e+00
2.748502421970019371e-01 -2.602658863308833226e+00 5.691017787752230994e+00 6.758438403894124313e+00
-7.370477064488851759e+00 -6.744574688952727826e+00 -2.312333222876559624e+00 9.451468728544076825e+00
1.034109672586081174e+01 -4.774748118850499878e+00 -6.041528798319231619e+00 -3.633765466741313066e+00
7.432201381844909527e+00 -3.365124135751692780e+00 -1.285176614761587066e+00 7.720390690814512347e+00
-8.630008292705568351e+00 -4.894863755138244343e+00 -9.158044451123190655e-01 9.766286840005731662e+00
-5.867966241663372884e+00 -6.540489871034505853e+00 3.055727120839001748e-02 1.689756741917169958e+00
8.145685558818358984e+00 9.549499878841832157e+00 -8.509356995093611431e+00 -4.975953438253236882e+00
-1.707730643598840858e+00 -1.241742575873206800e+00 7.663532176070047441e+00 8.214658810391551214e+00
-7.481146750618691499e+00 -5.214354047184486696e+00 5.927179462332671234e-01 4.671936450871851498e+00
7.335874828572067408e+00 -3.073612695731715139e+00 8.874345231736203710e-01 8.431806989403717978e+00
5.101417265206170448e+00 6.222085407084988695e+00 1.572164486723644838e+00 -1.858676402825368168e+00
8.684315252599676072e+00 -4.735667667458312025e+00 -7.518745286203366796e+00 -2.739576847834173101e+00
1.147256717142993487e+01 8.248057138871361715e+00 1.648500296398587750e+00 6.342680619727241176e-01
-4.924208105588902207e+00 3.571142937082536939e+00 6.463563143790062249e+00 3.728505333005798228e+00
-8.743022756255140138e+00 -5.604418910725040170e+00 4.415676679928962067e-01 5.209839834006158910e+00
8.192556269910614475e+00 1.011822895403296840e+01 -4.327454034478899203e+00 -3.798086868235595492e+00
-8.639263436172283761e+00 -5.983961968687816935e+00 -3.052318726880673960e-01 4.618844930921609304e+00
-7.135447963181922759e+00 -5.297315643107776140e+00 1.913934381695352238e+00 6.427271971583431664e+00
6.440430879259442243e+00 9.005807103693019400e+00 -7.279150687005003562e+00 -6.474004221968459483e+00
-6.292022054315117074e+00 -3.521130645546454385e+00 1.005864399816934984e+01 4.662979752847732584e+00
3.898637779695217631e+00 5.324815916817507322e+00 -2.019412906574558075e-02 8.783972647154129731e+00
6.307525914288409918e-01 4.389818989397166860e+00 -1.019380685071555348e+01 3.331818306979247080e+00
-5.708859531204662829e+00 1.760087377559228061e+00 9.015443559508810267e+00 1.182252964718669030e+00
2.615527057927466981e+00 8.315215142911480228e+00 -2.419281702485843510e+00 9.498952576340894183e+00
5.372685737511565307e+00 7.759000308891680575e+00 1.357290711251952331e+00 -2.758014007811407708e+00
-7.348996626666256304e+00 -3.384591611115925769e+00 8.833227849722122826e+00 8.083098543494372734e+00
-7.348545709424815442e+00 -7.336051054705889918e+00 1.271679853111910452e+00 4.314992069219356630e+00
1.771845854337452453e+00 5.757638128742508243e+00 -9.049575764033768621e+00 6.416784574113369999e+00
-5.934787140910667169e+00 -3.820026863622569824e+00 9.639249194082006866e+00 7.683768573057364826e+00
-2.148808739993104400e+00 2.967194247190300338e+00 3.089454059333597957e+00 2.123219087736785582e+00
7.962398220642658231e+00 -6.179020412239963456e+00 -1.007377044003196609e+01 6.027140092072453825e+00
5.791335334485657960e+00 -3.719362424130582934e+00 -6.619058776189547189e+00 -4.990775392913953112e+00
-1.012321666975617873e+00 -1.618690014753897621e+00 7.381900017802331959e+00 8.611049723071809936e+00
6.757349678483559607e+00 8.103873183887410292e+00 -9.328835872518848049e+00 -7.457573319360440323e+00
-1.653566031888517585e-02 -7.995172426882157790e-02 6.679602572111970282e+00 5.863857822818184573e+00
-7.330003001543866858e+00 -6.484276843563912429e+00 -2.977918365792329713e-01 3.745756963070571821e+00
-2.751319417302566794e+00 5.073132134146580707e-01 6.838674951476747310e+00 4.908369887680333221e+00
7.454765789772374696e+00 -1.502698670997877572e+00 2.494450622039476873e+00 8.345769820310565024e+00
5.881597783719461958e+00 4.961072250601889166e+00 -4.019834726883062537e-01 -1.172671577771190243e+00
4.748203481499531975e+00 3.166684722700209065e+00 -1.036737350322449203e+01 3.020356165147075167e+00
-4.644723736324027463e+00 4.346362742461787221e+00 8.093823509788443005e+00 -1.132682038228026711e-01
-9.045962677634033611e+00 -4.978747523808968012e+00 -5.144877624545252992e+00 9.849273197891417198e+00
8.237840039352068544e+00 1.004427508032218697e+01 -1.105561313026411252e+00 -4.629070681412091881e-01
8.838597243973620454e-01 -4.581959154952317537e-01 7.407547865428761646e+00 7.871467474069343773e+00
-7.078504622804233648e+00 -4.396195987351335432e+00 -2.169541212484342285e+00 1.093870811501497187e+01
4.222389739222165872e+00 6.544450834478245937e+00 -8.238034115332411034e-01 1.017742373818150625e+01
6.841677409331764714e+00 -3.998944099674472952e-01 -7.902121470424823269e-01 1.038342404291264032e+01
6.329280773057867293e+00 7.880107531780080166e+00 -6.580981228679249284e+00 -6.242566074106624008e+00
6.240676044749719154e+00 7.414134230874589448e+00 -6.285495296075092497e+00 1.982068940692911507e-01
9.004000298349671638e+00 -5.279760391008725406e+00 -4.799372134890644404e+00 -3.551493769176850002e+00
3.705238350525213775e+00 -8.108741672363656505e+00 1.008695684022018924e+01 -1.888973590203306685e-01
2.532945239864830445e+00 6.373238405463593104e+00 -9.260690402476150496e-01 -5.533148642175609311e-01
7.863513281268308397e-01 -7.074337568920737951e+00 8.154694302206124235e+00 -1.895708230203569489e+00
8.121217980636220801e+00 -6.036038167611960326e+00 -8.770958974728376489e+00 7.073712271645997696e+00
6.954589620700311059e+00 1.048431830148595445e+01 -2.709821031498099941e+00 8.256094904400965717e-01
6.364335698861111723e+00 -2.308372952826421187e+00 -6.939631391395362670e+00 -3.940275547470398987e+00
-2.249389660415005210e+00 -2.317709121051667875e-01 1.048556021122705673e+01 7.106881355044690096e+00
1.040030550358108741e+01 6.918534014563577195e+00 -8.920429602114015033e-01 9.060890410643782644e-01
5.622773635239060042e+00 7.454671179646142676e+00 -6.967483345484508206e+00 -6.157676862139692453e+00
4.019703473035532326e+00 -1.205366796698633536e+01 8.924898861342393630e+00 -1.724662867450211579e+00
7.906160225265800534e+00 -3.128452120401658210e+00 -6.285097156398587792e+00 -4.079563460902437377e+00
3.189288829359018695e+00 6.688262732260307430e+00 -7.861229302880280656e+00 7.654008178968405574e+00
-5.762374231099391508e+00 -6.141734578684761026e+00 9.095417146523907093e+00 7.304072019777324343e+00
8.644408825929035700e+00 6.191834733881004027e+00 -1.779380845812126299e-01 -3.009286459055056095e+00
4.636524564474370003e+00 5.577462336565250922e+00 2.908905900756984853e+00 -2.541059323571348560e+00
-1.144546258059896404e+00 -3.048943823851364421e-01 9.115508607366873406e+00 9.726673534604321603e+00
5.480163006241342671e+00 4.837036421392630459e+00 -1.982668793443334021e+00 1.259548638141167309e+01
5.865885435550810101e+00 6.325094290197118774e+00 1.377045916179592489e+00 -3.299642308788039990e+00
-5.082107477546909280e+00 3.460497136827088038e+00 7.388837850009009500e+00 1.408567593791628436e+00
-4.764865146643289862e+00 3.235114249429742461e+00 9.041601619507565246e+00 -2.575991026268872552e+00
-8.975782430556813907e+00 -3.472897408998726121e+00 -4.623394721552019249e+00 8.360087774666485672e+00
4.038385440091769141e+00 6.267958026083774392e+00 -8.192989818724498718e+00 6.179392454374630361e+00
8.025107859246213948e+00 -6.778047191804699168e+00 -9.304148675705686600e+00 6.301063898673124442e+00
1.030917263469439327e+01 5.982115094509024900e+00 1.301185591381015527e+00 8.424999687675982507e-01
7.403570181011811080e+00 5.312162074314684901e+00 -1.021952144505555715e+01 -5.942875071114028351e+00
-5.673109035584141147e+00 -3.675086698712344280e+00 -4.521689499634975462e+00 8.838573962686483654e+00
1.089053929837549006e+01 6.971851778824782464e+00 -1.202519458024943422e+00 2.020428803902387660e+00
5.706592421979234331e+00 6.944339941346006739e+00 6.452616495122451834e-01 1.182288041510944865e+01
8.098768510445552238e+00 4.803439220092133866e+00 -9.077206060583861813e+00 -5.095607653465767939e+00
3.429011350036718309e+00 8.924780952478347018e+00 -5.996509982575631170e+00 -7.662122136155064211e+00
6.409010134089990984e+00 7.065595691710316650e+00 3.581866180964637936e-01 -8.055931969376790569e-01
5.446607564626938291e+00 9.461809153621235424e+00 -1.117365957828882905e+01 -5.322981594568233277e+00
8.761417765611419384e+00 -3.215204240836936567e+00 -6.585002823990790510e+00 -2.460251894901321457e+00
4.703300998281498835e+00 2.697729679194695862e+00 4.475727093891949671e-01 -2.497280353140373332e+00
-3.061087295220009885e+00 1.027401141576711030e+00 8.411041498791000492e+00 -1.905615253264791864e-01
-9.101069293570544616e+00 -7.207399204871473231e+00 -2.029964515964507221e+00 1.028468356505463355e+01
7.085155453653741997e-01 5.902041541468058483e+00 -9.399501115943571961e+00 4.650331648047616007e+00
4.226386210446314351e+00 -1.099501956949394277e+01 1.003778597281201712e+01 -4.701527751193842475e-01
7.169969710091137927e+00 -4.487877790693807434e+00 -6.782268561987207178e+00 -1.159789681078446044e+00
7.236816464154485207e-01 4.982105599645950456e+00 -1.015327229428744538e+01 5.275207736163283201e+00
8.011613142202232751e+00 -4.275503266084230702e+00 -5.309096029148996365e+00 -5.459046729421716648e+00
3.161488124783843556e+00 -1.012717617107470325e+01 7.347644753998868516e+00 2.510874880463579206e+00
-5.683026013341257787e+00 -5.654750424882386106e+00 5.350742405493495724e-02 2.648041286679504225e+00
4.868377805732610142e+00 5.935661035678692521e+00 -9.933778129833063630e+00 4.737760383777406936e+00
-7.824507245780183418e+00 -5.355383343023266463e+00 -4.195783813805191720e-01 1.003903106068711182e+01
1.075515305207478178e+01 7.224041891202397814e+00 -8.357416453726747019e-01 3.316873903598913653e-01
3.675750093655376638e+00 -8.712210759339621191e+00 8.538525164154451730e+00 2.868154690884009650e+00
7.118489396604468666e+00 -6.433847350541978649e+00 -8.889442195348937759e+00 5.472541767413703795e+00
6.171574827868171909e+00 6.527499813640933013e+00 -2.295386834461411674e+00 -3.906474589508246886e+00
3.623170800860527230e+00 5.603647906556022740e+00 -9.844480465491807664e+00 3.105090718002241346e+00
7.004398261038791595e+00 8.794485770271807112e+00 -4.140722601222361909e+00 -7.762616840607388102e-01
1.104354269801504351e+01 6.385542074874170027e+00 -2.904665339845886596e+00 2.837751377223444393e+00
6.313992942470308734e+00 8.408819994425222433e+00 -4.684208728199848792e+00 -1.156126448215027747e+00
6.212679304661877566e+00 7.291247673596888745e+00 -1.037020889965701720e+01 -5.863217302576105183e+00
1.018709627688757280e+01 -5.174017219967238290e+00 -8.156175687500439864e+00 -3.110997481326596148e+00
7.597319322838398392e+00 7.108763745250499255e+00 2.047203899827465534e-02 -4.282566631106408117e+00
3.089905285183442096e+00 3.105120397995767778e+00 -1.018893045579586421e+01 4.528731334786385787e+00
6.473390304838641640e+00 -4.448542607296444906e+00 7.333396285046325236e-01 7.480309600432470063e+00
-8.931693459033679616e+00 -4.564171913687688154e+00 -3.165888714797317594e+00 1.173692193721040411e+01
7.354831085997481921e+00 7.436523908974037589e+00 -7.540099562679884571e+00 -8.569351699789585552e+00
7.322955655113269735e+00 8.115576750349278612e+00 -4.266764047509575164e+00 -9.095633798117634949e-01
8.377412500479483271e+00 6.920872938871903024e+00 -9.214654936256145845e+00 -7.012126751821587511e+00
6.661754420233114260e+00 6.278200067706313448e+00 -8.122770526631688526e+00 -5.227708485975763431e+00
-6.742860905776840497e+00 -5.681039004163669581e+00 -4.114517995686439278e+00 1.053200351831914361e+01
-5.956831932401058793e+00 -3.742531946189529446e+00 -4.848412369569723990e-01 5.338521424175393548e+00
6.384581266015805667e+00 6.703124250297302744e+00 -3.154654992255907509e+00 -4.152548504137328678e+00
8.266644223184718143e+00 -2.878085305339076694e+00 -8.977583818318803921e+00 -2.064135063595432307e+00
5.091321087689035352e+00 5.466178528931593839e+00 1.457533419393015617e+00 1.095307918093701538e+01
7.008906147382050200e+00 9.027699581770537662e+00 -3.745576802031240771e+00 -2.635677048245478327e-01
5.010713671640298017e+00 -1.695340938449018342e+00 1.696936293316276378e+00 6.763941636541783708e+00
5.381950320609822924e+00 1.136081031386550677e+01 -3.637917595605798748e+00 -1.057638441098398774e+00
1.033746196955631724e+01 8.300495262240881189e+00 1.211290822366929198e+00 4.012657909069003992e-01
4.705036608244257401e+00 5.549237292243968334e+00 5.709974612462842547e-01 9.725324841999714920e+00
6.473896252821928599e+00 -3.177879949883572142e+00 -7.872230344376973665e-01 9.288341861745673000e+00
5.818395309120815817e+00 2.201376981584489023e+00 -2.265176849147847449e+00 1.134230358614739842e+01
7.102072502847532220e+00 9.926091368973697371e+00 -9.908143950058985183e-01 -3.032787460825867143e+00
2.582052177059600773e+00 4.502872712346374762e+00 -9.185761430535414718e+00 1.366188442723385688e+00
1.008102239330511019e+01 6.687968302458377146e+00 5.223878266009513993e-01 2.297836822826045733e+00
3.072186637698505862e+00 6.748100922019915515e+00 -2.605301212615719564e+00 8.378756415398218138e+00
-3.810517345477281714e-01 1.912419111712751807e+00 8.741410342795568056e+00 6.564094315195744045e+00
-2.030688321838508337e+00 8.135692134101428774e-01 4.004578455306548435e+00 8.372613376034445665e+00
5.151822269147653621e+00 1.148919185837673851e+01 -2.216492951349728013e+00 -6.365612705158103513e-01
7.390306528589661639e+00 9.352070144762206994e+00 -9.555554435155757531e+00 -7.257460953757922439e+00
6.274594810787117893e+00 1.013294616719317531e+01 -1.367660682721409948e+00 7.093850592685797096e+00
-7.068068461794450030e+00 -5.158093380285920126e+00 -2.457694019709612210e+00 1.262380055442046789e+01
1.145204229735025159e+01 6.656300212761353308e+00 8.214333203729197175e-01 2.198613513037479983e+00
8.203531469621900385e+00 -2.732765824870670546e+00 -6.415762814898290145e+00 -2.672461984294032256e+00
-4.764464126457134796e+00 1.092616253244854452e+00 8.940891006392565288e+00 7.876019685545434523e-01
-1.090816750891584697e+01 -6.588338818740724356e+00 -3.321733937348589016e+00 1.108390890153127906e+01
1.338745113354044003e+00 4.955218816424623363e+00 -1.027933553133075506e+01 3.609165231197067669e+00
7.879172528817596444e+00 -4.020653981346264949e+00 -5.966156044301072825e+00 -3.442067748860778931e+00
6.154398614792441435e+00 -4.043725858244680893e+00 -6.821224038044078064e-01 6.625426076344842485e+00
-2.864708122645314603e+00 9.567270086157382281e-01 7.784645519966939098e+00 -1.630633929375695068e+00
6.069970114157424490e+00 9.074156942883440990e+00 -9.925714287321603990e+00 -4.132095134088514143e+00
6.247740330116154261e+00 -5.012130798298545464e+00 -6.243187146552086730e+00 -5.206788800137992723e+00
4.963633396028442668e+00 -4.134634214851859113e+00 -2.047504018530431846e+00 6.910804060038964636e+00
8.215760891357955842e+00 6.252149379989290878e+00 -5.579023372769174038e-01 2.116831568936312635e+00
-5.008118828978369130e+00 3.550651821709879474e+00 8.856682080695630788e+00 8.259555764719268556e-01
1.785399268497914083e+00 4.451475461024117841e+00 -9.942393999313710040e+00 3.356131943916949023e+00
2.744864940249773788e+00 5.719945718687482028e+00 -7.861037291029370877e+00 4.649722940556998196e+00
5.964854879251065611e+00 4.484736281528614477e+00 2.247844792947517600e-01 -5.411750424159268213e+00
1.841300872021913726e-01 -1.204833525636379576e+00 7.885196616510112833e+00 7.592306364730705859e+00
-1.452905288753256308e+00 7.311068756060137286e-01 6.443862197066169806e+00 8.116777721544696789e+00
5.610125818930425723e+00 5.030911899790428521e+00 2.250743378830694752e+00 -2.561552621614553438e-01
7.413228770641905108e+00 8.430326657027439552e+00 -3.968145490274773035e+00 -2.336507640719920786e+00
-5.167356935334471046e+00 -5.591411084790252062e+00 -2.939278869687616869e+00 1.006954621415979112e+01
3.800807012708165900e+00 9.246215518722074478e+00 -3.744971227490736965e+00 -5.006678292245214656e-01
6.130557067237813129e+00 9.661631802069187813e+00 -9.784688334130688503e+00 -3.540606153280775548e+00
-7.183598117005685069e+00 -1.052914745974213862e+00 8.816405852922905240e+00 6.769002766608282151e+00
7.695190027188074211e+00 -6.358021556351209469e+00 -8.996455756956548200e+00 7.869316099403398823e+00
-8.710460981440260042e+00 -5.446945038741137779e+00 -3.316682171528349432e+00 9.887493583982079670e+00
6.003222228150111306e+00 7.690117833491427746e+00 -1.074104232831578187e+01 -6.402192689377609547e+00
5.113336960530366682e+00 5.954293506003238257e+00 1.072129533274486679e+00 1.066057431575777770e+01
1.047732501950893358e+01 7.170381732182982581e+00 1.224684564486699934e+00 2.375376600668428928e+00
8.933289936676805709e+00 6.094394262619182712e+00 1.224073653112961874e-01 4.459855780116810386e-01
7.087676896589370834e+00 -4.551527238309944323e+00 -5.784829015772276151e+00 -3.404151479682461900e+00
8.505439764262948898e+00 -2.388142326499457013e+00 -5.352475387848377508e+00 -4.406855152027635114e+00
6.843237640764526120e+00 -4.426052261171625091e+00 -5.524762193165429380e+00 -3.599953706131544084e+00
-8.918217941074358279e+00 -3.701477048739395315e+00 -2.464008683017466339e+00 8.976719251441940273e+00
-4.307978668245552534e+00 -7.123536228896165667e+00 -1.133932611921817601e+00 7.412739255775926850e+00
7.506212744594095376e+00 5.712244439735461476e+00 2.144452506647122725e+00 -3.450321890236696110e+00
6.771023564730909605e+00 -1.966571622600311153e+00 -6.880522051987699506e+00 -5.623295324498764458e+00
8.525301004015215511e+00 -5.714701290318528137e+00 -1.030703365317976328e+01 6.004004777225621758e+00
5.967352419278000752e+00 8.000271676515287922e+00 -1.039558241714768627e+01 -6.422857491440791655e+00
7.325126352662233664e+00 1.006008031670956804e+01 -4.683882067026257090e+00 -1.607138689722003688e+00
4.982027165785350320e+00 7.950123497530904970e+00 1.628782676080651859e+00 -4.443155496174667540e+00
-1.005976908959239857e+00 -1.436220159340640956e+00 7.486241159049648708e+00 9.491904996935780048e+00
6.855055009331497473e+00 -8.851316094953013192e+00 -7.927328749966104482e+00 6.516220263284681735e+00
-1.350185297762235948e+00 2.486804573989285227e+00 3.842543980053457542e+00 2.549590235926070481e+00
7.276675325509216918e+00 -3.696411251036695766e+00 -6.298434193236097656e+00 -4.316162503032381359e+00
2.613483848723491931e+00 -7.224018417466206543e+00 6.308392298239733798e+00 -2.147554147809434433e+00
6.206688985942171222e+00 -4.997821986348787604e+00 -8.504842988696411865e+00 7.007367211019975173e+00
1.976370706227490004e+00 -9.090272237469012140e+00 1.039082952616554856e+01 -1.216860922686252344e+00
7.457733450381775597e+00 9.021781758129225892e+00 -2.312790442438109828e+00 -3.359775395481992444e+00
-6.576168396798618865e+00 5.911745841892188658e+00 5.958057734044635900e+00 1.744427318598748444e+00
4.435840199306876563e+00 -7.181151644446607918e+00 1.283007127587202945e+01 1.769790420193856351e-02
4.982958762586473078e+00 4.769392862217468831e+00 -1.109791094548721713e+00 9.927089363674527434e+00
4.103843176296317452e+00 5.990356710747750668e-01 -1.409611311863929295e+00 7.411637081624260048e+00
7.642642771248468136e+00 7.596463092851770682e+00 -8.429758624367018172e+00 -5.227430946293162961e+00
-6.849679297275027001e-02 -2.321300061117532287e+00 8.433944636286877738e+00 5.987284549538298251e+00
4.056367407067762443e+00 5.730955342700942978e+00 6.265302107973258483e-02 9.840344681068543764e+00
9.806142856479286962e+00 8.018054012417440646e+00 1.255684094115940619e+00 1.896302186650582478e+00
7.156946754733890970e+00 1.091046069976822785e+01 -4.638754511429095118e+00 -2.194964546098843172e+00
7.734038501331983895e+00 9.960755642081748462e+00 -2.946449529163720271e+00 -3.146867906020559325e+00
-6.251504789794592121e+00 -7.587058160248806971e+00 1.955575678963049069e-01 4.882392492605503342e+00
1.023564151937013023e+01 6.714708375493281700e+00 1.867829234809980921e-01 2.323333025174718180e+00
8.075379351979727005e+00 4.616322456612076408e+00 -4.963187176035155357e-02 -2.508140974020806269e+00
4.655383080956220887e+00 5.919114550835939070e+00 -5.466413575174761119e-01 8.325479186340874804e+00
4.813297902675152784e+00 -9.954862383833269490e+00 7.885096555275298513e+00 2.271811090049893345e+00
1.544173370479265728e+00 -3.351145326081281794e+00 7.453524787191703638e+00 6.679664920513935122e+00
9.949453701130774874e+00 -4.979449526174789753e+00 1.824597828522886545e+00 7.564200382050107585e+00
4.152241192630730993e+00 7.378313108581481039e+00 8.291541429378423977e-01 1.128916383271161372e+01
6.106428852073164215e+00 9.054724853522298389e+00 -9.255036210279349973e+00 -5.258300154882956434e+00
5.333050683495253352e+00 7.705580017443280028e+00 1.424937873036050462e+00 8.614991802433632273e+00
6.046341122927200828e+00 -4.143742957487856593e+00 1.117371829869232336e+00 7.357550971238575599e+00
-9.929617776722482247e+00 -5.521833452918844642e+00 -3.688240836942575207e+00 9.630328056569370077e+00
2.469316977477502562e+00 4.910375791331671458e+00 -9.520995535569644730e+00 5.177537877026734847e+00
-5.135317247731846280e+00 -1.972259972367983227e+00 1.017367963060099534e+01 6.386640474501650289e+00
5.464567810540838622e+00 7.812520467748523600e+00 -2.573790619661368240e+00 -1.892184515747925344e+00
6.177102443840638557e+00 7.364396182233379662e+00 1.291193415856617843e+00 -3.589910306665310635e+00
5.211512295092324720e+00 6.812109491108151005e+00 -8.115579366398273820e+00 -4.004038829702412094e+00
1.546167025987782662e+00 5.076178086689430380e+00 -7.569373903796753567e+00 3.643820761543927311e+00
-3.216791416654580793e-01 -7.025726713364446319e-01 8.245902601647376429e+00 7.469639361659176302e+00
1.176184391842440746e+01 6.636290421595957945e+00 -4.055167767321719019e-01 -1.337758784072227147e+00
3.460357593728236481e+00 5.139648827761716277e+00 -1.181390309978024966e+00 8.062390647958048717e+00
5.871032904410371067e+00 6.208898981538807149e+00 2.262456838291769579e+00 -2.637125124757314865e+00
6.483855788620443761e+00 7.497895959525104459e+00 -2.700815838669309077e+00 3.198530174286009498e-01
8.079952292467417863e+00 -1.615334349372255174e+00 -5.242918385232985479e+00 -3.975254682001734707e+00
4.470954552297594198e+00 6.375012010483150249e+00 6.075823551621333252e-01 -2.280304337445743457e+00
3.227279699023311466e+00 -6.864443583390341885e+00 9.982741798106800957e+00 -1.525723900425746571e+00
7.872345472807213973e+00 -3.028285596962156934e+00 -5.857368786420260598e+00 -3.730129265746366496e+00
9.760229244297594420e+00 4.151062598586738872e+00 5.309842609743640196e-01 2.611859181433711541e+00
-5.411195193288225624e+00 4.631134286685485435e-01 6.772995644170158869e+00 -2.609370933397858749e-01
3.004887615090885866e+00 -8.813170773088884857e+00 9.456874247895779462e+00 3.531417458576894042e+00
5.576477638489286903e+00 7.727800906418963223e+00 -9.453875766601026243e+00 -5.932760563141381560e+00
-7.254006735614973778e+00 -3.762705391877429584e+00 8.705255971669382475e+00 6.137373955503218959e+00
-3.807343402657559217e+00 4.346282166785149670e+00 7.184749806679196382e+00 1.005414017439264507e-01
7.154917789546530571e+00 -6.702163451350426016e+00 1.588483979041829475e+00 7.419966192740083955e+00
9.438541144472559097e+00 7.675861834044509280e+00 9.596949337268441127e-01 1.823580626109793101e-01
7.526039866728991612e+00 -8.353288315958209864e+00 -1.000089294327212031e+01 6.736359052665954472e+00
6.668345234069834149e+00 4.963407783786314198e+00 -2.748645096039192826e-01 -3.247557935215297231e+00
5.044405007278692565e+00 5.258659350582577829e+00 -3.357021055014675071e-02 -4.941736991704830828e+00
7.815943457873482991e+00 -6.454189752680716374e+00 -9.434348159654508237e+00 5.699582330760480708e+00
-5.441716807263057287e-01 2.941313937382612487e-01 7.463202468092188013e+00 7.936106936725141558e+00
8.685120178308384453e+00 5.310782195625840529e+00 -5.539606818048605774e-01 1.142122998090222552e+00
4.051670094699323599e+00 6.775483918855268684e+00 1.898328439660917688e+00 1.020309152904873073e+01
6.961394375999756079e+00 6.228695183581256956e+00 -4.048216622425327316e+00 -1.548119222150056151e+00
7.381206269806650511e+00 -6.041856897911911162e+00 -9.176149146873486373e+00 7.381304778749080420e+00
-9.830466490944090197e+00 -7.080903031400618275e+00 -2.153438707206023484e+00 4.344092079377894322e+00
7.301202149699207666e+00 6.228742684693296283e+00 3.171273408722988796e-01 -2.893415021959893529e+00
6.375227717051654253e+00 7.988953047342843838e+00 -7.818288596109256972e+00 -5.363629446345399288e+00
-8.529803961896595510e+00 -8.201668334590898723e+00 -3.115157279350228237e+00 1.062584174090581257e+01
7.555939249694271886e+00 5.947867673387111864e+00 2.107603980543161448e+00 -2.382758359569139728e+00
5.342907649782311807e+00 -7.247547175486527493e+00 -7.539196447869519702e+00 7.470814668370098666e+00
-5.115346062937115024e-01 -1.289273491415888762e-01 8.015587256120548787e+00 7.633882415156282519e+00
-7.640905679617755020e+00 -4.790324612492779188e+00 -1.912944705487425123e+00 3.190816044093946147e+00
-1.038140830374802981e+00 2.763877657929777243e+00 4.353985061997566852e+00 1.874388204914681832e+00
3.682811350382829030e+00 -6.803417573597948298e+00 9.688219852475741689e+00 3.035559342757994106e+00
6.781192643730973302e+00 -4.306848843394520898e+00 2.235822904505135433e+00 6.787307956341904536e+00
8.907019391412280385e+00 -2.999297439596824155e-01 -5.090441358252564719e+00 -4.180074569116186467e+00
5.903123609347172618e+00 7.861545565612096276e+00 -2.719494535046338868e+00 -5.056565886724715408e-01
-1.177844923299495861e+00 6.581314846304224808e-01 7.232899263033190529e+00 8.349896759962645021e+00
6.498347015590982600e+00 1.085095392154640948e+01 -2.117443655968659577e+00 -4.612961250774813005e-01
9.535581023167441828e+00 7.415602809657919181e+00 1.790419048909872357e+00 4.678047148659476573e-01
-6.842032774207851276e+00 -6.282090611224542265e+00 -2.892044802907292933e+00 5.835681671705890139e+00
9.361475511641591751e+00 -1.704920437699638081e+00 -8.576998993018072781e+00 -4.759185760802500553e+00
-6.194075311497377889e+00 -6.390173679851457678e+00 2.990881925100746797e-01 3.074544015424949261e+00
-8.822439060209385175e+00 -7.460101096345656657e+00 -5.076525418703702108e+00 7.934148259487740162e+00
-7.076100026566246370e+00 -5.012840286513709387e+00 8.863104238917339117e+00 7.054188344665053734e+00
5.331511642139236784e+00 6.556838554403269903e+00 -2.121996152262095592e+00 -2.925396458857384641e+00
8.428382396544911614e+00 -6.795939997063870308e+00 -9.883711958181184087e+00 6.180025657519204962e+00
-1.065262837416818442e+01 -4.871404540087494794e+00 -3.519048731539545560e+00 1.076031159907168444e+01
2.230590502026805755e+00 3.582095074893781650e+00 -9.363253012251693264e+00 2.600764710860786089e+00
-5.168932800473018396e-01 4.635353115186402473e-01 7.120205297640097797e+00 5.609010630140285336e+00
-2.922325072213738939e-01 -8.182929193580266158e-01 6.710970183216497631e+00 6.357927872308800410e+00
1.078795558840657520e+01 8.047696566676254548e+00 1.006311100657017787e+00 2.192694611515757508e+00
-4.274542239667125543e+00 1.776711349744038104e+00 6.086685011924171995e+00 2.323803676991833100e+00
-5.967745387481449448e+00 -4.217265487417082959e+00 9.686782469055662759e+00 6.329697232225380610e+00
6.258185871267208711e+00 5.579184929182797958e+00 4.973916566251510574e-01 8.230658583905501757e+00
1.066045674036099555e+01 6.309794934000074740e+00 1.255496717918870575e-01 8.515015206372432699e-01
-6.848464088751944345e-01 -5.614337627369324624e-01 8.078784494790415494e+00 5.272750807931940287e+00
-4.373632250873288996e+00 8.622383551201444618e-01 8.584230314380667082e+00 8.133046708893376664e-01
7.247966466322981915e+00 -1.875492321768872372e+00 2.001706779286306137e+00 7.569850457321305015e+00
-7.034203724381729472e+00 -4.533994524738817589e+00 -2.157930938522873987e+00 1.018641900489191876e+01
1.115061792361793280e+01 5.398171943820718077e+00 -3.996478195056016869e-01 6.124687423929540131e-01
6.594025105476294613e+00 -6.335118413913349400e+00 8.906674986275920247e+00 9.379213258154966981e-03
5.831411691762439453e+00 -2.082360606466922448e+00 1.949442392975284877e+00 6.191445070115158877e+00
-7.226683419909246453e+00 -5.728801477527986741e+00 6.203597690936492048e-01 3.707584029448942164e+00
6.257229942006765633e+00 1.024114436761754021e+01 -8.495116554884905469e+00 -5.497533978845060787e+00
8.151193510806711728e+00 -2.929114230372514172e+00 -3.997879457656391189e+00 -4.215760108910653337e+00
5.323584010530412414e+00 -3.251719288792986440e+00 2.606138547225155477e+00 4.988420342792471374e+00
7.016945388022434393e+00 -3.145995102768617713e+00 -8.591623330588571861e+00 -3.750479217151058808e+00
-1.393738219894057995e+00 5.644489714908726974e+00 7.430388758893088585e+00 1.049885711543474986e+00
6.252297442487371626e+00 9.562685281460904463e+00 -3.090023186857211446e+00 -8.797274717605683136e-01
6.936757030464975493e+00 7.792217625923010260e+00 3.777370409464362311e-01 9.475156982128225991e+00
5.252118800933501142e+00 8.239639056602671374e+00 -1.082198124489675450e+01 -7.381556071915334805e+00
-9.058895384666663109e-01 -1.494005035111362067e-02 5.824180160295815867e+00 7.999999278960363114e+00
-4.594819108911851191e-01 3.585108192195469723e-01 5.484828086741273978e+00 8.730306942264100201e+00
-1.594879767872691811e+00 -1.471828333324948002e+00 7.459866288043195404e+00 6.167465340812201546e+00
4.823772213918338103e+00 5.751821281058840718e+00 1.248557772230814766e+00 -2.080302031776382954e+00
-6.393662033543617618e+00 -5.813590196026939161e+00 9.240679044050828850e+00 6.616652352526956271e+00
-1.303818264369339897e+00 3.712645083776896726e+00 -9.642901430660346662e+00 4.608816558841020594e+00
6.541365431901541072e+00 7.263500903447213553e+00 -4.587303673654254510e+00 -1.433616908734702378e+00
6.338515893077301122e+00 -7.877833806069961753e+00 -9.166374048734823532e+00 7.320043144544964520e+00
-3.511149897831851607e+00 3.198806124547165286e+00 5.924590280611541360e+00 3.443968055956303509e-01
1.800992172326789653e+00 5.315836440209443126e+00 -1.002068089395446471e+01 5.213165955452224942e+00
7.751756754115862513e+00 1.057364178422172962e+01 -9.458781466750815881e+00 -7.535852421632356801e+00
1.001805826651849252e+01 6.190541479758531196e+00 7.618605712582454670e-02 2.120945636012316893e+00
6.355945766698481769e+00 -1.276590182863467593e+00 1.125102295210395509e+00 6.501980239092526759e+00
3.174713750630628883e+00 5.434733958066423121e+00 -8.395868228942259037e+00 5.075438635378044516e+00
6.349775851868743715e+00 -2.976432825756230471e+00 -4.982626806767386229e-01 7.492865540272356739e+00
7.550698804717314694e+00 -6.316432695857224111e+00 -1.031361278382930813e+01 8.271968320380640449e+00
-7.354348864419611331e+00 -6.861227540357719867e+00 -1.873658221985599281e+00 6.166790776480224778e+00
-3.956999259873189789e+00 1.710579860607297276e+00 7.040087947368599330e+00 1.165447096327620891e+00
5.999973225868374449e+00 -3.641354661417986360e+00 -1.542458179946838426e-01 8.475540581940400386e+00
-4.573245460574352883e+00 7.932323004747607875e-01 6.067515107484275028e+00 1.061278812330643806e+00
-6.935382387157558171e+00 -5.690451486960377281e+00 1.027375440695917774e+01 8.215132730720519305e+00
3.534348412231323344e+00 6.119242811721863795e+00 -8.291880978791240864e+00 3.613538077002160787e+00
6.336420788704970164e+00 -3.020714047894231147e+00 -3.597810677794540668e-01 5.717917247250818846e+00
5.178179052880390820e+00 -2.873353068984037861e+00 1.963570462287766105e+00 6.575016875996161581e+00
6.030391609705013423e+00 7.617001144239409882e+00 -7.497959183511046177e+00 -5.780884039118819651e+00
5.954295753798229285e+00 -3.367149741855392620e+00 -8.657045052582705846e-01 1.091488748969950429e+01
9.994395084245335070e+00 6.081967921050320136e+00 -2.733115759901600939e-01 1.085890685404734102e+00
6.662730941897683223e+00 -7.917813993949478046e+00 -9.203132922624837065e+00 8.469797058584642713e+00
5.385842417072215227e+00 7.593517790503189424e+00 -3.709003010190435656e+00 -8.325329749519317923e-01
6.563742006550632446e+00 -6.785862153139015085e+00 -8.120484679372276915e+00 8.495556748225215671e+00
5.508198813819462636e+00 8.416944368119430919e+00 -4.622637187625560529e+00 -7.152807108705427908e-01
5.035299616813282420e+00 -3.421500184566890645e+00 1.375268284193920554e+00 4.883086433807582338e+00
3.493387234056540613e+00 4.515450669530560290e+00 -9.678540943557079501e+00 2.869240648562827012e+00
4.743464272238721691e+00 4.449636901983893722e+00 4.521514291874646485e-01 8.231608131970794773e+00
-5.282302551922506417e+00 -6.576382550007709327e+00 1.024940385909761709e+01 6.334083808726261644e+00
8.317687688841628457e+00 -5.961681984990712557e+00 -9.728744876896168847e+00 6.021332787571614276e+00
5.223703351239704418e+00 9.010085986629913890e+00 -7.400829838813681505e+00 -3.114859346666043027e+00
6.177015187604375512e+00 -1.914937357326679468e+00 -2.119409624048242957e-01 6.288591125676771476e+00
1.024588572207349202e+01 7.511226577131948190e+00 -2.417649556176231229e-01 -2.169496668629433689e-01
-8.163252766390018067e+00 -7.385702133186308416e+00 -3.508485235676597758e-01 3.308027114674224833e+00
-7.651240925374029445e+00 -4.416441527350656315e+00 -8.623969155676267651e-01 5.217446759754298391e+00
3.922967687950936977e+00 -9.557676417756351128e+00 8.408589341039499843e+00 3.421712061561614782e-01
6.236735132691447525e+00 9.295048638775170957e+00 -1.020258863770602531e+01 -6.191056036826110720e+00
1.432962853906190492e+00 4.867524831067105318e+00 -1.096919584067828346e+01 3.470204955303562766e+00
-2.068114191845560335e+00 -7.599704603764344535e-01 8.817500624197032622e+00 6.400214229629276552e+00
-3.244290600926544865e+00 6.224566220015913309e+00 7.007300603080537371e+00 1.419641868497728998e+00
4.712573848121305531e+00 -6.541394397714010545e+00 -8.107735447965559672e+00 6.244203463337018256e+00
6.925499470042356442e+00 6.050903392812204906e+00 -9.644188251531045086e-01 1.201714025622913162e+01
3.087013118351271679e+00 5.877850833456938595e+00 1.307811775431336976e+00 1.233540408035484859e+01
-8.858124653606184395e+00 -6.585261936206821431e+00 -8.105927962574912549e-01 7.637431558844580692e+00
-8.877783023456027323e+00 -4.712208811990070245e+00 -6.797009697380588022e+00 9.718340858461614218e+00
8.169003677358205096e+00 -2.120256403695845115e+00 -6.519855101836849798e+00 -4.697745607201809115e+00
-8.791315431646960832e+00 -4.921171767910822226e+00 -4.859384805454480372e+00 9.336536401710334943e+00
-8.969015972267616377e+00 -4.938406468582648756e+00 -3.923919561702091663e+00 1.129118820666846013e+01
2.284492162279200933e+00 -8.830995199746238811e+00 8.581215266003404452e+00 4.160634447880504627e-01
4.835785757012127206e+00 5.779869824356469898e+00 -1.803523046412198738e-01 9.633115101531119606e+00
-8.791778448756311093e+00 -4.233017231511041700e+00 -3.336426986448314480e+00 1.090502962035377799e+01
-7.234686742461836850e+00 -7.347394879938966561e+00 8.016147979146250879e-01 6.028162151427288507e+00
8.257410926758801395e-03 -6.055394135454346127e+00 7.743395131667185183e+00 1.800969601088918015e+00
2.463570887111966812e+00 -6.778498789550027048e+00 9.818605252399775551e+00 4.374946367799564806e-01
7.985274326173175119e+00 -6.808642136852867566e+00 -9.862603670910999654e+00 5.730450327663679566e+00
6.977735659086492959e+00 7.787456160915557035e+00 -4.357787501872392610e+00 -2.596603489066956483e-01
-7.789004040738410239e+00 -4.797465474338031832e+00 9.965905422292458127e+00 6.838542176980103804e+00
-9.008309446616399541e+00 -4.512796957095600803e+00 -3.443540550058281191e+00 1.109027686410620106e+01
-6.070902897257095532e+00 -5.010137697101225029e+00 2.210953438946854088e-01 4.794150894787581052e+00
6.061525331575035480e+00 9.592909670725790150e+00 -5.309887022496426745e+00 2.257350211868018874e-01
7.663335790749784771e+00 -2.919474090399766020e+00 2.555303190336466468e-01 8.403643961863661360e+00
4.738273406295164136e+00 8.428235247583668155e+00 2.251961697681875485e+00 -3.904277506212679327e+00
1.020279143916592623e+01 6.801001255613742913e+00 1.964140108820974784e-01 2.305961329392383519e+00
1.052848320365975709e+01 7.334116832370571437e+00 9.391770166526174357e-01 4.091173644209136206e-01
3.886039188537057765e+00 7.424019942909859004e+00 -3.003141901462204277e+00 -2.050501730927161148e+00
7.589326344465264995e+00 6.145527956237319955e+00 1.162052359028209692e+00 -7.080173554113251555e-01
-7.666442376560588023e+00 -7.475907343779024217e+00 1.588937091278321168e+00 6.485555397414191958e+00
4.890196985727927270e+00 6.655546867742244466e+00 4.924024466073428918e-01 9.991451946787384131e+00
-9.229714454559294623e+00 -5.484834731208227510e+00 4.931892121379878591e-02 4.897889193335340785e+00
3.111818038395834485e+00 -1.228935115641932363e+00 2.516474290506366174e+00 6.561950820234907944e+00
7.201564743065225649e+00 -4.476881777126443751e+00 -5.471819878032243345e+00 -4.019227650787220441e+00
-7.803540466292590239e+00 -4.527851812380172092e+00 -4.452472011151468179e-01 4.711399188499898472e+00
5.879785982571180014e+00 1.066038364030843333e+01 -1.167622602993754377e+01 -7.238211430823193737e+00
-6.648006833321050024e+00 -5.603302078519560858e+00 9.905819051171723899e+00 7.086167796460174806e+00
1.163317126080486119e+01 7.060313709926409942e+00 -5.099549313567380837e-01 3.232992786544075514e-01
-5.276355364227114819e+00 -3.744598513477245927e+00 9.826146933794426275e+00 6.777065512552685966e+00
4.770953303241021182e-01 5.336865764279229651e+00 -7.413575213701501632e+00 4.314322752563675145e+00
3.286485838564532358e+00 6.131872736065497875e+00 -8.975410915289250724e+00 4.463314186206107870e+00
-6.389776023963129603e+00 -3.623911159993368436e+00 9.043669243767400445e+00 7.009726846386564070e+00
-1.530227484719323128e+00 4.560153649000606713e-01 7.924050420689887630e+00 4.511036883274133658e+00
-7.777774106579304458e+00 -5.103462994013275633e+00 5.005897233368439281e-01 2.042115700047014926e+00
4.621954889610603523e+00 -6.801162931427764846e+00 -1.044004397720292232e+01 6.687993527563367735e+00
5.961190434550458050e+00 -7.378458514630582776e+00 -9.954944813965461492e+00 5.595491128416082205e+00
6.759917897571300571e+00 8.660751983654485286e+00 -6.489536478564817301e+00 -4.347829544215042752e+00
1.740521231295506066e+00 -7.060855674179506991e+00 6.332701039769662366e+00 -6.886745338570989805e-01
8.388268647634113506e+00 7.056915003646968998e+00 1.438772525408253733e+00 -1.567820336869619302e+00
-4.662772135963385800e+00 -6.896488693142786452e+00 1.665149266937511863e+00 4.565516220435242190e+00
5.323889156463947003e+00 6.920226667679835408e+00 -1.221698487596868610e+00 1.074305366700439635e+01
5.553342252152125624e+00 9.068470372051955053e+00 -2.835309907706285770e+00 -2.900876533499260335e-01
6.124483121988670398e+00 5.920581028450441430e+00 -2.207317112794121794e+00 -2.781353637039739812e+00
-7.128506443243219692e+00 -2.170235531398886142e+00 9.223436838650471259e+00 6.940308222119047521e+00
-5.777600475461989404e+00 3.782353619617399243e+00 5.547336636723786185e+00 9.268677363455249951e-01
6.156379789907045819e+00 -4.058857668897998927e+00 6.159731568192270412e-01 8.314042609052329169e+00
-5.346103798341689028e+00 -6.326876553332902553e+00 8.388640054218066133e-01 2.508070282849988786e+00
5.508085597312602388e+00 6.555095806073669706e+00 -7.684467812048977997e+00 -4.738665500397884145e+00
1.275124103470235637e+00 4.802877921113083204e+00 -1.263768497397943236e+01 4.570511377106244666e+00
6.564817800117877411e+00 -5.376375249507260534e+00 -9.031276284550447286e+00 6.786279785612168602e+00
9.641266920935469997e+00 8.001421744385927681e+00 -5.102836186146534336e-01 1.410727689662758078e+00
2.124444791004492128e+00 -7.976636452813331779e+00 8.935168413513963515e+00 -1.117875957578074342e+00
2.415542487262448468e+00 -9.279702359739605555e+00 9.712352940791083356e+00 -9.230585097374923720e-01
-6.977186390778132186e+00 -4.994531816756273557e+00 2.269433344535078112e-01 4.903445175448458926e+00
6.913306965670376059e-01 4.955187925086986134e+00 -1.041648217983086155e+01 4.197748620775988648e+00
1.803995063713283997e+00 4.229384978744382018e+00 -8.637473813774990461e+00 3.342083165838941383e+00
-5.842295960620938367e+00 -4.411972873079468727e+00 9.369840851391545655e+00 6.410659666820927249e+00
-2.291898270185021236e+00 -1.266903227764917705e+00 9.691872587276376905e+00 5.940077626151513357e+00
1.033238713906506590e+01 7.206865689012080800e+00 -4.117782068435435483e-02 1.596338342136919941e+00
-8.554240257821227544e+00 -2.181011710350284183e+00 -4.396928015222353103e+00 1.049096839825262784e+01
6.987345591351812324e+00 8.464470764960498883e+00 -7.335104818446689379e+00 -6.485678466525852670e+00
7.479165744220463985e+00 -4.695234379850012019e+00 -5.467818935368180533e+00 -3.983572868024984448e+00
1.700652962667014823e+00 5.278357706240257130e+00 -8.108158624206067699e+00 1.742607848081727528e+00
-8.308255569252686712e+00 -4.181248106638157935e+00 -3.445185519968231080e+00 1.005435927688992059e+01
3.412666671207559066e+00 5.605962829270175085e+00 -1.549092555167661533e-01 -3.198827789867765947e+00
6.596613690421939680e+00 5.716652886340396478e+00 -1.303195371780681011e+00 8.902714718810667449e+00
9.197014821275967478e+00 -5.842993497439178618e+00 -8.207359481905552201e+00 4.968253667115658523e+00
-3.467110702304026404e+00 4.164448326308626491e+00 8.260151318348851746e+00 2.668492395580548404e-01
6.010068792733160414e+00 3.936113674734087464e+00 2.540414795158578709e-01 1.160278113964482571e+01
7.248582434828763965e+00 -7.580795875436729503e+00 -8.284185741583350193e+00 6.399728614167400131e+00
-5.630294687373962326e+00 3.576782182985048131e+00 9.575433285409037154e+00 -9.207380134342715294e-01
8.007693886438731923e+00 7.167308513996187180e+00 -9.504016281026963497e+00 -4.916921203330005596e+00
-8.666319925227881082e-01 4.469347544202399991e-01 7.405761774087082472e+00 6.140038638676562854e+00
1.149591270075835681e+01 7.831357730085552582e+00 -5.597621867589964717e-01 8.096189669888799179e-01
5.186993751375318595e+00 -1.905280559549805686e+00 1.782260078348114840e+00 7.628483331184221505e+00
-3.688624206311793774e+00 3.119021559944207933e+00 6.912655724990701245e+00 -8.260566854054380848e-01
5.785615670117561393e+00 8.463689711450184561e+00 -1.200877760579677478e+01 -5.721598035063098386e+00
6.170063592457474044e+00 -4.345282622991603283e+00 1.229561113726186594e+00 6.360499054237705785e+00
8.856109784639556892e+00 6.828839677766143978e+00 1.103668963823654647e-01 1.833931955649451329e+00
7.296066666037242854e+00 -8.467744720358929555e+00 -1.172447767541475727e+01 8.797277824687821379e+00
8.221036211731570731e+00 -3.491622110174039229e+00 -7.399927578698238584e+00 -5.032564625927980373e+00
-8.193613770989468748e+00 -4.829002494668524825e+00 -1.847065798716358342e+00 1.090805110711708537e+01
5.290782980613312425e+00 6.399041556236178430e+00 1.294558958928136327e+00 -2.118749015502359612e+00
6.325219710866057277e+00 8.345687315389064054e+00 -3.153623115970327628e+00 -2.177386653339697942e-01
1.003658399539988544e+01 -3.354400802190739217e+00 -6.266551236996105168e+00 -2.169758562095334575e+00
1.618849545481365837e+00 -7.792954151600331336e+00 1.000136586796976523e+01 -1.336868126798345324e+00
-6.658666240288446225e+00 1.077668313115572429e+00 6.270501788079917205e+00 2.254347372626638091e+00
3.288049089991367691e+00 -9.269804852626426950e+00 8.320568975508422227e+00 1.675244671232727800e+00
6.498503003329155980e+00 7.916289263862241299e+00 -2.311999371149831006e+00 8.895249615586255487e+00
-5.517804438017085644e+00 -6.026219998119162646e+00 2.256242235037851263e+00 5.515856641366211122e+00
-5.471518153407076923e+00 -6.466378853492702028e+00 -9.244830041131806286e-01 6.452300516432809552e+00
6.807578394196153404e+00 -1.572425979231391713e+00 -2.375954557745172391e-01 7.345645192968103032e+00
5.292282291292450758e+00 8.378987022841799970e+00 -7.888305698886294515e+00 -6.222748589244289974e+00
-6.828494664448482965e+00 -6.451621018022886567e+00 -4.346640834247670782e+00 9.948401769465682776e+00
-7.294282123335517731e+00 -5.439121020004501261e+00 9.062311493150016162e+00 7.868502994638360448e+00
7.770087429051055317e+00 -7.598384000390637993e+00 -8.581482770835155094e+00 7.138097013981231420e+00
2.167217873975193498e-01 -1.097259904560289634e+01 1.243928676844172543e+01 -7.231367300375832752e-01
1.077001634309269207e+01 6.039760607903434497e+00 8.369884639278064586e-01 7.919207660387664882e-01
1.106143101935214190e+01 5.539320414509817603e+00 2.642258124666879149e-01 5.638051361009018825e-01
4.622481257938163779e+00 -7.802976063649905036e+00 8.977229897982555329e+00 -3.013842658173021327e+00
4.857444094956703928e+00 -3.417156260535395340e+00 1.602070819573172766e+00 7.533847162545459497e+00
3.620980597468492324e+00 6.951726627143595572e+00 1.036570410760384808e+00 9.326157366922300795e+00
5.682395577439873779e-01 -5.569950687362512642e-01 7.736182843546630217e+00 5.146175475518147024e+00
8.039332187108426453e+00 -4.354947712584291253e+00 -8.214675951340820959e+00 -4.113230530489755843e+00
8.019432667116472402e+00 8.847719384513506924e+00 -7.729004553076594952e+00 -4.432295218354966870e+00
-6.067396570421972335e+00 -4.019534734102085949e+00 9.498458894256812002e+00 7.052519611666154375e+00
-2.175512429802142211e+00 7.288813525068502663e-01 7.716416537317000390e+00 1.816677759356570832e+00
6.687100340446718860e+00 9.624217854905461778e+00 -2.214052148567965173e+00 -1.834768233033008622e+00
-7.023537968388694708e+00 -6.470006810081828874e+00 4.244429550972636522e-01 5.717905576603326878e+00
3.051748896538996725e+00 -8.882874247229040066e+00 1.252274319708710770e+01 -2.795866115889309444e-01
6.980255209426359464e+00 -1.036161209065220845e+01 1.030593782709468975e+01 1.051585826664861667e+00
7.280446207748178189e+00 -4.630891782981152005e+00 -7.395005199625254377e+00 -3.278168938103601437e+00
-7.330857835645296028e+00 -5.879463663725839950e+00 -3.068301092460893553e+00 9.264399312111153861e+00
-5.361006026770750665e+00 -5.818122806974182382e+00 1.105685439858483043e+01 8.014046975572798104e+00
-6.757566443998490158e+00 -5.429283036038396126e+00 -6.180416325576685299e-01 5.839686828031858568e+00
7.851422909693936525e+00 -3.544508297697349430e+00 -7.243930659163570596e+00 -3.352259465682214667e+00
-7.072153535368690846e+00 -4.666138408504683532e+00 8.208535718274374560e+00 7.292217704296498404e+00
6.280179761853894149e+00 6.350792748983417724e+00 4.711929424778263376e-01 -3.803757718695077283e+00
6.625925601134881937e+00 1.010424050419118736e+01 -1.682156246811935763e+00 -3.067403037328902737e+00
6.708622876611336494e+00 -4.131329631383695578e+00 2.253663990465132050e-01 6.663098892231404058e+00
-7.220525831741070100e+00 -4.836466667027853994e+00 -2.382452422486487809e+00 9.244007250242342266e+00
-1.062520572828793597e+01 -5.876361264126236605e+00 -5.972608287846236763e+00 1.062606571956623824e+01
-1.014172017403608805e+01 -6.697325444755580115e+00 -4.311469571127603650e+00 1.021773111206940676e+01
-5.638757451756594818e+00 -7.414088337440771781e+00 5.148207874914065840e-01 2.891191327373840991e+00
2.929944059965337466e+00 7.172868406070029401e+00 -9.587660145225379793e+00 5.855069510109806252e+00
9.105445079165207289e+00 -7.551147705657243137e+00 -1.049205030251824056e+01 6.057974944134389972e+00
5.126723438488749451e+00 -3.695077673560432707e+00 -1.909254007736168601e-01 7.596614442127820332e+00
3.650470182076618997e+00 4.446902798857773398e+00 -1.024353701389230764e+01 5.638008381595257745e+00
2.191115492053238967e+00 4.478567093449340675e+00 -8.727374655196271647e+00 5.971148464654926435e+00
-7.422894497805809344e+00 -8.094300098750164096e+00 -3.368259693411123301e+00 1.042114511015072864e+01
-6.430271217671966966e+00 -7.023016701347385649e+00 8.188148584518485151e+00 6.030614905278964599e+00
1.943606835873298744e+00 2.759751711484862202e+00 -8.874241156811581988e+00 5.018489240892112235e+00
3.983871850949958215e+00 -1.409073821041246788e+00 9.753526930641631676e-01 6.236207264411883777e+00
2.588688977271077496e-01 -1.512422279038140971e+00 6.702736430318942062e+00 6.582714632693868140e+00
-3.758175707387674258e+00 -5.090498819278995946e+00 1.875335744379034719e-01 4.264098960576881758e+00
4.483777719819781460e+00 7.543403104575476803e+00 -1.918923239292964489e-01 8.624347074726314233e+00
-7.535429208724103489e+00 -5.319358659004096879e+00 1.339666900580081199e+00 5.251045775590434062e+00
1.048756094741398925e+01 9.165120127678857642e+00 -1.492709366909294566e+00 9.550317746160958965e-01
6.668180378731466185e+00 -7.727469715265851136e+00 -1.227082859533008374e+01 4.352027281241749535e+00
-6.411586784727611565e+00 -6.277975858378285423e+00 4.130712163813237137e-01 4.080228151487405697e+00
