5.934927913547253020e+00 5.718372723062680407e+00
-1.705320158585078794e+00 -6.080213356158103544e+00
1.137872965304248751e+01 -5.398332453002778308e+00
6.038318255780203536e+00 3.397904799158392386e+00
5.874081459885419854e+00 3.023541664774553439e+00
-1.519840014208753143e+00 -8.092357419331056567e-01
9.767635436120228221e+00 -3.897338014278119989e+00
-4.679866888019938109e+00 1.599606448054817776e-01
9.507208501186688032e-01 5.899702503563128531e+00
-2.665412438253401461e+00 6.423111386051114202e+00
-5.854129609137035395e+00 4.119279192716775562e+00
5.646304148153473257e+00 -8.522139769619213823e+00
-5.809219336785360177e+00 3.902967061521651626e+00
7.437925363701656245e+00 2.149056366031627086e+00
-3.638871059210285086e+00 -1.494464146572227481e+00
1.123143855919420808e+01 -3.511629926947672953e+00
1.085725996811875094e+00 -4.897856903029206954e+00
-1.501864867098419598e+00 -6.364677664549664549e+00
-1.345738467137187699e+00 -4.421999662661495023e+00
5.324218580055651628e+00 -7.038961642596732737e+00
-5.565035024451933765e+00 3.320798647716721952e+00
4.821855888226836306e+00 3.592862062119294819e+00
8.938849531117782021e+00 -4.764554440253654377e+00
5.753343765020431100e-01 -8.547234402981219725e-01
7.903354404355830809e+00 4.051243684861532302e+00
7.699526184781781524e+00 -2.448550039499673314e+00
1.983316340179689385e+00 -3.270399932909087592e+00
3.187563622317706180e-01 -4.098720667304988297e+00
-1.332887050779773652e+00 -5.967178449270075902e+00
-2.660703301470970672e+00 -4.909541769896348384e-01
5.754538232827584920e+00 2.890667463613670662e+00
6.149128406265110591e+00 5.858215721189250047e+00
-3.935263366158092246e+00 4.536420011942812636e+00
-2.207239238970190698e+00 -1.123024863640612825e+00
-6.134320814364250252e-01 6.330120515059787678e+00
1.641804517515688788e+00 -6.608104446888106054e+00
7.782854227862586072e+00 -1.120868740259240326e+01
3.304567460014163238e+00 -5.473982890026993786e+00
5.564169089288462100e-01 6.685921957319687081e+00
8.920864724000811208e+00 -5.764379660517221282e+00
-1.098934050352738501e+00 -5.524084952858999920e+00
3.322529744277071817e-01 -2.406921936348645819e+00
1.666731484695997967e+00 -3.905145496788721360e+00
6.114539214984076487e+00 -1.048111038709870968e+01
7.164948910646752545e+00 -8.803805890139861035e+00
-6.156045412404789197e+00 -1.835482854912810158e+00
-1.105516120368629895e+00 -1.358841153332049467e+00
9.840058146662702399e+00 -5.888079334895368611e-01
-1.301492693544027857e+00 8.195718146738396825e+00
2.746802263322962290e+00 -9.144206065917810378e+00
-3.441175250002072694e+00 -1.381924454378785860e+00
-2.192274835976967484e+00 6.034202799186562771e+00
-3.724886677897953469e+00 6.201513578343921473e+00
-4.323060923410459999e+00 6.183741522789691025e+00
4.124725710528908351e+00 -8.799438899892471966e+00
-7.145912377442146024e+00 -1.159068224334180996e-01
8.531074055331984596e+00 -4.896776427071321436e+00
9.718155382029443956e+00 -2.192537727988084661e+00
6.054041542993151559e+00 -8.018095102996632306e+00
9.910518757940863566e+00 -3.266210982739213176e+00
-1.097649555174035729e+00 -1.065923270504349096e+00
4.880250913014532177e-01 -3.452195330538954998e+00
9.866302514918219302e+00 -1.789955707872381119e+00
-1.016975426473862854e+00 7.923730779096960219e+00
5.521032215059883619e+00 -9.151725935180053284e+00
4.282038828047902701e-01 -3.809273723749373008e+00
5.463884566657232433e+00 3.106131874713788932e+00
5.757916854714990151e+00 2.779946205090439548e+00
6.223798569995474317e+00 -9.616816282718787079e+00
5.031412321128838627e+00 -8.738532037568710109e+00
-5.128363726764209929e+00 5.869018745317662322e+00
4.825835741392543454e+00 6.905402648690650125e+00
-3.836721641511883441e+00 4.665855671853678110e+00
9.434181016112143325e+00 -3.978862730301020889e+00
-2.624072819131131773e+00 -5.887445657096965768e+00
-1.964215316653908028e+00 -2.328177460852476344e-02
-8.498544555520712862e-01 -2.754096140321322661e+00
1.476154958166426834e-01 -2.931223335026447607e+00
-2.318608865323687596e+00 -1.433367847953163965e+00
-1.827246356497874036e+00 -2.687744784275447607e+00
-2.540273432741607884e+00 1.685838617174042486e+00
1.098659413670797225e+00 1.155520595118482374e+00
8.951045641771957051e+00 -3.264153114829473790e+00
-6.774230627241632163e+00 4.171543512750156779e+00
-4.395625112509374821e-01 4.884137121614161359e+00
-2.080802610384108409e+00 -7.302096921314454869e-01
-1.318719997588689186e+00 -4.125318034618822516e+00
-1.440669807706357108e+00 -5.976086969716615904e+00
-1.652664898689586437e-01 -1.553969166239905109e+00
-3.908098999757000369e-01 -6.430043296684265997e+00
-1.754153497021740726e+00 -2.907500684287794179e+00
6.145549226016076894e+00 -6.489315968507481713e+00
-2.181756926644136563e+00 -4.660749224046114136e+00
-8.533107200977516626e+00 -1.191046611005876610e+00
3.531914412049580232e+00 -3.419606715274126074e+00
-1.198100415263877228e+00 6.281567340105445041e+00
7.576491984416313663e-01 -3.783433303670693082e+00
8.450577991034732506e+00 -3.263801816946157786e+00
-2.282840260300481372e+00 1.147269137668167627e+00
-4.757045199156939574e+00 4.807035558905305095e+00
-6.836559379949587623e+00 -8.566383954340308637e-01
1.134635631513064524e+01 -2.960774583427286721e+00
-4.075822262737737844e+00 -5.536233332198946533e-01
-7.317195646211651194e+00 -8.572723590969197893e-01
-7.650990050010865851e+00 -1.211745216713030038e+00
1.058673016984565507e+01 -3.779272582210964071e+00
-7.634354215440465552e+00 -2.278673551340537173e+00
4.678857961114841757e+00 -9.398669088391301329e+00
-1.773587531259909422e+00 -2.695018586122101212e+00
7.272522828093775260e+00 -1.104504200088665655e+01
-4.456728092367455929e+00 3.998452958794321166e+00
-5.396736366861324186e+00 -3.383600244932171375e+00
-1.951309312338794566e+00 -4.846170900283294003e+00
-2.716680270282192833e+00 -1.791750768854573073e+00
7.095399947760099302e+00 -1.059162243955075056e+01
-2.399353634121482948e+00 -4.474118173996147974e+00
1.001357298404115781e+01 -4.714722075102272036e+00
-1.317332958444637381e+00 2.268135988722832508e+00
-3.769319994822041942e+00 6.051510464479409102e+00
3.718824110390661630e+00 3.104155760372700357e+00
1.051048876731661075e+01 3.545630353214473729e+00
5.004942814209895730e+00 2.754307545853902361e+00
-1.148223565132731050e-01 3.894814774703574844e+00
8.688698225209714465e+00 -4.034072691108385733e+00
-4.504993282345822081e+00 -1.486640787220513404e+00
-2.696230604518279783e+00 2.161596677565540858e+00
6.061856626279639393e+00 5.227931482959890630e+00
-4.172235979668407424e+00 -4.401302611792522468e-01
7.750086121327008470e+00 -4.658246145749538769e+00
6.347511945570224690e+00 -9.201953502412735020e+00
-1.927034913410090144e+00 -2.306851125594412966e-01
-1.398554145757227918e+00 3.450712770458341794e-01
-4.137680192579828997e+00 -2.173049970744564519e+00
-7.103328719604420360e-01 -4.060210266396010681e+00
-3.803259049460272490e+00 -5.676816054899954445e+00
5.637049615365257615e+00 5.597056863107484403e+00
1.159599387926288916e+00 6.638734108609615880e+00
-6.539459826488667193e-01 5.232612846879929336e-01
-2.951174083621394661e+00 -2.473541281922867263e+00
-1.804596201418637857e+00 -5.949333770850210534e+00
-4.128807652624804092e+00 -7.644877179109987875e-01
7.030721884100445074e+00 4.717653486303604815e+00
9.592003068205306349e+00 -2.971079800010826055e+00
3.884692247787294050e+00 4.197597499075432559e+00
-4.320685439018859597e+00 3.856898490002580449e+00
6.134684033870590802e+00 -9.417478563861212848e+00
-5.510095394550862835e+00 -1.105078905805131795e+00
-3.507934593366353049e+00 5.713454908323919668e+00
4.932494459728253844e+00 -9.598318406792646584e+00
-3.984056190307978085e+00 -5.200870198958207347e+00
-7.694724855770149752e+00 -9.625575557709311614e-01
-2.488120987690305430e+00 -1.374656038249560286e+00
-9.937021431988850573e-01 -1.881153792918454304e+00
3.338291131503066556e+00 -6.925147695152286786e+00
1.079788821327613224e+00 -2.300804219245073945e+00
7.426271649838019684e+00 5.625180169685624954e+00
-2.695330461575316860e+00 -9.535467033540878656e-01
9.679026690019977508e+00 -7.630502125058114871e+00
7.856201959899166809e+00 -5.239105969975760502e+00
4.772067852226390627e+00 -8.796785667779401408e+00
-3.297460053273955083e+00 4.771251613909861078e+00
-3.279653637735242988e+00 -3.677826647286223327e+00
5.400709385736185197e+00 -8.982033419465491164e+00
-6.912118388173333905e+00 9.341548553661578325e-01
-7.815422394171515075e-01 5.848488424412156661e+00
-1.672501927423977630e+00 -9.154083015389080646e-01
3.918900117628887347e+00 4.918151741408505195e+00
-7.420109152312773126e+00 -2.328052096510706548e+00
5.015784717844844476e-01 5.258445862966791395e+00
7.546717459800595051e+00 -2.373317063141027639e+00
-1.975950362554618867e+00 7.497068469939311086e+00
-1.128950854373130142e+00 6.116364725775242928e-01
-7.976768361031722598e+00 -8.942832194284270342e-01
9.723644758661736276e+00 -4.217607723878551873e+00
-2.826131598586794968e+00 -7.357803033215262190e-01
1.230936370263518764e+00 -4.456566249528657764e+00
-1.970185947527208103e+00 -7.172757239985437794e-01
-1.806014615474891283e+00 -5.208505429740527326e+00
-1.259763665457378723e+00 -5.127366076957300400e+00
8.923741291792275376e+00 -2.469563860621699192e+00
6.316813207982661105e-01 -5.900557234523667205e+00
-6.421318106032152251e-01 1.937159957748748607e-01
1.007352500083397828e+01 -5.134934409932273347e+00
6.929720393358664410e+00 3.066152787636136523e+00
-4.350699868171520102e+00 6.719336475705918410e+00
-2.901432176277725095e+00 8.441757918534076310e-02
1.117036286125082256e+01 -4.787294616579330864e+00
6.015855018687657818e+00 -1.101698044867451287e+01
-1.422350462007857530e-01 -9.002757770353795319e-01
-1.773334613159136541e+00 4.527929787309441512e-01
-1.177727495124334389e+00 -1.655645639307133710e+00
7.668916067134433412e+00 -4.120829495418322885e+00
3.214086689183222045e-01 -4.636451770298435804e+00
-6.602187446106185575e+00 -2.099454345138231925e+00
-4.344650434635596525e+00 -3.323430029896198845e-01
-1.303209373403200422e+00 -6.155184289878238957e+00
-6.342404198540330107e+00 5.104830194046680703e+00
-8.697684050857056093e+00 -4.451935267592369572e-01
2.357745651307139312e+00 -6.718210537327779619e+00
1.169994107730938993e+01 -3.304626545025827866e+00
-2.617391741855076059e+00 -3.293247901349769524e+00
-2.385708322932225123e+00 6.834281981577550180e-02
-1.021525029780555371e+00 4.692604006985656717e+00
-3.118872655150097373e+00 -1.499431334297560925e+00
1.945377065823632456e+00 -6.325667663222539261e+00
-7.354460154917466852e+00 -1.499588343633176279e+00
7.616521460787600617e+00 -3.970482024265082455e+00
-3.587581055528827889e-01 -6.304368428141844838e+00
-2.195315307631823476e+00 -4.120880404450885104e-01
6.117449533835165099e+00 -1.008585617619041486e+01
3.833610982944986922e+00 -8.346258745850139604e+00
-5.541842250800268488e+00 6.175160225268209402e+00
1.009721073864936791e+01 -3.664009313048854022e+00
6.367810631041660230e+00 -1.204822247360996457e+01
-3.218422026707425054e+00 -5.460743998436460522e+00
-1.072571087562042669e+00 -4.776984870853382859e+00
5.426922960589260825e+00 -8.125850737588617534e+00
8.864161849904915513e+00 -3.099022491273850655e+00
-3.200112505317076028e+00 3.457205169126107425e-01
5.859660817249066511e+00 4.377647756669968082e+00
8.921964847598001569e+00 -4.119123949540167473e+00
-5.258758320937539033e+00 -1.465682106622132608e+00
-1.856949272959548480e+00 3.989555094307317695e-02
-3.065488559681238456e+00 -1.025676101472805968e+00
-7.066421889614576735e+00 -1.772401230610494816e+00
-3.142657898928591820e+00 7.463509869314195910e+00
5.812229339110201565e+00 3.888106589678210323e+00
-1.630354770986452317e+00 -5.231006673169966703e+00
5.745021818596640628e+00 2.925611073527300654e+00
-5.614554630361128673e+00 -1.473624922132100501e+00
1.017361796061238266e+01 -2.326317288203619604e+00
2.625874438215009654e+00 -6.158800282573744234e+00
6.125307572716234716e+00 -1.074797189092425320e+01
3.617252109707493890e+00 3.808594136675317987e+00
-1.439444123314447488e+00 -4.632460197264139268e+00
-1.928668130590830643e+00 -7.142442700240303033e+00
-4.668742400604916298e+00 4.898754448493058966e+00
5.596712620545067907e+00 -1.094175436956442127e+01
-1.845604339515798609e+00 -1.447465218603814385e+00
-5.855806250622606512e+00 -1.536160216105442400e+00
-5.733998164809701592e+00 -3.412909532005834023e+00
-1.432618230076701193e+00 -2.493145070479590331e+00
5.928194796232189034e+00 -6.641520971420234787e+00
4.855298958786169017e+00 3.619564613421944799e+00
7.102414752746645243e-01 -3.204220758854956941e+00
-5.358563613712258089e+00 3.741337159360509368e+00
3.566398459573553392e+00 4.421653836880193644e+00
-4.395333549463977807e-01 -6.605620563591013017e+00
-2.349044162863395790e+00 5.376190160496197024e-02
5.544415349888714317e+00 -8.739917613191197532e+00
-4.748356829525735456e+00 5.476211346811903802e+00
-1.456954122154415554e+00 2.136791607969835027e+00
2.686939436507000956e-01 -4.532717823901078802e+00
8.607503456082744364e+00 -3.027266533183704755e+00
4.919213327343934239e+00 -1.063807339394789686e+01
-2.649213085367737364e+00 -1.945077059467441583e-01
4.067197929997172778e+00 3.212691175420831158e+00
9.296176805824421407e+00 -3.342774197775319145e+00
9.051337270892998887e+00 -2.064559981805441424e+00
-2.409634585727252976e+00 9.690500591200628122e-01
-6.995682094995117950e+00 3.585917876221984990e+00
-3.800805655887286694e+00 -6.148792960970042465e+00
-6.104847886669454438e-01 -4.815761041217597516e+00
-2.819117708946373480e+00 -4.524462322386385793e+00
-3.306304343931337097e+00 -3.114389270145860422e+00
-2.080440359256872096e+00 -2.959931968401340541e+00
5.089480760126095404e+00 -8.002084677987792105e+00
-2.148265292428960915e+00 -1.360622099655210082e+00
-2.130675034900233911e+00 -7.633701508109350442e+00
-1.610068941207068338e+00 -3.574686434839910554e+00
4.615277052065043240e-01 2.431767815368161223e+00
-8.240271671394497233e+00 -2.301797734995204792e+00
9.710772881158657555e+00 -2.616916167202791854e+00
5.711395637225639810e+00 -1.090345230844094182e+01
6.918804897421597655e-01 -4.912986980850601704e+00
4.025157311023090934e+00 4.868461659208970893e+00
-3.362002568717088025e+00 -2.555578740950439354e+00
7.978666405270350204e+00 -4.234183075108153282e+00
5.617639590167934571e+00 -9.246942103329420348e+00
-1.288515756304249527e+00 7.327314630957440400e+00
-1.981235913631819834e+00 4.579381524077038357e+00
6.146292787630369681e+00 2.238381689460911428e+00
7.624005713691913044e+00 6.719724787633014174e+00
-1.878910015758586072e+00 6.466595729487125688e+00
2.274905888784985564e+00 -4.451086548044802527e+00
-1.914476112540092645e+00 5.487663002432086046e+00
-1.112388466463212877e+00 8.241184173878902897e+00
5.888501685577717026e+00 5.058263125703722274e+00
5.755393463481659033e+00 -7.263728286389810940e+00
-1.502825717675005279e+00 -8.776532072031606901e+00
-3.042393688424464226e+00 -1.082360651817707797e+00
-6.811981834466843466e+00 -2.374326241046186947e+00
6.250295453882721119e+00 5.923545686891220186e+00
4.197374137497178026e+00 4.898983681156497738e+00
-3.171855645034067805e+00 -5.355053661460473791e+00
4.973002940078741219e-02 -6.481885350232029275e+00
-5.171282650901902755e+00 6.870542031337754096e+00
-6.832311522483272004e-01 1.762159377938260274e+00
-2.127431075625485946e+00 -3.398695986020150439e-01
-5.590241547920952847e+00 -2.067831198318660579e+00
-8.158866642180679918e+00 -1.544888339101745389e+00
-3.711977954403227642e+00 4.900319572080799269e+00
5.807583487060004934e+00 2.257672468183709036e+00
3.915769261458542871e+00 2.840692006756033727e+00
5.470095658652859960e+00 -8.533155504249219092e+00
-2.443424634111842408e+00 -6.451501861105882973e+00
-2.241502299312997604e+00 -8.475326485316180936e+00
1.273789510416382109e-01 -3.366072707979482992e+00
-4.918768881651250702e+00 1.822728670904753212e+00
-3.139429084180785701e+00 4.797241656573080881e+00
-3.376341166364919211e+00 3.452787994635388991e+00
-1.324988070964606024e+00 -7.698077203080393893e+00
1.689106772397996448e+00 -3.641556771920787305e+00
5.605149479901826659e+00 3.866910071479531474e+00
7.717360461651242787e+00 -8.059474695717739223e+00
-1.323865377683680400e+00 7.046031633772260605e+00
5.694414142490512809e+00 -6.455763189855760587e+00
1.022543211442260969e+01 -4.825027205671672981e+00
-5.055828104729694239e+00 6.584929537126068766e+00
5.887415320378607930e+00 4.062638550449726438e+00
-1.619755592693348234e+00 -3.045585552007870511e+00
-8.910662625449113916e-01 -7.129020918111654836e+00
-5.539269922612360730e+00 4.710194097838265925e+00
-1.155418832694960596e+00 8.090224658798922164e+00
4.412232582383968094e+00 3.959705951953156333e+00
-3.474542039490020162e+00 8.716857863155715869e-01
1.373337790416588877e-01 -5.643846904511901741e+00
5.905634590772139703e+00 -6.462883819322135182e+00
2.263537642556563423e+00 -6.032628815282102153e+00
9.996297541533804676e+00 -1.946450679488957336e+00
-6.965819087294279122e+00 -4.562891613755520881e-01
8.212225227271780170e+00 5.302207940116393736e+00
-5.497711828927254629e+00 -2.832913310498972326e-01
-3.523007191008524330e+00 5.741411293419993456e+00
9.755878844424218599e+00 -5.090189074827608628e+00
-3.833655697797407669e+00 -1.485227313494626777e+00
-9.313714729543054460e+00 -1.963025742676144381e+00
-3.980350153663068102e+00 5.390029017351848140e+00
4.930119341506878250e+00 4.169250901100923556e+00
9.945678566277218025e+00 -4.825573933591508435e+00
-7.155934735128542279e+00 3.944747143639808939e+00
-6.655554452531710297e+00 -2.088965039475262131e+00
9.439000279466538856e+00 -4.952246660639037401e+00
8.848341192326715898e+00 -3.069691209552086075e+00
8.645413456894043946e+00 -2.874652371836282860e+00
5.231386955130705729e-01 7.945092842424969604e+00
6.119960229750483371e+00 -7.779178141474996089e+00
-2.660604580981503986e+00 1.837609183987531924e-02
-6.009601061250926080e+00 -2.140917654936536074e-02
-5.575200691589239810e+00 7.184836491778334278e+00
-6.742513930798706978e-01 6.305538601028574774e+00
6.059511251695729683e+00 -9.090709731408869843e+00
-1.778857572527672515e+00 -5.430896805823062223e+00
-1.006753204996623463e+00 1.404825706344959180e+00
5.748227886837759648e+00 3.910005657027280979e+00
-3.330426325741998816e+00 -3.002097165856723926e+00
-1.028958056503879170e+01 -3.099754560498072742e+00
-2.629723542117156754e+00 1.002040382306967903e-01
-9.913755037225835398e-01 -4.616292974957485473e-01
4.527871832438536082e+00 -8.964891631901410918e+00
-3.528931095825507569e+00 -5.768934216791476999e+00
-2.499469016495312168e+00 6.452045273549267712e+00
-1.065936859372543122e+00 -1.559289430853222358e-01
1.120565511071859888e+01 -3.163689941817555695e+00
-6.296190982097225941e+00 -2.433519320503290118e+00
-1.671348401748508739e+00 -5.835275171714561893e+00
9.745143565683395792e+00 -3.365474792155240813e+00
-2.601150358716964206e+00 7.567401268405451464e-01
1.981885149970166626e+00 -4.392789189793719906e+00
1.041881460225279099e+01 -3.897358513396405044e+00
2.996565538956357688e+00 -9.940903566746273512e+00
5.481974300281958534e+00 3.684181721484880434e+00
9.147771227570142827e+00 -5.058452676916707524e+00
1.236543795896483289e+01 -4.022472373581943650e+00
-5.492783639950729935e+00 -2.017702872528464031e-01
8.586042728778931377e+00 -2.985010601655300633e+00
-8.726059741222947919e-01 -4.171180450831014852e+00
-1.651412562718466148e+00 -6.300906005323839709e-01
-5.292567565401313345e+00 3.174945181206286549e+00
4.671272504681449611e+00 4.506896236593843419e+00
-2.313474178561938821e+00 6.247252829337720748e+00
1.914558861920969468e+00 -5.505906966758873367e+00
4.683318508901440858e+00 -1.139451485638340245e+01
1.222012258278980923e+01 -2.419038121437459665e+00
1.949272984743620540e+00 -6.010500512762067871e+00
2.223868757440476074e+00 -5.007418780724970375e+00
-4.872561463942515214e-01 -5.967299997072442963e+00
-4.061836613922933381e+00 5.082262539466814388e+00
-2.453713695192005773e+00 8.386735975978520941e-02
-3.365079734907351572e+00 -1.510773624711943430e+00
6.627691909171998574e+00 2.928127595622795010e+00
8.785046116539110272e+00 -2.497307477284302912e+00
-7.578125414368516388e+00 -1.164911651533401704e+00
4.069605583303464336e+00 6.374735526843416267e+00
4.589018658660064531e+00 -9.524463647206687256e+00
-2.565416357194136410e+00 -7.425919822925854064e+00
-2.756378295240731191e-01 -3.895972849122325776e+00
1.057923917038634087e+01 -3.318844919760937984e+00
4.279633772324224594e+00 4.108244512615208954e+00
6.905079011438783887e-01 -1.984503071111754835e+00
-2.647430912308546880e+00 4.004732846319742023e+00
-4.580533356581128146e+00 -2.112655551902810735e+00
8.093202853947097708e+00 -2.928979931046925334e+00
-2.644361533303956957e+00 -1.886653593865023737e+00
-5.764217022530284673e-01 -5.539419571779986562e+00
-4.323245182208690807e+00 -6.535857142537349063e-03
-6.773413598658816426e+00 3.787400950738172511e+00
6.670000923653605973e+00 2.791952582098661928e+00
-1.075009790334920723e+00 6.953460215497183405e+00
5.841751990083383639e+00 4.166352832736291312e+00
3.848516338947266746e+00 3.680052514022323251e+00
-5.992050784033642330e-01 -5.624097341812512418e+00
6.545794954973811031e+00 -1.020808260790328426e+01
9.918588322442372096e-01 6.709350317882108783e+00
-5.126994415410072392e+00 4.956086361376575766e+00
-5.209649882692104050e+00 -8.180842104375444235e-01
4.383308724767746689e+00 3.926106642788739443e+00
-2.065150014003710233e+00 5.742207714952082931e+00
-1.184255277082614022e+00 -6.997203849551754118e+00
-1.147027073806294872e-01 5.822085034628791789e+00
-4.779913308925600290e+00 7.636499705737764820e+00
-3.026932441128019846e+00 1.756259489134881058e+00
7.070594413493341612e+00 -9.881957536845606072e+00
3.306497272487484151e-01 -4.243763022105579097e+00
-3.864924954277300984e+00 -2.228420357398875229e+00
-2.965905675526348872e+00 -1.464718326587055364e+00
-2.640783378685100935e+00 5.711816111675322105e+00
-1.449455151707353062e+00 6.553651576544845092e+00
-9.572160926709241124e-01 8.112159564772152720e+00
5.149665104410868111e+00 5.075094837336076914e+00
-4.968924704769846379e+00 5.288795738526125945e+00
-1.489009097032567563e-02 -3.486951272803022306e+00
7.057137844043841035e+00 -1.083732254696930397e+01
1.080092503314489472e+00 -1.956820870945036539e+00
-6.878251453695684248e+00 4.853569808578677147e+00
4.247895686755076561e-01 -5.921758996580756218e+00
1.086766013080020343e+01 -3.768120780596641684e+00
-2.116450569673966164e+00 7.702143495125524097e+00
-3.528770025712403502e+00 4.784032208887537330e+00
8.196597827181182794e+00 3.820199809546484637e+00
-3.881405708214240136e+00 4.303047364653083129e+00
-5.953118811075771788e+00 -4.327260478818344414e-01
-1.582035022824151760e+00 8.038828439048366192e+00
-7.787991684232326017e-01 8.434900152626740422e+00
-2.703340742862485158e+00 1.992360237299119596e+00
9.202647033195667348e+00 -5.608156116292717819e+00
-1.028362804144222764e+00 -5.571264546242294280e+00
-5.263065455585556940e+00 3.796839872160487239e+00
-2.993389763969809714e+00 -1.171555719391343953e+00
-6.942844793302602735e-01 -4.788233454780658427e+00
1.982604372188319086e+00 -3.441620297707016718e+00
3.139907356427665608e+00 5.653948669145200334e+00
-2.432561150088132784e+00 1.804172761011013648e-01
9.763238110508715151e-01 -4.991193505016395804e+00
1.811731597293291252e+00 -5.844237413023993355e+00
-1.075101272747430725e+00 -1.464465468773577417e+00
-4.925660988744517077e+00 4.634171990464799329e+00
7.023624281157885285e-01 -3.925420714110144704e+00
-1.154017537889543865e+00 6.092273849634893601e+00
-4.594634535794264174e+00 5.047991313255573154e+00
-9.354853115579824241e-01 5.741229160586834190e+00
6.359686582372204633e+00 5.471998467744963790e+00
5.081357202125103889e+00 -8.478249020392759405e+00
-3.988029223219529129e-01 8.097969633795246480e+00
2.589689681471516458e+00 -4.160015785591751225e+00
6.036856132384915696e-01 -5.141773973281494214e+00
-2.053695659786170413e+00 -1.484435727306557151e+00
-2.520672534407409682e+00 -1.659489676076371989e+00
6.036373710266359716e+00 1.020784686765523031e+00
1.093824164569605850e+00 -3.499553006559144919e+00
-1.534479001348677762e+00 -1.077480994126630787e+00
-3.785892077904462472e-01 -6.657219292553385515e+00
4.643483325727276068e+00 -8.830141709094609936e+00
5.351834142519466653e+00 5.208982976113705199e+00
7.027120528634012153e-02 -4.669905151626075224e+00
1.010553988332832631e+01 -3.170150065317497656e+00
-3.688330687150435327e+00 -2.050802985686443147e+00
1.298540118375486996e+00 -5.807466982822947266e+00
-2.786638526537394078e+00 -2.384552946929585637e-01
-3.893659117692802152e+00 5.304859631206872095e+00
-2.754707169191008553e+00 -1.771384628958605267e+00
2.777240079290873354e+00 -4.122209730966313934e+00
-2.256211029661186807e+00 6.958497975683011205e-01
-8.492643301966302793e-01 7.102394064540304974e-01
-2.155133858228928112e+00 -6.131829914734405307e+00
3.639578611450374979e+00 -1.014588705935239155e+01
-6.456890112981359842e+00 8.854015342973284852e-01
6.736995814707026575e+00 -1.032426149051051389e+01
-1.296970948083433717e+00 -1.651503737258321447e+00
9.247814705215020581e+00 -4.376905339466215850e+00
-6.481618494003020814e-01 -4.774796619288114385e+00
-7.019217105607657992e+00 -3.402495289174994886e-01
-6.154066183381958766e+00 -9.138060182372065299e-04
9.398353056769490621e+00 -1.451909481930911738e+00
6.282534483456807983e+00 6.465198629703781563e+00
-1.213058199115322200e+00 -3.782624989720030140e+00
-2.742079367004135459e-01 -7.856152592684818359e+00
1.361034179511300568e+00 -4.392283243365096013e+00
2.203997945952965942e+00 -4.432516511979846641e+00
-3.716805882498171787e+00 -2.485652918680013812e+00
-1.280774121819690414e+00 6.801201894210942456e+00
-1.914749512115636820e+00 -4.452330880549122405e+00
-2.559250897972046079e+00 1.479332493596544618e-01
-5.579289394729972429e+00 8.752036859889407161e-01
-6.849895695288732433e+00 -8.654139354156279440e-01
1.016061242646024176e+01 -3.056727076115347330e+00
-3.104762973954089400e+00 -6.261846759095914372e+00
-2.010443184503927228e+00 -1.395707323206944128e+00
9.507793215690579558e+00 -1.769753863421748008e+00
-2.885642347755164039e+00 -2.725966038410522874e+00
5.675194297663377796e+00 -9.515954478037988551e+00
-8.314407437208592100e+00 -2.348944369913601449e-01
-8.238941811489615574e+00 -2.070476017820865433e+00
3.890723759456817810e+00 3.881047154711044112e+00
-2.543481515160769924e+00 6.027706407354116003e+00
1.553648973500658226e+00 -5.511758515994648278e+00
1.011758382326766847e+00 -6.745646033359343541e+00
-1.667682708678872361e+00 8.535080395943410725e-01
8.229960671391660654e+00 -3.568202299645915510e+00
2.037961381647859227e+00 -3.370249077229358736e+00
-4.638569162916840405e+00 7.180689027659566293e+00
-2.527001912710646003e+00 -6.382545537151082193e+00
8.430404970606525383e-01 -5.175082360725778763e+00
4.064271570542696832e-01 7.637525345293907364e+00
5.250507896702987232e+00 -8.827926762735261335e+00
5.217649708063431646e+00 -8.667057174881865222e+00
-2.059916022834118454e+00 -1.820454000275838258e+00
5.321713059926031164e+00 -1.052732742443810565e+01
4.005152257958887185e-01 -3.256221487840634143e+00
-2.320344981165065601e+00 -5.797197579051848182e-01
6.946563728531842230e+00 -1.212573225466720928e+01
-2.504808680414677191e+00 -4.438535880093862573e+00
-3.633916709507063469e+00 4.525741096359681137e+00
-5.247482123477768212e+00 -1.103282779498691024e+00
2.727524003030679989e+00 -3.813572435196116217e+00
5.662487401932625453e+00 -1.090258633531425403e+01
-2.037612287674241518e+00 2.814075996743019559e-01
-3.793405478086747440e+00 -2.036884208937291163e+00
9.960355742511536548e+00 -2.908601107525291329e+00
-2.774976513901164843e+00 -2.798255363796378070e+00
-8.601760295220237662e-01 -2.465807100805613938e+00
-4.285860701371956294e-01 6.458112219272751808e+00
8.800144170890833450e+00 -3.094331344314513288e+00
-6.427551094440918433e+00 -8.283981151070467508e-01
-3.238673558094758320e+00 -1.121985650369686116e+00
-5.878300736331135923e+00 4.881094769279807011e+00
-2.111904565965054381e+00 -2.848599003892533510e-01
-6.204831924554903289e+00 -1.842912587463040985e+00
-1.561568506758565622e+00 4.057036419015287443e+00
4.863272159080717083e-01 -4.051335035798219408e+00
6.222294926960187489e+00 5.040337991599458611e+00
6.757476237588747381e+00 4.785760496882780934e+00
-4.670593552502066537e+00 -5.525438495883769896e-01
4.492791445703491426e+00 -9.705898908919971646e+00
1.097526790805686225e+01 -6.547481722329269616e+00
-2.477960351440731124e+00 -2.602856038538196248e+00
-3.063061917118645283e+00 1.527492221088687430e+00
-4.676433635911150688e+00 -7.669798630203473522e+00
-6.623890151630937861e-01 -2.290977333436290841e+00
-1.383372579732387031e+00 -1.022093671685550209e+00
-9.094249266263301212e-01 7.634370130795591347e-01
-4.056688656984558383e-01 -6.768671255060668912e+00
8.992900045641912143e+00 -8.197311658019290626e-01
-7.725124645956560343e-02 -2.526802016105633264e+00
-1.444710258325296204e+00 -5.763086092507853309e+00
6.741157864939039790e+00 4.714289528761364423e+00
-1.067207782945175598e+00 -4.581787683749581674e+00
-2.164353700133338165e+00 -7.745102265129576224e+00
8.417399009864817927e+00 -5.093983567308870697e+00
9.164950708454185246e+00 -3.793641111145463540e+00
-2.699375506284071857e+00 6.576165816851918144e+00
