-5.422172771498694033e+00 -7.199834065357113566e-01
6.465730018628919495e+00 8.697404855776525778e+00
1.545635624064799263e+00 -5.195372568441427141e+00
-2.191609784993917565e+00 8.675996729311563627e-01
7.710754047573066927e+00 -8.965312452891641470e+00
-7.240546629937131939e+00 -9.155627753010752157e-01
-3.612634816781011615e+00 6.847751795306664668e-01
5.085871860047248560e+00 -9.234674820608811174e+00
-2.322441517797276589e+00 -9.334637080167600409e-01
-3.207010779430030212e+00 7.598305309597090940e+00
-3.762212057676943999e+00 -6.888706910499086788e+00
8.126223495923539986e+00 -4.261788360848709267e+00
3.155651857523435577e+00 -6.582953555503781473e+00
6.934874282970859838e-02 -6.366842724349517368e+00
8.564896026658043837e+00 -4.287772600944153467e+00
3.206724907692354964e+00 -9.114807697991128776e+00
-1.018593422554502137e+00 -6.656159667055874252e+00
-8.674348421250430263e+00 -1.992985446936649696e+00
4.049058353219117556e+00 -9.207987277682063265e+00
6.104689170395751319e+00 -8.612114979615133947e+00
-2.879851145214560759e+00 1.891229804051615115e-01
-8.348531942206507406e-01 -6.034686523745486753e+00
8.229803160609712620e+00 4.823337320235606462e+00
-3.412155439212811725e-01 -2.601347071217839257e+00
6.203733365958243873e+00 4.240226477935455485e+00
-1.856688031429018615e+00 -2.438046431077961262e+00
5.640910941977987925e+00 5.615823087950791326e+00
-3.575442484249898634e+00 -1.051761278761186080e+00
-1.366865254564985310e+00 -1.315106404222808667e+00
7.793338447757266474e-01 -4.595288491473525028e+00
8.473867320285807025e+00 -2.197178122082491747e+00
-4.716399280624380630e+00 3.475382336925498361e+00
-7.029436664235122478e-02 6.023114680149732614e+00
-5.246157288430966403e+00 -1.697599007440216301e+00
-9.519304191621605904e-01 5.857649897681358020e+00
-4.386810554943712859e+00 -1.556140054203291267e+00
3.983828269867247585e+00 -8.382363715810440041e+00
5.735154571659171197e+00 -1.016097338351114310e+01
4.620720769623969382e+00 -9.591300273032674184e+00
7.921062220790510144e-01 -3.075940587827515671e+00
3.570835140828649834e+00 -1.016900096651649932e+01
6.325174983790502026e+00 -1.003771313590772429e+01
-8.512479449536725085e-02 -1.510998034288880465e+00
5.373201042648779513e+00 5.646520820257116213e+00
9.537245223112911674e+00 -2.387723987542374360e+00
4.323035543785472834e-01 -3.698188869420758529e+00
-1.736209584912998150e+00 5.245376266587122860e-01
-1.322038387444349761e+00 -4.837287677078885295e+00
8.599959427352468211e+00 -4.494237653115209952e+00
4.808921475981819960e-01 6.672810573619120333e+00
-4.389617398036975260e+00 3.301115645327439285e+00
-1.352003045960692651e+00 -3.418049475834892270e-01
-6.363759851323107952e+00 3.927936860450443657e+00
-1.430934560797676447e+00 8.221268357342561561e-01
6.740685586739351365e+00 6.330490780329760092e+00
1.170044173886813965e+01 -3.536171231061057352e+00
1.043590454650035504e+01 -3.621425456421401901e+00
-4.606262603243070686e+00 -1.604868264636378550e+00
-3.717528946182499183e+00 -8.079960595930801848e-01
-1.459549722828798135e+00 -6.535729892691494847e+00
-6.495177286039057307e+00 -2.422422256922223127e+00
-3.635458197382451129e+00 2.921989441351666272e+00
6.534077336598414831e+00 -9.420668179965362654e+00
6.586359006237033853e+00 -9.360975770168439070e+00
-1.342528017319762457e+00 -4.364408554030068110e+00
-1.198790602546004891e-01 -9.821363934288509512e-01
-1.473714641703986361e+00 -6.934986901370107759e+00
4.710404882329877196e+00 4.125576217434792525e+00
-3.142970758552342758e+00 -6.000635292236386142e+00
7.237338997413789166e-01 -3.611082442141508864e+00
6.771127388913087408e+00 4.456486955186759857e+00
-3.625886241190706016e+00 9.835733588411432748e-01
-3.977255941993414368e+00 8.498120690910966335e-01
1.956356987135206005e-01 -5.795248022473465932e-01
-2.452077168913686656e+00 -1.245822359044688632e+00
6.679150421750766897e-01 -4.939941491322508149e+00
9.086078799490815427e+00 -3.516863388439384064e+00
1.101272336593225099e+00 -3.226890942440073129e+00
-3.764081388296608432e-01 7.534975052601121881e+00
-5.859017331724732713e+00 -1.196748865956277275e+00
3.953557722677901509e+00 -9.672752344362926635e+00
1.034179076859621738e+01 -3.065498974515527220e+00
-2.090427214226405539e+00 4.491100657581355904e+00
6.661288904297139268e+00 1.329612971597840421e+00
-3.611898400561914801e+00 2.592895564700766542e+00
-3.355543812728351227e+00 -4.701130323353986284e+00
-3.609919448617071591e+00 -1.953333945536810390e+00
-3.619977915919998956e+00 -2.014378532932230570e+00
1.019740198781215801e+00 -3.497277932475066020e+00
6.018055226834098548e+00 5.127624719532245301e+00
-4.560214021206631330e+00 -2.628883501588602734e+00
-7.980391599676494252e+00 -2.281630622700513200e+00
9.329811031778008967e+00 -2.593191013102103426e+00
-5.940839506848584861e+00 4.573970600119014129e+00
-3.061183500196025253e-01 -6.418691487154706721e+00
4.285033814345219128e+00 5.651435188009983790e+00
-5.627217719224004711e+00 1.773669696965012310e+00
-2.120188475068829348e-01 -3.976677043438317849e+00
-3.051886401592710296e+00 -7.919360041085091950e+00
-6.183943629595221481e+00 -9.444732820622552261e-01
-7.561099963357234444e+00 -6.989685980648077113e-01
2.128118691111117178e-01 -2.888633217687144317e+00
2.568491595757278034e+00 7.173555854961323419e+00
-1.776043780521239235e-01 -4.162004318696288507e+00
8.700001097663577099e+00 -4.498403985440343256e+00
-1.235758315072348346e+00 -2.007806559983128736e+00
1.554077287368906823e+00 5.834815007066194603e+00
5.335280627645158980e+00 3.400827285351780027e+00
7.915941876988229708e+00 -7.945755681862989306e+00
-2.215284763967207748e+00 -5.995408124953303108e-01
-5.413358594082069430e+00 4.560391369415827789e+00
5.569917722298499463e+00 3.886250185279323865e+00
-6.015253059810838465e+00 3.830787135484734485e-01
2.775995084291623449e+00 -2.428919489174597324e+00
6.421460511609522470e-03 7.168414012990239392e+00
-1.219498703063392364e+00 7.106773532979720365e+00
-1.745016004180821589e-01 -4.779862327626906549e+00
1.260321900782781945e+00 8.585652535288012643e+00
5.212290510600511517e+00 -9.823007241681429136e+00
9.381928984859200682e+00 -4.104234110701582061e+00
1.324461989186373145e+00 -2.269664027125118722e+00
-7.189439385742511845e+00 -2.518620406386009591e+00
7.831817212866508449e+00 -3.077263819506326215e+00
8.599593034277614123e+00 -4.024018345628218363e+00
4.276636590430193507e+00 5.196658553905913358e+00
9.034887505799572338e+00 -3.070160776672723912e+00
6.221552887159026213e+00 4.557317395090179524e+00
-4.240697796078891635e+00 5.053216402590028800e+00
5.990306672431069401e+00 -9.891267636598700008e+00
-3.322703815646734338e+00 -3.487288391615201988e+00
-8.470665652572366700e-01 -5.537502025747882417e-01
5.309113081151020097e+00 5.525960409669757212e+00
-7.389255020649843964e+00 5.220672682071263004e+00
1.093514560912849376e-01 5.679563184413159327e+00
-2.970879461033960389e+00 -2.330914352122703814e-01
2.917329725726637069e+00 -1.149102973977878861e+01
-9.722330120070776793e-01 8.621755311150735679e+00
5.423103601240581995e+00 -9.630591702969955037e+00
3.304121403280335656e+00 -8.539771127800658945e+00
-6.309334906299014278e+00 -1.046405345242248597e+00
-6.203477525770187739e+00 -9.567154396179131659e-01
4.020859173774578466e+00 -1.013402973910992699e+01
5.769114425719561456e-01 -5.317489538242888614e+00
2.886959903391248972e+00 -1.279102445197834559e+00
-2.407689960375765548e+00 -2.749012679016751282e+00
6.780594939369156471e+00 2.709057954855664363e+00
8.488417542489969492e+00 5.081969532518072263e+00
-1.852340136572281359e+00 -1.757855327273691870e-01
-5.160594206287283825e+00 4.318237835467852115e+00
-1.570852756135211026e+00 6.043625976082345197e+00
-1.603406190876849102e+00 -4.430498524255974679e-01
1.038441633893924632e+01 -2.200936133413973650e+00
-7.570404748852418209e+00 -2.623056088656296581e+00
6.499767000083259028e+00 3.524469323472784410e+00
1.018915104654442061e+01 -2.039000599615888198e+00
-4.788650043231286180e-01 7.136737066850193045e+00
-1.753129537722118103e+00 -1.111218837491138256e+00
-1.741428428290208830e+00 -9.186326116955336740e-01
-3.036158498916721182e+00 -4.929981873480267396e+00
2.300873831140801684e+00 -4.157347989932545396e+00
-3.032643832343038248e+00 5.291692532814579408e+00
9.318025045091298253e+00 -3.326540237840947878e+00
-6.555552891758279488e-01 -4.909618878474884873e+00
-1.701110066215421490e+00 3.948829393598730420e+00
-1.242612735534032398e+00 8.953891221895808883e+00
-4.241013005929688440e+00 3.855582617368782827e+00
1.400404370283957256e+00 -6.023452026872099907e+00
-1.848937520150088165e+00 8.804240275014464601e+00
2.416230689983604130e+00 -5.767440689746945459e+00
-7.796384873673535054e+00 -1.425490727852665618e+00
-2.450966446022536882e+00 8.770062728643024386e-01
5.638727247602598247e+00 -8.938686738577032997e+00
-3.774260409249083015e+00 -3.640184774316076677e+00
-7.234404774596302268e+00 -1.677745477462468049e+00
-1.959800422426739352e+00 4.930403472030688405e+00
-6.058650504183566099e+00 2.290085800023404783e+00
9.352215142889712673e-01 -6.833291635114243867e+00
-1.102842623000145350e+00 -1.810434663441689906e+00
-2.579079269882112779e+00 -2.928253373517167191e+00
5.336336136123872365e+00 -6.681672267554754185e+00
-7.729801337677275619e-01 -7.114957357756033218e-01
-1.521676803392956634e+00 7.479048683305421719e+00
-2.811182950308906747e+00 3.814547796264701418e+00
-3.811457827656715480e+00 -5.492616660370932546e-01
6.340864719917971293e-01 -3.514862415258982686e+00
3.829922224323689672e+00 3.178481909528683147e+00
-5.501217775209686245e+00 -1.883872888993171735e+00
8.966462546964823588e+00 -4.056605245467496346e+00
-1.350787984952319665e+00 -5.578116933148812961e+00
8.918610135141141981e+00 -2.754185940517563491e+00
-2.452348603343870170e-01 5.753960638033592367e+00
8.479106966432908621e+00 5.108298414280649347e+00
8.375727676841913549e+00 -1.019512312950737432e+01
7.302187930218773992e+00 6.124659723197724226e+00
-1.161240127457348281e+00 6.670445252589623841e+00
-3.342293913172937891e-01 1.377339630129182702e+00
6.903163203807682002e+00 4.079787139885546310e+00
6.730934328158991953e+00 -1.073662984292183253e+01
-1.521709203981392644e+00 4.540758905669306511e-01
1.046122819851831309e-01 -3.382001768302500988e+00
-5.438260649853571493e+00 4.278714503254277268e+00
4.955351886846689702e+00 3.258451967134688765e+00
-4.540670855057555855e+00 6.449785233019648345e+00
-1.442516308155516125e+00 6.791570439880060484e+00
-2.406537780461488474e+00 6.095301103679770627e+00
-4.878315249351788729e+00 4.318267196704140609e+00
4.973017775456177958e+00 3.721127961882950252e+00
-4.644479263191642282e+00 -1.035592640669484643e+00
1.078797029047505873e+01 -3.601408695503981239e+00
-7.017446052393634393e-01 -4.687260965361606857e+00
3.940138569022546999e+00 -3.768945206392756653e+00
6.285080023310048780e+00 4.314962806568229503e+00
-1.180573137829372010e+00 1.892726401290090177e-02
-1.294834566205619097e+00 7.902153633429843005e+00
4.767208988441661965e+00 -1.073221029536160387e+01
7.519022775211707810e+00 3.431920784903194743e+00
-2.122910971374798450e+00 -2.397460654840191552e+00
9.498697898207414170e+00 -3.912884716174324762e+00
1.218655515077476892e+01 -5.060352828420983329e+00
-2.399203016311960646e+00 7.082524127131794245e+00
-2.120831819173395250e+00 -2.313414169343476878e+00
9.001613935071516082e+00 -4.448227250161679081e+00
1.101962997702582570e+01 -3.287725468332633572e+00
-1.064583742861374027e+00 6.210277844951848536e+00
-1.863408628317541282e+00 -7.221221437312443925e+00
-2.889817538924914775e+00 -4.253807909849893765e-01
1.283482748554631847e-02 -4.154104229997738429e+00
-3.179938301495662811e-01 6.299336829990868303e+00
2.290905729707466421e+00 -6.769430868023042613e+00
7.102736694902404224e+00 4.813804423867265037e+00
-1.939337455870576488e+00 -1.924533978057297423e+00
-5.387252682763014056e-01 -4.048225971801986844e+00
-2.538785796209890755e+00 8.505637875450743124e+00
-5.038237027757469733e+00 -1.567403553963903962e+00
3.561046436550034056e+00 4.907193183729622099e+00
-1.241608457310094948e+00 -3.897901284788663379e+00
-3.043866438891611459e+00 9.107744526282930408e+00
-2.371947083442803361e+00 -1.526746985525792244e+00
-5.648267916191544558e+00 4.730724911041868985e+00
-2.883139998782851876e+00 4.992535312170486073e+00
1.082284269921698439e+01 -5.086231093630067868e+00
-6.301118050801853165e+00 3.469618366097355633e-01
6.094015997421378117e+00 4.558686914507054766e+00
9.662053727952416793e+00 -3.883417941917361560e+00
-1.634163818727027095e+00 5.504473249027378223e+00
-2.672192219114115641e+00 -5.131631222986717811e-01
-5.895949504208304326e-01 -2.492573534799380930e+00
-8.035268886603073923e+00 -1.666705673475926242e+00
4.509351196291496500e+00 2.141894228024924018e+00
-2.311656635198350962e+00 -5.798073989492994462e-01
3.893829199125613094e+00 -7.883523050512049934e+00
-6.053801513030764525e+00 -1.228491173839709738e+00
-8.819474928868782371e+00 -2.348436734381021296e+00
-1.556517144121598584e-01 -5.020375269069361046e+00
7.211030706316030603e+00 3.767297378659331564e+00
5.550525168456786673e+00 -1.062028079520418089e+01
3.996225236606249176e+00 -9.694090041968626892e+00
8.006024830833052164e+00 -8.514466104827349113e+00
5.993231534130014637e+00 -1.023472584214676395e+01
-5.052169203733432035e+00 4.017150325075006911e+00
1.961923895036597809e+00 -4.480473474219175856e+00
4.816794221925119857e+00 -1.232677471817817327e+01
5.682809809499710596e+00 -1.056800931685393330e+01
-6.687698454433503414e+00 -2.883389869411008277e+00
-2.999195858770185463e+00 1.162998303596742389e+00
-3.151405657410514483e+00 7.024966732777760292e+00
5.178355814811646418e+00 -9.575589827668682830e+00
-1.537187632167020368e+00 -3.319831939765970130e+00
-2.149369444138020668e+00 -1.679675895334071578e+00
-7.648880234064551864e+00 4.829089080510572174e+00
-3.070269936185185511e+00 -8.483060940702008557e-01
8.393117385848356093e+00 -1.003171731253451604e+00
-1.908551328552079207e+00 -7.567725133980995444e+00
-1.090995819485598650e+00 -6.368646477000421413e+00
-2.295130314265655169e+00 3.232173370996489492e+00
5.633396968494054136e+00 4.109834213406403869e+00
1.113844047864081332e+01 -3.031317735430903326e+00
-3.595940735111534892e+00 -2.549461298518229668e-01
-1.282367126316938721e+00 -3.015392005735855641e+00
8.889059068314869805e+00 -1.695184647095227870e+00
8.086590668153602834e+00 -8.529197270277748544e+00
2.116388270980414710e+00 -4.949379896959608338e+00
4.346328503988249103e+00 -9.109776128928322336e+00
-2.035854302690922601e-01 -3.999458709520337329e+00
-2.457376920602301951e+00 -7.537009381849605560e+00
1.184281263337592316e+00 -3.873717065313505792e+00
1.527973686369180184e+00 -2.762249970553654954e+00
-4.376031612262960557e+00 -8.950949942911345936e-02
9.490516470690883111e+00 -2.903676710286601459e+00
5.661786685470053371e+00 3.469275529800401436e+00
-9.704526123316725705e-01 4.344688000157859165e-02
-3.553898167272133257e+00 -3.626633789225798932e+00
7.915596897271827359e+00 -1.025566538942525874e+01
-5.719858609863287313e+00 5.017212134058754991e+00
9.601656118553849595e+00 -4.511595152551368670e+00
6.982181690629314375e+00 5.174921276412614901e+00
4.152601752174367000e+00 -1.491305505149567612e+00
7.193447094507304129e+00 6.016177973961173819e+00
-1.930186269989374814e+00 -1.666620871146704097e+00
2.844474358861067920e+00 -3.530127427435063581e+00
-2.118204776668679123e+00 7.852716784918781556e+00
2.072371971332201745e+00 -4.843937308042957746e+00
5.791397976509079726e+00 -6.791831290925445686e+00
-3.649596832811169200e+00 -5.516643240591411868e+00
7.757749462133434193e+00 -4.428428841363920121e+00
-7.451023662638336376e-01 -5.356373664968354653e+00
-1.722183520788309163e+00 -6.491728179178661406e+00
-2.306912358186000045e+00 -5.062611251897886078e-02
-3.071979797862866235e+00 4.839771578877408942e+00
-2.039682256189595311e+00 -8.134455799720345937e+00
-2.429804023125238910e+00 6.599810651523635663e+00
5.295322335081841025e+00 -7.992406406539941166e+00
-2.772999861536566968e+00 -6.718703152067238449e+00
-4.161575261177159923e+00 -1.546010472087143039e+00
1.014042999052984939e+01 -3.194815650527100370e+00
-7.306873945524611003e+00 -2.044805359620421203e+00
6.077847784422951705e+00 4.236297254104414378e+00
-2.651848284561484359e+00 -2.960570700089317775e+00
1.074032247809462959e+01 -3.465155902121861864e+00
-5.166615929222991177e+00 5.597107264760267320e+00
1.060492759479511982e+01 -3.196431097905263030e+00
-2.447301835525800939e+00 -1.031062451815073278e+00
-3.321170144019701453e+00 4.341370794399661115e+00
-1.517556968002781170e+00 5.611437628511566800e+00
-3.708366386198475695e+00 -6.184328022422148408e+00
1.079492004459658183e+01 -2.515770901973885643e+00
-3.685637066023581099e+00 5.686739310059481411e+00
5.159363528171955871e+00 -8.530143011018516574e+00
7.676964148263504484e+00 -5.199133051291866536e+00
-3.061900996012817622e+00 5.844603610640231039e+00
5.209564930532708082e+00 -9.776807590559482009e+00
-7.197086032609170125e+00 -3.032473412564586468e+00
1.044719231025607442e+01 -2.512790652452269402e+00
-7.201048113035774634e+00 -6.623544378892067819e-01
-4.618267354253514867e+00 -5.290030043824106576e-01
2.223720939159663956e+00 -2.186508065312082749e-01
6.542337754136258177e+00 4.440591761783327485e+00
-2.871788570212143732e+00 7.443300529824422362e+00
-1.090525343616164600e+00 6.470618422736213127e+00
-4.418187427138270396e-01 -5.842216848301964305e+00
-8.161229545754018488e+00 -1.039455535861617097e+00
-1.983542719039778079e+00 6.716592675397810019e-01
6.191559564952095585e+00 5.690571786393745946e+00
-2.690266732159251273e+00 6.947686842012380737e+00
-9.278932887143742647e+00 -3.984932867585155858e-01
9.415947089730163810e+00 -5.985083710592103756e+00
5.200300036672217630e+00 3.662214393576739724e+00
5.699659150651172901e+00 4.980879572034878855e+00
-8.080092085937964796e+00 -1.650645477706604858e-01
4.802225918334425359e+00 4.343721693693701091e+00
-1.452754648122660086e+00 -3.913443075197294174e+00
6.653023645813155973e+00 -9.407568738246261830e+00
-5.348096388856825811e+00 2.634347794637718732e+00
5.731406284992827338e+00 -9.766737762141687540e+00
1.695560552288377210e+00 -4.550537056730052043e+00
-3.584850034193323154e+00 4.944199297670715865e+00
5.531405374468579161e+00 4.981579851286184635e+00
-4.668906697839266151e+00 6.222913311325671160e+00
-4.162909950893284972e+00 5.924110050695049701e+00
-6.883318821549629263e+00 5.403494268648383336e-01
-8.411262040055495603e+00 -2.613555452857659667e+00
-7.720190546306331392e+00 -6.105632148292542416e-01
6.712351106139043289e+00 5.636553923618347284e+00
8.675964221473972948e-01 4.214986721876214926e-01
-7.816932239910003410e+00 6.557659751714890461e-01
1.067209773726030875e+01 -4.110432092197172871e+00
9.971975679754955024e+00 -3.637914140448110345e+00
-6.043936967263269899e+00 -7.807704059216066250e-01
8.766025573343467769e+00 -9.752961251970647893e+00
1.029769625842643954e+01 -2.037922811877468376e+00
-3.962252856199359741e-01 7.400552988821630152e+00
7.486990705806531032e+00 -8.547116560499507187e+00
2.160796677942348420e+00 -2.658643950007163692e+00
-3.599013629696636407e+00 6.659825417243242285e+00
3.890349857274773004e-01 6.300294394154298594e+00
5.603474561701871970e+00 -9.692920805746124913e+00
7.818941110251804716e-01 5.638932892894965576e+00
5.680581335121440922e+00 -8.553249650858925079e+00
-1.109692640089443350e+00 7.066849966492269708e+00
8.854446221414960405e+00 -4.646462261596305154e+00
-7.944348780008920308e+00 3.190894506596901881e-01
-3.919635859645645759e+00 -1.349214026075871597e+00
-3.609803921255791970e+00 -6.684011106017070603e+00
6.127769299283904125e+00 5.179579588335850637e+00
-8.063226994611143894e+00 6.404418244071825583e+00
-2.439296947320775288e+00 -7.116289480018853197e+00
4.234656759996612507e+00 6.804860835245563067e+00
1.268782034366626732e-01 -2.706370049024171998e+00
6.821465851007038950e+00 -9.186828157969451070e+00
1.098573114828627073e-01 -4.690536933065190262e+00
-1.429014045504726216e+00 -6.666255647175065135e+00
1.159657028474508778e+01 -4.704920940566013066e+00
-1.394367156687294607e+00 -4.156182103052953103e+00
-4.973488156871017196e+00 -2.172678531589840034e-01
9.622224311520646722e+00 -5.700272431840538445e+00
7.184345372789098683e+00 -9.881871565084729525e+00
-1.480851307898315650e+00 -2.803996268575900341e+00
-5.043898733308727067e-01 4.429424544201559399e+00
5.064538553377960994e+00 -1.244040175701876194e+01
1.151201336487749138e+01 -3.292712050632038867e+00
1.400204395955007008e-02 7.938900754461005960e+00
-1.209808777788638379e+00 7.627831693795261714e+00
-8.135812768997844557e+00 -2.629345029074083850e+00
-7.413548860327658474e+00 -9.687738105749197359e-01
6.048069348195543427e+00 4.749383502816062474e+00
-5.425303086538637132e+00 5.759642316894847625e+00
7.327122122194820619e+00 4.070912669625203151e+00
-6.900368285557934023e+00 -1.628922759155928102e+00
-4.148924056563442875e+00 -8.429056626392982254e-01
9.741559758986170436e+00 -1.361815804883107273e+00
-4.747104915392985625e+00 5.660036936592310219e+00
-3.121757980282002354e+00 -5.955489209905755033e+00
-5.565746197249336058e-01 6.685604626940738093e+00
-5.375489893405300812e-01 -2.341164180009335016e+00
7.378910510001869483e+00 -1.007238743998686381e+01
-6.295611307497448905e+00 2.874127600673966665e+00
9.811637635258666279e+00 -3.877610782267148171e+00
1.634754784994525423e+00 -4.235162561614729704e+00
-1.913992598850894122e+00 -3.990359643893892638e-01
-3.464730227829852183e+00 -3.460507156357801595e+00
-7.067965958428423789e-01 4.222389364123021238e+00
-1.181445372739535538e+00 8.460642136000343427e+00
4.210887301953039064e-01 -7.515184318756211734e-01
-4.894243681729649964e+00 -2.647304161586449212e+00
-9.634610490478738853e-01 5.462241184535177041e-02
3.804555803907176070e+00 3.572033067265036888e+00
-3.163988200921712846e+00 7.155638824253948371e+00
-7.828458139897627177e+00 -2.886301222380423415e+00
6.466685726595803985e+00 -1.317390249750491016e+01
-2.799428207040390859e+00 -1.865011465768095178e+00
-2.655045111491854737e+00 7.346494380851118500e-01
-1.961784218329236218e+00 -6.445318934265348076e+00
9.127418757018956885e-01 -7.021843905765241090e+00
-1.506235995107939596e+00 -1.312056310090478295e+00
-3.797096141959355187e-01 7.146447519508295265e+00
6.053275612186332921e-01 6.293316101875612301e-01
-4.018622896424634661e+00 6.680394930317414826e+00
-4.982821374071527920e+00 6.021500673181661156e+00
6.878849474003772890e+00 6.255698468402678181e+00
1.173852050349277221e+01 -4.098178227655897565e+00
5.582548542857058926e+00 -9.442056693594645722e+00
5.123393999301951496e+00 3.828088728469198454e+00
-5.313684606119172038e+00 6.787503132294590458e+00
-4.869189242103628246e+00 -3.411071039263762206e+00
7.801424186895980384e+00 -3.696859686019076108e+00
1.062449772701450001e+01 -2.689954123853042667e+00
6.710310664456100582e+00 4.250351738296371806e+00
7.829699268549845215e+00 -9.119531714576650572e+00
5.506437699045563683e+00 -9.037350917215249524e+00
-1.183287821263832917e+00 -4.258795211010593995e+00
5.465013110008390740e+00 -6.919852977601563815e+00
4.943249751923740831e+00 4.067451338185311904e+00
-1.324342909288966919e+00 5.988624819722065951e+00
5.675194934043628514e+00 5.218285187111862733e+00
6.623518072481076047e+00 -1.196548746540080543e+01
-7.319245657597082122e+00 -2.941156419308774694e+00
-2.885312932162272581e+00 -1.400995439150394040e+00
-1.116224286603159754e+00 7.460867675616613681e+00
8.001457249951073436e+00 4.543430951768251624e+00
-8.346850937795643688e+00 -2.378825188867022433e+00
-2.657304061542742346e+00 7.973148270563057416e-01
2.451125779007721217e+00 -5.422458407425151172e+00
5.917340925411319397e+00 5.889787735358192222e+00
-5.384891390689762858e+00 4.730767164738442609e+00
8.921205681096843421e+00 -4.058094391290214098e+00
-3.501482266433544321e+00 5.498466398692018586e+00
3.171411294507206158e+00 -4.514986164220329279e+00
-6.327282656819770423e+00 4.469751593260366640e+00
6.332517592078782620e+00 3.353948137965676146e+00
-6.463087707524411307e+00 4.009561955071174744e+00
-1.131782359532670146e+00 -2.475023926273039798e+00
-5.540634061599842841e-01 4.792675542473293859e+00
5.438790212582700789e+00 3.250977754506621409e+00
1.783117649017519124e+00 -4.123687681649244041e+00
-1.252990286408248055e+00 3.421720853323427569e+00
-2.404688354011954576e+00 5.132556620043827067e+00
-1.962078466654103570e+00 7.938663517538464554e-01
8.629569558415679964e+00 -9.193544524405339757e+00
-5.903901822814621170e+00 4.188661593067475764e+00
-2.929072626335842422e+00 3.187937983845356982e-01
-6.846605683437591239e+00 -2.221860576986763203e+00
5.330887431403898091e+00 -9.754908381582549026e+00
-2.794824955398785171e+00 7.860337582199560025e+00
6.557978251907771394e+00 4.120160544161990401e+00
-3.170797516897992718e+00 -1.153266100919947412e+00
7.549812226445983043e+00 6.800795905137013264e+00
-5.918879403147373708e+00 -1.668449654662643500e+00
-4.544743408467808443e+00 3.564586828135381857e+00
-2.601244911161457729e-01 -2.674235296679246421e+00
8.115183089510435988e-01 -3.785439622125366554e+00
-5.596108789149500495e+00 -2.937768137245133637e-01
3.461792710832348741e-01 -5.889781367599140616e+00
7.482879738660967561e+00 -2.484795033772641659e+00
-4.563976341123501257e-01 -5.283778807107756492e+00
-6.246807149155307881e-01 -6.158614903911655780e+00
8.635605603839890065e+00 -1.010283403351796494e+01
1.531259606861972156e+00 -6.055763496547337255e+00
-1.401428092085369226e+00 -2.236660202282013454e+00
7.766294700015041741e-02 6.560395395420947295e+00
-3.132804091607741537e+00 -9.003278562113185002e-01
4.049433493719689636e+00 3.414923360101048466e+00
-9.286816292491893776e+00 1.883541357582592113e-01
-3.521214513780601685e+00 6.766104387881961557e+00
-1.194256685104690963e-01 -3.222336724856952550e+00
-4.084760282358513628e+00 3.601662770954922710e+00
3.931185015422882678e+00 -1.212494746006292878e+01
-1.969355822336241291e+00 -5.430933047164002048e+00
-4.234550602445722234e+00 4.321087505694744202e+00
1.553357732727716378e+00 -2.750011172788074276e+00
-6.858851180892034272e+00 -1.925201435328478983e+00
-3.536219381592411892e+00 5.887620241852733471e+00
-1.652421055830011642e+00 6.994266400998528255e+00
3.741007002930752723e+00 -7.659827995074133256e+00
-6.860527514290552631e+00 -2.618663750923599931e+00
2.426356439306408319e+00 -3.353987575214820271e+00
9.724035745384222551e+00 -4.306342956322110282e+00
-2.478568322369097299e+00 -1.720137251452402039e+00
1.341538283628582517e+00 -3.912206177689250275e+00
-4.885916027236985926e+00 4.454863920352499562e+00
1.944906644938281914e+00 4.967688825752947679e+00
7.478707469886357373e+00 2.867123742102561046e+00
8.107092238582795929e+00 -4.374710642795377247e+00
-2.351447613377283474e+00 -1.622729198673617867e+00
-6.299348270165439079e-01 4.121695297049922324e+00
-7.396302470563551612e-01 -8.740152168293833235e-01
5.681998621198014909e+00 4.726663079210148943e+00
-1.533849351662402771e+00 -5.410526547977681844e+00
-2.146371249047624996e+00 -1.870690993869026375e+00
5.564175152666149593e+00 -8.621331116344400414e+00
6.352772246474610363e+00 4.388778491347778754e+00
-1.169163181669594209e+00 -4.658173294904369044e+00
6.306704270471401585e-01 7.347642503894575405e+00
-6.087172985955694449e-01 5.758601236635835896e+00
-7.635628119736552755e+00 -2.173440298794374836e+00
-2.513775452015539535e+00 -4.544817696819138941e-01
4.954469607780756846e+00 -9.704332933819536322e+00
2.900808248390137400e+00 -5.186165210143501625e+00
-1.085748881699996282e+00 -8.614572253211489894e+00
-4.575759460959196723e+00 -1.400068907321227130e+00
4.985730663388413753e+00 2.945865538975457998e+00
-5.518073276450897069e+00 -9.707582141723007929e-01
-4.489551938117823937e+00 7.363392245278809867e+00
6.574420307228869831e+00 -9.548827762119683982e+00
7.571331207104204708e+00 -9.608906838772673709e+00
-3.082826351344607474e-01 -6.558132723565632816e+00
6.555747637355557877e-02 7.999184024653462011e+00
-4.061680164339351862e+00 3.191846811293242325e+00
-1.259504453851422845e+00 4.254017798642847126e+00
2.323248655620314684e-01 -5.100031094060759607e+00
-1.230408860256846371e+00 -3.494044198254941058e+00
-1.255373758387286598e+00 7.961433038192926581e+00
-4.384574023605648740e+00 -5.781298741676708097e-01
2.977982969727221096e+00 -3.544252879948873503e+00
-2.011882717269268372e+00 -1.774790281736937425e+00
-7.239755173777041364e+00 -1.091031363986257885e+00
-1.704151781498221219e+00 -5.420928342589549587e+00
2.906844808758601850e-02 -6.429489252452626147e+00
-5.449065086298097604e+00 4.393053543859859467e+00
-4.219195186077975279e+00 7.373651061952307906e+00
-6.140680081668215884e+00 -2.084421124880153187e+00
4.713785178108357288e-01 -4.035484402070478538e+00
5.171328259488554124e+00 -1.015508524471153251e+01
3.582665667507262786e+00 -2.455664002949992764e+00
6.154779255918169767e+00 -6.057319770929606051e+00
-2.729425805799797988e+00 -3.127967287223673232e+00
-5.937726466832188521e+00 -3.638334859146816758e-01
1.035877665382041357e+01 -2.218849241794359273e+00
1.688649064044525971e+00 6.158377877848838722e+00
2.033885109019013981e+00 -1.693103376212759414e+00
3.835090493330754580e+00 -8.361954776894082286e+00
-6.133048883902965542e+00 -8.232445740945358859e-01
