5.049630874473898245e+00 -1.002547454043400776e+01
-4.097385424889909977e-03 -5.246959093233835247e+00
-1.163594220566777748e+00 8.263391276505551275e+00
4.402129720978082972e+00 -7.628801413127000330e+00
-1.648449735106911618e+00 5.092843888581668921e+00
7.428723337866878218e+00 3.912339160385903014e+00
-3.324045535353004954e+00 7.338953036380229555e+00
5.515296257314237227e-01 7.539428537748886328e+00
3.915869410868439981e-01 -3.010243695211874737e+00
-3.464297020876308864e+00 -2.514757320360203607e-01
-4.011378694166898740e+00 -4.485545200930677323e-01
6.145384780048750439e-01 -5.533633306291826592e+00
1.350978842469493957e+00 -2.729959043874659486e+00
6.567533382241987461e+00 3.385045540805375452e+00
-3.765581677626445689e+00 7.096232235732458093e-01
-4.185355604817074138e+00 9.663333012339727190e+00
1.121966583703810372e+01 -2.619179367649122625e+00
-4.717517654683537565e+00 3.624807903583273205e+00
-1.327166183831909763e+00 -1.371728109196464818e+00
6.493464078766382208e-01 -2.439166729426911928e+00
9.082159263397702631e+00 -5.277559469778246637e+00
-2.246670860739742981e+00 6.741334273604344673e-01
9.929033280557018060e+00 -4.140942829188716701e+00
5.667635382541377886e+00 -7.909961712788421195e+00
2.407389319061453925e+00 -4.388437210762580420e+00
6.765507010884206807e+00 5.010793626340274365e+00
-3.707230708291671561e+00 6.439901250272789035e+00
8.688845604653540278e+00 -2.339069738006180010e+00
6.428904391322584289e+00 5.082906651876102799e+00
-2.020284608713899033e+00 6.192013107607297506e+00
1.742467995282391602e+00 -3.525633418024885835e+00
-2.502995166940481298e+00 5.123936412476504998e+00
6.326149623909198993e+00 -1.059169047940123853e+01
9.718219207379364732e+00 -3.191158866926373516e+00
-4.632075339386954482e+00 -4.093404507138378001e+00
-4.617215024087569120e+00 5.809893907340120123e-01
-2.686642516021533034e+00 -7.301292531807749953e+00
5.651658292901296399e+00 -9.485156278041825928e+00
-6.471408193653886975e+00 4.763246926181671448e+00
1.166518922374114631e+01 -2.348225745590099223e+00
6.979618705915254573e+00 5.055944810616884055e+00
4.649523856013537682e-02 5.709292439363148119e+00
9.547524609607098256e+00 -5.720829600907704204e-01
4.969539943323133535e+00 -9.947776515370332362e+00
1.039675735792642186e+01 -2.662026156536153376e+00
5.136777553563664611e+00 -8.181889175873699571e+00
-6.213226750196406911e+00 -4.090695835707387928e+00
2.038583287256086063e-01 8.567459281639946411e+00
1.425428779993501927e+00 -2.330933458786325296e+00
-4.191061327021741612e+00 4.332722789008077946e+00
5.862189685822114527e+00 -9.143003589960981614e+00
-7.411409091261585758e+00 3.903752585928109031e+00
-3.873345481143654734e+00 6.072457451413580287e+00
-5.350235147171503725e-01 8.841553759687647229e+00
8.383162153094184887e+00 -9.136433637364238081e+00
9.725768044754078190e+00 -2.777365330625842788e+00
-7.757263203366989934e+00 9.035918021815358969e-02
-4.348159542352944662e+00 -1.092252276616823448e+00
-5.065728156880880739e+00 -1.298353785442567077e+00
-2.870922165670153348e-01 9.831161782287592743e+00
-8.046544445885341901e+00 -6.549808169099802235e-02
-1.149683146476329743e+00 2.740340447375458899e-01
-3.353814918731049310e+00 -4.761546961236008402e-01
5.873282011955918591e+00 6.067425471803678860e+00
6.656263667520557981e+00 -9.564111137841312171e+00
-3.352856365588687382e+00 -7.927124930144663351e-01
-2.710139329015721632e-01 -3.477047739633206014e+00
-2.624785966572625640e+00 1.278874139672715016e+00
1.765435995378070277e+00 -5.032917300925440429e+00
-2.090855432684868731e+00 -4.273591164862565961e+00
3.545630029686704709e+00 -1.017902456541175837e+01
-7.327809828785412094e-01 -3.440861764524830946e+00
-1.230404600557909678e+00 -6.192170470534235527e+00
9.337475088226948827e+00 -2.773967397936004886e+00
-5.877448709789674375e+00 4.164479036633002451e+00
-3.757415193346642646e-01 6.231735944394126037e+00
-3.821770903066273206e+00 5.150899897118476289e+00
-4.197793863315269824e+00 4.106588303503363235e+00
5.735066885830187644e+00 -8.310545667893961763e+00
1.022770732277012762e+00 4.548127067770508347e+00
4.708322429301615486e+00 3.847179880878516922e+00
5.770779526210151111e+00 2.835888343294453051e+00
-7.755341827731320192e-01 -5.156754412935363518e+00
-7.872497964053718711e+00 -1.224701726742474017e+00
-3.518989075076796258e+00 -7.174438717362068285e-01
-1.236943645311873397e+00 8.280502992909886117e+00
4.534854957971714562e+00 -8.455745875273807499e+00
-1.678873364412383662e+00 -7.272954776269969779e-01
-6.448503716040890232e+00 -1.616657304209541346e+00
1.138626764974100958e+01 -3.027453859611057840e+00
-2.443470050650806691e-01 -1.288899722210351539e+00
1.299767184594676106e+00 -5.135727209859078712e+00
-2.314272132065496645e+00 -1.810504380992637441e-01
9.277206394169076331e-01 -4.582564118097891992e+00
-3.614407509904978610e+00 3.816941995343219318e+00
-7.074777549935874710e+00 -2.556082652905248942e+00
-2.839965382842573938e+00 5.606215716248154735e+00
7.290362449781451204e+00 -1.040699953669188282e+01
3.065705516666988650e+00 7.467740092278085662e+00
-6.161829916810868113e+00 -1.591160280139627847e+00
-3.303399575619688555e+00 -3.915089074717736040e+00
9.029053423437678916e+00 -5.120009093277620771e+00
8.251813106784057439e+00 -7.316895647760097710e+00
9.279585832969367232e+00 -3.563191804394158613e+00
1.751786266772930034e-01 7.300818563035556430e+00
-7.608030930689992033e+00 -1.385893413612111047e+00
-4.324043268194033729e+00 -8.322678327350413241e+00
-4.910670133865598252e+00 4.490258178325339244e+00
-3.650781362043571399e+00 4.734714140201274013e+00
1.200187744738523854e+01 -3.789584229925040404e+00
4.724316789322806187e+00 4.050045537009137497e+00
-8.623365501390594545e+00 -2.468869379368616723e+00
1.400159531526001810e+00 3.111864934192221543e+00
-2.718396474695924159e+00 2.263562126138649599e+00
-4.701634095417944081e+00 7.617494528473484294e+00
-6.216363090738972197e+00 -8.405433941830953160e-02
-3.823173531930834201e+00 -1.964371215240915625e+00
1.027764965980555267e+01 -5.278349650631085410e+00
-2.045581748989636406e+00 -7.354059764021455337e+00
-8.121655424483087415e-02 -4.869109756565114466e+00
1.068949992276855099e+01 -4.250302993116083172e+00
6.348240772129582155e+00 4.054602155158529619e+00
-2.410814531251031845e+00 -4.408532820798218843e+00
-2.251130453753468874e+00 7.009126166134914904e+00
4.860132862025857037e+00 -8.902694977163404744e+00
-7.260994417996098349e-01 -3.279419170158954344e+00
2.600889352330278737e+00 -4.346026017365121064e+00
-3.586397412009170171e+00 -9.893409775151569274e-01
5.632731027074673769e+00 -1.015632806605941241e+01
-9.609935424871705045e-01 6.448337945123200576e+00
-3.442392661207637872e+00 -3.801124844080139731e+00
8.507297587399955674e-01 -2.473861998201518086e-01
-7.331478401217214724e+00 -6.899262345786382200e-01
6.299623920982639902e+00 -9.912145930174528274e+00
3.412554609358126712e+00 -4.070210322678475379e+00
-3.162077962286189869e+00 -8.104452205220983307e-01
-2.952493225685755007e+00 -5.974862500224650042e+00
9.538773769050886031e+00 -2.794858115406868126e+00
6.234379754112464589e+00 -1.086075892694790923e+01
-9.220621703161427929e-01 -6.851379900516782584e+00
-1.460311592207313769e+00 -3.700269024432140341e+00
-2.460478074341683641e+00 5.946346432244792091e+00
-2.861555606879572000e+00 -1.722717388254178417e+00
-4.979287079470147148e-01 6.142584708227516899e+00
9.143346470302819995e+00 -2.866946648353134286e+00
1.001864721467765396e+00 -6.688029323561868189e+00
6.248014187776937955e-01 4.281930505361081885e+00
-1.483952105695955925e+00 -2.369331236661398332e+00
-6.046078753846093612e+00 4.536396115940767970e+00
1.002909935409971709e+01 -3.995520452066937178e+00
5.675295539204715745e+00 -1.119034038545169807e+01
-3.545767201989429740e+00 6.251787136007870060e+00
5.551391571864042973e+00 4.551906194632564961e+00
6.561936724947705635e+00 -9.655341293157366778e+00
-4.188998550761117379e+00 5.261046090368638239e+00
2.267086096511922388e+00 -4.619223283981316541e+00
6.123676506542182985e+00 -8.532463320300358589e+00
6.093624055107134119e+00 -9.388415770590148313e+00
1.891309945275320592e+00 -3.086829195428105077e+00
4.403350812975816098e+00 -9.647180116137048955e+00
-6.354688539810479098e-01 5.997882274351267640e+00
-7.003116542193448701e+00 -1.004972587563186304e+00
-2.365905002875996477e+00 -2.021985606527528567e+00
7.426333287704482977e+00 3.959480803420222017e+00
6.212171163168617838e+00 5.186087535322831954e+00
-4.090903080421152360e+00 6.208434900878773810e+00
-3.724148953045316901e+00 4.686694859325713836e+00
5.054535055343184702e+00 -1.032538973727918119e+01
-2.393160173857895145e+00 4.024638056326079294e+00
7.552428008470404741e+00 -8.335102604093837186e+00
6.495171495767243508e-01 -3.226573566804262772e+00
4.620949310889877815e+00 5.224805554919012884e+00
-7.594154936068600037e+00 -1.495794798149125970e-01
-3.688127313188800827e+00 4.794217898395006117e+00
5.399451695399465123e+00 -9.414604913938600106e+00
-7.131005914116900435e+00 -1.349181227617451517e+00
-2.317150568079044071e+00 6.746954003290571933e+00
4.419435993815969077e+00 -1.156609145937110483e+01
-4.446678145850420982e+00 4.160067959632742784e+00
-8.013936247776614508e+00 -8.486126461721477110e-01
-4.938280918820038501e+00 5.714213100418047198e+00
-1.319501008028202582e+00 4.382438118314861519e+00
-5.422740990014936813e+00 -2.771682640388402064e+00
1.050552079867925981e+00 -6.629212852058529393e+00
2.934810382379259064e+00 -6.804740090334229663e+00
-1.513607627239190956e+00 -3.289145075202384860e-01
-2.029239642480796135e+00 -3.038913324878675937e+00
1.743605232022660267e+00 -5.686568708751926771e+00
-1.793488421028385904e+00 -8.985111160917047535e-01
-2.311314256867349926e+00 -3.638156295517307459e-01
9.941060626631117003e+00 -5.631592892136532136e+00
4.522866082547825961e+00 4.620733646730250221e+00
-8.563346058803421590e-01 7.725697858789278172e+00
-3.302445050837819362e+00 5.409223913193806688e+00
-3.302004769317398392e+00 -1.816511828555290808e+00
-6.841768683547284624e+00 -2.281105998296303561e+00
9.277401057323586553e-02 -6.110662838418032372e+00
1.746474564896765447e+00 7.309143047081171574e+00
6.639612947296220646e+00 7.085374300393755931e+00
8.359686178954772728e+00 2.993375916710079743e+00
-2.587647853879881943e-01 -3.195820050087615272e+00
-9.006160496161960793e+00 -2.212446140040406295e+00
5.800041546575862572e-02 -3.733323275081592563e+00
-2.999719731287041391e+00 -2.061663776710374041e+00
-1.387649328221507439e-01 -5.510114485986369104e+00
8.915474331545908626e+00 -8.322790596613238279e+00
-1.303310005729581000e+00 7.780906357454866473e-01
-4.368011050881571045e+00 4.551038344891670029e+00
-2.520379417067931449e+00 -6.147265546398805292e+00
-2.806895838671272791e+00 -1.353758619953517206e+00
-2.717452131290450712e+00 -4.009781965112141577e+00
9.222795388535065086e+00 -3.604105642673053111e+00
-1.780344450835741332e+00 -5.909068589303021923e+00
4.238366181093779161e+00 -9.257376356066547629e+00
-2.831898724344547258e+00 -2.006105049581415223e+00
-1.404560401455803298e+00 4.871972713688490941e+00
-1.090515041521204376e+00 7.420975830195438938e+00
5.177351805720438627e+00 3.407746445858465201e+00
5.904163545446523109e+00 1.606977493417540703e+00
-7.616180574669734860e+00 -1.601889784683643736e+00
-6.298466132218660363e+00 4.999523524853261236e+00
4.049469952477401380e-01 -2.805395761317728720e+00
4.493451910642021652e+00 -1.073704407730203236e+01
-2.360028143172811177e+00 -1.165491525243647075e+00
-3.085438575320375243e+00 5.279894670514818422e+00
-9.608119235013889980e-01 -2.509143508854064564e+00
4.290842684971427623e+00 -9.060014581552822577e+00
4.797039144907036423e+00 -8.287924394193685984e+00
1.836083487484925225e+00 -4.249341755854991298e+00
-1.237763973795364292e+00 -2.594201458461207643e+00
7.707861324500689726e+00 -5.146155435057831795e+00
8.885024185055869772e-01 -5.047266580542784098e+00
-3.620969093670399541e+00 -1.933523692820056317e+00
8.865678352280910168e-01 9.542570211817139381e+00
5.569403961887512411e-01 -3.268392497274400732e+00
9.065673023062958080e+00 -4.616927782890344112e+00
3.164812397409526579e-01 -6.435704037991947679e+00
4.760402071562430670e-01 -2.611168697612157530e+00
-1.083225513459936007e+00 5.775488477828019995e+00
2.685179398621617697e+00 -2.890259944335414666e+00
9.109070913511096990e-02 -4.601211032750478047e+00
8.824360483828986190e+00 -5.737983258132520525e+00
-7.008472849016651907e+00 -1.554058206027129962e+00
-2.443830541440641380e+00 -2.155822265269765836e+00
5.747195004140465358e+00 -9.250447017472572142e+00
2.438176700091672533e+00 -1.128255377873017018e+01
-9.471014302393907514e+00 -2.857885304999185916e+00
-3.223313116120898769e+00 3.379762096484863143e+00
6.872453796605066501e+00 3.446943876093351289e+00
-1.446496812781011609e+00 -6.429197601730338718e+00
7.612393723035856041e+00 -1.035305117787373241e+01
-6.703937325403583891e-01 -5.282615182570282286e+00
3.568082587645405646e+00 -6.167403934738118210e+00
1.004351977797099948e+01 -1.854959516386484042e+00
7.190166991484710834e+00 4.229759037825572499e+00
1.132855475170877391e+01 -3.023077533165402286e+00
6.086665149298136512e+00 4.186702823055201250e+00
-3.481256331861437570e+00 5.702677949262791479e+00
1.518721060902044062e-01 -6.420995578511178081e+00
-5.946168826759647974e-01 -3.317188814245596973e+00
-6.136732995000126145e+00 4.918419068542056571e+00
-2.884153319583696806e+00 -1.837237048194258482e-01
-4.034409051727571693e+00 -5.771571972143920704e+00
-1.239241373315189687e-01 -5.337532232531748022e+00
-4.028328815645394911e+00 -6.289818430698311147e+00
1.020010432412564860e+01 -4.840210232005423663e+00
1.017136475443984089e+01 -4.163984860653292763e+00
-2.226476045872021192e+00 -1.019499588879255514e+00
5.131350947700895837e+00 -1.363399276072326138e+01
-3.427385201922045432e+00 -1.646950493383565917e+00
-9.986857139021050322e-01 -5.387877423840981006e-01
-2.222868748414556617e+00 -4.917974767405249636e+00
-2.702878501939955047e+00 3.294802145163809648e+00
-1.716492932391052717e+00 -4.778674081276609975e+00
-2.746662428282188984e+00 4.145057938281188292e+00
-2.521902760536502974e-01 -4.292616616424065334e-01
6.321158559226851992e+00 4.893273453925377048e+00
2.834797376218492815e+00 3.061037051190713676e+00
-2.473594175410068097e+00 -3.290959388587652690e+00
8.373771102334849559e+00 -1.183473586194366334e+01
-4.378358189656862187e+00 -1.022332416860133320e+00
-4.737242462251018971e-01 3.923031727639410882e+00
-1.951149707100104713e+00 -7.709915527065964724e+00
-1.768164295694908406e+00 -5.484670595740760213e+00
8.181286317154865984e+00 -2.722689117579317752e+00
-6.863943551957154554e+00 -2.137707813533296974e+00
-2.045750904508660817e+00 -1.099750997906254968e+00
-5.795177299819062711e+00 -1.354569037608374993e+00
3.239797983537040516e+00 -1.061912401869803091e+01
7.361307358180776639e+00 -9.535869574993302678e+00
4.219505297960854051e+00 -1.083689991039480560e+01
-3.418323140344011080e+00 6.916787982978329197e+00
-5.935560594904115028e+00 4.695343230518063571e+00
-4.167940689530521325e+00 -3.002614604564821654e+00
4.406754280412190639e-01 -3.779084402594230507e+00
-1.332913307910563949e+00 -2.864710547417240738e-01
-3.703535428365636761e+00 8.352060988401314390e+00
-5.381864402174350914e+00 -2.323466520519398948e+00
-1.489062309452640065e+00 -7.458261969637505207e-01
-1.300516260050738726e+00 -4.608766647307158681e-01
-7.542310367359110757e+00 -1.593986028403682864e+00
8.354682036270741463e+00 -3.481942257279684760e+00
-2.809087044307689851e-01 -5.760222598463892396e+00
-2.519633813149978696e+00 -4.906294271961772147e+00
2.900254942008076764e+00 2.821788236932504468e+00
-1.681803604219576531e+00 8.216827406912790011e+00
6.584652072539650014e+00 -1.014913170534895137e+01
-7.954655114723559350e+00 2.329079973959409244e+00
-6.400320426154794795e+00 -1.657690450530970860e+00
9.860944053606914395e+00 -4.553538560595531415e+00
-3.990021743574245772e-01 -5.704960164769746989e+00
6.084765062269678282e+00 -9.511255555079896951e+00
-2.871511667726703187e+00 -1.493907135292005250e-02
9.258241232029533307e+00 -2.319941565824087171e+00
-2.539073448285897427e+00 8.569511190561911462e-01
9.314455541348033663e+00 -2.971176552180680996e+00
2.081030590873836239e+00 -3.229346614111789027e+00
-6.223086303301354150e+00 -1.964841465660772002e+00
5.729033416648284138e+00 -9.296983192061533785e+00
-1.028119418942486485e+00 7.901144658402436072e+00
1.029177604899105880e+01 -4.838035817348448120e+00
-4.879574415558931122e+00 5.848061292244549847e+00
5.547478818660254163e+00 4.658782593971129593e+00
-8.215285354075735569e+00 -3.201974082043570036e+00
-6.526091736632760210e+00 -6.661335449783791773e-01
-2.868416834817897332e-01 8.234395023658708013e+00
5.809183430801225789e+00 6.904126514076790677e+00
-8.340230653483910572e+00 -5.625446875152364523e-01
6.505603132731363480e+00 -9.381509082109026565e+00
-8.932636114194218990e-01 -4.037159358819867094e+00
-2.062382116539748012e+00 -1.945434866539880181e+00
4.091071679517591875e+00 3.535285348198387911e+00
-2.250937729294142375e+00 -6.292074638786000484e+00
-1.206385989435441175e+00 -1.754363489598081527e+00
-8.923202687675511058e-01 2.086313874714984529e-02
-3.149780032971183363e+00 6.043994807448556550e+00
-1.640524354684468999e+00 -1.265416877670595408e-01
-1.982967297113592320e+00 -1.191290477549427962e+00
-4.091884041124579596e+00 -1.399217032471002264e+00
1.401853390595666493e-01 -3.879959892824294876e+00
1.623733179593283005e+00 -1.959520591629372532e+00
-4.707270090433686605e+00 -9.157072500606789900e-01
7.827455075799837125e+00 -4.157581873348705770e+00
-1.802191844665115283e-01 -4.021114799013870034e+00
-8.599323429075356628e+00 7.231759833203632581e-01
-2.001781723310421590e+00 -4.508154007509446615e+00
-7.860122645915098571e-01 -5.653977231195340458e+00
-5.942664708223976078e+00 4.994162961409284840e+00
5.063418365700225188e+00 -2.335379375783645628e+00
6.344345913898536971e+00 -1.016880140109043040e+01
-2.413705031761618436e+00 -5.206415362911763545e+00
-5.573860936251186615e+00 5.523462865404809463e+00
-6.531103389404457893e-01 9.177412281665102256e+00
-7.857914229434382669e+00 -5.788216166517305972e-01
1.128003618511960937e+01 -5.129628557773483699e+00
-3.964469865844045149e+00 -4.903284258099100512e+00
-3.374423139993836251e+00 -4.776448557409254114e+00
-7.626833779620163511e-01 -6.712434328426843066e+00
-4.652744084077400366e-01 -2.035694067573222021e+00
-1.933017077049835386e+00 3.113585579155613292e-01
-3.706410856007606558e+00 -2.766217058551238672e+00
-2.571273267107256455e+00 -7.090072933023472856e+00
6.918045742068878567e+00 4.441549799296775625e+00
-6.181107674297987131e+00 -3.643804920796903657e-01
7.181801161659322474e+00 -1.081494028584116940e+01
4.892243985511451676e+00 5.424003721189581739e+00
-1.283796429255959604e+00 5.472403680773939350e+00
-1.891375132554869110e+00 -5.677421597415748700e+00
4.770819663288675905e+00 -9.671429151554598036e+00
-2.064530061783992121e+00 -1.066734873936835415e+00
-5.659673074723733599e+00 5.469336357294038109e+00
-5.599995868284639577e+00 -1.917036330242926745e+00
-7.064115137579427994e+00 -2.916770450499413414e+00
-1.479077057553951136e+00 7.738721304134214662e+00
5.031290044245007032e-02 -4.089284376322120274e+00
1.304831436271435496e+00 -3.734483924915631636e+00
-3.302717938818244825e-01 -2.207876032356448359e-01
4.365067984674160684e+00 3.735483465193686570e+00
1.151635968357808970e+01 -5.052442713986574852e+00
8.152762383869774254e+00 -1.135717974349137016e+01
-1.621690476591801655e+00 -1.429704526625854122e+00
8.583099466775237829e+00 -2.787743006827480663e+00
-3.274044165958847064e-01 -3.319262434022810293e+00
6.056983277629070628e+00 3.002342333393087870e+00
7.596181951146208089e-02 -5.030671938443778579e+00
-2.449251488361770868e+00 -5.060093863494572464e-01
1.401394081379266021e+00 -4.768721007745305052e+00
5.392999724083050062e+00 -1.140973249850226345e+01
2.348112248893852616e+00 -6.702984079893399283e+00
6.438292831255253645e+00 6.643468334834484068e+00
-5.223739960440004770e-01 -4.088372511238954843e+00
-2.201154858930084668e+00 -6.133208427292425879e-01
-5.082771954617952836e+00 5.385866344928773586e+00
-1.519993025043075097e+00 -5.141284399704776353e-01
-4.117095300216905507e+00 5.255008607344846538e+00
-2.828670292279034992e+00 -7.332623974915739584e-01
4.015196275124393033e+00 5.682842061612041640e+00
-3.184381380005304685e+00 5.674363165920092378e+00
4.155175976298935758e+00 5.075851674405655878e+00
-2.559503722511545121e+00 4.052654339697228991e+00
-1.089216727237485305e+00 -2.754606986607620378e+00
-2.111416693393537880e+00 -2.258369600855130166e+00
-5.435714378326594876e+00 4.567875696913142214e+00
-4.586599070402554545e+00 -2.589388359122485106e+00
1.178683053705596118e+00 -3.110125054447874682e+00
-3.528366584449762478e+00 -4.132020258847621363e+00
-6.944469507092535743e+00 5.076610130206262728e-01
-2.687883979571661364e+00 -2.460941918381709836e+00
1.079492710972640346e+01 -3.887656078137386118e+00
-5.945039442572411126e+00 -8.115808179553946067e-01
-5.533533057695425583e+00 5.917876540016492548e+00
-4.971112586764629526e+00 -1.896588604172724679e+00
8.131622665035230568e+00 -9.497466317175772943e+00
-2.979967976608988156e+00 5.562587877620062127e-02
5.912460130894237054e+00 3.630784316794957611e+00
5.433155290383987257e+00 5.336466374215783404e+00
-1.874814940741009739e+00 7.019107290458398651e+00
-3.181841192743079638e+00 -1.268577562769509282e+00
-8.675510476479258770e+00 -1.871565063773864335e+00
-3.365978648109631877e+00 6.830323697732463728e+00
6.907125415232449939e+00 3.833265172671913135e+00
-2.779623453792205989e-01 -5.999489799049834815e+00
-1.606273862740286162e-01 -5.005548028077482670e+00
-4.881338263175607040e+00 -3.594621745840034244e+00
-1.413152567314900132e+00 6.330775763901346664e+00
7.184491934180836203e+00 5.471063157484653772e+00
-2.502440631977336682e+00 7.955915591627158001e+00
-1.428647680704844269e+00 -2.619752495713167040e+00
-5.184728816530020268e+00 4.190977537413444587e+00
-2.945899157710522687e+00 -6.697932920140768687e+00
-8.145112067822804391e+00 -1.614500156853945656e+00
9.936337796354082208e-01 -3.850024273939483876e+00
-3.217612628542536601e+00 -2.047492788124507523e+00
-3.608394636376014653e+00 -3.149210032103314516e-01
-2.172996622040315629e+00 -5.723641135512669287e-01
4.226996140847564476e+00 2.992394462130548050e+00
-3.108247193801506381e+00 -1.552697665533773197e+00
-1.421008714777701742e+00 7.866813479080260407e+00
-2.197211231826519562e+00 1.572528107734630698e+00
1.193306300279325072e+01 -3.320483148891889336e+00
5.034094669076107031e+00 -1.182405498967547430e+01
-3.226948926771335380e+00 8.668902137787684481e+00
-5.657370397590554489e+00 -1.926818612800611730e+00
-1.980763221297966670e+00 6.634931844287224934e+00
-3.538524346967569567e+00 3.230736770309977857e+00
-1.562629644008194818e+00 -8.452980623884058797e-01
8.041264870591042779e+00 -9.024809258349483443e+00
1.012941497435189753e+01 -4.228867053417508792e+00
-4.742918408929120311e+00 4.095468365097143959e+00
8.399091566931632613e+00 -2.164061848817748768e+00
-3.649211712637776550e+00 -2.655869463956944010e+00
1.947062644686283317e+00 -2.347377893853997755e+00
-4.536841829382906255e+00 -9.698341503870190339e-01
-2.019165896982027864e+00 -7.747070877779327347e-02
6.807124980171209039e+00 -1.288664840020542712e+01
4.971188161391615346e+00 3.649292170530973323e+00
-1.171275431360517372e+00 -7.635882045762762971e+00
-1.685269824937344341e+00 -7.044848650785571209e+00
-2.607585943011089480e+00 -1.875675974593967288e+00
9.526776378206662343e+00 -3.634680914911703642e+00
3.957207399019098126e-01 -4.825886080118706900e+00
-5.727943628199663628e+00 -1.692837074128069386e+00
-6.379536460791188190e+00 -1.545976654774277037e-01
1.048217273283256468e+01 -2.853493073168193561e+00
-6.007114720728004009e+00 4.498581965104237135e+00
2.546933597285351958e+00 -2.599433798772822435e+00
-8.727629714825670959e-01 -2.282080919943509478e+00
-2.788604095312004816e+00 7.081530170427354776e+00
4.319763990085801808e+00 -9.739518054312018336e+00
5.113520654766382734e+00 -9.703703124830273197e+00
-1.143358255838635706e+00 -1.795644675092575859e-01
5.918468413718308341e+00 -1.079906313398153372e+01
-1.010274950390757986e+00 8.601890266562057796e-01
-5.063737783385992230e+00 4.358227287274823780e+00
1.034240722422076786e+01 -5.735620897761486425e+00
5.987871354602993357e+00 3.391386323845766881e+00
9.797521756815469329e-01 -4.041275785270230791e+00
-2.682251003607253992e+00 -1.936539155670617740e+00
-4.568653486584866030e+00 6.922173616622551151e+00
-6.715692359488717678e+00 9.452904381207916096e-02
4.420488548402492057e+00 5.389069714866266736e+00
-6.859970438106638646e+00 -2.702880082896995440e+00
5.642240438893541210e+00 4.132688046225241330e+00
2.130318173440572949e+00 -5.723318260988740747e+00
5.571825752301007739e+00 -8.420555052024344178e+00
-2.118596413892028352e+00 -7.164728782253747319e+00
-3.573430386945143145e+00 1.002082871480253701e+01
8.887607545931086594e-01 -5.792077589790245895e+00
-3.038123711580723363e+00 -1.862166352544191605e+00
-6.549273481733259850e-01 -5.451930398152070367e+00
6.985003867614855366e+00 -2.679575217808090493e+00
6.125906813164249343e+00 4.233892960651118642e+00
4.920197465999285313e-01 -4.519280331977373777e+00
-6.358484117839611205e-01 2.234758411410022738e-01
-4.277529535291719753e+00 4.299261218960447550e+00
-5.192390437074738685e+00 7.240731611775089505e+00
-6.004722001843776802e+00 -4.810747595709592428e-01
-4.694630208388241854e+00 4.573244025474436647e+00
-3.560779861242259869e+00 -7.465342941108940700e+00
-1.352869488261272402e+00 7.062209049695395535e+00
-7.311748641344395505e-01 5.671785584749180487e+00
5.324722021538590866e+00 4.749342119359729608e+00
2.004594443343751031e+00 -3.075863972107509170e+00
-8.298518627673567849e+00 -3.684932349331814017e+00
5.358846296937094245e+00 3.938525582407357728e+00
-5.754653820858011137e+00 4.025110985184099377e-04
1.062319304975912981e+00 1.007170597551555424e+01
-1.201833848243988756e+00 -5.284282718129146517e+00
6.841961055014243342e+00 -9.161601827367187312e+00
-3.398137674315746537e+00 5.611603012977017357e+00
-5.152608111092983334e-01 2.816999417225393376e+00
1.006332399351612228e+00 -4.290547447249304369e+00
5.440954779072259662e+00 3.395909438065781050e+00
4.854885690191052205e+00 -5.300901439147041927e+00
-3.717727534569938541e+00 6.267298041458272628e+00
-3.786061141372559113e+00 -2.871611391301699623e+00
-2.694533812290282437e+00 -1.283827505362072241e+00
5.541853326933047441e+00 -9.643918569865938650e+00
-7.837299062476179579e+00 4.951968173655879824e+00
9.058733581837838500e+00 -3.546499882840498330e+00
-4.609647518771358143e+00 4.920482552843683521e+00
-8.655397146352639126e-02 5.103594434755144960e+00
6.634547896187633853e+00 -1.183555342937075672e+01
8.333684947373162899e+00 -4.886538732416072506e+00
1.550325995038143612e+00 -4.967772270706166005e+00
5.282778333794559966e-01 -7.724322940343828492e+00
-2.121621473433460636e+00 -2.030305228009359642e+00
-3.257428126762068388e+00 -1.864136569014332334e+00
-2.076915605930194531e+00 6.594636640549558670e+00
-2.705950323463406360e+00 -5.360916111531349726e-01
-2.378507229089919406e+00 -7.673523783397709686e+00
-7.036975559384637258e-01 -4.917793898641943606e+00
3.395239844965995957e+00 6.696792256878012495e+00
-1.483153460676091218e+00 -8.362469725980419266e-01
-5.513604899400140091e+00 6.550640388062737074e+00
-5.382399401233335823e+00 4.456593038942275875e+00
-4.326975762577879969e+00 4.684351961981773727e+00
-7.083522661938846277e+00 -3.751772085328548556e+00
-1.248639882463359108e+00 -8.415042048599904456e-01
-6.044668462696823896e-01 5.549356858392145320e+00
1.010812405894559562e+00 -4.680726809843541503e+00
-2.106035086859804561e+00 8.221120836901803841e+00
8.628551328658376818e+00 -3.734828869191560763e+00
7.371344077411510654e+00 -9.079095320420234927e+00
-4.694804345276234470e-01 -6.312198730797109469e+00
7.535079305344369871e+00 -5.311272349056617159e+00
-1.753885628085373405e+00 -7.986402711217726491e+00
-3.358142525569523862e+00 2.572617877576586665e+00
-1.254508322062077186e+00 -2.465186243762425011e+00
-2.776486283685424272e+00 6.733879625759217724e+00
-6.022160874993917723e+00 -1.658619528490782535e+00
-6.363304662796211097e+00 4.995854560641629583e+00
4.686377937322143694e-01 6.607658364421768127e+00
-7.074789545574696747e-01 -3.198625509190460292e+00
-7.517815076448513878e+00 -2.540360154654746516e+00
1.078769138962183405e+00 -4.899348602663254226e+00
6.916944419447553116e+00 -9.365103860039170058e+00
-1.888333365835468403e+00 6.749454045608616060e-02
-3.312109667965106308e+00 5.172908064033549635e+00
9.825646777514268848e+00 -2.926192110185998896e+00
-2.109755630492451406e-01 -4.834206185135215605e+00
-2.541173545811243883e+00 -1.105578796992135127e+00
-2.628681596236084772e+00 6.620026929861515974e+00
-2.698731632958629056e+00 -1.973476224080064068e+00
5.884595519049899082e+00 -6.156344526478077839e+00
5.962024351726644689e+00 3.104253260066690778e+00
5.571898097909728342e+00 -1.030181754519207971e+01
3.271876000227526005e-01 -2.579348674547268239e+00
-1.061354374257188926e+00 -1.064007775606969242e+00
2.053071674053145834e+00 -1.479705031965956596e+00
7.708306388646775087e-01 -4.411896312843319734e-01
1.997173523690013663e+00 5.594647411823135741e+00
4.362214379559425481e+00 4.927041792475458593e+00
