-1.705320158585078794e+00 -6.080213356158103544e+00
3.799896855611577529e+00 -7.446739117550638554e+00
-1.772991083414279689e+00 5.000291902962411328e+00
-4.267090521421819105e+00 6.185585555211387643e+00
-6.723251506483343132e-01 1.628208547650028315e+00
-1.201356397852582525e+00 -6.690805205031289837e+00
-1.365863423427196910e+00 -2.898940041039970161e-01
-2.426181229918640270e+00 -4.041705631738690130e+00
6.163805240272020036e-01 -6.693403968507072754e+00
6.737161326096742897e+00 4.933915440932858942e+00
6.038318255780203536e+00 3.397904799158392386e+00
-6.216352795371983930e+00 -5.738233054957851964e-01
-6.512372465337844529e-01 -2.419857385905138880e+00
9.631585981473760327e+00 -3.344119667304610299e+00
1.626993355590898194e+00 -5.202581625453450265e+00
9.767635436120228221e+00 -3.897338014278119989e+00
1.277469426045350520e+00 -3.328750141752139236e+00
-3.528633954620794100e+00 -6.715670085748878249e-01
-2.716753604103302244e+00 4.353223327106061191e+00
-8.380559789396784254e+00 -1.095712422006215769e+00
6.564167112931881931e+00 5.575082923198420914e+00
2.683811379903877636e-01 -5.761333246022545929e+00
8.497872409112792180e-01 -3.136853198310309843e+00
1.642601077607143800e+00 -3.045353234146925381e+00
8.055250526573111358e+00 -9.315341553457619383e+00
-3.136016672234472669e+00 5.298489381619417848e-01
9.754989261711031645e+00 -3.888836060954655949e+00
-5.674412465904575598e+00 -2.019143649745047231e+00
1.123143855919420808e+01 -3.511629926947672953e+00
8.426018702376808278e+00 -4.063705783785080961e+00
-1.745293020814938423e+00 5.353299186534293597e+00
-3.765581677626445689e+00 7.096232235732458093e-01
-3.012549220342979339e+00 -3.810293110458775057e-01
1.003463612191463206e+01 -5.042933290041679228e+00
-5.397990606446736450e+00 3.924619191598208268e+00
-3.629630256129668275e+00 3.994156415536910920e+00
-2.656386251119277286e+00 -2.023921416609599344e+00
-4.675645076247469945e+00 6.172891045365206608e+00
-8.137806354537914899e+00 -1.035985640921293083e+00
-3.047948349967191106e+00 -1.854847872334593362e+00
4.348149792557043369e+00 4.069002082248100116e+00
-2.548242805887652729e+00 -3.876766184591087239e-01
-5.224808012145859770e+00 3.214924465464449099e+00
5.045302747000849131e+00 5.573756165195885792e+00
-2.836680409461370900e+00 5.324679783504192798e+00
-7.454660869209442708e+00 -3.563744431347486863e+00
-5.296535735754797969e+00 -2.099451569383114169e+00
-4.085486829228893946e+00 4.446209457809818133e+00
-2.368479023816228324e+00 6.918893003256298080e+00
9.868439793502710167e-01 6.788170628344761148e+00
-5.118162966555186433e-01 4.929193631557474475e+00
5.735154571659171197e+00 -1.016097338351114310e+01
-3.935263366158092246e+00 4.536420011942812636e+00
2.799096322519276203e+00 -4.540899224652678257e+00
-6.744457553621894697e+00 8.075176833714108326e-01
-7.240516233636683729e+00 -2.439367789139736953e-01
7.782854227862586072e+00 -1.120868740259240326e+01
3.883519156960425267e+00 -1.044498542233742810e+01
1.114588628986701302e+00 -3.667114318119816474e+00
3.244274537020229943e+00 -4.548853149664324746e+00
-2.234789201325569241e+00 7.719876371675986615e-01
9.063569221476225124e+00 -6.382945991637836158e+00
-7.648480402063908556e-01 -2.350231323882422174e+00
4.297304546494432609e-01 -4.455389580985218423e+00
-2.194945987711913293e+00 -5.792170748550252490e+00
-4.640854109975130370e+00 2.481750728959238206e+00
-1.659897436825587658e+00 -1.052461584348291623e+00
-3.973385785401048587e+00 -4.326575089785409389e+00
-6.961665502108163928e+00 -2.008425748101279495e+00
3.322529744277071817e-01 -2.406921936348645819e+00
6.232467884032319105e+00 5.244300462760564940e+00
-1.893565711071949043e+00 1.275398926238620945e+00
1.245776283245151994e+00 -5.709498848764501311e+00
-2.479035881015098752e+00 -8.551972051256029328e-01
-4.617215024087569120e+00 5.809893907340120123e-01
2.082278816769853602e-01 6.982164255228835437e+00
-2.686642516021533034e+00 -7.301292531807749953e+00
5.902592778434952336e+00 5.385397695096726167e+00
9.547524609607098256e+00 -5.720829600907704204e-01
-1.633355898950839658e+00 -3.041386229913657147e+00
1.073718146327636269e+01 -4.044716850324969748e+00
1.039675735792642186e+01 -2.662026156536153376e+00
-4.297958675365732617e+00 -3.732337905377668186e+00
-3.173558198640713091e+00 -9.619022077170136242e-03
-1.928641692882025138e+00 -5.848499800919646496e+00
-7.356754143496820886e-01 7.235035130704472905e+00
-4.207959320277058879e+00 -6.868132010693390299e+00
-7.719432653770224917e+00 -1.123632830407615968e+00
-6.424080748504914951e+00 3.783217569827565185e+00
-5.235748678758254115e-01 -5.154182602213038145e+00
-2.261959253876448805e+00 -6.636549796345549979e-01
9.314076626845656293e+00 -4.816504027074220318e+00
9.718155382029443956e+00 -2.192537727988084661e+00
-1.851461364760313533e+00 5.793856256512591507e+00
5.475517698981104076e+00 -8.627974201386177100e+00
6.039088034551986617e+00 -9.759400378136843912e+00
-6.478741914980445493e+00 -3.446631935897734422e+00
-2.432660289858796787e+00 4.204425298611141670e+00
-4.349927976049113632e+00 -2.789205538715410437e+00
8.545387975609887832e+00 -1.136395038901256171e+01
-7.757263203366989934e+00 9.035918021815358969e-02
4.671526073993319983e+00 4.361564503767920264e+00
-8.866258658016737959e-01 4.610251694908975573e+00
-3.631456454416484014e+00 1.031249859706344640e-01
-6.471391590815843031e+00 4.101704434685927936e+00
-1.771200910000307882e+00 -1.747258331876060833e+00
-5.908904242968516130e+00 -1.677259318425925017e+00
7.386619248199131071e+00 -3.682916697781691617e+00
-2.870922165670153348e-01 9.831161782287592743e+00
7.237338997413789166e-01 -3.611082442141508864e+00
-1.382742001946997590e+00 -7.716443100522015541e+00
-1.350038616891344523e+00 -2.363013749859380841e+00
-1.339068929072307457e+00 9.479764599078799314e-01
6.656263667520557981e+00 -9.564111137841312171e+00
-3.721523375051343230e+00 -2.230737710225320636e-01
4.613821260721536532e+00 -8.436554518466898855e+00
-3.217663445851500548e+00 -3.392077271687326867e+00
-2.710139329015721632e-01 -3.477047739633206014e+00
-3.836721641511883441e+00 4.665855671853678110e+00
-9.162474600253460721e+00 1.448333258546735891e+00
-4.520384246410779738e+00 6.468083086442291574e+00
-7.321392976563546817e+00 -3.498134923090212567e-01
1.005813672144310544e+01 -3.854422851489333279e+00
5.781774923764615437e+00 -9.118449142159819942e+00
-4.208881544079609682e+00 3.396372327067693320e+00
-6.907849876436105152e-01 -5.874413404822381501e+00
-2.035052871726124923e+00 -3.087082970390839787e+00
-4.258775603630443385e+00 5.265187119248890824e+00
4.929696941405405042e+00 3.237285012365891390e+00
-3.296015896246504262e+00 -1.583226187151189457e+00
-4.859413538398650090e+00 -3.600850367473657609e+00
-2.930894167290577279e+00 -3.670294329566156311e+00
8.800685410286680721e+00 -3.009083482762674233e+00
-7.227196166917868148e+00 -2.938907832244482599e+00
-8.366459320759375151e-01 -7.227881180341247713e+00
-6.774230627241632163e+00 4.171543512750156779e+00
6.018055226834098548e+00 5.127624719532245301e+00
3.360859114601745024e+00 -2.773718168435039821e+00
-7.592410025404690899e+00 -5.938805770618811319e-01
8.198387991898895777e+00 -9.640653706724709338e+00
-1.789846734797020389e-01 -7.258137364228880450e+00
-1.866704133211200656e+00 -1.444810788119634259e-01
-6.730702765971197543e+00 1.311437892804940386e+00
-5.115148389802310902e+00 9.509355489081383617e-03
4.285033814345219128e+00 5.651435188009983790e+00
-1.621234859805027240e+00 -2.695814985958862042e-01
3.916087462284086662e+00 -1.068170212056540613e+01
6.252284741343181906e+00 2.770560976738696279e+00
-1.960422299038305338e+00 5.692327024485777098e-01
1.361026876999022583e+00 -4.622094370993676371e+00
-5.627217719224004711e+00 1.773669696965012310e+00
-4.698189331304555516e+00 7.229346828929503310e+00
-7.561099963357234444e+00 -6.989685980648077113e-01
3.368080366365746148e+00 -9.315666081637600016e+00
-5.619254053221757417e+00 -9.853767269403952422e-01
1.112545660941699488e+01 -2.971350806428459279e+00
-3.908098999757000369e-01 -6.430043296684265997e+00
-1.073028394257468543e+00 5.532961825921114851e+00
5.735066885830187644e+00 -8.310545667893961763e+00
6.108358450234168124e-01 6.412560825808808040e+00
3.293737340721785145e-01 -4.174424401067420298e+00
-2.132771001481415407e+00 -8.581512876442922710e-01
1.003426677321306926e+01 -4.858053708456973041e+00
1.134635631513064524e+01 -2.960774583427286721e+00
-4.075822262737737844e+00 -5.536233332198946533e-01
6.624381782858002055e+00 -9.309634870426283015e+00
5.820553902939777924e-01 -4.287574839748243605e+00
4.887786899060577284e+00 4.854517058037672861e+00
1.067360844125185615e+01 -2.646515642245421240e+00
5.397393954637783153e+00 5.293675310203203921e+00
-2.783280997732815898e+00 5.780609847527568235e+00
-3.460648568133247061e+00 -4.473434419696360465e+00
6.245109314769003106e+00 4.872267041917246466e+00
-8.032747525754501794e+00 2.259534791150676458e+00
-1.379013439862494916e+00 1.326449988082287756e-01
-6.919340834634477133e+00 -1.023204807458473642e+00
-4.804727079820684033e+00 4.530729167996042861e+00
-6.399595183159386025e+00 -3.478193953586459664e+00
6.314994908177746780e+00 1.467130812401273854e+00
6.130182846634046889e+00 -9.192828798231321485e+00
-2.193751422266798201e+00 -1.755968020349237158e+00
1.098919008001364617e+01 -5.419223297802155948e+00
-2.769500841119995727e+00 5.785890905783745986e-01
7.831817212866508449e+00 -3.077263819506326215e+00
9.216006594641078520e-01 -3.936187306676061759e+00
-5.641435615918201307e+00 4.354355943373453108e+00
-2.601105276610243600e+00 -1.378093000988991790e+00
-3.000836980153462008e+00 7.632005092521661815e+00
-5.712274605713890452e+00 -1.671133783842149612e+00
-4.506004795159020304e+00 -2.934172255289234088e-01
-7.796313146434159513e+00 -1.058799053949480928e+00
4.551678219040855566e-01 -5.269164514447070680e+00
1.125910050364239190e+01 -5.127150352339080897e+00
-8.176260005266202668e+00 -2.207868278405080709e-01
-3.823173531930834201e+00 -1.964371215240915625e+00
9.460225210282438013e+00 -3.106179611697386100e+00
-2.340494519781630700e-01 -1.936310796806300916e+00
-1.100216709808518445e+01 -3.086310857009052278e+00
-4.286657361842469705e+00 6.835531538605486901e+00
6.525049522628528109e+00 4.299981214021940445e+00
6.376263231872040471e+00 5.126812800831978656e+00
4.669722823041443149e+00 4.385443273549600285e+00
-4.137680192579828997e+00 -2.173049970744564519e+00
1.114754704692276199e+01 -5.807634570441551958e+00
4.783927145756217136e+00 4.799098476862863727e+00
-1.756828950610731965e+00 -1.517207412571588421e-01
-9.722330120070776793e-01 8.621755311150735679e+00
-1.433052934412182511e+00 -8.233222339115563448e-01
-3.935603367161015775e+00 -1.086043660877334727e+00
-4.870484544058522047e+00 7.461320411110527573e+00
-6.203477525770187739e+00 -9.567154396179131659e-01
-5.228013295782864667e+00 -1.928819644184176507e+00
-5.562714984420700226e-01 -1.217423187470835888e+00
-6.422734858588726725e-01 -6.357018558496479343e+00
-3.079233566429838476e+00 -2.476455206423609390e+00
-1.563911626171312630e+00 -4.341206034895852106e+00
8.438228596567665107e-01 -4.783897053321936710e+00
-6.539459826488667193e-01 5.232612846879929336e-01
-2.951105556965499144e+00 -6.367230549894655312e+00
-1.804596201418637857e+00 -5.949333770850210534e+00
-7.168215800293507023e+00 1.060959562247125287e+00
-4.128807652624804092e+00 -7.644877179109987875e-01
6.234379754112464589e+00 -1.086075892694790923e+01
1.084561017029612984e+01 -2.769095781510886312e+00
-4.016815230404436221e+00 7.050725262467641308e+00
-1.761039960726354270e+00 2.698732771368579364e+00
4.326405680274934440e+00 -9.639629718053340568e+00
-2.304285223929158466e+00 1.495754309051358089e-01
4.066702893479767766e+00 -9.845280250018699775e+00
6.793945455783081400e+00 3.838084421652243616e+00
-5.160594206287283825e+00 4.318237835467852115e+00
-4.157099500321756125e+00 5.097906669641493416e+00
4.932494459728253844e+00 -9.598318406792646584e+00
6.518161949973791280e+00 -1.190828807134317024e+01
-1.948914637649070913e+00 -1.802629808041799064e+00
-3.700276279271337287e+00 7.918742551751964953e+00
-2.488120987690305430e+00 -1.374656038249560286e+00
3.249499487728563896e+00 -8.958831065566309704e+00
-2.296768721538794633e+00 5.659964854061145800e-01
-5.380602667519191584e+00 -2.528488926419007576e+00
-2.748506222672310706e+00 -1.827447344428372089e+00
1.091426979172291922e+01 -2.739171170329953053e+00
7.630525259531121485e+00 4.818801420063316243e+00
5.059113210331064536e+00 4.931624429780692154e+00
-2.306586940587649348e+00 -4.225375839483596963e+00
-4.188998550761117379e+00 5.261046090368638239e+00
-4.879217287307128892e+00 4.689957152774844928e+00
-1.606842352701760568e+00 -3.435882029547564720e+00
-1.484832915671011166e+00 9.683789174807189148e-02
-5.848293339872733476e+00 1.692941981808000040e+00
-2.729554403302486776e+00 -5.993088637605468172e-01
6.123676506542182985e+00 -8.532463320300358589e+00
-2.025284806467072762e+00 -2.361643415444069638e-01
-1.242612735534032398e+00 8.953891221895808883e+00
7.273074556278741554e+00 -9.070696896221617678e+00
4.551984060151593070e+00 3.060471274023894850e+00
-6.591982004967317232e-01 -5.880903005443379961e+00
2.368853917548721100e-01 7.037368063352993808e+00
2.624499151476793024e+00 -2.433358469586630157e+00
1.400404370283957256e+00 -6.023452026872099907e+00
-1.389194304258869916e+00 -2.855554071501046121e+00
-4.993007743462591908e-01 -2.649457813110634441e-01
-3.031875707884283067e+00 4.943186068995765403e+00
1.442688953233068672e+00 -5.328684402141944609e+00
1.068233057893730198e+01 -3.008278055555616337e+00
-5.652717181736605312e+00 5.465401213720328499e+00
-1.254341784449808372e+00 -4.149085192233854968e+00
1.818053285047167122e+00 -4.134948832863392099e+00
-7.594154936068600037e+00 -1.495794798149125970e-01
-3.688127313188800827e+00 4.794217898395006117e+00
5.336336136123872365e+00 -6.681672267554754185e+00
7.460586238974196149e+00 2.636691696794966511e+00
2.308306135729581321e+00 -4.621958738845784787e+00
1.547291572701639861e+00 -4.643615003867778590e+00
1.837262305850248190e+00 -4.866242574060684944e+00
5.834163364945564645e+00 3.028042590887574548e+00
1.230936370263518764e+00 -4.456566249528657764e+00
-8.386869195211310579e-01 7.600555271305729832e+00
-3.169163215991372518e+00 -4.112548525929923038e+00
-2.811182950308906747e+00 3.814547796264701418e+00
-3.889572122144820732e+00 4.061256029260219336e+00
8.923741291792275376e+00 -2.469563860621699192e+00
3.829922224323689672e+00 3.178481909528683147e+00
2.934810382379259064e+00 -6.804740090334229663e+00
8.166972990346652139e+00 -6.811141491092657319e+00
-6.421318106032152251e-01 1.937159957748748607e-01
1.627041375409719715e+00 -2.564225912471944202e+00
4.952987872417971893e+00 -8.928616636415661389e+00
5.077436288589837865e+00 2.637637884183788639e+00
-2.732120081630071251e+00 -3.590187265443753883e-01
1.338783929243592352e+00 -3.950933153393191510e+00
8.918610135141141981e+00 -2.754185940517563491e+00
-1.553187154961791716e+00 -1.445063689032251908e+00
4.496783825072166785e+00 -9.891286874269983542e+00
-5.894239024975786556e+00 6.115689524469255289e+00
-4.432059291684094404e+00 5.626666400922462508e+00
-2.926621371388589132e+00 4.575827352867401387e+00
-1.773334613159136541e+00 4.527929787309441512e-01
-6.452378393603340534e+00 -1.434536214632318840e+00
-5.173865284037244550e+00 7.397893277374585352e+00
7.668916067134433412e+00 -4.120829495418322885e+00
-6.455708317448090483e+00 -1.207909425620816490e+00
-2.587647853879881943e-01 -3.195820050087615272e+00
-1.923587929857723200e+00 -2.300146630162762662e+00
5.800041546575862572e-02 -3.733323275081592563e+00
4.672801469500722504e+00 -9.074155266643067819e+00
-2.391245811283162492e+00 5.719100270428336685e+00
1.009937921178100773e+00 -2.550523686721808403e+00
-2.958070773146594945e+00 -1.914038531115218156e+00
-7.386213813001685224e+00 -6.070812072012765626e-03
6.992503156492987593e+00 5.271547743686165077e+00
8.915474331545908626e+00 -8.322790596613238279e+00
-2.696025699407680332e-01 -7.064955252782400663e+00
3.175770794396727270e-01 -3.639969011294002854e+00
8.425060412731472326e+00 -4.121416607715044478e+00
4.611204253179878698e+00 -8.472711912995954719e+00
-3.752675734018244391e+00 4.561469756868666181e+00
-2.406537780461488474e+00 6.095301103679770627e+00
-9.239313048612279644e+00 -2.654885961993128873e+00
2.357745651307139312e+00 -6.718210537327779619e+00
3.330280904186628810e+00 4.668958343657489962e+00
-2.803635613166919782e+00 -3.676134898270386309e+00
5.162365300025173465e-01 -4.272920094539784941e+00
9.241610773471164109e+00 -3.504522630234230274e+00
-1.334977494410378718e+00 -3.882305105617847030e+00
-6.423075507257114403e+00 -1.820816749026098247e+00
-2.831898724344547258e+00 -2.006105049581415223e+00
5.802768351577478612e+00 4.592598466105334509e+00
8.906059173627559389e+00 -3.826196083829795480e+00
-1.469844448213492472e+00 -5.319861276134640882e+00
5.500998374142858083e+00 -1.141811312884996354e+01
-1.917444425122010410e+00 -2.191937279206777944e+00
6.533951407986036131e-01 -2.141734787546359264e+00
9.498697898207414170e+00 -3.912884716174324762e+00
4.191745979470349326e+00 -8.430639274874863531e+00
-2.175308670317503523e+00 -6.242132444255132917e+00
1.788327279450787621e+00 -6.614222616206982153e+00
5.637718127976550697e+00 4.489373299299013631e+00
4.846649597024620171e+00 5.212557019754648024e+00
6.970654568999838041e+00 4.965750495294738442e+00
-5.675608186350686868e-01 -7.494114222374570922e+00
2.006891449442991249e+00 7.651886219693748714e+00
-3.620969093670399541e+00 -1.933523692820056317e+00
-3.201768500427085939e+00 5.507951213707460880e+00
-1.083225513459936007e+00 5.775488477828019995e+00
-3.572291372128555409e-02 -2.453454662328198310e+00
-4.640636493828038667e+00 -2.434555581094558718e+00
-5.116150423978511164e+00 4.659761021404742465e+00
7.612393723035856041e+00 -1.035305117787373241e+01
-4.500554332747107367e+00 7.239069774306624794e+00
7.003055902730980442e+00 2.736021126886937882e+00
7.432942490943998948e+00 4.484651068349163161e+00
6.484869012536196298e-01 -4.473211384517239431e+00
-7.901575300046617123e+00 2.336398527082010901e-01
-1.520060718444594894e+00 -1.703230218420484610e+00
-2.783316011868299356e+00 -1.745349794001596067e+00
-2.638616435755333001e+00 -4.700976230954270640e+00
-1.616135786888405423e+00 6.874528875773789238e+00
8.203384428744412205e+00 -2.767035461288834597e+00
8.006024830833052164e+00 -8.514466104827349113e+00
4.936930560975346438e+00 5.153412930735101760e+00
-2.190139960390388385e+00 3.443913870212820250e-01
-3.370398713576896021e+00 -1.299703175122510768e+00
-4.802084570365218852e+00 -1.178979186295809001e+00
9.543874821935622421e+00 -3.154730573260097870e+00
-6.389620529174131924e+00 3.661770449204959199e+00
-5.052169203733432035e+00 4.017150325075006911e+00
5.327459270280260561e+00 4.450066247409253606e+00
2.625874438215009654e+00 -6.158800282573744234e+00
5.682809809499710596e+00 -1.056800931685393330e+01
1.020010432412564860e+01 -4.840210232005423663e+00
-1.534387675125763684e+00 -6.037117479521896257e+00
1.388462656920309790e+00 -3.729781769541133052e+00
9.072591055408503635e+00 -5.071496595084693304e+00
5.210510021661499458e+00 -1.046461694500596096e+01
-1.662002965932825704e+00 5.655136194823567664e+00
-1.733388823704413717e+00 -2.363569974390756556e+00
-1.368813297457034395e+00 -8.127094589030308125e-01
5.178355814811646418e+00 -9.575589827668682830e+00
-1.554436207481466603e-01 -4.681656414535045663e+00
-1.103583506222272081e+00 -3.113816505130255763e+00
1.077418487353673271e+01 -4.846840693482159956e+00
-5.855806250622606512e+00 -1.536160216105442400e+00
3.683455105449410238e-01 -3.561342101744601862e+00
-1.107938358317961836e+00 -5.631260857911261297e+00
9.228807940673579679e+00 -1.844243038451689021e+00
6.951843897128957117e+00 3.006332364937144064e+00
-4.808056561404535856e+00 -7.277056205894169016e-01
-2.846123455713821748e+00 -5.850873718920333921e+00
6.973763657359255852e+00 4.694475619567421987e+00
-8.602681796461579822e-01 -5.812301546876629033e+00
-8.593202819982032281e+00 1.368580968336372550e+00
5.504691023436965480e+00 -9.753137834633825776e+00
-6.288671521517144924e+00 -2.581394217705165417e+00
1.808527941856933330e-01 -4.392459555827240791e+00
1.892222531832861598e+00 -6.016532712618231749e+00
6.271294309570398795e+00 -1.168060046106322503e+01
5.602006538625591503e+00 2.240908721454628605e+00
-8.114387063382695331e+00 -2.045612797478495448e+00
-2.952944803708791088e+00 -1.618696171201536194e+00
-1.503256070038953229e+00 6.392614772503282694e+00
-7.484578546204211591e+00 -2.406216097666100673e-01
-3.678396633816154004e+00 -1.507206134810390674e+00
-2.939479870714681198e+00 1.099539740236526120e+00
-5.225621088512788504e+00 5.548039971996247210e+00
4.219505297960854051e+00 -1.083689991039480560e+01
-3.654490617484245085e+00 4.783082794799212500e+00
6.136136705346779685e+00 1.560963773196837767e+00
-1.315038804005982609e+00 -3.025321599237303927e-01
9.623477250757309420e+00 -3.227194813370660054e+00
5.608118198708294422e+00 -1.043885332685102796e+01
-8.340759082135409397e-01 -4.371893983724903343e+00
4.190741150843064755e-01 -5.453132043535362072e+00
8.779863074096352804e+00 -4.334003691519527024e+00
-1.832393935364359905e+00 2.772183810734750509e+00
2.745297479019088716e+00 -7.425022334046999184e+00
-6.049764922482273377e+00 6.178739619377348724e+00
-1.610068941207068338e+00 -3.574686434839910554e+00
-2.668644844061966559e+00 -6.628454186588063735e+00
4.025157311023090934e+00 4.868461659208970893e+00
1.118964333262530086e+00 -3.629521083703395323e+00
-2.131590523356636346e+00 7.751835967010495487e+00
-3.412537013759970872e-01 6.836213300867701292e+00
-8.754666427961188546e-01 -4.185989560813794697e+00
3.498149921577760058e-01 -3.746265249347791482e+00
-7.362870941256616675e+00 -6.635869126864082368e-01
-8.178696295069403099e-01 5.037756966434838724e+00
7.349525982979375094e+00 -9.558899655923976724e+00
1.361777575006993590e+00 -5.205180600023331827e+00
-5.103633277640950539e+00 -2.625070429733819211e+00
-2.924217392430748408e+00 1.644877361412679928e+00
-3.686438224538320707e+00 7.153618816698168459e+00
-3.185024814550828420e+00 3.733580580180063002e+00
1.120521819466044100e+01 -5.377076395626207983e+00
5.791397976509079726e+00 -6.791831290925445686e+00
4.084833106695687777e-01 -3.899777212760318523e+00
-2.809087044307689851e-01 -5.760222598463892396e+00
-3.612925934895424795e+00 -4.667192939685715913e-01
2.671170805672299142e+00 -3.976382951487510198e+00
5.253460282729658815e+00 -9.516868554394404711e+00
-1.914476112540092645e+00 5.487663002432086046e+00
-3.093513334140691740e+00 1.602080053576533825e+00
1.033379962195462554e+01 -3.855942018914781055e+00
-4.106230139255804268e+00 4.949539034630023870e+00
1.946282035063607863e-01 -5.562877782801731286e+00
4.301273879722899096e+00 4.018637134899551100e+00
-2.094954746301613380e+00 5.723508509315912818e+00
-1.513351846284265445e+00 -6.587839043680012274e+00
-4.161575261177159923e+00 -1.546010472087143039e+00
-2.871511667726703187e+00 -1.493907135292005250e-02
1.014042999052984939e+01 -3.194815650527100370e+00
-6.614643129641061270e-01 -4.807590949015071224e+00
8.034881814000501166e+00 4.448724617298629447e+00
2.081030590873836239e+00 -3.229346614111789027e+00
5.338272036862772296e+00 2.201856372540462736e+00
-2.831201421685217934e+00 -9.823729333413548925e-01
-5.171282650901902755e+00 6.870542031337754096e+00
5.590320228482421605e+00 4.344597592034626032e+00
-2.372347147025535730e+00 -5.096649254406516505e+00
8.445997377200534117e+00 3.586679776258833385e+00
1.067790461568571025e+01 -3.707382892081736880e+00
5.729033416648284138e+00 -9.296983192061533785e+00
9.015799481043195840e+00 -5.710232849244793130e+00
8.801409616867244878e+00 -5.368581972893586851e+00
-1.690514678277764693e+00 -5.290928159844568768e+00
1.029177604899105880e+01 -4.838035817348448120e+00
5.199834151511672609e+00 -9.116570116372784582e+00
4.221401425047847766e+00 -4.758621901346834271e+00
-5.922889857771187483e-01 -8.859217015297950581e+00
-2.868416834817897332e-01 8.234395023658708013e+00
8.443633794738506282e+00 -3.944073900873399374e+00
-3.243807025456248549e+00 4.840357403695129790e+00
7.676964148263504484e+00 -5.199133051291866536e+00
-3.061900996012817622e+00 5.844603610640231039e+00
1.153403525554571596e+00 -4.702463554433506054e+00
-2.576033578929368684e+00 -3.795275242610292032e+00
4.091071679517591875e+00 3.535285348198387911e+00
5.770365656834306911e+00 4.235059907669866064e+00
9.749712657948462535e+00 -2.571814950423513046e+00
1.273789510416382109e-01 -3.366072707979482992e+00
4.189299954199500853e+00 5.491162662011111806e+00
1.083029876699612259e+01 -1.515441807458385082e+00
-6.878779267262169483e+00 -2.252166049042845231e+00
-9.850223002158600139e-01 -1.026306706181534523e-01
-1.324988070964606024e+00 -7.698077203080393893e+00
-2.186207044542886280e+00 -4.679118888255485942e+00
-2.871788570212143732e+00 7.443300529824422362e+00
-1.553421515389284968e+00 -2.496762796367028248e+00
5.862131274653479274e+00 4.187900968047922667e+00
4.785065045593767330e+00 -7.304494189746313815e+00
-2.625008493500714302e+00 -1.354500421117139419e+00
-1.775416618289884507e+00 -2.062016192908440182e+00
5.755517648476362602e-01 -2.281310812280262112e+00
2.652799014764236629e-01 -4.790798661135351466e+00
5.200300036672217630e+00 3.662214393576739724e+00
-8.910662625449113916e-01 -7.129020918111654836e+00
5.063418365700225188e+00 -2.335379375783645628e+00
1.762115681288965119e+00 -1.503562599906489883e+00
-3.037976485797733162e-01 -6.241442136037897548e+00
6.155540573390172909e+00 5.969489418137770897e+00
-1.266034707324128039e+00 -3.792606088012428600e+00
7.142004266153147540e+00 -1.037135891953570166e+01
-2.413705031761618436e+00 -5.206415362911763545e+00
1.103078579126455239e+01 -3.873052826048164032e+00
-8.080092085937964796e+00 -1.650645477706604858e-01
8.938753426467576091e+00 -4.359828922836135767e+00
1.013452915210143246e+01 -2.202707887626452532e+00
-1.350356352293048623e+00 -3.376104538953822676e+00
-2.223956390550329232e+00 -7.463087175596141432e-01
-5.280390297418999346e+00 1.549892792872478164e+00
4.330506352102216461e+00 5.133345949447218004e+00
4.802225918334425359e+00 4.343721693693701091e+00
-5.458275784242616169e+00 5.280013640041638645e+00
-8.267998525558555301e+00 -1.575507823984712896e+00
-1.031902014560455161e-01 -5.774278418692017745e+00
8.212225227271780170e+00 5.302207940116393736e+00
-2.374109494966637701e+00 4.776726798974313404e+00
5.784131938305058895e+00 -1.024976321616213149e+01
-6.879480072786200218e+00 -4.861353528373097976e-01
4.605384501675111597e-01 -2.426447771991373514e-01
1.128003618511960937e+01 -5.129628557773483699e+00
3.920487388964098319e+00 5.735820223245141847e+00
-1.425625406087321689e+00 5.514109238832332949e+00
5.993578869394320385e-01 -3.460494457880721075e+00
-5.554230926878052088e+00 -1.717899849052670014e+00
-3.706410856007606558e+00 -2.766217058551238672e+00
3.957014781908287482e+00 -6.133026349582678449e+00
5.655002968487636394e+00 6.157926276837963897e+00
6.963620684403132088e+00 2.536629835078293205e+00
-2.654976244898348270e-01 -4.067553375986719288e+00
-2.414729816276123930e+00 -1.832241596484489587e-01
-7.816932239910003410e+00 6.557659751714890461e-01
-5.575200691589239810e+00 7.184836491778334278e+00
-4.662824955271043237e+00 3.404186105684995134e+00
-7.071169183536639480e+00 -1.254230402982777104e+00
4.891463635731013504e+00 1.797813603861413423e+00
1.304831436271435496e+00 -3.734483924915631636e+00
6.527882564258544740e+00 4.602290080043541565e+00
9.700741484252457525e+00 -3.923779277394509712e+00
7.207989062372281985e-01 -5.730889156272451324e+00
-1.257931869786814483e+00 6.188306413022091945e+00
-4.350749033161042334e+00 -2.144686888062560026e+00
-1.522519721038408047e+00 -8.034805996078764778e+00
-4.337781482616609452e+00 2.994580996739649947e+00
-2.759279598302279535e+00 -7.202630134606984313e+00
-3.528931095825507569e+00 -5.768934216791476999e+00
7.596181951146208089e-02 -5.030671938443778579e+00
-1.109692640089443350e+00 7.066849966492269708e+00
6.114803767741269880e+00 -9.921943634609680984e+00
-4.299114533764324619e+00 -2.377209251786336353e-01
5.155278359447737380e+00 3.730268125062470297e+00
8.525217677895900792e+00 -4.405972459478495473e+00
-3.421457185298001136e+00 -2.341407117941431970e+00
-1.545330137132695958e+00 -2.139596501895732583e+00
-1.519993025043075097e+00 -5.141284399704776353e-01
-1.342924760683027241e+00 -2.042389601368935992e+00
-4.471199857735911998e+00 -6.139746128109816459e-01
-1.869822189093611531e+00 -7.934328615291077469e+00
2.494428975609598087e+00 6.707855143921078067e+00
-3.170178206205016558e+00 -3.727471189964143505e+00
1.159657028474508778e+01 -4.704920940566013066e+00
4.015196275124393033e+00 5.682842061612041640e+00
-7.093444895216963531e+00 2.008929725529704502e-01
-8.726059741222947919e-01 -4.171180450831014852e+00
-2.117351421102098730e+00 5.153067789558799738e+00
-1.999988029045806082e+00 -5.446346712842918159e+00
-1.651412562718466148e+00 -6.300906005323839709e-01
-1.590719628590319346e+00 -2.525293669266720720e+00
4.186650244999638559e+00 2.205764696224754129e+00
-3.194762521844263681e+00 2.537095610905117038e+00
-6.154311916869885657e+00 -1.024084271427856851e+00
1.222012258278980923e+01 -2.419038121437459665e+00
-1.074686911673932155e+00 7.176421565760930932e+00
5.607570992179731206e-01 -9.440247861415819841e+00
-3.314070955618285019e+00 -7.240951463080650186e+00
-4.362452196059184217e+00 6.080953262770448120e+00
-7.674156775657468010e+00 -2.023049188202234561e+00
-4.138089594007408056e-01 5.870097800747437589e+00
-7.828119481088302578e-01 -6.034173000199603898e+00
-2.885309739930338679e+00 -1.913825056002724789e+00
-3.037616169628464924e+00 -3.359142199432516573e+00
1.056271067508730610e+01 -5.085404320653226229e+00
1.063344722179031798e+01 -4.084282094400675689e+00
9.741559758986170436e+00 -1.361815804883107273e+00
5.988297552362086051e+00 -9.394693909312126223e+00
-3.121757980282002354e+00 -5.955489209905755033e+00
-8.012540669030346896e-01 -2.799101955976388556e+00
-4.127041204615448322e+00 3.326348603326316766e-01
-2.584247349001239424e+00 8.823567995879646020e+00
-2.739720941526610165e+00 -6.654297170081383550e-01
-1.947696097331086396e+00 -5.377715597581476104e+00
-2.970471457428080164e+00 -8.081810053597082710e-01
-3.023073289171857692e+00 3.836251437494677674e-01
-3.557037675847017688e+00 2.066170291255951863e+00
-3.126662256882074775e+00 -1.376660579379328730e+00
6.401904451014715391e+00 3.266403156195265112e+00
1.714296625708804367e-01 5.304342162887447643e+00
-1.181445372739535538e+00 8.460642136000343427e+00
-6.488007370492800963e-01 6.602817046330838657e+00
-3.431762066622765506e-01 9.115724873170231390e+00
-5.828934380059293652e+00 -9.785882623050945472e-01
-5.909812123693026109e+00 4.443224678321266552e+00
-3.163988200921712846e+00 7.155638824253948371e+00
7.013015810502375658e+00 5.981510938977072200e+00
-4.487801927781038813e+00 -4.113421807023357246e+00
5.316509793042678567e-01 7.024116576121529398e+00
-2.779623453792205989e-01 -5.999489799049834815e+00
-1.413152567314900132e+00 6.330775763901346664e+00
-1.730974914784233043e+00 -4.413716318401585958e+00
-3.077869396320601414e+00 -1.032272775839187418e+00
-6.591429853211241419e-01 2.000598989282976747e-01
-2.502440631977336682e+00 7.955915591627158001e+00
-1.428647680704844269e+00 -2.619752495713167040e+00
-4.091350733030260756e+00 4.476874514195775312e+00
-1.397218580133531951e+00 -3.507117246150772250e+00
4.944603835697490624e+00 4.280404900370675669e+00
4.895573131391952160e+00 4.514564830897525027e+00
-3.751124419319842307e-01 3.674757653806816293e+00
9.936337796354082208e-01 -3.850024273939483876e+00
-3.217612628542536601e+00 -2.047492788124507523e+00
4.383308724767746689e+00 3.926106642788739443e+00
9.530894361082946631e+00 -4.410345982510166962e+00
4.204140772477589216e-01 5.650539604899568857e+00
-1.777554728470825962e+00 1.018679850489871752e+00
-4.451827719230118774e+00 4.762837998905979475e+00
-5.932303111823358677e+00 7.573936046906824870e+00
-5.646747942111861818e+00 -9.781604294210991535e-01
8.906104788299002095e+00 -3.091521499081295143e+00
9.111394227089187225e+00 -3.595346010752519916e+00
-4.018622896424634661e+00 6.680394930317414826e+00
-1.388815677315044184e+00 -5.335417269022762810e+00
5.582548542857058926e+00 -9.442056693594645722e+00
9.119551371086518365e-01 -3.910304028860215553e+00
-9.710434520353090626e-01 -5.155437888313921135e+00
-1.239598843004127815e+00 -6.344870223963413380e+00
6.595823167322224734e+00 2.662769748898476063e+00
-3.864924954277300984e+00 -2.228420357398875229e+00
8.297768815150803334e+00 5.125301492025899464e+00
-5.380169744351488426e-01 4.697506185189077144e+00
-6.938656006302293955e-01 -6.309021619387545243e+00
-3.443167303915138255e+00 5.222382734740915744e+00
6.403643230792363639e+00 5.710276018573769541e+00
-2.002872157721531376e+00 -3.867826639141471734e-01
5.675194934043628514e+00 5.218285187111862733e+00
-3.080931248422585256e+00 -3.403686585372092677e-01
-2.994170516961603745e+00 -6.425191349073464231e+00
-2.687184235104702168e+00 2.986239215488989407e-01
2.733531032446558484e+00 -5.797128856750706660e+00
6.447182612731125140e+00 -1.152577720559396823e+01
3.672327882813384292e-01 -1.249313931857219728e+00
-5.799212477066587823e+00 -2.339332890331647263e+00
-1.685269824937344341e+00 -7.044848650785571209e+00
-3.528770025712403502e+00 4.784032208887537330e+00
-1.779933884609561812e+00 -8.272686806833331463e-01
-5.299062455644726555e+00 -1.914860006605742626e+00
-9.287341589349336068e-01 6.658821749955653679e+00
-7.846441079203514413e-02 -4.328840275847966268e+00
-3.572617312143952617e+00 4.275763765333561395e+00
-4.637061115508176457e-01 7.444574392311104738e+00
7.325715995666232772e+00 -9.089106327149229614e+00
-3.796363606522362932e+00 6.884223874248097452e+00
-2.993389763969809714e+00 -1.171555719391343953e+00
4.431269612814334735e+00 4.290171519948617451e+00
4.159083869877704398e-01 -3.489857664733563958e+00
-2.523148076810119989e+00 6.143475249831756635e+00
3.139907356427665608e+00 5.653948669145200334e+00
-1.049816937657322313e+00 -3.311815541223802395e+00
-2.775502333136860678e+00 6.597174015287077253e-01
-4.518818088286025159e+00 6.281122374335450509e+00
-8.965330413628953554e-01 4.200761306630432124e+00
-6.007114720728004009e+00 4.498581965104237135e+00
-4.111465599437471585e-01 7.698306064551109884e+00
-1.593029907668128242e+00 5.303356378408604854e+00
7.023624281157885285e-01 -3.925420714110144704e+00
-8.595878785023258750e-01 -5.758853020886051333e+00
-1.143358255838635706e+00 -1.795644675092575859e-01
-1.010274950390757986e+00 8.601890266562057796e-01
-6.975244536916282101e+00 -2.589359500815023196e+00
1.136596825200920335e+01 -2.325958145429381840e+00
1.034240722422076786e+01 -5.735620897761486425e+00
-3.988029223219529129e-01 8.097969633795246480e+00
-2.888455914012640235e+00 -4.291319825032846591e-01
-2.283126172233767459e+00 6.135888233371280975e+00
-3.029322203546886971e-01 -6.051022317100036574e+00
-4.162374333978055008e-01 5.987617907101514980e+00
6.670474628276052975e+00 3.962417562487889455e+00
-5.434084180805855091e+00 -4.663283103645275318e+00
1.097057484023379104e+01 -3.152446277247491935e+00
1.009748547576833566e+01 -1.116269309079776395e+00
-3.302671438459710007e+00 3.423309975536072969e+00
2.682414484146333322e+00 -5.050148258115886080e+00
-2.736720786699387453e+00 -3.726244840667269909e-01
-7.521489265617180564e+00 1.965679238951293595e+00
-4.544743408467808443e+00 3.564586828135381857e+00
1.966429229078912710e+00 -3.126204281350521086e+00
-5.623415609770083812e+00 3.616593922819481222e+00
-3.324139881528959783e+00 8.440125204538871273e+00
-5.674367461305122262e+00 5.046282101013490617e+00
-5.274072105535251076e+00 -2.380739714668669293e+00
7.027120528634012153e-02 -4.669905151626075224e+00
-2.403210007922500946e+00 -2.803950825800282765e+00
-4.251699760914101844e+00 5.443492295067206221e+00
-1.378064096286951035e+00 1.000357528939890051e+00
-3.486459824786213080e+00 5.692578205101794353e+00
-3.887371863466108302e+00 -3.118027407381704919e-01
-6.201109474745128303e+00 6.224758934080041328e+00
-1.011738321493726112e+00 -4.907368526438157019e+00
-2.184292568564723425e+00 -4.407343786641405359e+00
-4.960720427327236060e+00 3.941297373301346330e+00
-4.024070373507349530e+00 9.660328015923491662e-01
-1.001904039061553675e+00 -9.989763051819529061e-01
-1.360766673995194465e+00 4.459927601621840765e+00
-5.374246465393668348e-01 5.160881946928704167e+00
-9.022482863389278407e+00 -2.796165543696605305e+00
-4.107065394995141006e+00 -8.845603721955568322e-01
9.398353056769490621e+00 -1.451909481930911738e+00
-6.601247914439789533e-01 -4.216008759437597675e+00
-5.539517600304741940e+00 -6.093124015828402795e-01
-8.685132087161937520e-01 -3.578128141873200718e+00
4.237733033542200545e+00 4.335562646553968946e+00
-5.152608111092983334e-01 2.816999417225393376e+00
6.423289832787359543e+00 4.680546916131577362e+00
5.366931847411348322e+00 4.579134785996978430e+00
-6.648185675549733276e+00 -2.192724336726527667e+00
-9.066967749730379111e-01 -1.987530344559328643e+00
-5.277909219114823358e+00 5.804878928014487904e+00
1.142314561679360629e+01 -5.518454144788183413e+00
-1.652421055830011642e+00 6.994266400998528255e+00
-4.112515002411916143e+00 -6.298168811628852559e-01
-3.786061141372559113e+00 -2.871611391301699623e+00
-5.528791852598375023e+00 4.567715255210625713e+00
-2.694533812290282437e+00 -1.283827505362072241e+00
-5.579289394729972429e+00 8.752036859889407161e-01
-3.104497373321945641e+00 -3.522775181311016635e+00
5.541853326933047441e+00 -9.643918569865938650e+00
3.010466389591881509e-01 4.962721902906017668e+00
-2.010443184503927228e+00 -1.395707323206944128e+00
-2.293832839070130358e+00 -4.425936972142178405e+00
-1.388298700179837919e+00 -3.040649092196567871e-02
1.077680073820893547e+01 -2.946199825190243260e+00
-3.631443244631347156e+00 2.762705983850575198e-01
-7.570876094957974090e+00 -1.589247787492474862e+00
-2.583677361649024729e+00 5.816776442133186897e-03
-2.583687121267499442e+00 -3.070870701507890099e-01
8.333684947373162899e+00 -4.886538732416072506e+00
1.832690576305593844e+00 -2.191105480550253226e+00
1.046477646346069434e+01 -1.312163793798653888e+00
-3.288292309381746215e+00 8.225449812637948277e-01
8.225993501321138268e+00 -3.883518971435351741e+00
-7.036975559384637258e-01 -4.917793898641943606e+00
-1.611806651240963451e-01 -3.264895674267816350e+00
-4.917931186717385827e+00 3.522811219099362123e-01
-4.240005763149487628e+00 7.597746845446183173e+00
-2.882508593831178967e+00 6.022679168642652847e+00
2.037961381647859227e+00 -3.370249077229358736e+00
-7.083522661938846277e+00 -3.751772085328548556e+00
-6.465109721010013466e+00 -3.212648786796595601e+00
-4.061262945028120797e+00 5.578127728024223408e+00
-1.533849351662402771e+00 -5.410526547977681844e+00
-4.167213047379869195e+00 3.953831951731380023e+00
-2.246722170196031154e+00 -1.529162810817893181e+00
-3.832662184488869528e+00 4.927345992059398050e+00
6.260465829282166883e-01 7.358384982278919573e+00
1.388760552509497259e+00 -3.893346018109671292e+00
-5.644459917242588887e+00 3.800113920041848559e+00
-4.138850926454393786e-01 -1.679631478214233198e+00
-7.293225719621549974e-01 -5.149260448820137448e+00
5.487295668082601274e-01 -2.122622734632070518e+00
6.306704270471401585e-01 7.347642503894575405e+00
-1.359815418396503217e+00 -1.293509450339962452e+00
-1.836893154241566739e+00 -4.570425202614467608e-01
4.794195683446665690e+00 -9.727471366028082045e+00
9.643834332065223114e-01 -3.398793966263411903e+00
8.626984083003669257e-01 -6.290388102556755179e+00
-6.409583294451328683e+00 -3.771355914295710932e-01
5.831565914709723408e+00 -1.067894444744622717e+01
-6.403048677643226938e+00 -1.222972943926633693e+00
-6.184053152534902509e+00 -3.385559696718909439e+00
-1.152899925799546699e+00 7.933785418010311119e+00
4.598950795302632955e+00 -8.810801180487928264e+00
4.204820969357937699e+00 -8.002655275713529193e+00
-1.409437235427338120e+00 -2.052574109375993938e+00
-5.576665793134075066e+00 8.853893440514393198e-01
-4.285860701371956294e-01 6.458112219272751808e+00
8.800144170890833450e+00 -3.094331344314513288e+00
-1.064228241910661010e+00 -6.382225663927829196e+00
-1.322596569294012925e+00 -9.699802407859992037e-02
-3.798418618294959970e+00 5.586352045800961008e+00
-3.238673558094758320e+00 -1.121985650369686116e+00
2.359736481475782632e-01 9.169317097596342947e+00
-4.412171558052955689e+00 3.629863385695428324e+00
-1.221841709241671792e+00 -6.341067319882544240e+00
5.884595519049899082e+00 -6.156344526478077839e+00
-3.544419109101676568e+00 6.231405049485797321e+00
-2.347323053907243384e+00 8.267362796859083929e+00
1.924743440536767380e+00 -2.113238674260182748e+00
4.713785178108357288e-01 -4.035484402070478538e+00
-1.638475806468218332e+00 -1.828037000921759025e+00
-3.828846882512104699e-01 6.354420907802409424e+00
9.539473832291985644e+00 -2.763911381229699593e+00
