6.465730018628919495e+00 8.697404855776525778e+00
-3.694953558243410985e+00 4.944106115998188500e+00
-1.176000763255186543e+00 6.543942412546046583e+00
4.492597115308033295e+00 -8.305085458892262906e+00
-2.191609784993917565e+00 8.675996729311563627e-01
1.415503608447819639e+00 -4.867203053939963553e+00
9.399149946187787208e+00 -1.368983145640474408e+00
-9.185113859820836169e+00 -1.822865149363705140e+00
5.085871860047248560e+00 -9.234674820608811174e+00
-3.324045535353004954e+00 7.338953036380229555e+00
-2.322441517797276589e+00 -9.334637080167600409e-01
-2.234144539040164634e+00 -9.242092177186309598e-01
-3.464297020876308864e+00 -2.514757320360203607e-01
-3.690941949562893232e+00 -9.759656360155373189e-01
3.953563754638280248e+00 5.306533590184946192e+00
-1.686969626781856579e+00 -1.130126515648982366e+00
-5.307234941644753512e+00 3.642581603878468410e+00
1.853541501391670954e+00 -3.360014765833676531e+00
-2.204385871672978059e+00 -1.556657431353921206e+00
1.146476269354043076e+01 -3.492544291669911871e+00
-2.318475748147365678e+00 -4.404298974663438671e+00
1.350978842469493957e+00 -2.729959043874659486e+00
2.629754809469008414e+00 -5.804446046835341377e+00
-2.243098903280489331e+00 -1.931863944860979232e-01
5.241254488804037770e+00 -1.010370532709669256e+01
4.621875748716738563e+00 3.026910017122226293e+00
-1.452775974690567740e-01 -6.802694107885705499e+00
-2.056756259679268339e+00 9.849017256643508134e+00
-1.018593422554502137e+00 -6.656159667055874252e+00
8.437478468767958262e+00 -2.664352777016815832e+00
8.978999680764376379e+00 -9.544974635068959046e+00
5.324218580055651628e+00 -7.038961642596732737e+00
9.167840941155164458e+00 -2.684655322564622359e+00
-4.061895322306088296e+00 3.276447285536083776e+00
5.101343530959105976e+00 4.050396935309072077e+00
-1.764836708807727694e+00 -2.916224669705751449e-01
-3.575442484249898634e+00 -1.051761278761186080e+00
-7.688135314719032110e+00 2.936774664477257435e-01
-5.455480398317106960e+00 -8.899684464489840963e-01
6.808899913736423670e+00 3.232720325301714936e+00
6.026812335886763350e+00 4.093630216113315790e+00
-5.285111680577059268e+00 3.384993148902379900e+00
-1.506382012862668818e+00 5.622592375613394644e+00
3.187563622317706180e-01 -4.098720667304988297e+00
-2.602921511100590113e+00 -7.587054613632052025e+00
-5.246157288430966403e+00 -1.697599007440216301e+00
-2.660703301470970672e+00 -4.909541769896348384e-01
-6.410933841166588820e+00 1.024640263867597767e-01
4.503360489537763023e+00 3.779553881566022788e+00
2.407389319061453925e+00 -4.388437210762580420e+00
6.765507010884206807e+00 5.010793626340274365e+00
-3.707230708291671561e+00 6.439901250272789035e+00
-2.207239238970190698e+00 -1.123024863640612825e+00
6.196847409556927921e+00 -9.223345426339788489e+00
1.034542341515532016e+01 -3.776603401217954570e+00
-1.331489102818038450e+00 9.233065691621353821e-01
-3.803263936493838759e+00 5.786566908251279173e+00
-2.502995166940481298e+00 5.123936412476504998e+00
-4.870278307542903917e+00 7.778147321427928418e+00
7.921062220790510144e-01 -3.075940587827515671e+00
5.564169089288462100e-01 6.685921957319687081e+00
-7.518249068237508048e+00 -1.604947935085347277e+00
-2.490391238936187968e+00 -7.213834503230264872e+00
5.833070773817238042e+00 7.293742989187574466e+00
-7.931687039455626476e+00 3.448895613524582959e-01
4.982199330617565813e+00 6.222161370092150534e+00
-9.532704504380037136e+00 -2.638424764929764521e+00
-4.279556196941550539e+00 1.215483643337528452e+00
4.323035543785472834e-01 -3.698188869420758529e+00
5.250157368759913012e+00 4.293559370950971399e+00
-4.028598038086446120e-01 -4.398063444569898728e+00
-2.320353823812218330e+00 -1.255032096253909435e+00
-4.300961964754481670e+00 4.870393765105681894e+00
7.164948910646752545e+00 -8.803805890139861035e+00
-4.632075339386954482e+00 -4.093404507138378001e+00
-2.026436014501386218e+00 -1.398632160602109265e+00
-6.156045412404789197e+00 -1.835482854912810158e+00
-2.094968114188988650e-01 -1.107276509427578493e+00
-2.967768019283791858e+00 6.861704644621404725e+00
5.234247718160936813e+00 6.927351839848331139e+00
-7.461502011418007285e+00 -2.981886493530406579e+00
-1.301492693544027857e+00 8.195718146738396825e+00
-1.042765293560716344e+00 -7.219352145215701455e+00
-5.134501167261294796e+00 5.252783461190389858e+00
4.649523856013537682e-02 5.709292439363148119e+00
4.985421133425102624e+00 4.270323665880516373e+00
-4.389617398036975260e+00 3.301115645327439285e+00
4.969539943323133535e+00 -9.947776515370332362e+00
-6.910925722967564688e-02 -5.497885979723904804e+00
5.767505834723962721e+00 4.098552999537350416e+00
-5.571713935909037296e+00 -1.567615749333986175e+00
-5.569433533706892980e+00 1.280518368796454975e-01
-1.719107155638826656e+00 1.237145731206290344e+00
-2.319574084726124585e+00 7.877126961436747621e+00
8.306116108854141089e+00 -5.025634168372301147e+00
8.894783344273511361e-01 5.236516952086646803e+00
5.071887912682572441e+00 4.612606877641680647e+00
1.425428779993501927e+00 -2.330933458786325296e+00
7.447212813237841234e-01 -6.123448197009719429e+00
-4.191061327021741612e+00 4.332722789008077946e+00
4.148439698802519615e+00 3.953691793031777646e+00
-3.717528946182499183e+00 -8.079960595930801848e-01
8.531272063790590110e+00 -1.428627844716070072e+00
-4.160158357398915818e+00 -2.793669010762304783e+00
4.655984203334197602e+00 2.744121146339972839e+00
7.499580037700720458e-01 -4.696882497692880243e+00
-5.125758318034692174e-01 -3.431371199797373261e+00
-5.469880552931171813e+00 -8.259429579092287810e-01
-1.070625792625953476e+00 -7.109777018757670319e+00
6.514659779404134099e+00 -8.201610315584975552e+00
-8.043782100068657126e-01 6.846229909638101851e+00
-6.069189758164852400e+00 4.913968745402307547e+00
-1.342528017319762457e+00 -4.364408554030068110e+00
-1.473714641703986361e+00 -6.934986901370107759e+00
1.040122969303373068e+01 -2.700582955743837665e+00
-5.620866267558493057e-01 4.984536486754158169e+00
-5.585172969342446780e-01 4.462614756924974557e+00
9.951581066328392566e+00 -5.019267695154846720e+00
5.935776100312841308e+00 2.457361440439478351e+00
6.505970483296499296e-01 -2.056434234374862058e+00
-5.474122780405604738e-01 -4.014794225985325760e+00
6.276284099021448348e+00 2.669817546611115588e+00
-2.106894448317030211e+00 -5.662190675448825594e+00
5.937125529496302789e+00 -9.859182692177652640e+00
4.901052570206744230e-01 -2.786096157613678681e+00
8.510389963367417820e+00 -3.745945108425111414e+00
8.355057685405320456e+00 -5.588279205476239575e+00
-1.877183106208600849e+00 7.693818334611619569e+00
-2.090427214226405539e+00 4.491100657581355904e+00
-3.745175618157541297e-01 -2.107503338865380993e+00
-3.181737542805691987e+00 5.662783667759931916e+00
6.257801164041105757e-01 -2.603546637408989728e+00
2.952589856297074267e+00 -1.067026713261035553e+01
1.019740198781215801e+00 -3.497277932475066020e+00
-4.395625112509374821e-01 4.884137121614161359e+00
-3.061183500196025253e-01 -6.418691487154706721e+00
-6.596036011691124301e+00 1.019904014336856513e-01
6.628036922646848517e+00 3.171184057673387180e+00
9.673871354707039849e-01 -2.594923857674795720e+00
2.568491595757278034e+00 7.173555854961323419e+00
9.946828182721867861e+00 -3.208005216915282620e+00
1.896026833617368013e+00 7.635791993902278918e+00
-4.757045199156939574e+00 4.807035558905305095e+00
-4.267145144718949901e+00 2.327538473189665336e+00
-3.249355033472729914e+00 -2.053939766485757268e-01
-1.221498479473624332e+00 -6.224095962589142772e+00
4.836726525338451155e-01 -3.772103087876860439e+00
8.803804803222057274e+00 -4.168202963449200382e+00
-1.675415436351864074e+00 -2.237541473212169674e+00
1.299767184594676106e+00 -5.135727209859078712e+00
-6.990073757166891610e+00 4.828841741720897307e-01
-6.804155147014907534e-01 -5.040589199067797566e+00
6.421460511609522470e-03 7.168414012990239392e+00
-3.674319519313397286e+00 -2.982981801714459369e+00
-1.745016004180821589e-01 -4.779862327626906549e+00
5.212290510600511517e+00 -9.823007241681429136e+00
-2.716680270282192833e+00 -1.791750768854573073e+00
9.381928984859200682e+00 -4.104234110701582061e+00
-7.037861406035335055e-01 -7.822365958738590752e-01
-8.632175319640637667e+00 -3.236107402429443169e+00
5.702727388261050301e+00 5.265824884904887426e+00
-2.489698997857837881e+00 -5.972995645833243827e+00
3.969255628814150505e+00 -1.053362586521476807e+01
-4.910670133865598252e+00 4.490258178325339244e+00
4.476552559097380701e+00 6.222305943760656710e+00
-2.865194283738555114e+00 -6.453346273359616525e+00
-6.222794164773460146e+00 -2.052569357314321774e+00
-1.077460453496850157e-01 -6.531636133784109788e+00
-1.565457798642649445e+00 -3.088382689762244837e+00
-1.148223565132731050e-01 3.894814774703574844e+00
-8.623365501390594545e+00 -2.468869379368616723e+00
-2.718396474695924159e+00 2.263562126138649599e+00
-6.096799645389880951e+00 -1.643231349444967959e+00
-4.819900544938736431e+00 4.404536431256794948e+00
3.453178916787587927e+00 2.095045819639362428e+00
-6.216363090738972197e+00 -8.405433941830953160e-02
-3.322703815646734338e+00 -3.487288391615201988e+00
8.558870505513095139e+00 -4.760575754869693199e+00
-7.540499501591029663e+00 5.679069835789209986e-01
6.954173344401948675e+00 3.830917055283242334e+00
8.675871381215412015e+00 -3.784372709216424546e+00
-7.483406515146970861e+00 -1.739577519195447231e+00
-6.913361096998177580e+00 9.161792044629080145e-01
-2.791446871399076102e+00 -6.125751716218861276e-01
5.643646096459452588e-01 -1.163356508955084578e+00
-3.780935699192817800e+00 4.744886212423097049e+00
-5.900705561180397574e+00 -1.546967008491020312e+00
9.041276903635656836e+00 -3.815501241449500647e+00
-4.544415091388409600e+00 -4.067237786990274273e-01
6.107580402376009410e-01 -2.687746079851422998e+00
-9.138198867798692504e+00 -1.791910780932608471e-01
-2.837113338183818279e+00 1.772506785147374142e-01
6.299623920982639902e+00 -9.912145930174528274e+00
8.068346378144676256e-01 -2.739014959745134092e+00
-7.670685729701303135e-01 -6.163820210462559679e+00
5.856770437530529172e+00 -9.215126533187929070e+00
-7.485351755590343714e+00 -2.514513379442356644e+00
-1.772701206221396042e+00 -3.310734834387000780e-01
7.030721884100445074e+00 4.717653486303604815e+00
7.851840022427206023e+00 -9.408054678917473268e+00
8.196532897536830120e+00 -7.137723783977235392e+00
5.721797792345174827e+00 -8.135302184998460362e+00
3.312117925226425452e-01 -3.498731893697142770e+00
3.033933820847572793e+00 -9.282164008127811172e+00
-4.979287079470147148e-01 6.142584708227516899e+00
6.134684033870590802e+00 -9.417478563861212848e+00
-1.879772854661319492e+00 -1.619839365433354716e+00
-4.151658775409885038e+00 2.460862610544170881e+00
9.746277808953108135e+00 -5.449736756256182701e+00
-7.270519781548738791e-01 -2.953757898261468728e+00
1.018915104654442061e+01 -2.039000599615888198e+00
-7.651663649216549956e+00 -3.621513210801275751e+00
-2.705026732240255249e+00 -5.813686447436500870e+00
1.096990045718109208e-01 -5.218380848546593676e+00
-1.518511639557581283e+00 -2.626516606166921619e+00
-2.379025327826873593e+00 7.202820986788567303e+00
-3.334300487974531269e+00 -1.692208175844261531e+00
4.150105049222689857e-01 5.848641426312282121e+00
9.028153784711490104e-02 4.152817382102293564e+00
-5.995041915026599000e+00 -1.743985436853068505e+00
1.035139617693520009e+01 -3.522773886579794400e+00
-6.329390845903443363e+00 -1.658861357606854048e+00
3.940812432937894627e+00 -9.229996180647493276e+00
9.679026690019977508e+00 -7.630502125058114871e+00
-3.297460053273955083e+00 4.771251613909861078e+00
4.838680862454498022e-01 -6.098471121676346307e+00
-5.542067773286964538e+00 1.422896802247673786e+00
-8.813451244379873373e+00 -3.918750516794113903e+00
-6.912118388173333905e+00 9.341548553661578325e-01
-2.895790796391566335e+00 -2.300216500012387755e+00
7.278890061995621608e+00 4.325423234139964990e+00
-3.724148953045316901e+00 4.686694859325713836e+00
-1.110626245998168171e+00 -2.634713733370736666e+00
-2.210621239649718905e+00 1.327548164828545207e+00
-4.248405825135507463e+00 -3.715225137319813076e+00
-1.884594023418936892e+00 6.658254409841780408e+00
2.711241946952394066e+00 -2.694519632142886589e+00
-1.989261569231169924e+00 6.317048503393666969e+00
-7.420109152312773126e+00 -2.328052096510706548e+00
3.207654788707027915e+00 -3.937533082391232231e+00
4.858344571991427330e+00 -8.761113030512099442e+00
-8.014284047719179682e+00 -1.407118962312509769e+00
-2.579079269882112779e+00 -2.928253373517167191e+00
-2.518620458470583134e+00 -1.154751067079917259e+00
4.419435993815969077e+00 -1.156609145937110483e+01
-7.976768361031722598e+00 -8.942832194284270342e-01
-1.909779281542171248e+00 -3.987795447036395657e+00
-2.384099428615712668e+00 -6.858884909271376173e+00
-6.176654544905941790e+00 -1.817877987079939306e+00
-3.414887397638029398e+00 2.172989557478798961e+00
-4.938280918820038501e+00 5.714213100418047198e+00
1.041910157330337405e+01 -2.964927781007249408e+00
-5.168402946908896567e-01 -5.403837174248603326e+00
-1.401930458489849762e+00 5.775404768189178917e+00
-1.270948285081051843e+00 -3.140359064315546345e+00
-2.789917150890592445e+00 6.343423289905252282e-01
-1.789749554278535992e+00 -1.990446534522275046e+00
-5.330306079906792505e+00 -1.303848130360652613e+00
8.576638197570374267e-02 -5.932122939856363963e+00
9.941060626631117003e+00 -5.631592892136532136e+00
-5.087686408599816801e+00 -2.041796789665655254e+00
-6.414989182172709192e+00 -9.496957622129116317e-01
-1.350787984952319665e+00 -5.578116933148812961e+00
1.546517875285462917e+00 -3.206814803856157248e+00
-2.901432176277725095e+00 8.441757918534076310e-02
1.117036286125082256e+01 -4.787294616579330864e+00
-4.195544077811591777e+00 -2.087077977388325234e-01
-1.762839068746992588e+00 3.258278912374975800e+00
-5.826722762929390509e-01 -6.497142396867372938e+00
-1.422350462007857530e-01 -9.002757770353795319e-01
-2.249630605868464528e+00 4.798133846951584403e-01
5.330715135740044630e+00 6.014430152117329342e+00
-2.603080795991176366e+00 -4.719020330481316527e+00
-3.409761938610458287e+00 2.629075813887630453e+00
4.044249137622497159e+00 -6.056658661268722099e+00
-1.222015898503517217e+00 -2.061293103912772651e+00
-3.123282309479254337e+00 6.589517140863868860e+00
2.224932017834702069e-02 -6.981127419267074252e+00
-1.837703083881259136e-01 -4.650942071016807233e+00
6.730934328158991953e+00 -1.073662984292183253e+01
-4.993331549113025680e+00 5.127839442770936174e+00
5.252925368059728761e+00 -1.162820025324339213e+01
-5.846827391972319043e-01 5.375944018394527291e+00
-6.744720560746613636e+00 4.841433371700990307e+00
3.835008400564587916e-02 -4.015646053666915627e+00
-3.999465274514746760e+00 -2.501240171342233864e-02
-3.947967634701583073e+00 -1.245516591276200735e+00
-9.544815448456573925e-01 7.524237575598384353e+00
4.025299404829980610e+00 5.461992154254931009e+00
-2.520379417067931449e+00 -6.147265546398805292e+00
6.777202510589951601e+00 -1.181383437624208810e+01
8.149942451082425876e+00 3.872476507543024304e+00
-8.294584842502446875e+00 -1.245530235330585267e+00
-9.913132716016810342e-01 7.436425068646425274e+00
5.641570779434877281e+00 2.436997914486461525e+00
-2.024881925473554833e+00 -5.797808636470473953e-01
-1.180573137829372010e+00 1.892726401290090177e-02
1.567451721426821543e+00 -6.055774775224403328e+00
-1.053019887335022053e+00 1.487418630239766060e+00
6.851476926663522704e+00 2.000180966905948488e+00
-5.333292053511432762e+00 -1.106596050789005359e+00
-1.480166268325191936e+00 -2.760505913030142366e+00
-1.904610778612932265e+00 -2.899878599284611003e+00
7.419023957587340234e+00 -1.084806725611479905e+01
-2.399203016311960646e+00 7.082524127131794245e+00
-3.559978261163301738e+00 3.562710092131430528e+00
-2.392674119337577121e+00 7.033078702753116751e+00
-4.836802074271171037e+00 5.959295324153029760e+00
-5.541842250800268488e+00 6.175160225268209402e+00
-1.604756614163387329e+00 7.496560170488835162e+00
-1.268995366117120271e+00 -6.520029141810211870e-01
8.244735615801582540e+00 -4.122781704729912455e+00
1.079568534592895190e+01 -4.628740505928409910e+00
-3.179938301495662811e-01 6.299336829990868303e+00
-3.980188533153029784e+00 -5.624986790554871163e-01
-3.218422026707425054e+00 -5.460743998436460522e+00
7.527074052018946082e-01 -1.763103075602798331e+00
-5.387252682763014056e-01 -4.048225971801986844e+00
-3.605089839651697936e+00 -1.915069221922462095e+00
8.506374267623924013e-01 -4.737565569667181009e+00
1.664615919949216094e+00 -3.182175199528224585e+00
6.051559768960835584e+00 5.948997682667491738e+00
-2.233499857731147564e+00 -2.925134371475068384e+00
-2.234602033017792255e+00 -1.292115998000607391e+00
-2.901813926514245523e+00 -2.535481959383337536e+00
-1.959180962561803296e+00 5.726522202359232594e+00
6.797753964961548157e-01 -5.258542053049233722e+00
2.685179398621617697e+00 -2.890259944335414666e+00
-6.949221565525408373e+00 5.003514460848181855e+00
1.084314338620555596e+01 -3.298746019079747960e+00
-2.153477689118977523e+00 1.570201326902863626e-01
-1.154339222553395494e-01 -8.021522066950046437e+00
3.604978011113145531e+00 -1.915021942576221825e+00
-4.426348493721482313e+00 -8.833772491163049967e-01
-8.236066430776451952e+00 3.840422157696865568e-03
6.323974349569096987e+00 -9.936158281260627945e+00
-5.648267916191544558e+00 4.730724911041868985e+00
-5.515546172576052619e+00 1.202165297664183896e-01
-8.471041825407802150e+00 -1.595590562031282911e+00
4.760079307511421831e+00 -9.075525758940193199e+00
-3.065488559681238456e+00 -1.025676101472805968e+00
2.341715391887351227e-01 -5.410932704904006130e+00
-1.111870517103310085e+00 5.181619748601529185e-02
-1.098228396938087048e+00 -7.100703165055381128e+00
-2.090077450071778031e+00 -5.103707739870303683e+00
6.303332590991916895e+00 3.493417142713310497e+00
-4.149916583690977490e+00 4.706272670422549709e+00
-8.671780825916481916e+00 -2.805323950316843451e+00
1.133426407656965473e+01 -4.925326026203339147e+00
-2.171362146628827539e+00 5.853360434409212942e+00
-2.680882325107080799e+00 -2.121598100449550550e+00
9.410225271911961897e+00 -2.256606147257864237e+00
3.893829199125613094e+00 -7.883523050512049934e+00
5.322379081132638134e+00 -8.996398157701129605e+00
-3.481256331861437570e+00 5.702677949262791479e+00
6.330573946204996361e+00 -8.408896988766823455e+00
-8.736253255857135969e-01 -2.136812929702318620e+00
-1.331113160941682416e+00 2.676490109336304712e-02
-2.082987386594303381e+00 -1.731955793612493855e+00
8.445697564033183724e+00 -6.790777789499196970e+00
-3.281094413210832172e+00 5.405727352711936717e+00
-2.884153319583696806e+00 -1.837237048194258482e-01
-5.363487702371910970e+00 -1.509427258758762047e-01
3.644002080366888663e+00 3.771094631814478237e+00
-5.580133686859376496e+00 -1.181373726245577682e+00
-2.190808957207904584e+00 -6.186542399408500259e+00
1.873309248731431786e-01 -3.881237520513443062e+00
-2.711853919708855365e+00 -9.976590604665979134e-01
-9.416939276460141173e-01 4.206846342221652435e+00
1.658513606075145752e+00 -7.239039194502320029e+00
-1.585672122463165579e+00 9.029700495308835784e+00
1.222687728196147283e+01 -3.914299101113084767e+00
8.424907366281479071e+00 3.575015082330804894e+00
-7.175336683281087424e+00 -1.121108315400123789e+00
-6.182825588373444425e+00 5.363589049536753528e+00
-4.683125478036116007e+00 4.574436221869238040e+00
-3.427385201922045432e+00 -1.646950493383565917e+00
-1.537187632167020368e+00 -3.319831939765970130e+00
7.494827145424602932e+00 4.684905720276861807e+00
-2.222868748414556617e+00 -4.917974767405249636e+00
-2.432740203883378971e-01 -5.792845905773167381e+00
7.110994181022081584e+00 5.999152223050574939e+00
8.772118113966328679e+00 4.189568914195887395e+00
4.301462377935004966e+00 -1.090706749261302022e+01
-4.829091278122810138e+00 6.183516286681395968e+00
8.911973479316255720e+00 -5.709861362637584037e+00
1.000316147241966469e+01 -1.791877077969016963e+00
1.179241185312509188e+01 -4.030557707101361409e+00
-2.509206263243962010e+00 3.948051202263497483e+00
-2.473594175410068097e+00 -3.290959388587652690e+00
1.113844047864081332e+01 -3.031317735430903326e+00
-4.737242462251018971e-01 3.923031727639410882e+00
-5.136641824020426128e+00 -2.667299834633837907e+00
-3.595940735111534892e+00 -2.549461298518229668e-01
8.966460688746412444e+00 4.175140766638033796e+00
-1.102201253951723414e+00 6.540539599347560795e+00
-2.850141498080778213e-01 -1.452299141827801510e+00
2.116388270980414710e+00 -4.949379896959608338e+00
8.607503456082744364e+00 -3.027266533183704755e+00
-5.982357622647292317e+00 4.351521334450867862e+00
-3.397343633029755061e+00 -3.188186009531126075e+00
-4.808753727832248970e+00 4.860927740080382087e+00
-2.612624419205285431e+00 -2.204475631016201920e+00
-4.978955432158574723e+00 -1.510829052831944797e+00
8.181286317154865984e+00 -2.722689117579317752e+00
4.172720340542557693e+00 -7.206712211561937309e+00
-1.329856472091005326e+00 3.860691937016442754e+00
-7.675603482373440478e+00 -2.477325290626131604e+00
9.374176161482052905e+00 -4.909079642662946164e+00
-3.032972091887689903e+00 -1.308271260313567552e+00
6.542054970069909103e+00 -9.324060216901299825e+00
-2.080440359256872096e+00 -2.959931968401340541e+00
-6.855686732714961984e+00 -8.521361928768733662e-03
3.698270696519435852e+00 -9.522802167146080521e+00
1.096806205113007060e+01 -4.387358060362570811e+00
5.089480760126095404e+00 -8.002084677987792105e+00
2.887261182809493398e+00 -3.772065342675792188e+00
-1.123533755231065134e+00 2.340091765435170501e-01
-6.015958024825437178e+00 -5.524043248700781783e-01
4.579325249897842731e+00 3.765823691076646718e+00
-5.937053308137249630e+00 5.191192277452825188e+00
-5.883957770394824038e+00 -9.447846029638449217e-01
1.623830698749564316e+00 -4.993680250594202619e+00
9.601656118553849595e+00 -4.511595152551368670e+00
-3.481363993585537830e+00 3.540593349566433901e+00
-7.078106120900473641e-02 -3.595178655914830212e+00
-1.056994428280364717e+00 -5.980067002029239021e+00
-2.660591811443244303e+00 -2.036257249661920232e-01
9.071693878514800247e+00 -6.114967025151701208e+00
7.978666405270350204e+00 -4.234183075108153282e+00
5.617639590167934571e+00 -9.246942103329420348e+00
-1.288515756304249527e+00 7.327314630957440400e+00
7.356299000372084507e+00 -1.002102084159195172e+01
7.624005713691913044e+00 6.719724787633014174e+00
-1.256670376954870605e+00 4.047367572876967579e-01
-3.649596832811169200e+00 -5.516643240591411868e+00
5.696653778864611439e+00 -9.531392187754466505e+00
-2.835277875160105765e+00 3.193707971237957022e+00
-8.357048962333902153e+00 -2.031064702101191610e+00
1.087363620927231977e+01 -3.884336317134927441e+00
5.888501685577717026e+00 5.058263125703722274e+00
6.204579349101755348e+00 3.889012478926912486e+00
-3.236884101668143110e+00 5.943389445316806352e+00
-5.035178128996194991e-01 5.179373571916816132e+00
-7.306873945524611003e+00 -2.044805359620421203e+00
-2.598187136794365415e+00 6.316757144773746724e+00
-1.521904817583886294e+00 -1.091884919949500876e+00
4.973002940078741219e-02 -6.481885350232029275e+00
1.015145694161935452e+01 -6.195575609590089350e+00
-1.676223288170826553e+00 -4.295852325327466081e-01
-4.252311344816821048e+00 -6.096229538239589019e+00
1.142798676758003928e+01 -4.321080803508989376e+00
-3.629479477220233452e+00 8.510736077341176653e-01
-3.078066451600171671e+00 -1.150044264405556182e+00
5.668635936574268896e-01 -2.704517702233726895e-01
1.009177027312722608e+01 -2.026537331394907326e+00
-3.086693627207213186e-01 -6.302402570277952698e+00
-1.894326743216797393e+00 -5.138438581629931612e+00
9.631537688044820911e+00 -5.365619850338783081e+00
-3.004355040634601792e+00 7.550747305551929855e+00
4.302114858439588296e+00 6.637473470265042863e+00
-9.663687714455240219e-01 -2.802640976399310979e+00
1.034842709999051280e+01 -2.767789022402430188e+00
-5.627370318451774267e+00 3.474654000597925396e+00
-3.376341166364919211e+00 3.452787994635388991e+00
-7.831250873278669644e+00 -2.265030533039459559e+00
3.954305155102830316e+00 -1.109362883120983412e+01
-9.168184616568522571e+00 1.541431088208717881e-01
-6.248191306027038650e+00 3.746425694053878264e+00
-6.447264534984420870e+00 -3.812747115672509013e-01
5.605149479901826659e+00 3.866910071479531474e+00
-6.683386661858836675e+00 -1.567466771377602264e+00
-7.074283114264520833e+00 7.489690252300807316e+00
-2.666439663718249697e-01 -5.696173375482882939e+00
-5.559033672838131324e+00 6.814039977992059072e-02
5.694414142490512809e+00 -6.455763189855760587e+00
1.022543211442260969e+01 -4.825027205671672981e+00
-4.803815018268937642e+00 -3.058749418826853805e-01
-1.559840824936575165e+00 -4.245145886521987322e+00
3.294122437831994432e+00 -5.817662664181259657e+00
-1.155418832694960596e+00 8.090224658798922164e+00
-7.993462462130908719e+00 -6.059071371604182188e-01
-4.442581633873146529e+00 5.911632935650230181e+00
-4.303821294532064190e-01 -7.295675184541597247e+00
-3.635801050801996226e+00 7.638377200085413321e-01
5.361442682967672013e+00 -1.062547973245943567e+01
-8.685134261664952504e+00 3.542750976885185032e-01
7.635236672029632743e+00 -6.480219181937957984e+00
-8.980770623554652943e+00 -3.098925447660039190e-01
-1.742916079736522406e+00 -2.298934765460121987e+00
4.435880924065101816e+00 -4.217344466517954693e+00
-8.943071473957677764e-01 -1.507045305522748624e+00
-3.584850034193323154e+00 4.944199297670715865e+00
5.531405374468579161e+00 4.981579851286184635e+00
-3.833655697797407669e+00 -1.485227313494626777e+00
-6.191334153378122984e-01 -9.353663675436887370e-01
-1.891743754199582073e+00 -1.606921752516151436e+00
-3.980350153663068102e+00 5.390029017351848140e+00
-2.981755683002536017e+00 -3.273251838680243164e+00
-3.964469865844045149e+00 -4.903284258099100512e+00
-2.065423069683244517e+00 5.573567555238753357e+00
2.485888186782310605e+00 -3.240463510438779782e+00
-4.652744084077400366e-01 -2.035694067573222021e+00
-1.933017077049835386e+00 3.113585579155613292e-01
8.004255200661392067e-01 -4.329149181584918793e+00
9.945678566277218025e+00 -4.825573933591508435e+00
-5.256478041145209446e+00 -9.448069887386982835e-01
-7.720190546306331392e+00 -6.105632148292542416e-01
3.171931003650442449e+00 -4.209238705975699268e+00
-3.202754025587024600e+00 -1.582746479261158967e+00
7.181801161659322474e+00 -1.081494028584116940e+01
8.549231747290533256e-01 6.399373738105018639e+00
1.941363179662019434e+00 -2.408932455715774079e+00
3.557294457286547917e+00 2.620588022268231398e+00
-4.475252070463286991e-01 -6.132968969976470675e+00
1.907262164265063120e+00 4.997875054695317232e+00
-1.779759242871012948e+00 4.528962157692710377e+00
9.971975679754955024e+00 -3.637914140448110345e+00
3.931915661828010222e+00 -1.079012983560273398e+01
-2.660604580981503986e+00 1.837609183987531924e-02
-2.115097557333270650e+00 -7.284949850989045572e+00
-3.576047065635934885e+00 4.924594649272940217e+00
-5.659673074723733599e+00 5.469336357294038109e+00
-2.176724575650943905e+00 -1.736953957930136072e+00
5.250820709552676213e+00 -1.198027587790235238e+01
-4.199446193370290459e+00 -1.024013806245869240e+00
1.224204372733085577e+01 -3.007263953924025124e+00
9.798224737458484768e+00 -4.634173758347174044e+00
-6.890742586501181322e+00 -3.154653835366365122e+00
-4.480928880690341565e+00 4.569791970477805165e+00
5.902732305054171569e+00 -1.116235021050484022e+01
8.152762383869774254e+00 -1.135717974349137016e+01
-4.808494577973942086e+00 4.960347635712323289e+00
-1.028958056503879170e+01 -3.099754560498072742e+00
-2.629723542117156754e+00 1.002040382306967903e-01
-1.704327956399912747e+00 -1.089880837118654355e+00
1.440249252210210607e+00 -2.997647965702162853e+00
-6.000459030816046591e-01 -5.549703701827929159e+00
-1.515179808587231447e+00 -1.272941030530659212e+00
-3.401612462210403365e+00 -4.603555134178924924e-01
-3.534942407947780030e+00 6.499489436605866644e+00
4.701871003712358998e-01 -5.497267417622328622e+00
8.546340313498925312e+00 -5.337873546851133355e+00
-1.065936859372543122e+00 -1.559289430853222358e-01
-6.249234994918978714e+00 -1.828072895830413769e+00
7.044358706747772203e+00 5.090316393259972649e+00
-1.150162444850890697e+00 -3.078704865793749690e+00
3.749125660157321960e-01 7.503597064304111441e+00
-2.268992783635710886e+00 -1.280188448248672950e+00
-1.929232164202728583e+00 -4.942272171316915319e+00
1.803256495955118499e+00 -4.787931364038129800e+00
-1.965778971123227858e+00 -1.685163398055678607e+00
5.397260302153292777e-01 -2.914660259264025832e+00
1.268782034366626732e-01 -2.706370049024171998e+00
-1.034557490751004671e-01 -1.071879157820440742e+00
5.435550277537728903e+00 7.893836776705605018e+00
-2.559503722511545121e+00 4.052654339697228991e+00
-1.903068899440695905e+00 -1.020508285171930041e+00
-1.254054888769164711e+00 -1.846767313433297364e+00
-4.418317273359466668e+00 5.269148712334319917e+00
-1.055990698189199106e+00 -4.333212308132118551e+00
6.522373570804571585e+00 -9.943910468006308179e+00
-6.183046962975456751e+00 -2.609484261026442375e+00
4.832635034049148182e+00 -9.622443825576823428e+00
-9.037686298545988706e+00 5.122867261559227448e-01
-1.619286313748073303e+00 -3.023340819028511040e-01
6.965774297129859072e+00 -1.066979319749894017e+01
1.155014401137600721e+01 -4.855352138563387321e+00
6.627691909171998574e+00 2.928127595622795010e+00
-3.075057431194445634e+00 -2.992765311821607099e+00
-1.870652208455248822e+00 -4.906330612804393532e+00
-1.311263846949070278e+00 3.659219784324685421e-02
3.808472565816979571e+00 4.196388850162664497e+00
5.720725012308829349e+00 -8.634206516246386798e+00
1.220907803097925459e+00 -8.234202433293948076e+00
6.860916627220094099e+00 5.698000654595391623e+00
4.589018658660064531e+00 -9.524463647206687256e+00
-7.307870827319963070e+00 -2.953875676423283192e+00
-7.812930395646899839e-01 -1.810656893942970136e+00
4.529656782149293015e+00 -1.018541010178854300e+01
-4.070357035042817984e+00 2.701515235193530540e+00
-1.135447300006775961e+00 7.612755044128247661e+00
5.076307149999228052e+00 3.247600566859205173e+00
-6.295611307497448905e+00 2.874127600673966665e+00
1.057923917038634087e+01 -3.318844919760937984e+00
-2.143861717208163320e+00 6.073627978788836757e+00
-5.323217386721750266e+00 -3.131861479654149960e+00
-2.238920333364400772e+00 -1.365994203983049937e+00
-3.441935707982447301e+00 -1.127823024571419364e+00
-1.913992598850894122e+00 -3.990359643893892638e-01
-2.815334098229022253e+00 -4.504895980790314169e+00
1.003903709376539055e+00 9.624818094055004991e+00
-1.876089878768190999e+00 -5.120643022206034622e+00
-3.181841192743079638e+00 -1.268577562769509282e+00
-4.323245182208690807e+00 -6.535857142537349063e-03
-1.447850577535184868e+00 7.346886439527012591e+00
-3.365978648109631877e+00 6.830323697732463728e+00
4.257215274357957213e+00 2.956058035390121130e+00
9.795014399116144688e+00 -3.158901730953873166e+00
6.289251702348283679e+00 -8.147875102040567086e+00
-1.075009790334920723e+00 6.953460215497183405e+00
-7.223159807026054757e+00 -1.690618981160926904e+00
8.091764449929673475e+00 4.089591254587704228e+00
2.874025907607237196e-01 -3.755200162554998666e+00
7.424514914123800935e-01 -5.042642661606956622e+00
6.735696992700788144e+00 4.023628899428581818e+00
-8.422040310889591375e-01 -2.516361659923611604e+00
-1.042750161977922030e+00 -1.522713021338951922e+00
-4.667572960856278819e+00 2.116154812443143296e+00
-3.496321941783155474e+00 5.594295130503250668e+00
-9.370227529434146385e-01 6.573648934256612009e+00
7.849000077187726632e+00 -2.603262380748038840e+00
6.545794954973811031e+00 -1.020808260790328426e+01
-5.126823780341711601e-01 -4.278719247977921469e+00
4.712605873341321860e+00 4.393616562798767333e+00
8.909001965760396047e+00 -4.193923293100704441e+00
-3.608394636376014653e+00 -3.149210032103314516e-01
4.916254587780914953e+00 4.272850682308606984e+00
6.432537594928553482e+00 4.031049624027621903e+00
-1.315381841166033627e+00 -1.956334960660218947e+00
2.035795242254778259e+00 -7.003049195664701188e+00
-5.853978661158443231e+00 -1.602806766867454824e+00
2.691317997442861376e-01 -7.341089465393568769e-01
3.690846564794122653e+00 -8.292884217338727382e+00
-3.809878530261236129e+00 -2.535326917413260883e+00
4.666204978692645611e+00 4.709069168522851179e+00
-5.087511245862897269e+00 2.920887965215085202e+00
-2.163778283300815453e+00 8.214626841227936183e+00
1.012941497435189753e+01 -4.228867053417508792e+00
-1.483712825279617231e+00 2.101023446763337077e-01
6.710310664456100582e+00 4.250351738296371806e+00
-2.093711985541691245e+00 -3.379364068417149536e+00
8.063232572845867807e+00 4.844832813393109561e+00
-2.659097430551098817e+00 3.395703019378202292e-01
-3.649211712637776550e+00 -2.655869463956944010e+00
-3.148593617126755895e-01 -6.283218687891221066e+00
5.122923317164337575e+00 -1.031538557409551871e+01
3.466328002117402995e+00 -1.136617132114866457e+01
4.943249751923740831e+00 4.067451338185311904e+00
-4.968924704769846379e+00 5.288795738526125945e+00
7.882887529108485225e+00 3.379357229729809120e+00
-7.319245657597082122e+00 -2.941156419308774694e+00
-1.501134717202677438e+00 -7.930677562131746017e-01
7.541199886091717097e+00 5.649721829086344016e+00
-1.698497379060064816e+00 -1.955518458717961483e+00
-4.811587631021452260e-02 -4.420381769214746015e+00
-5.953118811075771788e+00 -4.327260478818344414e-01
1.056676483493427199e+01 -4.259245921633423748e+00
-1.471409082988173189e-01 -4.416017209617495887e+00
-5.199128732354601823e+00 -7.513127670603538810e-01
5.236346951348680889e+00 3.589948665480190204e+00
-8.116986973092666702e+00 -1.039904777705558114e+00
-6.379536460791188190e+00 -1.545976654774277037e-01
4.938417302618418603e+00 5.000902462490200762e+00
1.399833417202055452e+00 -4.417934172640802792e+00
-1.092733686285615846e+00 -1.063776069706604321e+00
-5.543767637178287799e+00 5.803043145298009797e+00
1.100691727062643732e+00 6.929827172303117067e+00
2.546933597285351958e+00 -2.599433798772822435e+00
-2.432561150088132784e+00 1.804172761011013648e-01
-2.030832741788394458e+00 9.426348343830383669e+00
1.811731597293291252e+00 -5.844237413023993355e+00
1.010173020128868160e+01 -5.006095192824734141e+00
-5.320369712077365421e+00 -4.468689645375192310e-01
-9.421332766004676174e+00 -2.933755791537230984e+00
5.918468413718308341e+00 -1.079906313398153372e+01
7.671546741434662309e+00 -3.841299091587712322e+00
-1.840955079449853482e+00 -1.158064846691725158e+00
-2.505305451693175645e+00 5.431994612833743741e-01
6.320121982676477401e+00 4.147444191146799852e+00
-4.001549638257474228e+00 4.439334142047497878e+00
-1.392630690389748294e+00 4.064965409695251441e-01
-6.237509314000753591e+00 -8.270611709474406936e-02
-2.125108326546752746e+00 -3.649499789639290004e+00
-4.155386540078897184e+00 1.881624782594281120e-01
-6.010853975678657868e+00 4.816038469784806431e+00
8.285032217732835491e+00 -3.178353334371869288e+00
6.504910193360041504e+00 3.984951937022085389e+00
-5.137585293163549949e+00 -3.569757947142044863e+00
1.913262384714005560e+00 -4.528529453219857892e+00
-4.308955865281172137e-01 1.278072043391285995e+00
-5.963045354008682963e+00 -2.366943283089983474e+00
-2.674751335747526326e+00 -7.629559967744634186e+00
5.132246642717647411e+00 3.204505309663762791e+00
4.197282350689516939e+00 -8.443391376182916019e+00
-2.796515000753457603e+00 -1.857456813576063848e+00
3.589933114758657950e+00 -9.878892618748627896e+00
8.772165877836554770e+00 -4.966687689082241342e+00
-3.688330687150435327e+00 -2.050802985686443147e+00
4.920197465999285313e-01 -4.519280331977373777e+00
1.095472102600419362e+01 -4.537652958250929736e+00
9.921893430869226371e-01 -5.575199897038662478e+00
-2.754707169191008553e+00 -1.771384628958605267e+00
5.767022476560218713e+00 5.795679193735232104e+00
-1.880095369606755273e+00 -2.665578795836206716e+00
-4.694630208388241854e+00 4.573244025474436647e+00
6.259780784036239609e+00 2.702290541168046012e+00
1.500355605016913341e+00 -5.286274714799791496e+00
4.049433493719689636e+00 3.414923360101048466e+00
-2.256211029661186807e+00 6.958497975683011205e-01
-3.382122038947551701e+00 8.875045333306383899e-01
-1.820394687630484620e+00 9.594529632118997675e-01
-6.617720864030359529e+00 -2.109380179987586867e+00
-1.194256685104690963e-01 -3.222336724856952550e+00
1.062319304975912981e+00 1.007170597551555424e+01
-1.834800053711723500e+00 5.990351636635044663e+00
-5.556863753566873676e+00 4.484583766708194474e+00
-8.590468577064676037e-01 -3.012464777512386505e+00
-1.953887080256783149e+00 -1.319957729513200118e+00
3.680657336456290452e+00 -7.967588985265225965e+00
6.282534483456807983e+00 6.465198629703781563e+00
4.626262141817687024e+00 6.487155625103770973e+00
-5.170373341072854956e+00 3.336693046719561906e+00
-2.087337949038602591e+00 -4.138276073158212220e+00
-3.976319438368587367e-01 -2.089478948136493486e+00
2.474641730795291927e+00 4.169664812862698966e+00
-2.256664029699686047e+00 1.027035511575564719e+01
-2.467128913369621035e+00 -1.619669541042493499e+00
5.440954779072259662e+00 3.395909438065781050e+00
9.427373580338930026e+00 -2.366682752282581959e+00
4.348680156556894438e-01 -1.380347821345203063e-01
-3.747348710300044239e+00 5.008217202602174289e-01
-3.717727534569938541e+00 6.267298041458272628e+00
-2.069576914741757978e+00 -4.618628682006833408e-01
-1.259571801624183029e+00 -1.693817131453518199e+00
1.121947160313264824e+01 -2.579504523990989284e+00
-2.446939263634277939e+00 -1.976251384148856705e+00
-3.104762973954089400e+00 -6.261846759095914372e+00
-2.042677850120303784e+00 4.803800691147765534e+00
-1.882090291187398901e+00 -7.376763367523127002e+00
-1.572992231410643260e+00 -3.234829165386290395e-01
-3.090677462308984325e+00 4.072496923940683189e+00
-2.375041003389367411e+00 -2.672728023470847702e+00
-5.219671725780280269e+00 -2.661117400663854049e+00
-5.744354517831116169e+00 2.746852249520799205e-01
5.504839445131804787e+00 4.408060702148213217e+00
5.310360515649108493e+00 1.469045812205990398e+00
6.634547896187633853e+00 -1.183555342937075672e+01
-2.803083329072015850e+00 4.465938201689352738e+00
-5.844026774639912158e-01 -6.186482073695753314e+00
1.173427593022385373e+01 -3.136168881299322919e+00
1.553648973500658226e+00 -5.511758515994648278e+00
1.011758382326766847e+00 -6.745646033359343541e+00
-2.076915605930194531e+00 6.594636640549558670e+00
7.077396137346748439e+00 3.663008173494158193e+00
5.529144150968989813e+00 4.208299544751072041e+00
8.229960671391660654e+00 -3.568202299645915510e+00
-5.382399401233335823e+00 4.456593038942275875e+00
-2.238937347138938438e+00 6.014356645158098758e+00
4.187341233516275629e+00 2.785963162833776430e+00
-8.713029082696444050e-01 -2.195189773620935370e+00
4.734154476506150289e+00 -9.221721370682628205e+00
-2.106035086859804561e+00 8.221120836901803841e+00
9.920986308487117711e+00 -3.279918790360928593e+00
1.761035800849467314e+00 -5.151989987067342902e+00
4.282740384303187042e+00 4.469266295287878776e+00
7.983316444980318671e+00 -8.096704240183479229e+00
-7.888165156859112681e-01 6.996363308036848139e+00
-2.527001912710646003e+00 -6.382545537151082193e+00
1.730760081502557668e+00 -3.820308054474391923e+00
6.757517325276789499e+00 -8.456335407760656508e+00
5.279725379292072418e+00 2.632849250664243357e+00
1.706117285127866534e+00 6.647561330092528920e+00
9.390786662516141803e+00 -6.244758801445192020e+00
4.888148763582395695e+00 -7.748374453395967976e+00
-4.524868036149513273e+00 -5.604894343392075484e+00
-2.776486283685424272e+00 6.733879625759217724e+00
-5.518073276450897069e+00 -9.707582141723007929e-01
3.360096477463994091e-01 -3.837056386753616266e+00
-4.489551938117823937e+00 7.363392245278809867e+00
-6.436389574528701196e+00 -3.391917236455666007e+00
-1.759050115883963539e+00 5.622796593563754719e-01
-9.294276147723391501e-01 -4.120060408913325034e+00
9.960355742511536548e+00 -2.908601107525291329e+00
8.331509465974715312e+00 -5.304625952826157231e+00
-6.495684699140465312e+00 4.215080478214328075e-01
-1.230408860256846371e+00 -3.494044198254941058e+00
-2.369343407057596718e+00 -1.835537112431920415e+00
3.255236716611658032e+00 -6.121126292913993794e+00
-1.327260185019516259e+00 6.569659388630634034e+00
6.916944419447553116e+00 -9.365103860039170058e+00
-8.044578007898795846e+00 -2.685593175959723133e+00
-8.598487925366615769e-01 -1.835753705802918079e+00
2.947410384148461127e+00 -2.822250220115570585e+00
-2.330421579823991785e+00 -2.973942359024326354e-01
5.800707775325792959e+00 -9.216663263002471851e+00
-1.006030593676512375e+00 4.667396913220951404e+00
-7.093175360516434935e+00 -2.480305758809437044e+00
-6.190338285946328511e-01 5.871163920898514910e+00
-2.520728772200859780e-01 -5.301100225120878306e+00
-5.449065086298097604e+00 4.393053543859859467e+00
-9.201176094012373241e+00 -1.284323910091814236e+00
5.171328259488554124e+00 -1.015508524471153251e+01
-3.701377690759409589e+00 -4.611673553320537522e+00
5.404620207200634852e+00 1.936112200117243720e+00
-2.965281089438382978e+00 -5.860970366653122987e+00
1.709547733716622275e+00 -4.869652882866021493e+00
-2.455460865496822631e+00 -2.795027910535140769e+00
-1.045079470927596788e+00 -4.690623669117042205e+00
-4.157744357741227637e-01 -4.741820352923000748e+00
