4.040818855383374597e+00 2.526547761592609298e+00
-4.733877893025876915e+00 1.692960335836098729e+00
-1.562086747542864362e+00 5.822931385388718795e+00
1.545635624064799263e+00 -5.195372568441427141e+00
7.808527383988250747e+00 -9.296251869453589833e+00
-1.617031998048594765e+00 8.957084333152098843e-01
-1.210089506586224717e+00 -4.948044539205342929e+00
-1.648449735106911618e+00 5.092843888581668921e+00
1.013237817257108375e+01 -6.220970811940236267e+00
-2.947449052927150426e+00 -2.351045755328743603e+00
-3.518566508084120414e+00 -4.233661667419267971e+00
9.795809036594507191e+00 -4.693947551345890368e+00
9.687779053570471532e+00 -4.408655642168224809e+00
-2.665412438253401461e+00 6.423111386051114202e+00
-4.480090682672321023e+00 5.377229216744741080e-01
4.982974334995044607e+00 -9.632162160028947540e+00
3.834915299058412330e+00 -1.033826830136471564e+01
-7.677802438939524521e+00 7.916477966427084567e-01
1.019421770075862099e+01 -4.194784299441712605e+00
7.873900287065009884e+00 -1.291271239126099069e+01
5.097936121327260039e+00 -1.052232591129698491e+01
9.894797648940452106e+00 -4.481899840796706336e+00
-3.781615743956349363e+00 6.312800470335986347e+00
-4.829636010542914804e+00 7.038125556297313956e+00
-5.627577245033148046e+00 4.334586500500535955e+00
-2.332039784098800972e+00 2.624762857889938461e-01
4.049058353219117556e+00 -9.207987277682063265e+00
6.104689170395751319e+00 -8.612114979615133947e+00
-8.666039005932740125e+00 -1.415427046778181097e+00
-6.765029629695484381e+00 -1.111432723284883073e+00
8.374645339193554250e+00 -2.475795093991508544e+00
6.493464078766382208e-01 -2.439166729426911928e+00
6.293079100760373024e+00 -1.028658492547504011e+01
-5.689933571125993517e+00 3.113455315732234663e+00
-4.199596751920103621e+00 -1.698801288970359646e+00
-2.480673831788177797e+00 -5.914456813604627605e+00
-2.015802948996703314e-02 5.560927973803023505e+00
-6.226108059413450135e+00 -2.570743306784966986e+00
-2.170765534062490953e-02 -3.622221317318884637e+00
7.903354404355830809e+00 4.051243684861532302e+00
3.921666397182815622e+00 2.835843358802173420e+00
9.929033280557018060e+00 -4.140942829188716701e+00
5.899560976350982422e+00 4.200472169157206004e+00
1.303680725003086849e-02 -3.289595946394300530e+00
5.667635382541377886e+00 -7.909961712788421195e+00
-7.169564863446812097e+00 -1.454535714594498597e+00
-2.376025214840087330e-01 -3.670523060711265995e+00
5.763824492782609887e+00 3.536551579817589719e+00
-5.009699980877197589e+00 5.731298369831552719e+00
4.737958739819447374e+00 4.644486249915997789e+00
-2.368008168494103671e+00 -2.192137652098396394e+00
-9.045081170996966957e-01 7.076069126814393151e+00
4.449941457803683775e+00 3.531761827730800274e+00
4.996923869276132635e+00 4.544085127494859933e+00
4.973278828969839083e+00 5.667598816301760323e+00
-7.122024954111275008e+00 -3.302408022317826486e+00
6.326149623909198993e+00 -1.059169047940123853e+01
3.582329633499317101e+00 3.504453449155593425e+00
4.580216614076939585e-01 -2.376555990994014156e+00
1.666731484695997967e+00 -3.905145496788721360e+00
9.481096915490136112e+00 -3.315840232138757671e+00
1.482315110302283578e+00 -3.236360983737089470e+00
-6.514924586688175090e+00 -2.652752948259283539e+00
4.901300791920585986e+00 1.929310680875486739e+00
8.050617085152673713e-01 -5.497801614844988194e+00
-4.649243037810911972e+00 5.356593040465266853e+00
-2.648218389725821353e+00 -5.484253390117427296e-01
-3.708761442485129844e+00 -4.785703899322511390e+00
1.159841347221665586e+01 -4.210300068752167668e+00
8.341925108913141429e+00 -3.069360253201997679e+00
4.591329438011362285e+00 -8.754553620177771833e+00
1.065522497636739452e+01 -4.081832637196760594e+00
-4.598997440387891267e+00 7.419639777638921352e+00
2.873913443320904593e-01 -5.544410311022296867e+00
5.136777553563664611e+00 -8.181889175873699571e+00
-1.353408490670933384e+00 -9.531266777268514456e-01
-6.213226750196406911e+00 -4.090695835707387928e+00
-2.523847120848109693e+00 -6.540020662943727636e+00
-1.299863121690680856e-02 5.018802387274588384e+00
4.997021178598149760e+00 5.498386611714037642e+00
-5.874783033425584833e+00 1.366055012994717544e+00
-2.669372090691344290e+00 -3.661299458807679486e+00
9.910518757940863566e+00 -3.266210982739213176e+00
-3.873345481143654734e+00 6.072457451413580287e+00
-1.791729833309697373e+00 -3.325444578556604469e+00
-4.251217253311523336e-01 -3.962312681111556323e+00
4.880250913014532177e-01 -3.452195330538954998e+00
-2.740487833864777123e+00 1.106568722426850560e-01
-9.149636769546596327e+00 3.725310182710158902e+00
-5.806063575890943795e+00 6.156189390794136074e+00
-3.142970758552342758e+00 -6.000635292236386142e+00
-8.762474133222537542e-01 5.127104395421284266e+00
-2.671765233559102892e+00 2.921460503807121523e+00
-2.926430150369302208e+00 -1.119084276794786392e+00
4.282038828047902701e-01 -3.809273723749373008e+00
6.679150421750766897e-01 -4.939941491322508149e+00
5.031412321128838627e+00 -8.738532037568710109e+00
-1.629623352152938853e+00 -5.639373770487136284e+00
-3.764081388296608432e-01 7.534975052601121881e+00
2.355222539470373189e+00 -4.435094314771696133e+00
4.859835696889375889e+00 6.177857013993847346e+00
-6.930267246852241492e+00 2.096799189263496288e-01
-1.964215316653908028e+00 -2.328177460852476344e-02
1.354868923036394168e+00 -7.300541085132365993e+00
-2.977179027019103863e+00 3.422193268850565850e+00
-1.503316017930227622e+00 3.078649507531467933e-01
-9.296537177495785009e-01 -8.906306468339409976e-01
-6.570692530037518075e+00 -2.063181306371571377e+00
-2.540273432741607884e+00 1.685838617174042486e+00
-3.355543812728351227e+00 -4.701130323353986284e+00
-1.464308306620776268e+00 5.616025107648119352e+00
-2.505386220436260913e+00 -1.565522876812559083e+00
-3.758758902425652915e-01 -3.845377247354114125e+00
-5.197379374776526895e+00 4.709736284264262274e+00
4.522904379425567001e+00 5.619889100444755314e+00
1.314185174411184764e+00 -3.618981733502333764e+00
-8.339912204629440495e-02 5.280128372454062635e-01
-3.757415193346642646e-01 6.231735944394126037e+00
-5.841724590932448891e+00 -2.307725989222193519e+00
-4.447919767388464507e+00 1.259332760901501480e+00
-3.444447182687407238e+00 -2.809646166669081957e+00
8.396092877170225677e+00 -4.811263992375195642e+00
-8.398189026261859702e-01 7.247898124085513594e+00
-2.120188475068829348e-01 -3.976677043438317849e+00
-1.652664898689586437e-01 -1.553969166239905109e+00
4.013072948842379084e+00 1.921560273290404020e+00
-3.712211591286122214e+00 6.241028570599504999e-02
-6.313397651203365157e+00 -4.514279344748797662e+00
-1.356704820770741504e+00 -2.517578160935053599e+00
1.257951524044662683e+01 -3.912913788949869964e+00
-1.198100415263877228e+00 6.281567340105445041e+00
-2.533696909250441998e+00 -1.787236966235526303e+00
1.102825462183647964e+00 -4.960087067505831726e+00
-3.516767136767710022e-01 5.148095076809554804e+00
4.539015394275642379e+00 -1.033386640985376026e+01
7.915941876988229708e+00 -7.945755681862989306e+00
-9.106379452650448236e-01 -5.527328455324868273e+00
8.071970741267477933e+00 -4.389954856699626262e+00
6.935681335167198647e-01 -7.580121486136898179e-01
-3.510550212999852704e+00 6.089957524143322587e+00
-1.812537630349119189e+00 -6.451918582236980448e+00
2.775995084291623449e+00 -2.428919489174597324e+00
-2.839965382842573938e+00 5.606215716248154735e+00
-3.002623120077301699e+00 -1.071918508868696440e+00
-5.272650943171879767e+00 3.591319522794684360e+00
1.754289597944325818e+00 -6.298072024335672481e+00
1.005149526954319938e+01 -2.204825455012953128e+00
-2.194711671255700214e+00 3.482359261174674980e+00
7.095399947760099302e+00 -1.059162243955075056e+01
-5.044503879195047169e+00 6.486168275151980467e+00
-1.092051019850487137e+00 4.949308627836641605e+00
-1.213350884705978849e+00 -4.917697979114532103e+00
-1.957230681911640069e+00 -7.320916666856781774e+00
4.172447914096407473e+00 -1.134862592961611583e+01
-3.453998213679224882e+00 -1.828610821857710178e+00
-3.769319994822041942e+00 6.051510464479409102e+00
1.060410308668526724e+01 -4.308821405115441650e+00
3.154951865568733638e+00 5.541248228307169121e+00
-5.212672562581484925e+00 5.305861004372261824e+00
-1.339679394009002600e+00 -3.900309986109724569e-01
-7.022672280378250420e+00 -1.554165273238115930e+00
-2.989856378942366888e+00 1.596261652357801042e-01
9.529233273282654793e+00 -4.977048032291708779e+00
-1.360955859015173353e+00 -9.366328187669621386e-01
-1.929909549829611048e+00 -3.128450028027318641e-01
5.309113081151020097e+00 5.525960409669757212e+00
-3.845158972560658306e-02 7.065585291628135423e+00
6.138707979578184037e-01 -4.990541704077723573e+00
1.093514560912849376e-01 5.679563184413159327e+00
6.263493453962182045e+00 5.299418389514499950e+00
-7.101973637930913519e+00 -1.276692763983296341e+00
-1.927034913410090144e+00 -2.306851125594412966e-01
-6.257582790577481902e+00 4.163758380448725482e+00
-2.970879461033960389e+00 -2.330914352122703814e-01
-2.410814531251031845e+00 -4.408532820798218843e+00
-2.124212076403086957e+00 5.879236599683033582e+00
-2.119250378014343017e+00 -9.400209728417944888e+00
2.917329725726637069e+00 -1.149102973977878861e+01
-3.803259049460272490e+00 -5.676816054899954445e+00
5.637049615365257615e+00 5.597056863107484403e+00
-9.367759837467301010e-01 6.281467625977262159e+00
3.679716560003007952e+00 3.286545592902324842e+00
-1.120304695956808150e+00 -3.082236707041486667e+00
-6.439201558893652866e+00 -2.843428388361577852e+00
-6.309334906299014278e+00 -1.046405345242248597e+00
5.413811535762361515e+00 -9.174442294967718681e+00
-1.206971454514572439e+00 -3.896145404396464507e+00
9.402537702814298015e+00 -4.662088981662792619e+00
3.893795166824184584e+00 -1.244770173142818592e+01
-4.642226200778771794e-01 -1.520401149839516464e+00
5.896120585849697449e+00 3.489725237137458524e+00
-5.223887858977697141e-01 6.638612814313698429e+00
-4.385678197686444513e-01 7.317771598862472970e+00
3.412554609358126712e+00 -4.070210322678475379e+00
4.125481730087759757e+00 3.936392499504725695e+00
-6.299802476487850633e+00 -3.308349978315736628e-01
-4.470625780417061712e+00 5.505327514028826918e+00
-9.849623442969243081e-01 -5.359938878119356431e+00
-2.076046676904968802e+00 -5.110655342537499202e+00
-2.207834522008815803e-01 4.942977379629092560e+00
-1.110920293544234605e+00 5.551061924888078813e+00
1.120760265136276779e+01 -3.341545440064030537e+00
-3.181052180573355592e+00 5.823486020906818439e+00
9.592003068205306349e+00 -2.971079800010826055e+00
-3.478060238800989801e+00 -2.762747427232807418e+00
3.911710198641626501e+00 -1.030107262932359369e+01
-5.845607077396736129e-01 -6.574335208384684215e+00
2.755851184176725255e-01 -3.719067345626627219e+00
6.037408646250461253e+00 -9.540793904781992296e+00
-5.324375065116927708e+00 6.533965280461886849e+00
-7.570404748852418209e+00 -2.623056088656296581e+00
2.853795789086771784e+00 -1.856175495240172335e+00
6.537396336312740530e+00 -1.080968642181327510e+01
1.979123126569033442e-01 -5.611064928083143499e+00
-2.390266295367706739e-01 -1.102827407517944946e+00
-4.128659673472760083e+00 -1.594005739018936607e+00
2.089585572493634302e+00 -5.007335240507613250e+00
1.358332411905825543e+00 -3.145247504378618331e+00
-5.603317465703749889e+00 3.615678565168982672e+00
2.918215382131950975e+00 -5.524871905639757053e+00
9.819070218837168795e+00 -5.026149076249326164e+00
-3.480095464523142557e+00 5.717347421772260851e+00
5.551391571864042973e+00 4.551906194632564961e+00
-2.286395039467047141e+00 -6.391924270321303059e-01
1.079788821327613224e+00 -2.300804219245073945e+00
4.177937564757485234e+00 -4.037636893327816168e+00
3.074234289331322145e+00 -9.645733937971918692e+00
-2.625003510293767661e+00 -5.978526698833849906e+00
-2.695330461575316860e+00 -9.535467033540878656e-01
8.509307902174596094e+00 -5.597790059980340516e+00
9.318025045091298253e+00 -3.326540237840947878e+00
-2.533685979512453113e+00 -1.338524736112658653e+00
-6.555552891758279488e-01 -4.909618878474884873e+00
-4.241013005929688440e+00 3.855582617368782827e+00
-2.456650112481087778e+00 -1.370204343824658499e+00
7.639140374805544198e+00 -3.271442030297721626e+00
9.120919807001737212e+00 -2.970753258780026052e+00
-2.291740398970961934e+00 6.705462423549026774e+00
9.127992998774443478e+00 -4.067941632236371063e+00
-2.365905002875996477e+00 -2.021985606527528567e+00
6.161151907705975095e-01 -6.118689015155627686e+00
7.565981096813366946e+00 4.601869329421559129e+00
5.013730663601551285e+00 4.447675409169163707e+00
-7.715274411957162570e-02 7.696867669751588092e-01
-9.758089093891074484e+00 -1.609370673304025390e+00
-2.007304234580461255e+00 -7.653251467459091240e-01
-1.178099092294927264e+00 2.679510665474358344e+00
-4.923282721489878000e+00 6.401183133260664349e+00
-5.690949880403328720e+00 -9.450740738096199411e-01
1.026401425361355102e+01 -3.905152843806844132e+00
1.477221196445495099e+00 8.092480260859122865e+00
-7.863835627876908596e+00 8.473313635349239981e-01
1.047900702071889789e+01 -2.965354766386180785e+00
5.399451695399465123e+00 -9.414604913938600106e+00
-7.131005914116900435e+00 -1.349181227617451517e+00
-2.136071752240079391e+00 -6.640759811996248985e+00
-7.729801337677275619e-01 -7.114957357756033218e-01
1.069446454535647995e+01 -1.871440553356813474e+00
-1.570568545960310924e+00 -1.042070988898852857e+00
-2.641968929205817496e+00 7.473710691217390512e+00
9.493212443718821447e+00 -4.792809559936172192e+00
-2.499689650741327984e+00 8.192817853548865159e+00
-1.260273018356850239e+00 -2.023477731037073291e+00
-5.031516953661012703e-01 -2.364906060562211643e+00
-8.655776004511395172e+00 -3.436391605656687442e+00
2.778326331664941584e+00 -5.154929064532497662e+00
-6.245237518345454930e+00 6.852449537960607628e+00
2.309429712036878968e-01 5.476057680863339883e+00
-2.743800047295358091e+00 -1.405440151093224621e-01
-1.336524711443590085e+00 -6.104219384228391831e+00
-5.501217775209686245e+00 -1.883872888993171735e+00
4.045042808455676209e+00 -9.932257521032857639e+00
-2.033092673421761809e+00 -6.446454692238273942e+00
8.532287205608090730e+00 -1.140507992590815611e+01
8.554292874990206741e+00 -3.983440157626466416e+00
-4.635157241214054480e+00 3.784605898752396502e+00
2.686486267481086987e+00 -1.081524076581479754e+00
-5.174783500823773252e+00 3.469147097173697958e+00
3.426693311065910574e+00 -8.839692486997627441e+00
-1.854572720525987206e+00 -6.957042602765596051e+00
5.913916562043434411e+00 4.515686667676091837e+00
5.780031054075679187e+00 -8.977300673649589058e+00
-3.430887687304554401e+00 1.094354113662221462e-01
-3.503057132612990010e+00 9.478674472020003350e-01
6.031566926292108555e+00 3.638715728080175182e+00
1.746474564896765447e+00 7.309143047081171574e+00
-2.611816524121325589e+00 7.411030955960915989e+00
1.621783243624749016e+00 -4.460985929959091933e+00
4.582910050418699477e+00 -1.024482415896548382e+01
-4.404298914620015992e+00 -7.619038107420645911e-01
9.794165693032006459e+00 -5.260696259862874591e+00
-9.006160496161960793e+00 -2.212446140040406295e+00
7.202171571773105185e+00 -9.677601558206928800e+00
3.214086689183222045e-01 -4.636451770298435804e+00
7.003873029924745364e-01 -4.169613406627236785e+00
-1.998761673778463033e+00 7.298723787310941624e+00
-8.697684050857056093e+00 -4.451935267592369572e-01
-2.228364489366068568e+00 5.114185192508070799e+00
-6.049438551262440456e+00 -2.050590339987141242e+00
-6.711245803113972563e+00 1.367084458933165436e+00
-4.839796850687619667e+00 -8.739359001135516003e-02
-2.806895838671272791e+00 -1.353758619953517206e+00
6.132321473795371958e+00 -9.178191121274508646e+00
-5.648311871657188732e+00 7.051151777392355768e+00
5.079206934636805393e+00 -1.018524236245183445e+01
-8.482285237462157124e-01 6.332120699304895517e+00
4.917465970339317316e+00 -9.656577256707256751e+00
-1.172988387567630131e+00 3.382299215536177517e-01
-4.270030249975835801e+00 5.131711099189207204e+00
1.945377065823632456e+00 -6.325667663222539261e+00
-3.144112616503860202e+00 6.897904237251824888e+00
7.425934108931268263e+00 -1.173593805723432837e+01
5.776674227087264413e+00 -8.338326175630804471e+00
-1.090515041521204376e+00 7.420975830195438938e+00
5.886169747737616476e+00 4.495335355121437004e+00
-6.218236778036905221e+00 -9.984271760721770139e-01
7.519022775211707810e+00 3.431920784903194743e+00
5.059135639963449727e+00 -1.053869823484353319e+01
-2.857070246033020400e+00 -7.943221083887545220e+00
4.670408690911524552e+00 -7.584975468731656179e+00
2.741582067783268073e-01 -5.504670883999444264e+00
9.001613935071516082e+00 -4.448227250161679081e+00
-2.569693187420392988e+00 -2.994590053856055700e+00
-1.863408628317541282e+00 -7.221221437312443925e+00
-1.764377977428979616e+00 1.268094346697567376e+00
-9.417832013770829347e-01 -8.095503082716856369e+00
-3.398967704896160846e+00 5.922828613470928261e+00
2.550401638435990215e+00 -5.500287196974275261e+00
-2.615177133067693838e+00 4.302188799268448882e+00
-5.014921464308753629e-01 5.764118185873117639e+00
-3.409475070794086626e+00 -2.434792965215575755e+00
5.274799188783255488e+00 2.634503053054600308e+00
-1.241608457310094948e+00 -3.897901284788663379e+00
7.406471877285813576e+00 5.190400610997509823e+00
1.067590414367037432e+01 -4.507485562517189237e+00
5.204756862718641131e+00 -7.651221088185046426e+00
-4.330645936531437812e+00 -2.054152711016473454e+00
1.005200414744030901e+01 -5.135615572139691665e+00
-6.310961052039423258e+00 4.497039809154737000e+00
4.755971914057019134e+00 3.437927933605982922e+00
-5.927272847431372504e+00 -2.332709607811257246e+00
4.172222886142805898e+00 -9.183374870079580532e+00
-5.472538822274513493e+00 6.315253014425409539e+00
1.044825462829872720e+01 -2.833920914135743541e+00
-3.142657898928591820e+00 7.463509869314195910e+00
6.094015997421378117e+00 4.558686914507054766e+00
7.554364570401853385e+00 -9.787826527072908789e+00
-4.781779000111707312e+00 3.993613192763811437e+00
7.607211775146442534e+00 -3.113497045402898955e+00
-4.190734636385856859e+00 -8.405599578477769285e-01
4.052317543609401440e+00 -9.130211133426701764e+00
-3.884428758411602178e-01 2.190555822199790281e+00
1.518721060902044062e-01 -6.420995578511178081e+00
-8.819474928868782371e+00 -2.348436734381021296e+00
-3.355992508697236421e+00 3.802843156024293680e-02
-5.634532197929155828e+00 1.152218534006028694e+00
-1.991923096588191999e+00 4.517438074904131184e+00
-1.396627900702450908e+00 -1.170275003046640672e+00
-6.136732995000126145e+00 4.918419068542056571e+00
-1.921611995098306158e+00 6.984097587947323937e+00
-4.028328815645394911e+00 -6.289818430698311147e+00
1.961923895036597809e+00 -4.480473474219175856e+00
5.597627514807093974e+00 -8.341241563767185951e+00
4.014701153184515370e+00 -7.508163467314866502e+00
1.322340547628070517e+00 5.505985719439176584e+00
-7.414858693926210442e+00 -3.168335978262327490e+00
-3.359480291979044075e+00 3.437505921328360969e+00
-1.389934713135209998e+00 -4.278100503872748206e-01
6.903464349662899124e+00 2.174855506962772189e+00
-1.055132859306662674e+00 -2.554333897279457588e+00
-6.844463489115651278e+00 -2.212169255949440139e+00
-4.589493427055852948e+00 6.032610214438545171e-01
6.897264175071633474e+00 -7.943997207480405720e+00
1.078104691274345228e+01 -2.912455441706579773e+00
-5.073892266792358718e+00 -7.281643028329366496e-01
-8.557449062668638362e+00 -1.720818811308537644e-01
6.486798379124731895e-01 -5.743328633096988156e+00
-3.888565405969711453e+00 5.952519800331637967e+00
-2.746662428282188984e+00 4.145057938281188292e+00
4.756449080281420549e+00 -7.415345857831452392e+00
4.907588394347644822e+00 -8.818057162213463585e+00
-5.737219107234341919e+00 3.468553717888076537e-01
1.166906379066503519e+00 -3.476623648326094163e+00
9.216661579462114062e+00 -7.766588375296814561e+00
4.857834209763431943e+00 -8.948319957080718368e+00
-3.101943164040174228e+00 -7.328597382702081831e+00
2.686939436507000956e-01 -4.532717823901078802e+00
-5.701865629070729469e+00 3.233966991510005773e+00
5.664146590630861233e+00 3.819488619043688971e+00
6.473849232323883207e+00 4.543870141281994179e+00
-1.736506408494085107e-01 6.221090208395989585e-01
1.150158007872854160e+00 4.878801837431685051e+00
1.184173334559156743e+01 -5.025931425181259016e+00
-2.586346329558159240e+00 6.913802927155972000e-01
-3.569163735482066002e+00 3.532791801912515961e-01
-1.936160597545400819e+00 -4.126855742395873605e+00
8.492958344542946847e+00 -5.361415112649713599e+00
7.361307358180776639e+00 -9.535869574993302678e+00
-2.819117708946373480e+00 -4.524462322386385793e+00
-2.746208425612087112e+00 -6.707302536693317663e+00
1.035199239212175115e+01 -4.407511365133059300e+00
1.146543811078862163e+00 6.667844161003942283e+00
9.495449768651402778e+00 -3.875666414636067536e+00
3.302034156203228932e+00 -8.345971949820544467e+00
-2.233662442233529166e+00 -2.399288618816049379e+00
-2.766122297234962168e+00 5.171530066865252628e+00
9.973609027570757846e+00 -4.844536854350412369e+00
1.696717675714508822e+00 -5.066422056308608646e+00
1.164546066866743779e+00 -4.320554783812732502e+00
1.645961989472918496e+00 -3.795040293821201782e+00
9.173596040446245325e+00 -2.516251729866944231e+00
-3.595160804707706603e+00 -3.622513334322451151e+00
1.981860628779747779e+00 -3.175551926934309321e+00
-4.955726567082662903e+00 3.528110381868824419e+00
-3.968154434324982383e+00 5.884345354466149480e-01
6.133492520674024284e-01 -7.398172171244654649e+00
5.688886651421222851e+00 4.047305979340229065e+00
-2.944738722044483836e+00 5.825181908056200619e-01
6.599990997919775282e+00 4.242251410557005720e+00
-1.940749004722877480e+00 -2.203831227709016183e+00
6.572960438050080789e+00 4.079829595164904177e+00
8.691369853537700862e+00 -3.972561016721533722e+00
-2.926896165152301332e+00 -4.033360499815652478e-01
7.193447094507304129e+00 6.016177973961173819e+00
9.103152608274662327e+00 -5.733374473313327613e+00
-2.118204776668679123e+00 7.852716784918781556e+00
8.688451068752804929e+00 -4.831984498645500281e+00
-1.503324731406157078e+00 -1.287573428177087864e+00
1.015746608490658076e+01 -2.426245521870165511e+00
4.302727093102595823e+00 -8.283955035486012974e+00
-8.311475243992216821e-01 -1.385440669502322475e+00
-6.040249135669986558e+00 4.598454529904773658e+00
-3.465099163390954029e+00 -3.161685181638135056e+00
1.423131543320114378e+00 -6.237323552716300235e+00
-2.061845751734366683e+00 -6.385709706501829785e+00
-2.328313452614454881e+00 7.401365186414368580e+00
-1.502825717675005279e+00 -8.776532072031606901e+00
9.977224267831600102e+00 -3.398164343916755925e+00
5.451844112143121812e+00 -9.134734597685934432e+00
-2.485331453497835241e+00 -1.827914426495073741e+00
7.701771744468869585e+00 -2.591053387039311762e+00
6.077847784422951705e+00 4.236297254104414378e+00
-2.651848284561484359e+00 -2.960570700089317775e+00
-1.102535754662879786e+00 -5.673732381679092995e+00
2.443768116396227263e+00 -5.281559010993598591e+00
-4.731243144838290782e-01 -2.018818190610799590e+00
-1.328925691293040057e+00 -6.775913700465833855e+00
-1.152868147033944801e+00 -6.107483478355882234e+00
-6.427911217747247719e+00 -2.738606947226072119e+00
-2.894312676196304501e+00 3.801193096736010801e-01
-1.454253732621233697e+00 -1.475442969541376881e+00
9.065188329670053946e+00 -4.820152884732570087e+00
6.323191557882121394e+00 -1.037110675870052567e+01
5.632756589419412041e-01 5.395307294336514126e+00
-4.449396695527996215e-01 -1.518073404616391953e+00
-8.158866642180679918e+00 -1.544888339101745389e+00
-2.746868506951094524e-01 -3.293522188938227124e-01
-3.633331413573593238e+00 4.746046296065272507e+00
1.489783202591426825e+00 -3.421268529787870882e+00
6.102527057921394160e+00 -6.546597157036338821e+00
5.209564930532708082e+00 -9.776807590559482009e+00
-6.487918767814290888e+00 4.116312502857573996e+00
-8.205873899377030156e+00 -2.905760836474141406e+00
-7.197086032609170125e+00 -3.032473412564586468e+00
-3.356286988351294909e+00 3.426033793881918754e+00
-2.058578628281940492e+00 -2.297976322530638882e+00
-2.250937729294142375e+00 -6.292074638786000484e+00
4.356712581071938928e+00 -8.498856823447193065e+00
-2.143880162096570174e+00 7.222197900660970227e+00
2.172747893959376064e+00 -4.163284255141545209e+00
5.166185225305244266e-01 5.479067000514953989e+00
5.897732957507397344e+00 6.060021586255221138e+00
-1.198189713631811593e+00 5.607175600542671390e+00
2.080897930083200009e+00 -4.424494514396893230e+00
-1.318680255514299793e+00 -9.278441000541906014e-01
7.832552756152598050e+00 -2.548424754155932170e+00
-5.646988790686690685e+00 5.764515293256526896e+00
-3.182182714789852263e+00 -8.294217498193189320e-01
1.916614574754041733e+00 -5.781795064386216154e+00
9.287365748582974589e+00 -2.549701954522904934e+00
-4.707270090433686605e+00 -9.157072500606789900e-01
-8.599323429075356628e+00 7.231759833203632581e-01
5.506168405255575493e+00 -1.028231946335721858e+01
3.084409777378589901e+00 4.616484383045436957e+00
6.008289922544351569e+00 4.166317335426199975e+00
1.557854402254659210e+00 -3.994140918044128963e+00
5.953405687307887995e+00 -8.535377634049321927e+00
-1.870459094850335457e+00 -7.174103534655868586e+00
2.283134400417528465e+00 -5.762247974830355446e+00
-8.651485105808562892e-01 1.669010805494860472e-01
-5.741800814358507310e+00 -1.324308377857402741e+00
5.797806063433834645e+00 -9.151128944303595247e+00
4.562885462214131271e-01 -5.292323438729173546e+00
-3.484613059860363737e+00 2.582523920568096099e-01
-5.675977442172273513e+00 -2.204534431901111979e+00
1.046947428112010492e+01 -2.362946062208999720e+00
6.579426366181095887e-02 -3.750093423172434548e+00
-7.246310038887760818e+00 -2.405097378803470853e+00
-1.627197238397196433e+00 -1.548094699938203256e+00
-1.846763165373904503e+00 1.611115401822775794e+00
1.695560552288377210e+00 -4.550537056730052043e+00
7.596277196436439283e+00 -4.248176803438261651e+00
-3.523007191008524330e+00 5.741411293419993456e+00
-1.148843385807247541e+00 -2.129958365573055623e+00
5.643906863333484125e+00 5.626514999965939623e+00
-6.230795329545214756e+00 -1.559255597433121920e+00
-7.655355431571744251e-01 -2.262727599457939220e+00
-9.313714729543054460e+00 -1.963025742676144381e+00
6.624948976446594529e+00 -7.342927508989394170e+00
1.011176491814661027e+01 -1.725689296634346004e+00
8.180931570512841589e-01 -5.684958078313044894e+00
3.308814817267106356e+00 -4.744359117589215025e+00
-1.054913681670957004e+00 5.870966865287456926e+00
-1.283796429255959604e+00 5.472403680773939350e+00
-6.891953714147163623e+00 -1.693465162650902078e+00
8.848341192326715898e+00 -3.069691209552086075e+00
-2.675362206748750804e+00 -2.633380804731049629e+00
-2.064530061783992121e+00 -1.066734873936835415e+00
-2.478032567056044577e+00 4.230358359849129002e+00
-1.479077057553951136e+00 7.738721304134214662e+00
-2.911759699636299104e+00 3.185723128771489332e+00
-7.911807323271722758e+00 -2.337078710203810417e+00
1.151635968357808970e+01 -5.052442713986574852e+00
-1.914606474812704962e+00 7.232308790573268809e+00
7.582964372817617260e+00 -2.985766679873553819e+00
3.537713765992167581e-02 7.539405778412612058e+00
-2.512427870867211865e+00 5.579463962929716025e+00
6.093053329290197162e+00 5.660129518904518875e+00
2.557740240948261246e+00 -4.057028587672784070e+00
7.002330068129736240e+00 4.299673218933470764e+00
2.373987994447537275e-01 5.180286477730140504e+00
-1.966754030629132011e-01 -1.778423963551069242e+00
-7.285491565985801721e+00 -2.042136712036464630e+00
5.680581335121440922e+00 -8.553249650858925079e+00
-2.720572295538315810e+00 1.464451905408887811e-01
2.815086349500244278e+00 -5.615308776748163311e+00
-9.551523644911408262e-02 -7.931452647300029746e+00
-7.282797430815447504e-01 -5.210843512560332513e+00
-7.888702520931854423e+00 -5.230221368456078324e+00
-2.964918164317542626e+00 -5.958731031822606994e+00
2.348112248893852616e+00 -6.702984079893399283e+00
5.632109317363927836e+00 5.124007366714765865e+00
1.402079830424994178e+00 -4.258345517763642007e+00
5.137014612121374668e+00 3.341113427938099623e+00
-6.296190982097225941e+00 -2.433519320503290118e+00
-1.671348401748508739e+00 -5.835275171714561893e+00
-1.867186678174057590e-01 -6.418213308818468299e+00
9.477642854840008013e+00 -3.150873601280392844e+00
1.233499328248557703e+01 -4.241867556334374179e+00
8.865372316927098595e+00 -5.255112592113804659e+00
2.996565538956357688e+00 -9.940903566746273512e+00
-2.095108000787105684e+00 4.861585937968847304e+00
-8.063226994611143894e+00 6.404418244071825583e+00
8.198821621015729422e-01 -5.482497765006541179e+00
-5.082771954617952836e+00 5.385866344928773586e+00
9.147771227570142827e+00 -5.058452676916707524e+00
-2.828670292279034992e+00 -7.332623974915739584e-01
1.104213254289266199e+00 -3.574162454339087969e+00
-1.733297673060789412e+00 7.719314962236995648e+00
-6.502750123481296995e+00 -9.810982356354702727e-01
3.004743043657615686e+00 4.118271854540634713e+00
-8.267341241658730411e+00 -1.266286093048166750e+00
5.500964627802476414e+00 -1.008750381518615669e+01
1.021353363569833306e+01 -6.014463156058521776e+00
2.223868757440476074e+00 -5.007418780724970375e+00
1.418277827314318174e-02 -4.660241819584138412e+00
-1.552003598576385368e+00 -4.599695529781985037e+00
8.605507604146489520e-01 7.885879686220034657e+00
-5.425303086538637132e+00 5.759642316894847625e+00
-2.453713695192005773e+00 8.386735975978520941e-02
5.838216803458530002e+00 -7.871547112810293179e+00
-4.865623177239904784e+00 -4.951539105138847319e+00
-6.537248537396715964e-01 -1.735963574161083489e+00
-6.710731716870332875e+00 -2.580618060824797944e+00
-4.971112586764629526e+00 -1.896588604172724679e+00
-4.257409589906082203e+00 6.547025364785604928e+00
-4.291312526899091040e+00 4.843514139071293023e+00
3.613204921786752344e-01 -3.119600067533578436e+00
4.611059747404611997e+00 6.566270866157371877e+00
-5.565746197249336058e-01 6.685604626940738093e+00
-5.375489893405300812e-01 -2.341164180009335016e+00
5.299432355256341154e+00 -9.619672500565300766e+00
9.588312171871450573e+00 -3.893417078916271645e+00
-1.302814985004861814e+00 -8.130294272196958438e-02
9.435317305748924355e+00 -4.451700293307778722e+00
8.789753086220576606e+00 -4.208504504605190988e+00
7.124075106116185552e+00 -8.029104477765724113e+00
7.469691927175560409e+00 -9.565306517687496068e+00
2.440747805902752976e+00 -1.891704645869223711e+00
-3.341703041298481391e+00 -1.403342153567304074e-01
-5.098217015268220464e+00 3.117782010620245181e+00
-4.894243681729649964e+00 -2.647304161586449212e+00
-7.828458139897627177e+00 -2.886301222380423415e+00
-1.489333444153385200e+00 5.595420177831421427e+00
5.141006411590801406e+00 2.260191951017279877e+00
-2.799428207040390859e+00 -1.865011465768095178e+00
-1.483571962285326507e+00 6.696072647080758777e+00
2.980990799772391675e-01 -1.587120541223890902e+00
-2.655045111491854737e+00 7.346494380851118500e-01
-4.881338263175607040e+00 -3.594621745840034244e+00
-3.716066192880718155e+00 2.768525374223328672e+00
1.242941591777705135e+00 -2.724650034440407431e+00
-1.506235995107939596e+00 -1.312056310090478295e+00
5.841751990083383639e+00 4.166352832736291312e+00
7.291712048102967358e+00 -9.426523049118769038e+00
-5.209649882692104050e+00 -8.180842104375444235e-01
-1.592013033028169655e+00 -5.414430672326533411e-01
-7.524666738182049563e+00 -1.836676933001391010e+00
8.495666005786587149e+00 4.782503679703975052e+00
-2.065150014003710233e+00 5.742207714952082931e+00
-4.014495970585723050e+00 2.353592792939967815e+00
-1.184255277082614022e+00 -6.997203849551754118e+00
5.106400253101681663e-01 5.006322612087461543e-01
-2.131064497567463079e-01 -9.033351261051889125e+00
-2.841504978879183518e+00 -7.063278140700913532e+00
-1.147027073806294872e-01 5.822085034628791789e+00
-7.687783883039687183e+00 -1.305783277974064571e+00
-4.982821374071527920e+00 6.021500673181661156e+00
-1.830863436445459680e+00 -6.399773556147399844e+00
-3.897400294875358551e+00 2.660075342168071177e+00
-3.538524346967569567e+00 3.230736770309977857e+00
-3.572048084231533416e+00 4.907284162301737140e+00
-1.882230707577825068e+00 -6.887867034031502911e-02
4.399253061227117456e-01 -4.616748437104097214e+00
-4.742918408929120311e+00 4.095468365097143959e+00
-2.678479663469430783e+00 5.884057950190673125e+00
7.829699268549845215e+00 -9.119531714576650572e+00
4.342219860699961131e+00 3.907121492129211671e+00
-2.331680220914330803e+00 6.593297661297147449e+00
-4.409332216371850688e-01 -3.856368283095419347e+00
-6.973009428557869427e+00 -7.372758251614476288e-01
8.077011103929656599e+00 -2.625178085871613831e+00
-2.441110585930024612e+00 -7.033351786817823026e+00
-5.682920578067518491e+00 -2.758382004472330618e-01
-3.881405708214240136e+00 4.303047364653083129e+00
-3.347353845350813817e+00 2.255859243758834509e+00
-2.097377989234713080e+00 1.572424245483693639e+00
1.056611370895696211e+01 -5.342506385435386917e+00
9.526776378206662343e+00 -3.634680914911703642e+00
-1.582035022824151760e+00 8.038828439048366192e+00
-3.786331302433152857e+00 -2.342100925287829760e+00
-1.656467685330489381e+00 -1.605728622640370862e+00
-4.118722674365739023e-01 -5.397819399930043005e+00
-4.499385761739040923e+00 5.427283912881555317e+00
-3.039123149144968394e+00 -5.612599312558661957e+00
-4.931684032270489126e-02 -4.726117941678032786e+00
3.957207399019098126e-01 -4.825886080118706900e+00
1.048217273283256468e+01 -2.853493073168193561e+00
-3.501482266433544321e+00 5.498466398692018586e+00
1.302942144130511792e+00 -2.311354669284508390e+00
5.918048122323391613e-01 -3.219889283596828022e+00
9.763238110508715151e-01 -4.991193505016395804e+00
6.332517592078782620e+00 3.353948137965676146e+00
-1.962633808920630774e+00 -4.422826624449191613e+00
-1.613965585377799439e+00 5.969916386442088552e+00
2.216989833177045899e+00 -8.648318275194071703e+00
-6.292638207063319111e-01 -1.228530849439198658e+00
5.370348726705612030e+00 3.114782395150578864e+00
-1.599461963181027624e+00 7.443402350993796546e+00
7.679246143523884349e+00 4.289591271469808120e+00
-3.306127510886805343e+00 -5.506083372081986838e-01
-4.943899139653978203e+00 3.789169264821911298e+00
9.797521756815469329e-01 -4.041275785270230791e+00
2.589689681471516458e+00 -4.160015785591751225e+00
-4.741281533334461784e+00 5.767128429516917620e+00
-7.828817270795296324e+00 4.747600991449241192e-02
-1.038155540508837626e+00 5.216025757113627037e+00
-2.053695659786170413e+00 -1.484435727306557151e+00
-8.298649144491253793e+00 -6.116022335418646039e-01
3.131032577400871375e+00 -7.879337697472505120e+00
-3.626312956189404080e+00 -4.714278855949599389e+00
-1.962078466654103570e+00 7.938663517538464554e-01
8.289064031767967577e-01 -4.715673973780189598e+00
-3.165287686496588648e+00 -6.018112434419958134e+00
3.582944633421350833e+00 -3.961366328166886497e+00
-9.679906841050463839e+00 -1.714841052195224647e+00
-6.502211645973503540e-01 -3.244703731160134996e+00
-2.794824955398785171e+00 7.860337582199560025e+00
6.557978251907771394e+00 4.120160544161990401e+00
7.174876372819158021e+00 4.672266684914243129e+00
4.352253126584862741e+00 2.771405776607180016e+00
5.426688224400005645e+00 2.371655593033654696e+00
-4.128442352551305206e+00 4.243168531851535974e+00
1.094687602556249306e+00 8.352096734663282618e+00
-1.839852666714093532e+00 -7.231491471827700579e+00
-8.832801483927130715e-01 -4.492244220773251584e+00
5.333470325168716109e+00 4.095215255228797702e+00
-3.144080572681756447e+00 -2.296461087715566229e+00
-2.277089290017980883e+00 2.608046048593921640e-01
-5.596108789149500495e+00 -2.937768137245133637e-01
1.010553988332832631e+01 -3.170150065317497656e+00
-6.549273481733259850e-01 -5.451930398152070367e+00
-3.308931329942400801e+00 -1.484175838042528284e+00
2.342401062753173058e+00 -2.095032914406065316e+00
-4.277529535291719753e+00 4.299261218960447550e+00
6.968630714725431829e+00 -8.365791632351642804e+00
-1.820139840095243322e+00 7.122719668798114689e+00
5.722399151901615966e+00 -7.483681743172629020e+00
-9.286816292491893776e+00 1.883541357582592113e-01
-5.803663907070959471e-01 -2.902161725413090920e+00
-2.018228830615304226e+00 3.360191834339347761e+00
6.736995814707026575e+00 -1.032426149051051389e+01
-3.253696078910632394e+00 7.677409635303318325e-01
-5.799709001524595564e+00 5.021383832424469063e+00
6.659970395304024571e-01 5.044684627283793965e+00
-6.154066183381958766e+00 -9.138060182372065299e-04
4.320671001461433569e+00 -1.028213539375962071e+01
9.242604171917117029e+00 -4.022360159643304733e+00
1.553357732727716378e+00 -2.750011172788074276e+00
-1.809883546214414052e+00 7.831592423839079942e+00
1.046377148668658830e+00 -5.306191581770757892e+00
-8.896132686123290334e-01 -4.331192409940833876e+00
7.066582019215799981e+00 -9.223414913553446226e+00
1.068464585406755951e+01 -4.376894844608364643e+00
-3.131733183863218084e+00 4.611794234973848106e+00
3.650821791464897714e-02 -1.452009769962559371e+00
1.461108268626397866e+00 -6.996031401972018671e+00
8.910502832368210058e-01 -6.535461948343264993e+00
-6.849895695288732433e+00 -8.654139354156279440e-01
1.627504763052702197e+00 -4.494906682985526203e+00
6.487731272318058018e-01 4.401383370501327441e+00
-2.351447613377283474e+00 -1.622729198673617867e+00
-6.299348270165439079e-01 4.121695297049922324e+00
1.349716523659184375e+00 -8.628494963142676610e+00
6.853561304345309857e+00 -1.139369374739895058e+01
2.545374430201630123e-01 -6.617522802323988707e+00
5.771404395276998223e+00 1.218616081977849763e+00
5.327993821998552981e+00 5.439297877763051403e+00
4.575250671152383042e+00 3.342807536295310911e+00
6.917740883445326006e+00 3.546497462582118843e+00
-7.046056253615224030e+00 -6.023030536490725506e-01
-1.823338445977991107e+00 7.913864606310704986e+00
-1.141901020545268652e+00 -1.762959729268611664e-01
5.564175152666149593e+00 -8.621331116344400414e+00
-2.221067596090101848e+00 4.991955210198073978e+00
5.884295864935447096e-01 -7.089078392107753146e+00
4.979232942414490992e-02 -4.265998270131755810e+00
3.006414717959757787e-01 -5.656041949286962023e+00
3.307822561996326183e+00 -8.888988094522728645e+00
5.217649708063431646e+00 -8.667057174881865222e+00
4.005152257958887185e-01 -3.256221487840634143e+00
-2.435461239359747676e+00 -1.636076835363313275e+00
6.029477650563437319e-01 -8.566105253391732788e+00
1.009154271397775915e+00 -6.449084775803007652e+00
-2.604860084594174285e+00 -3.001719907427741196e-01
-6.284094565370004659e+00 -1.052364736719163307e+00
-4.575759460959196723e+00 -1.400068907321227130e+00
-2.969626778144451418e+00 -2.282179297494975501e+00
2.727524003030679989e+00 -3.813572435196116217e+00
5.792349749706354523e+00 -9.830047111802613813e+00
-5.004981634808729929e+00 2.536359514070924526e+00
-7.457047427960783459e-02 -6.073648980458631996e+00
-6.949480298776041565e+00 -1.131381147628128359e+00
5.283940405464714551e+00 4.952473722858188765e+00
-3.732849597714550161e+00 6.616473810972081093e-01
1.067587740314578859e+01 -3.645805065528568534e+00
4.150739347130266488e+00 5.032579907667138031e+00
7.178158709116706504e+00 -9.921326709697092738e+00
-6.356231766822019402e+00 -2.378204777518126534e+00
-2.173209735287619182e+00 4.820508205362373566e+00
2.977982969727221096e+00 -3.544252879948873503e+00
-3.215557510956918108e+00 4.242467483297807540e+00
-2.541173545811243883e+00 -1.105578796992135127e+00
9.908279233847308021e+00 -3.724647543657689575e+00
-1.302901098635312227e+00 4.067897997386563880e+00
-2.698731632958629056e+00 -1.973476224080064068e+00
7.176441021859572444e+00 4.746723872827735669e+00
-2.534664757040504757e+00 -4.672036982068124011e+00
-4.219195186077975279e+00 7.373651061952307906e+00
-2.668979243613911034e+00 2.187091922793872101e+00
-1.676800177523875668e+00 -2.930416947622286106e+00
-6.140680081668215884e+00 -2.084421124880153187e+00
5.571898097909728342e+00 -1.030181754519207971e+01
-1.067208823490078506e+00 -1.943424881317714181e+00
-4.725759662529180893e+00 4.308361478482474194e-01
7.455204928759473937e+00 3.856975053548699517e+00
-2.911355540157565258e+00 5.256831368712756358e+00
9.746263676262433506e+00 -3.878216731732339273e+00
-1.398100448970372112e+00 -2.402386122014905645e+00
-9.241482338447205791e+00 -3.713341679732008460e-01
6.757476237588747381e+00 4.785760496882780934e+00
7.708306388646775087e-01 -4.411896312843319734e-01
-3.069052963214688123e+00 1.434718598928941713e+00
-4.837515819684041318e+00 -7.983911378734366293e-01
-2.331570089701973547e+00 -5.089964940750066447e+00
-1.737327886434011592e+00 -9.232770060938799705e-01
-2.573013750833943014e+00 -1.626776825232739476e+00
4.492791445703491426e+00 -9.705898908919971646e+00
1.139376178056743960e+01 -5.826793885711413878e+00
-9.305985973215893381e-01 7.137815711127164064e+00
-1.461066265071912840e+00 5.844461867039158598e+00
1.261522451430233005e+01 -6.600096781032144477e+00
1.069281500990528500e+01 -4.382713600466700221e+00
2.875782616945111947e+00 -1.062521744238849308e+01
-6.153020418760755561e+00 -2.708145892312959768e-01
-6.133048883902965542e+00 -8.232445740945358859e-01
1.092700279958642184e+01 -5.217683661373821558e+00
-1.383372579732387031e+00 -1.022093671685550209e+00
1.266097151365809914e+00 -3.393277806755133685e+00
-3.181893732392599983e+00 -2.068887969699350737e+00
