9.854286277330809085e+00 -5.882909454361511692e+00
-4.714991070331838507e+00 3.725283099757093819e+00
-1.286117020688873014e+00 4.285571106587292789e+00
5.334063750463934106e+00 4.254116737193969655e+00
1.028532089421353390e+01 -2.392847830585002278e+00
8.932852337227618733e+00 -1.749615976894766334e+00
2.123239603440656431e+00 -5.263180259737733735e+00
-1.242277844780358187e+00 -2.129443306999482033e+00
4.586137533858867243e+00 4.271782326894032700e+00
-9.034019461074831447e-01 -5.764233371049866328e+00
-6.693370859514063298e+00 -2.794354797895151954e+00
-2.794010591613582672e+00 -8.004381145425378818e-01
5.663144944140353410e+00 2.837810616379533357e+00
-4.059743295208994240e+00 5.795662975326592026e+00
5.874081459885419854e+00 3.023541664774553439e+00
4.696813462457887223e-01 3.308396749099121070e+00
-1.053523029303436553e+00 7.013189255223347018e+00
8.057190529649174593e+00 5.359230234449841035e+00
-2.900581494328628551e+00 -7.495881903310362304e+00
8.003532847925121985e+00 -4.826856580051148704e+00
-3.985527997115023702e+00 3.801757227714606557e+00
-3.934710313924567160e+00 -2.482529270805214683e+00
5.786359955430764757e+00 -7.891227981904407329e+00
7.354757193029094253e+00 4.142259339890853376e+00
8.549455594212268750e+00 -2.189573019763630501e+00
-4.350497834318336032e+00 -4.144305867693927503e+00
-5.949978201797448740e+00 -3.506110110053663576e+00
4.091824311863914154e+00 -1.133547966229911097e+01
6.956142404239644694e-01 -3.511413631359054488e+00
-8.290519146528648520e+00 -6.387210093034284553e-01
3.755375238441847507e+00 -3.804039522087539815e+00
-2.265191401819848238e+00 -2.278354982527822870e+00
-3.356612553641201480e+00 8.084066605793886140e+00
3.694652789592817399e+00 -9.291676292528952885e+00
9.224583239171643356e+00 -3.291760482824080292e+00
5.703315632731528195e-01 -5.513984426048677889e+00
4.997184444686316951e+00 -8.774339893046708028e+00
-4.787033631145487966e+00 4.590865347345451042e+00
-4.575616364670596070e+00 3.616049913253035264e+00
-1.334910515757815608e+00 -6.921735703345264223e-01
5.942635866392074639e+00 4.482233608521333679e+00
-1.332887050779773652e+00 -5.967178449270075902e+00
-1.107105330560413048e+00 -1.527864053326133398e-01
-3.642063595447608826e+00 6.960136032951329099e+00
5.015654844134900259e+00 -9.020901662702971890e+00
-3.725244284206514767e-01 4.833764657707952495e+00
-5.397803923830788442e-01 6.505350290639841937e-01
5.047457672372221538e+00 -1.084235131953777831e+01
8.481439522124697206e+00 -5.177119042183136344e+00
4.566557992102058261e-01 -4.525528332973516754e+00
5.226106437293593920e+00 -9.941547481417252641e+00
6.664360161274469618e+00 -1.000134731672934052e+01
-4.829560702753774137e+00 -2.315907982653430786e+00
8.095146367348883487e+00 -7.373381540533799239e+00
-4.100625279230136755e+00 -3.622312076482574472e-01
1.141459511834908014e+01 -2.515406857845381872e+00
6.427687982687919632e-01 -5.107043123543965280e+00
4.223093512916686443e+00 -1.020292981633890150e+01
7.047266962895835540e+00 3.580443442389992903e+00
5.373201042648779513e+00 5.646520820257116213e+00
7.385610470306788855e+00 2.507432699660122832e+00
-9.944291345972346985e-01 9.376594938303850491e-02
-1.155013844566374237e+00 -2.523596560915534415e+00
-1.736209584912998150e+00 5.245376266587122860e-01
5.353937884343016762e+00 4.549241485760616932e+00
2.746802263322962290e+00 -9.144206065917810378e+00
6.979618705915254573e+00 5.055944810616884055e+00
-3.441175250002072694e+00 -1.381924454378785860e+00
-2.670202934873439737e+00 3.920657626290341646e+00
-2.396004186980923656e+00 -1.544607692335422389e+00
9.790977744945926986e+00 -5.240765171990160454e+00
-7.211908315856637941e+00 -1.917857445773776259e+00
9.803368460231988379e+00 -4.043905718544723804e+00
-6.856391399536660103e+00 -8.611005408440399744e-01
-4.323060923410459999e+00 6.183741522789691025e+00
-2.840422678912029042e-01 -6.251522359609411605e-01
8.531074055331984596e+00 -4.896776427071321436e+00
-1.803537646292721508e+00 7.650702824741093977e+00
-2.256364298799446999e-01 -9.979276604486179147e-01
-1.097649555174035729e+00 -1.065923270504349096e+00
-4.531106252023222147e+00 4.500088923769004268e+00
5.679021059031970964e+00 -9.647012658763875592e+00
6.754101349252501052e+00 3.353019181078299660e+00
-1.943072540480279109e+00 1.892752690304067009e-02
7.893211087763501332e+00 -8.272840271622161623e+00
3.037409271351159568e+00 -8.995890193915286659e+00
-4.278831527196127915e+00 -2.265519993593464232e+00
-8.046544445885341901e+00 -6.549808169099802235e-02
1.135429350913576840e+01 -4.888910227992233182e+00
-2.675919154992882465e+00 -1.182101088375890230e+00
6.515985531917711349e+00 4.253180401478395822e+00
-1.286377896150388445e+00 5.496761823550785131e+00
-3.352856365588687382e+00 -7.927124930144663351e-01
1.122276237199164584e+01 -4.986138429157749741e+00
-4.463412423873387880e+00 4.089998127695836594e+00
-1.288465007632182857e+00 -2.518251486808786410e+00
-3.013240775668810656e+00 -2.123435150013002204e+00
9.401898861119001305e-01 -4.691558881418128379e+00
-6.043821825083091070e-01 -6.734147971482471462e+00
-5.279293068725417371e+00 4.959785645380919483e+00
-1.990603003263072601e+00 -1.957983691733987119e-01
1.765435995378070277e+00 -5.032917300925440429e+00
9.697929224715347019e+00 -3.516179905579151832e+00
-2.415813225305961875e+00 -1.380765112270829320e+00
-2.196970983983152603e+00 -4.977939324021263268e-01
-4.825670205745793417e+00 -3.696513370974274793e-02
-4.953829612946354821e+00 -6.467542995204672573e-01
-1.848202279604335363e+00 -2.693968749709141797e+00
8.583808310565371968e+00 -4.372176119092649138e+00
-1.736114783249438798e+00 -6.288834379434816491e+00
-3.027689105498657440e+00 4.662917645885638507e+00
-1.047358483803608298e+00 -5.578260551686895496e+00
8.533280685228083584e+00 -5.248059249250996317e+00
3.981268531654571508e-01 7.621950843479411652e+00
-1.994082523826095965e+00 -1.932687759244498205e+00
-2.083674267204381980e+00 -6.588192783216040294e-01
4.765807607630662801e+00 3.603803816544882022e+00
5.852792129262286203e+00 -9.159436280997439894e+00
-2.080802610384108409e+00 -7.302096921314454869e-01
-5.940839506848584861e+00 4.573970600119014129e+00
-2.239596953120870815e+00 -5.109225287374800750e+00
-6.798452488866803201e+00 5.399336610893010757e+00
-4.140370738114710569e+00 -1.216653111144948785e+00
-6.543602171094726749e+00 -5.059622651844206676e-01
3.697252076613295912e+00 4.623106550411795190e+00
3.807405923860650798e+00 -9.184155511920751636e+00
-2.218053487096443011e+00 4.178541968893024539e+00
-3.051886401592710296e+00 -7.919360041085091950e+00
-6.183943629595221481e+00 -9.444732820622552261e-01
9.424138227833855908e-01 5.186121161943801461e+00
-2.972972329740079633e+00 7.088524015751936247e+00
6.441579637575438610e+00 -5.958885437881443536e+00
1.022770732277012762e+00 4.548127067770508347e+00
-1.995774974828184334e+00 -2.656911333828412491e+00
1.481627302209788333e+00 -2.126882490314681906e+00
-4.503056691675443979e+00 -6.773704387974637253e-01
5.855776084202091170e-02 -2.567629520899949114e+00
-1.235758315072348346e+00 -2.007806559983128736e+00
7.230532322760627295e+00 4.012574320988469445e+00
-2.187387257441009147e-01 8.772992967062533509e+00
8.450577991034732506e+00 -3.263801816946157786e+00
-2.282840260300481372e+00 1.147269137668167627e+00
5.004790466126977755e+00 4.331525333136475808e+00
3.018317751116243119e+00 -1.086884956297540761e+01
9.617195758897256752e-01 -6.189943943958171602e+00
-1.678873364412383662e+00 -7.272954776269969779e-01
-6.448503716040890232e+00 -1.616657304209541346e+00
-5.413358594082069430e+00 4.560391369415827789e+00
-7.074777549935874710e+00 -2.556082652905248942e+00
6.044994620992315326e+00 3.531517051909431881e+00
7.290362449781451204e+00 -1.040699953669188282e+01
3.087164605822605434e-01 7.442713923773490059e+00
-1.951309312338794566e+00 -4.846170900283294003e+00
4.152783673942571419e+00 -7.261071852631992840e+00
1.021796152115780743e+01 -6.623621135476682298e+00
-4.184067295408135045e+00 -4.619275232329747571e-01
5.678312491551647412e+00 2.547512315441303521e+00
-1.041764177603386132e+00 9.068298216514605770e+00
-5.960238448013658541e+00 2.289083556307428768e+00
6.120819740682268417e-01 5.076139427277428062e+00
6.805491997473962940e+00 -1.053929846442877150e+01
8.599593034277614123e+00 -4.024018345628218363e+00
6.006077041349430878e+00 3.409770863838214261e+00
1.433811482542093341e+00 7.006804105786543779e+00
-6.847979014129116138e+00 4.311049335388049464e+00
4.724316789322806187e+00 4.050045537009137497e+00
-7.534128966071013345e+00 -1.480719628037051372e+00
-1.960443963430799297e+00 -2.224150057187632257e+00
-2.748260185376667053e+00 5.910053253431466480e-01
-3.917739740488868083e-01 4.954406413937778808e+00
5.637257251882690223e-01 -5.853395785568310750e+00
4.647903902574653578e+00 -8.619976658617531484e+00
-3.840819311013887294e+00 -9.630762007893001186e-02
-3.743296344535814946e+00 -1.819820313650394539e+00
9.580504181968588995e+00 -3.679604437639651060e+00
5.356379181979447068e+00 2.324961951428696327e+00
9.030433178908853220e-01 -5.903522702766504260e+00
6.488579197314184199e+00 3.058614864611878481e+00
8.348436463069150548e+00 3.764689214469952194e+00
6.749897359893132887e+00 -7.039173547432841183e+00
-2.676269822520544572e+00 -3.711121338176994300e+00
-3.741124621192204458e-01 3.686779242695946479e+00
-4.942866902431664045e+00 6.096253987532406882e+00
-7.260994417996098349e-01 -3.279419170158954344e+00
-4.041636624838899072e-01 6.252993909203476086e+00
-3.150385243697250370e+00 4.183796711221134501e+00
-1.588061408346270964e+00 8.956127471075118862e+00
-2.097330746281881986e+00 5.950044432616887313e+00
7.092409056568882875e+00 -1.050568057557741497e+01
-2.933268988061148441e+00 8.363908516490953460e+00
-2.458504574472408777e+00 7.415905405275016182e-01
1.742033042662780584e-01 5.865981718287462066e+00
5.769114425719561456e-01 -5.317489538242888614e+00
5.432626165820996000e+00 -7.257321385859619056e+00
6.205918762881143635e+00 4.448155345572795127e+00
6.301363898978605604e+00 3.108603211234527652e+00
-4.953701305034906355e+00 4.797884742122435320e+00
6.787782542251408202e+00 -7.704732812109085671e+00
4.714806823730982366e+00 -6.315063006272985113e+00
9.538773769050886031e+00 -2.794858115406868126e+00
-5.617115403952181119e+00 4.937333468335820541e-01
6.883298623457405618e-01 -7.531485666290447689e+00
5.989085756830170304e+00 -1.034185170088983696e+01
3.445648553457013374e+00 -8.948110706556567706e+00
-2.045932315850487182e+00 -5.197496077048515239e+00
-6.046078753846093612e+00 4.536396115940767970e+00
6.554276959656366586e+00 -8.462582385887474246e+00
1.090691593791760283e+01 -3.573343986356785074e+00
-9.980504579153157696e-01 9.901620696249164855e-01
7.010359761267112688e+00 -1.149104338413103754e+01
-1.172275403497713420e+00 4.771934364795006545e+00
5.142135753773409590e+00 4.830395656472202148e+00
-4.898734930880488392e+00 -1.256221388075436485e+00
-4.090896100309595163e+00 8.657390495531878116e+00
-5.797641915333001883e+00 -3.235247693210408393e+00
2.896013942457997814e+00 -5.826128840512636131e+00
-4.201901606088544128e+00 -1.183554572362625068e+00
3.146350395668674693e+00 4.774434840923333034e+00
1.082120110504819976e+01 -2.740506217863397431e+00
-4.840935639255936174e+00 5.604940468665151165e+00
-6.273147406847305874e+00 -3.020586143318332528e+00
-1.539461265200686935e+00 -7.231689306873944068e-01
1.033676855893437185e+01 -2.947539716266641463e+00
-1.314388205229484186e+00 -1.001851694935464554e+00
1.081715601861151121e+01 -3.686110532652912219e+00
-5.941884271017494612e-03 8.173919316258970724e+00
-4.062644501441121214e+00 -6.019869128570249917e-01
5.054535055343184702e+00 -1.032538973727918119e+01
1.054246667165478968e+01 -1.985840635721990877e+00
5.237766254967115565e+00 5.874664345698204393e+00
4.620949310889877815e+00 5.224805554919012884e+00
4.010440905813378976e+00 -9.589293456174289076e+00
-6.109647298405320726e+00 -1.698549217783456244e+00
-5.726705311256813369e-01 -5.216935807114889023e+00
-1.970185947527208103e+00 -7.172757239985437794e-01
4.441138801941294290e+00 4.665681190209248541e+00
-3.811457827656715480e+00 -5.492616660370932546e-01
-8.413127569897016045e+00 -1.736735417560437034e+00
-5.417710149481753668e+00 4.350383355029779686e+00
-1.006816973241381197e+00 -1.825856929146454810e+00
-5.422740990014936813e+00 -2.771682640388402064e+00
1.050552079867925981e+00 -6.629212852058529393e+00
-1.448643257606798240e+00 5.499578503325938783e+00
3.547961433956054123e+00 -8.885512037751256642e+00
5.103531556448761108e+00 4.813200242789505090e+00
-3.767758087750856966e+00 4.578174364997327217e+00
-2.513053161182767781e+00 -8.420959646991359904e+00
6.677391415113341111e+00 4.146297147398405158e+00
-3.343226846026065235e+00 -1.308547111788758377e+00
-7.559240616219960351e+00 -7.963406993786134036e-01
-4.459471196470779830e+00 3.612369533556898826e+00
-1.161240127457348281e+00 6.670445252589623841e+00
8.137556572796407650e+00 -2.113855961646539772e+00
-6.707314792258871172e+00 -1.338415319676588444e+00
-3.342293913172937891e-01 1.377339630129182702e+00
-1.576443989269710855e+00 7.207963363682765134e+00
-7.564914105371061126e+00 -1.909338509496037783e+00
-7.689091913303086612e-01 -8.556441012500433985e+00
2.662739736371164234e+00 -1.162709294673919658e+01
-1.823099306793489083e+00 3.874020095632020322e-01
-6.562243648244872496e+00 -2.760454655785792522e+00
-3.463007528212291852e-02 5.204835276259459853e+00
1.046122819851831309e-01 -3.382001768302500988e+00
-4.344650434635596525e+00 -3.323430029896198845e-01
-1.203798857012029710e+00 -4.018076167726692738e+00
-2.598956382202549431e+00 -2.039572233024510517e+00
-1.386679671896111188e+00 -1.299310779966442730e+00
2.872203580705288140e+00 -7.701747223237168427e+00
-4.849804160793887320e+00 4.434869112760381427e+00
-4.540670855057555855e+00 6.449785233019648345e+00
-1.442516308155516125e+00 6.791570439880060484e+00
-7.787936029417061867e-01 -3.379668917839777187e+00
3.081959883474690187e+00 -4.579157906486834406e+00
1.169994107730938993e+01 -3.304626545025827866e+00
-4.482162453646003186e+00 4.303765115535765240e+00
1.344979813480855491e-01 6.718537863503461161e+00
3.940138569022546999e+00 -3.768945206392756653e+00
9.570288446540412552e-01 -3.061907680540344234e+00
2.321323390426001776e+00 -2.662499942059736391e+00
-1.983583559477171354e+00 -4.338750055422392116e+00
-5.433217842688552679e+00 5.712423579770320892e+00
-5.430209813596605928e-01 8.414623695644678492e+00
4.776826662341129293e+00 -8.854881852646121487e+00
9.459883343164428027e+00 -2.586374346756306952e+00
7.157929550117669848e+00 -1.010541568043277216e+01
-3.118872655150097373e+00 -1.499431334297560925e+00
-7.354460154917466852e+00 -1.499588343633176279e+00
-4.257832254699736474e+00 -5.288287025657723461e+00
5.177351805720438627e+00 3.407746445858465201e+00
-4.099392751802930057e+00 -3.295552690635728865e+00
1.152890351438313310e+01 -3.747869366528936208e+00
-2.122910971374798450e+00 -2.397460654840191552e+00
-3.587581055528827889e-01 -6.304368428141844838e+00
-1.600095614832941493e+00 -3.711277937073123478e+00
-2.195315307631823476e+00 -4.120880404450885104e-01
6.117449533835165099e+00 -1.008585617619041486e+01
-6.298466132218660363e+00 4.999523524853261236e+00
4.049469952477401380e-01 -2.805395761317728720e+00
-1.395828576024229495e+00 -1.716236974525172432e+00
5.526011215748603433e+00 1.863854533910092925e+00
-4.288819913313266952e+00 8.659833434741441849e-01
1.009721073864936791e+01 -3.664009313048854022e+00
-2.493678782993940857e+00 -3.269845015490521867e+00
-3.079619147499308873e+00 -1.382171664578568659e+00
1.083318871205423051e+01 -5.285050514834392033e+00
1.283482748554631847e-02 -4.154104229997738429e+00
-1.253692597110683149e+00 -1.523635767332964130e+00
2.914457522803167944e+00 4.380793505514655628e+00
4.290842684971427623e+00 -9.060014581552822577e+00
-3.531855019695148812e+00 -3.923646410890555547e-01
-1.237763973795364292e+00 -2.594201458461207643e+00
5.426922960589260825e+00 -8.125850737588617534e+00
4.170419241864546933e+00 3.221423616661476252e+00
4.760402071562430670e-01 -2.611168697612157530e+00
8.864161849904915513e+00 -3.099022491273850655e+00
3.523719911708434349e+00 3.339544033535096990e+00
-2.345557251882131045e+00 5.365812800741847077e-01
1.628005191309281674e+00 -3.671480936852534072e+00
2.335798388067664710e+00 -2.750256973018490037e+00
-2.443830541440641380e+00 -2.155822265269765836e+00
-5.413522978270712827e+00 8.713255728519149201e-01
-5.258758320937539033e+00 -1.465682106622132608e+00
-4.876966221594244644e+00 3.368679126245816668e+00
1.078334505712942315e-01 -5.297654142054167181e+00
7.644650408775808259e+00 -8.662453978345856953e+00
-1.232919305412417454e+00 -7.772575941004733480e-01
-7.650239191338841227e-01 3.953499739532428059e+00
1.165283451247640212e+00 -5.173182108625039355e+00
1.107617371192142430e+00 -3.631824299723218630e+00
-6.703937325403583891e-01 -5.282615182570282286e+00
5.812229339110201565e+00 3.888106589678210323e+00
-5.612601629112512036e+00 5.803739542114625394e+00
-7.681042687263326840e+00 -1.056685609764807188e+00
-1.892763236310668340e+00 1.466401874892498292e+00
8.891293591523403705e+00 -3.832736418299142134e+00
-2.584857502017288589e+00 -7.039182785458621083e+00
1.495662596981520043e+00 -1.270974495509634483e+00
-1.570951026201596878e-01 3.870140808933966170e+00
-7.257421922150951055e+00 9.000486386917163628e-01
-4.052444315061363156e+00 -4.526563811400501791e+00
7.077194913302950141e+00 2.852165943534674675e+00
5.550525168456786673e+00 -1.062028079520418089e+01
8.751365160788736830e+00 -3.720027907879846829e+00
7.880848575777679166e-01 9.516420327161554837e+00
-2.835289053591160346e+00 5.003530697074194400e-01
4.176008347424851053e-01 -5.899164170740112567e+00
-3.092436363248859621e+00 6.046327071349218762e+00
-1.073489255334576953e+00 -2.335804711041123305e+00
8.096646782637105133e+00 -4.204792175211276906e+00
1.582040846254518129e+00 -4.460252881014748816e+00
-3.040553134112085942e+00 7.284874702804204905e-01
-2.999195858770185463e+00 1.162998303596742389e+00
-5.708522762449392829e+00 -1.805483756339501422e+00
-1.164673192540401692e+00 -1.304686049812437076e+00
-2.921657200488650741e+00 2.938717112390937247e-01
1.031352887756409586e+01 -4.463520972436640477e+00
1.827644825179912669e-01 7.081697618032221087e+00
4.899773915495090337e-01 -2.908392750255740289e+00
-7.648880234064551864e+00 4.829089080510572174e+00
-4.668742400604916298e+00 4.898754448493058966e+00
-8.580981385375636705e-01 -1.247176815820669304e+00
-1.716492932391052717e+00 -4.778674081276609975e+00
-1.704551856709682234e+00 -3.575430801151929128e+00
-1.090995819485598650e+00 -6.368646477000421413e+00
-1.305981634668565095e+00 -5.997737153898339280e+00
5.928194796232189034e+00 -6.641520971420234787e+00
4.855298958786169017e+00 3.619564613421944799e+00
9.324648794172476940e+00 -6.671471407628892791e+00
-1.416824928192086164e+00 -8.534603920518170739e+00
-4.163487641029966824e+00 5.535672052266697563e+00
-7.684029296801491604e+00 1.158789897932602120e+00
8.373771102334849559e+00 -1.183473586194366334e+01
-4.378358189656862187e+00 -1.022332416860133320e+00
6.836148362900215325e+00 -8.259905538145279280e+00
-1.478197226609798687e-01 7.832483839522089042e+00
-2.391256969071593907e+00 -5.482234656011221396e+00
-2.615624138190120185e+00 -4.610557067860833413e+00
1.960747100647317609e+00 -6.455772789968149183e+00
-7.406109561965619648e+00 -1.819327074801902144e+00
-3.583905219027431865e+00 -3.376061844020048941e+00
8.533554868579932062e+00 5.913412770403319918e+00
1.379826996931939886e-01 -3.177053405621914628e+00
-2.531617491527484276e+00 5.885829023955147399e+00
9.296176805824421407e+00 -3.342774197775319145e+00
-3.402009931139622800e+00 -7.870259976293817461e-01
-6.225341094203626469e+00 5.822123406346937813e+00
-6.995682094995117950e+00 3.585917876221984990e+00
-4.646900371194844226e+00 -7.933781706224793950e-01
-5.256771518542467270e+00 1.060158147452425315e+00
4.255357175275422676e+00 4.217161050581137438e+00
2.213481616193904156e-01 -3.987258300094988606e+00
-2.940574750158373440e+00 2.353865510194907529e+00
-2.772759321790850606e+00 -1.259728802577774420e+00
-1.098323319582057866e+00 -6.927983610526478042e-01
-1.086222686372490864e+00 -1.403670721908124808e+00
-7.108509432376370896e-01 -7.006330250023756534e+00
-9.956153368236491108e-01 -2.586517713884279313e-01
-4.376031612262960557e+00 -8.950949942911345936e-02
-1.517767882027156290e+00 6.360445634982763607e+00
-2.320493490154573735e-01 -3.190617166026818996e+00
7.226314567742360140e+00 -8.819723224963034625e+00
-8.030761973612730031e-01 -3.803148353122790315e+00
-3.005920068472023310e-02 6.048092977492469657e+00
-8.240271671394497233e+00 -2.301797734995204792e+00
-3.017033383804045954e+00 -5.659279450906414155e+00
-6.630992722144480211e+00 5.878593422192681217e+00
-4.380003807109530634e+00 -8.596490621979644420e-01
-3.703535428365636761e+00 8.352060988401314390e+00
7.915596897271827359e+00 -1.025566538942525874e+01
-1.317652570397597422e+00 -2.746153108660882136e+00
-1.789763308692819521e+00 -3.011959072267700321e-03
-4.610739400803488763e+00 5.397746985220521765e+00
-5.805137988920450631e+00 1.017056419966821501e+00
5.369454460821336816e+00 6.047681468098963897e+00
-6.371428199000999104e-01 -2.858698874826965941e+00
2.405653741516398103e-01 -4.587679866201875178e+00
-4.935621145801105669e+00 1.377065984620164274e+00
-2.298718652613502833e+00 -4.362711035138362448e+00
5.339614011641495850e+00 5.864631381805912369e+00
7.013349900492855227e+00 1.987157854309564264e+00
-6.349437220630111955e-01 -5.428235749204811889e+00
9.825149882351848163e+00 -5.107868648631585629e+00
-1.546564330987059588e+00 9.934480143003781905e+00
-3.240706902082642671e+00 4.674193170126554442e+00
-1.803032265936089784e+00 -7.926484146156291821e-01
7.818247469246384362e+00 -3.602994439240579272e+00
-6.042379119585849168e+00 4.822068903176013777e+00
6.584652072539650014e+00 -1.014913170534895137e+01
-2.306912358186000045e+00 -5.062611251897886078e-02
-1.732496834188758328e+00 -5.606438875681861056e+00
-1.554034019541002731e+00 7.433364450774339716e+00
1.083014891972255178e+01 -3.458548980709175158e+00
-6.336587624885623882e+00 -1.313111279715947211e+00
7.543062025744384336e+00 4.023267343974564980e+00
6.143400870042751372e+00 4.375746931609166168e+00
8.839797236410543491e+00 -6.253279610344729456e+00
-4.522263876380619330e+00 -3.019430045548918251e+00
-1.341182565811130711e+00 -1.851676060523014478e+00
-2.323417877597557801e+00 2.617107425812058574e-01
-5.082643218070899138e+00 2.937166139798860875e+00
4.197374137497178026e+00 4.898983681156497738e+00
-3.819370589834625740e+00 4.224831228748563205e+00
-1.155356850591120033e+00 5.152236356036143938e+00
5.581313466827896974e+00 -8.453659758504768362e+00
-1.429642962073741419e+00 -4.708638775259996301e+00
-1.281744590909526416e+00 9.828555285738151959e-01
9.702541455177588148e+00 -3.626676719342984523e+00
5.159363528171955871e+00 -8.530143011018516574e+00
-1.988499010112957821e+00 9.365683086468454377e+00
5.086344822647431485e+00 6.639957292938872158e+00
9.582690858417228341e+00 -3.609063987232985049e+00
5.615197823241401487e+00 -7.901487088955168048e+00
-8.232981271099067300e+00 1.430493454974322010e-01
6.807767442371184252e+00 -9.136856965281552334e+00
-1.712362172626481049e+00 -4.651130485215024812e+00
-3.413789573679429701e+00 -1.650670378219225576e-01
-2.443424634111842408e+00 -6.451501861105882973e+00
2.223720939159663956e+00 -2.186508065312082749e-01
7.467447052685212583e+00 -7.536604221595945674e+00
-8.145701929630176252e+00 -4.144821442311526383e+00
5.176804419893037412e+00 -8.040512571910241491e+00
9.065764291024541732e-01 -2.880098609303504809e+00
-3.202565205165612827e+00 2.190798018698627558e-01
-6.709947868634129620e+00 -7.486263720458676829e-01
-2.437912844294535919e+00 -5.681275162503296450e-02
1.038669267809590302e+01 -4.631411262837168863e+00
6.182320352379324646e+00 -9.550911879148921813e+00
1.099007670869558240e+01 -1.425175641548400929e+00
8.298919437786821618e+00 3.941593860461766408e+00
9.879692894141181014e+00 -3.414669563949738862e+00
-4.418187427138270396e-01 -5.842216848301964305e+00
-2.326442291875041146e+00 -6.853559654598928574e+00
-1.069013528999812834e+00 7.053961166441469199e-01
5.127355219783056306e+00 -1.143453491068044237e+01
-1.802191844665115283e-01 -4.021114799013870034e+00
2.871971141158600194e-01 -4.937071315605017219e+00
-7.895985234268957376e-01 -4.974957305333796320e+00
5.042093931560416742e+00 -7.841122682317426040e+00
-2.011536456202976719e+00 -6.284413532741450759e+00
-5.539269922612360730e+00 4.710194097838265925e+00
9.547395831047804649e-01 6.492839867133207044e+00
-2.514735243982408885e+00 -2.667539467712174872e+00
-9.510524214199169712e-01 -9.854150519283968457e-01
-6.761440873081535408e+00 -1.281575378449414382e+00
2.263537642556563423e+00 -6.032628815282102153e+00
7.404279854595986476e-01 -4.948351698039989088e+00
5.112187667694406912e+00 5.492926902413969081e+00
9.996297541533804676e+00 -1.946450679488957336e+00
4.474778073412485568e+00 -2.038428749685935237e+00
9.816483784846985472e+00 -2.985078126574663759e+00
-1.167065864687158339e+00 -3.653595084519075442e+00
5.862320459602766931e+00 6.786999116467939075e+00
2.962816180174913772e+00 4.900729012721063427e+00
9.303887371204504930e+00 -3.442822862850792198e+00
-4.190670904654080431e+00 7.046885646582710550e+00
8.558540908240019895e-01 -2.049165555565071628e+00
-5.188427200415418383e+00 6.814392660190908835e+00
-4.741864230306203964e+00 4.874080557277418180e+00
1.469409986419180303e+00 -5.201011231790601208e+00
-5.426356352943854766e+00 6.835641479777045504e+00
-2.467641413857511790e+00 -2.330180030387837831e-01
-3.018355921286684840e+00 -6.349268961733946171e+00
5.303064227038603917e+00 -1.053099751276145035e+01
8.782962649677525491e+00 -2.548351354247779810e+00
-2.046367737190236458e+00 7.550964685993418968e+00
-6.655554452531710297e+00 -2.088965039475262131e+00
4.731660344982226540e+00 5.986404835584007600e+00
1.062106556742370422e-02 -4.902739719647258632e+00
-6.742513930798706978e-01 6.305538601028574774e+00
-2.406795782286316410e+00 -3.014494238163635487e+00
-7.064115137579427994e+00 -2.916770450499413414e+00
-1.123569088979163411e+00 -2.862429436863904719e+00
1.029769625842643954e+01 -2.037922811877468376e+00
-8.023294303184702159e+00 4.201360205987817231e+00
4.365067984674160684e+00 3.735483465193686570e+00
-1.006753204996623463e+00 1.404825706344959180e+00
-3.599013629696636407e+00 6.659825417243242285e+00
-5.869478391357956237e-01 -1.569437163767159582e+00
8.579720652396096270e+00 -3.236893940452056029e+00
-5.824593033058111935e-02 -4.524302968518239432e+00
5.603474561701871970e+00 -9.692920805746124913e+00
-5.952752676273719068e+00 -2.429954340828187842e+00
5.037943900609777259e+00 -7.844618857244855192e+00
3.023477547807565280e+00 -7.959474360092519518e+00
-3.274044165958847064e-01 -3.319262434022810293e+00
-6.348030829719273349e-01 -5.113560423038856051e+00
7.877352247097523907e+00 -8.691105153788408089e+00
-3.819325947581280190e-01 -2.569690465171590166e+00
5.392999724083050062e+00 -1.140973249850226345e+01
8.673249658022792019e+00 -4.588691860562654767e+00
9.039632404123882026e+00 -5.630615424885309750e+00
-2.121496860885398128e+00 -6.272551631256634508e+00
-1.092119918372565390e+00 -5.281932789024872399e+00
-2.241595975127185447e+00 -8.098315242380753176e+00
-1.221197942016417404e+00 2.391937831803506498e+00
-2.585469187296585147e+00 7.628703764555220701e+00
-2.201154858930084668e+00 -6.133208427292425879e-01
-6.047836895269014246e-01 -3.199102912728136516e+00
-7.206129700257326576e+00 -2.845271291202323916e+00
6.302228908007248442e+00 5.370258364897265047e+00
-5.220252539823100335e-02 -5.392990966193925040e+00
-6.523105832724742648e+00 6.139418080948998657e+00
3.972995218414018481e+00 -8.869824040145747546e+00
1.094194215971633710e+01 -1.986810814607473663e+00
6.821465851007038950e+00 -9.186828157969451070e+00
-4.137218324048731688e+00 -1.811602212076591556e+00
-7.389553915562996345e+00 -4.842013994400795163e+00
-2.632749491037527534e+00 -4.210856112792704664e+00
9.622224311520646722e+00 -5.700272431840538445e+00
-1.703159003275650951e+00 6.915063303571876929e+00
-1.162741849729965526e+00 -5.120558562842820294e+00
-1.519238953588537111e+00 -5.849920072788430403e+00
-1.013935931391757750e+00 1.073034050151029817e+00
1.132122334879481329e+01 -4.391840098052124830e+00
-8.728443520635267294e-01 -6.089388131853519681e+00
-1.209808777788638379e+00 7.627831693795261714e+00
2.826910355893581972e+00 -1.181245434410222472e+01
-2.687883979571661364e+00 -2.460941918381709836e+00
2.191872904878803485e+00 -2.765426922049247782e+00
-1.101358447637817983e+00 -1.470214583843931777e+00
8.785046116539110272e+00 -2.497307477284302912e+00
-2.656682664712111119e+00 -1.365729019411525469e+00
-2.411014890437137570e-01 -5.192455513117997690e+00
-7.578125414368516388e+00 -1.164911651533401704e+00
-1.371347916863952410e+00 -1.924756275955386897e+00
1.285861297043157325e+00 7.926026279575144606e+00
-1.152928079961973662e+00 -2.121344602551056835e-01
1.041374653080498547e+01 -2.539325825449715079e+00
5.864431512238461153e+00 -9.778942262540468278e+00
-2.576265446990879227e+00 -2.659105668459041283e+00
-1.375360981113344927e+00 -1.826965247117074531e+00
-2.695425676424545003e+00 -7.922649760949506126e-01
5.466023733361758730e+00 -9.759691073429511476e+00
1.441979101310104650e+00 -5.066500791197406706e+00
1.286683038777868049e+00 -3.476086884332874050e+00
-4.841917720158794847e-01 -4.234080553185851414e+00
-3.605480287864671229e+00 3.820699527692219100e+00
-3.117774690980730234e+00 -7.027887758906243398e+00
-3.091802007488990700e-01 -3.693863283770641548e+00
5.226232674493790142e+00 -8.825182492999703143e+00
1.634754784994525423e+00 -4.235162561614729704e+00
-3.008008960827912581e+00 -6.216091909886960920e+00
-3.464730227829852183e+00 -3.460507156357801595e+00
2.436370424721000294e+00 -3.794750998306690271e+00
5.599067809128617235e+00 3.565326993469608574e+00
-2.867905667574938811e+00 -2.462215067622214537e+00
-1.730331395889850299e+00 -1.864969510211774928e+00
-2.988629152746562934e+00 -7.396657588792188154e-01
4.636080629392060892e+00 6.413718402764674309e+00
-6.773413598658816426e+00 3.787400950738172511e+00
1.106276568744222422e+00 -3.106087790197801013e+00
-9.278575210538595464e-01 -2.987681848264057916e+00
7.501250481382548685e-02 -1.374974676666724349e+00
-6.233337090307739636e+00 5.228355476874393393e-01
9.127418757018956885e-01 -7.021843905765241090e+00
-2.327217694538113779e+00 1.274518425334885130e-01
-7.897753126630330023e+00 -2.851732150562431123e+00
-8.599259810567212448e-01 -3.158304734119605328e+00
-3.202233988066044645e+00 -8.427549846646483767e-01
6.333538284588807521e+00 2.703406901180958943e+00
-5.273423565424062431e+00 6.439199271450775974e+00
-5.126994415410072392e+00 4.956086361376575766e+00
-5.039452599251327491e+00 5.013068294228330224e+00
-1.540561835232785004e+00 -5.172247373488604083e+00
6.334215213877208983e-01 -2.573690116115994186e+00
1.040524818124598561e+01 -3.684710013517642491e+00
4.616621158528070090e+00 3.561983467317540342e+00
9.932558285353991323e+00 -4.725618071949019949e+00
4.923066969337283716e+00 -8.826453872291205371e+00
-2.677580656069467047e-01 -4.487745749835877263e+00
-6.143236691115752990e+00 -2.192751381465417815e+00
1.481974624195945722e+00 4.671837698481280832e+00
-9.566849498862882717e-01 -7.214556515440635920e+00
-2.466003737578917665e+00 7.745299846221593842e-01
-5.165570445725155224e+00 -3.309812226566211990e+00
1.193306300279325072e+01 -3.320483148891889336e+00
-5.657370397590554489e+00 -1.926818612800611730e+00
-4.375398214677113096e+00 2.865203751986468816e+00
-9.023440007557743670e-01 -6.549817824617075068e+00
-1.980763221297966670e+00 6.634931844287224934e+00
1.173852050349277221e+01 -4.098178227655897565e+00
-6.270336417399062778e-01 7.894966443687365221e+00
-5.877780905814804058e+00 4.868614482279591371e+00
5.123393999301951496e+00 3.828088728469198454e+00
7.170142976792584832e+00 4.093817746306390504e+00
1.012951835199466366e+01 -4.656168080949631083e+00
1.135955719807009245e+01 -4.335434093894073193e+00
4.493747477697400683e+00 -1.000990964318877552e+01
8.017962765002653924e+00 -4.376070869719804080e+00
3.452007875451192920e-01 -2.858491194071847818e+00
5.465013110008390740e+00 -6.919852977601563815e+00
-7.607871572899443713e+00 -1.859820884407687114e+00
-7.024324511522775261e+00 -1.246972582226514081e+00
5.551337685078295836e-01 -4.660005483729144693e+00
-2.172576140645846365e+00 -1.640959614164911873e+00
-1.891181802599307904e+00 -9.816778884701642394e-01
-1.324342909288966919e+00 5.988624819722065951e+00
-1.893675695279366522e+00 -5.236373819513152839e+00
-5.986732192304336841e+00 -1.114101039779429758e+00
6.807124980171209039e+00 -1.288664840020542712e+01
7.057137844043841035e+00 -1.083732254696930397e+01
4.971188161391615346e+00 3.649292170530973323e+00
-7.065530094732095812e+00 1.895453130709175316e+00
-6.878251453695684248e+00 4.853569808578677147e+00
-7.312675721255011974e-01 6.792466715293222101e+00
-6.460873236732377123e+00 -1.363064988550166667e-01
-2.116450569673966164e+00 7.702143495125524097e+00
-6.054662201400708099e+00 4.311549139111426676e+00
-7.976326238365473387e+00 -3.276257931625564668e-01
-3.061861878547075477e+00 -2.477064807930902113e+00
5.586169968988200729e+00 3.268618827439353058e+00
-6.889631839906508404e+00 4.348868984154870887e+00
9.202647033195667348e+00 -5.608156116292717819e+00
6.138634586040616625e+00 5.161598209021675210e+00
8.971863430692911479e+00 -5.787571285587635117e+00
3.170986458671598118e+00 -4.720330450414412127e+00
7.279884037121866491e-01 -5.978129861377205145e+00
-1.583601239354686330e+00 -3.714848702325933560e-01
6.685254010999038599e+00 -1.063746346144155375e+01
-5.738624260738173222e-01 -6.120659747785553328e+00
-5.109013045829946087e+00 4.628999931496847964e+00
-3.751530511510672738e+00 -2.578851533037255006e+00
-2.150812115146599979e+00 6.372089242652599239e+00
8.225485113181825625e+00 -2.987747673618873723e+00
5.113520654766382734e+00 -9.703703124830273197e+00
-6.463087707524411307e+00 4.009561955071174744e+00
-9.391209080136313503e+00 -2.528677452095124956e+00
5.081357202125103889e+00 -8.478249020392759405e+00
5.438790212582700789e+00 3.250977754506621409e+00
-1.750492222317883817e+00 -6.758436779442418274e-01
-1.544764540711813794e+00 -5.518412395190670949e+00
-1.615592798624127857e+00 -8.317922761564537915e-01
-1.736775379910464601e-01 -3.642255646323016016e-01
6.690761384400802925e+00 3.885093382264915629e+00
8.199435929050489236e+00 -1.936507781176412424e+00
-4.621204692906407452e+00 2.786972940775540586e+00
-1.971485131684451719e-01 -2.452483930913154975e+00
6.291408397526416785e+00 -1.001422589689384779e+01
-4.721731515212360897e+00 4.820971186800244723e+00
3.666264504488889742e+00 -5.033832390210767116e+00
3.605535826121794241e+00 2.715328187306358387e+00
-3.499801977265349695e+00 2.710530403735466054e-01
-1.721112864041673518e+00 2.030994854400678395e-01
-3.358274089709856192e+00 -7.993617207857273144e+00
8.115183089510435988e-01 -3.785439622125366554e+00
4.643483325727276068e+00 -8.830141709094609936e+00
-4.257145069047380659e+00 -4.403989825829691895e+00
-1.174168984641982272e+00 -2.182291320614221597e+00
4.736584741011201416e+00 4.737869317011146109e+00
-2.786638526537394078e+00 -2.384552946929585637e-01
-1.879537862321266406e+00 -6.599835567808677084e+00
7.766294700015041741e-02 6.560395395420947295e+00
-2.088173437408182842e+00 -1.593739535527291862e+00
8.704488312324924593e+00 -2.532785481541335315e+00
-9.331186028552544975e-01 -1.201011183926305792e+00
-2.315249462883459675e+00 -1.570953238660038664e+00
-7.311748641344395505e-01 5.671785584749180487e+00
-6.339700205674982492e+00 -7.070431518609366917e-01
-3.297019744691004117e+00 8.061690744980417378e+00
-3.521214513780601685e+00 6.766104387881961557e+00
-2.011106300399461588e+00 -2.323070341706125141e+00
-8.884760154712651570e+00 -1.403307000977324082e+00
9.247814705215020581e+00 -4.376905339466215850e+00
6.841961055014243342e+00 -9.161601827367187312e+00
-1.359970245128358624e+00 6.930087070653163650e+00
6.290219679255617535e+00 -7.792555965502019788e+00
1.191580813635680469e+00 -6.350000835353172945e+00
-1.213058199115322200e+00 -3.782624989720030140e+00
9.381972566953779236e+00 -5.111697161675786916e+00
-6.858851180892034272e+00 -1.925201435328478983e+00
-2.521592607988893509e+00 -9.656049485231628093e-01
5.505129435393395276e+00 -1.125937694341158846e+01
-3.092151157188372412e+00 -1.385021183830320801e+00
5.654255711318698197e+00 6.233408705209660283e+00
-2.273048942790922400e+00 -7.068287177816829470e+00
-1.835401703283034536e+00 -3.189328479362048441e+00
-1.614590440288814266e+00 -5.160890758502853615e+00
-1.289196587627137625e+00 7.028331368868462548e+00
-1.986514815445147075e+00 4.957240726994194269e+00
1.119536362414756070e+01 -1.414593127283124030e+00
-9.649182280037200687e-01 2.519265358931285448e+00
7.032320615184081802e+00 -1.109302562864575670e+01
1.365636245811973737e+01 -3.826147579866400417e+00
-6.249176289916677618e+00 -5.415695481287676749e-01
-7.674475629346081407e-01 -6.128731135711960931e+00
7.486799211824109790e+00 -8.652252340373712158e+00
-4.241046250430508202e+00 6.424959586189475047e+00
-2.608588890021713347e+00 4.516051690926769169e+00
-2.378507229089919406e+00 -7.673523783397709686e+00
-1.667682708678872361e+00 8.535080395943410725e-01
-5.452704571520051502e+00 3.704602869396168785e+00
-4.326975762577879969e+00 4.684351961981773727e+00
-7.387485588075639598e-01 -2.535661376026088210e-01
6.534831591775007276e+00 -8.859181130794860692e+00
5.370634603008106467e-02 7.278572513240706421e+00
-6.246468243611239535e-01 4.695511995648178782e+00
1.517369488526476573e-01 -1.967259009085882804e+00
-2.146371249047624996e+00 -1.870690993869026375e+00
6.661477674030287233e+00 -9.979451511070966063e+00
-2.820862061417542144e+00 7.361533955983432520e-01
5.250507896702987232e+00 -8.827926762735261335e+00
-2.271662653945656807e+00 -5.943142004644560217e+00
-1.753885628085373405e+00 -7.986402711217726491e+00
5.956327511291015675e+00 -9.203176683855483375e+00
9.826104677843193969e+00 -3.466525872160892252e+00
-2.078739164678477191e+00 -2.639764644270883309e+00
-1.255373758387286598e+00 7.961433038192926581e+00
1.026910395645868235e+01 -3.983638357194233315e+00
-7.962979207286225325e+00 -9.478779754072323982e-01
-1.888333365835468403e+00 6.749454045608616060e-02
-3.614434322995261795e+00 -8.453946333100077482e+00
5.823497042161013049e+00 3.373837329429879794e+00
5.229816794493893362e+00 1.087551829617001697e+00
-2.106521543885279790e+00 1.067902752183335302e+00
-1.704151781498221219e+00 -5.420928342589549587e+00
6.263188468173002121e+00 3.007176210647129366e+00
4.087044960144140759e+00 3.422382342584294967e+00
-1.025882599396539474e+00 -5.809408127323445470e+00
4.863272159080717083e-01 -4.051335035798219408e+00
-7.544637644549266220e+00 -8.672574100330876501e-01
3.271876000227526005e-01 -2.579348674547268239e+00
-2.113364645848454959e+00 -1.134108055829186279e+00
7.831609116839983287e+00 5.463716149893565799e+00
6.259411453093521871e+00 3.801779293575318519e+00
-1.061354374257188926e+00 -1.064007775606969242e+00
-2.729425805799797988e+00 -3.127967287223673232e+00
-6.129275375746370269e-01 6.794733599534993118e+00
-2.490185021913355445e+00 -7.080183726689817547e+00
2.080839234849994890e-01 -4.445257403989730349e+00
-9.365383627805048405e+00 -1.884575852011847630e+00
-1.267157386870845448e+00 -1.805659647756408526e-01
1.688649064044525971e+00 6.158377877848838722e+00
-3.889239466682322899e+00 3.578474821740752709e+00
1.021814081963225718e+01 -3.908803908102271851e+00
3.465253235744208737e+00 6.926619889050444456e+00
-3.247675047568740592e+00 -2.301508130670150365e+00
-1.100696000503403216e+00 -6.799202467112951176e+00
2.600888278869648573e+00 -4.285392642711270739e+00
-7.753465573268751854e+00 -3.752325680099322547e+00
1.054995326756932705e+01 -3.894845802511543553e+00
2.278158027081236270e-01 -1.122758489041891350e+00
7.194999526436409720e-01 -3.562476335660911264e+00
-3.407932794447453340e+00 5.320682963857396253e+00
-5.430971018902726044e+00 6.869591195026787389e+00
-1.067207782945175598e+00 -4.581787683749581674e+00
-6.015108479370310235e+00 -9.403662575648488176e-01
-4.855193271084790041e-02 -3.120150995205408950e+00
-1.965399078992267290e+00 -1.756127565915771127e+00
9.119440081849394808e-02 -5.361390299736909171e+00
1.665184823844100048e+00 -5.165252227793482476e+00
5.924027219716706760e+00 -1.116503483750042491e+01
8.417399009864817927e+00 -5.093983567308870697e+00
6.479656043542270538e+00 -1.019618798650271252e+01
-4.847495599606146399e-01 -4.140088836219357304e+00
5.796345261455314812e+00 4.884223413302904326e+00
-3.793817754173356871e+00 5.043612083756094933e+00
6.723944507390724468e+00 4.167412058496541505e+00
-2.000047626266245437e+00 6.048797159175339999e+00
5.055485107510737208e+00 -9.671487656770295871e+00
-2.996937779910999744e+00 -2.175178514031015808e+00
