-6.673852784289324269e+00 9.853438263542605213e+00
-5.366152688487618505e+00 8.312941123789476805e-01
-6.238460812721895010e+00 -4.611773679610034371e+00
-3.956319924323637771e+00 -4.554720076000637441e+00
-3.968193824074629283e+00 5.908219883527110916e+00
5.074387459782319532e+00 -4.801721190417987728e+00
-6.762193489831335391e+00 9.051978026873017669e+00
7.290459804677278832e+00 -3.136554993505962230e-01
5.112514957419337591e+00 -1.546330635394750797e+00
-5.783785186912348664e+00 9.270717020710872447e+00
-6.604651307169775443e+00 -2.922671053448922862e+00
-3.536439311619321568e+00 -4.508253608544277924e+00
-2.683487507770031311e+00 3.920838305174350502e+00
-4.646516508000923196e+00 -3.297132269600842491e+00
-7.849946490085683237e+00 7.676741743956696951e+00
-6.040854769618289488e+00 -1.568521250849090887e+00
4.021800824489914383e+00 -7.919711931415198691e-01
-6.289816679805187327e+00 -2.311439568082164886e+00
-1.947386936000601310e+00 -3.792033339991446539e+00
4.374246931817291184e+00 -7.015234519398616087e+00
-3.211057685107344906e+00 6.559432188818047571e+00
-7.407114344832526953e+00 3.406210403217351246e+00
4.837319507317590528e+00 -4.565587564564724588e+00
-1.407214822663120035e+00 4.687133859358088017e+00
-2.630066477477746467e+00 -3.732293438496150362e+00
-7.150784003907012298e+00 -2.431040726426104470e+00
6.773576399398310244e+00 4.981051696636633608e-01
4.455231047041542602e+00 -1.092279832916386439e+01
-3.487200603968985124e+00 -2.572564561384877990e+00
-7.534704529467105338e+00 1.236584720061475018e+00
2.064659942390455249e+00 -9.054657318950383171e+00
-5.642498898294173948e+00 8.774600282749908331e+00
5.577456108047433858e+00 -3.701612146346363375e+00
7.427544963916909992e+00 2.111170194041415371e+00
-2.370627895650162742e+00 -5.030071747663982684e+00
-5.628413355503741222e+00 -1.854117129994446334e+00
3.643012956584076534e+00 -9.291300806696961345e+00
2.366225563761855000e+00 -1.064473945151316414e+01
-3.744565707330200777e-01 6.007107421302228190e+00
3.927608307006256183e+00 -2.828539797550502222e-01
4.182986293751206119e+00 -5.097878472432929797e+00
-3.652171286712894371e+00 5.134873974254360540e+00
4.980658016279090106e+00 -7.412960746116088018e+00
7.660558299236895685e+00 -7.428042447295099215e+00
8.590018346375618563e-01 -4.556998139672725046e+00
7.764943459828000272e+00 -5.603239237747174251e+00
6.903876352589643162e+00 -7.439966326923523887e+00
2.870186977782876792e+00 1.961661077750349591e-01
-6.209068705203004690e+00 -6.180487692746886808e+00
-6.044673173237722352e+00 -2.422746323438894400e+00
-2.110013950802344773e+00 3.360265042281459724e+00
1.068059940309546096e+00 -4.400424251411704013e+00
2.385314603054067284e+00 -7.161846161326227644e+00
-2.472943473743466125e+00 6.809411142723457822e+00
-2.051371634523201148e+00 1.226140415478422785e+00
5.774216207602562712e+00 -6.383927642256790769e+00
6.352985620918281562e+00 -2.354830679583354680e+00
7.484140558828682011e+00 -7.784023498117483619e+00
4.468032918696600575e-01 -5.749709477078332576e+00
-1.598243980713378587e+00 4.322350151682566199e+00
5.867574941469243299e+00 -8.435617073277533962e+00
4.928814362483857181e+00 -1.950977206833143685e+00
-3.193996141532571720e+00 -3.860558995550029238e+00
-3.447224955422187875e+00 -3.944055976540420172e+00
5.005538048523765937e+00 -1.066075730499088436e+01
1.663561461067873504e+00 -5.729205194472898555e+00
8.906404352429557747e+00 3.800103958699889706e-01
-2.140454383382115466e+00 6.502320621435741188e+00
-6.179506541062958824e+00 1.042564047397436156e+01
4.752178276381124000e+00 -3.627129601203461728e+00
7.486022695764239288e+00 -6.284975601259205291e+00
7.571605138285136150e+00 -5.809137653324986772e+00
1.620787979344865626e+00 -8.753997060566740984e+00
-5.643664942010410357e+00 8.747944585905592874e+00
6.268267010392849947e+00 -3.913208296381971874e+00
-6.243868256188565447e+00 -1.744189167386833939e+00
-6.666485966377904582e+00 -5.229837951257819029e+00
-4.352355373778853398e+00 5.988627701716003671e+00
-2.965821824343849666e+00 -3.868273217504051953e+00
-2.209069838097635241e+00 -4.965795896167065848e+00
3.218645571138767369e+00 -9.128132938663981122e+00
-4.551276053646960307e+00 7.190332154432624634e+00
6.209510403777418475e+00 1.675823818847796964e+00
5.965058831936159045e+00 1.722028566729934429e+00
-4.065896450772141790e+00 -1.941845647208135794e-01
-3.684310528832211329e+00 -4.397059336143521513e+00
2.392436462360226113e+00 -2.862698588643091124e+00
2.105093041642862151e+00 -7.685579987231252019e+00
-3.762975458295152009e+00 6.118769314487722433e+00
1.072009679447338826e-01 -8.279487286547182023e+00
6.650584244272486067e+00 1.074314240064221382e+00
-6.825869309024588993e+00 9.650732986396070245e+00
3.707724119874228563e+00 9.423383799734355026e-01
1.164799351648556636e-01 -6.516894781530035985e+00
8.135539003115688228e-01 -7.724683375413661679e+00
-1.676958930124160307e+00 3.558118772129422513e+00
-3.149665562201642288e+00 6.168548257828025072e+00
1.099599886991505571e+00 6.853390485524317732e+00
6.423130764760258682e-01 -9.920132747994367506e+00
-1.619842095954472150e+00 -4.791743979569839773e+00
4.475532783110843127e+00 -1.144840487932084372e+00
-1.690061305989834395e+00 -5.166158363998828662e+00
1.295939167736730901e+00 -1.739219770148991095e+00
-7.468841370025083748e+00 -5.195464510305652261e+00
-8.387348467730875612e+00 9.725523802317137978e+00
6.285266323092460361e+00 -7.041524636700849937e-01
5.072046955000958590e+00 -6.645885809811573175e+00
-1.129887359728168894e-01 -3.878202516326354932e+00
-1.239821047996179981e+00 5.829337904085637234e+00
-5.394043221060680793e+00 5.870850514202922810e+00
-9.358573950081894299e-01 -3.652426937264245943e+00
4.721595006296328556e+00 -7.355327169126615772e+00
-2.153268003318715706e-01 7.075004894152334245e+00
-3.013764851908541154e+00 5.258363272957444323e+00
-2.577860632598606649e+00 3.672508105269243650e+00
4.604262497848869096e+00 -1.475797989941318722e-02
-2.826682304681570557e+00 -5.068655265343690708e+00
-4.364878370573803679e+00 3.251175888264136393e+00
-1.500980009104493806e+00 -4.179842387095750844e+00
3.359270507861542576e+00 -5.841557114364917425e+00
5.952879854680251270e+00 -1.536681420980987034e-01
5.305609674518835917e+00 7.540367671805046079e-01
5.425382460498020976e+00 -1.135987836861929612e+00
-7.563734270635630530e+00 -1.609584201565644745e+00
5.510569384615179089e+00 -3.072180328997871968e+00
-4.308967814320379119e+00 -5.436838645293967431e+00
-5.820646616937908746e+00 -1.104118805454259444e+00
3.330082078631648734e+00 -9.008005803015445068e+00
-2.732754968275625806e+00 4.412034932426974088e+00
3.676165844334652988e+00 -4.469891334893903334e+00
-7.686483018609042261e+00 -2.293317427940551489e+00
-8.360073197453049332e+00 1.060055794773527005e+01
-3.157615839132692059e+00 5.901254521012443632e+00
2.435661171834906380e+00 -7.567217974751213383e+00
5.604352779574008903e-01 -3.831580026071382594e+00
-1.336638402718625995e+00 6.930679530203490479e+00
-8.982400260654355151e+00 -5.550316632573017994e-01
3.790269951675291349e-01 -2.402567939122793206e+00
-3.352086856682470639e+00 5.271933128356527831e+00
4.731606305321246708e+00 -4.303982182167474413e+00
1.826711825889093754e+00 -6.730428578505052606e+00
-5.795301739318260204e+00 2.606351614818436246e+00
-3.123335427357896155e+00 2.890109108887556566e+00
-5.530367142318241669e+00 -3.474833794216595440e+00
-3.260304348633243254e+00 -5.030245928073405537e+00
7.937180392807575480e+00 1.265110748292403553e+00
-6.147550629009002954e+00 1.045241725003830169e+01
-8.017088804854669348e+00 -2.419581950231004974e+00
2.009570037014598576e-01 -5.475906359493529330e+00
-6.772952850901281074e+00 1.796558017611072255e+00
-2.005877119204262371e+00 8.311777864351334699e+00
-2.148750500948051645e+00 -3.863040582729857064e+00
2.300241616137791656e+00 -9.671936477056265247e+00
5.522603704555473669e+00 -1.432323651319956870e+00
5.471667277598330159e+00 -5.276639974736525573e+00
8.753878552066829855e+00 -6.654384336335403383e+00
-5.776518355017317141e+00 3.118020888107146948e+00
4.223703953457393467e+00 -7.442118880875510101e+00
5.520822003759751517e+00 -1.338099578620428165e+00
4.707802503099865810e+00 -6.096452409181717158e+00
-3.866096825189586639e-01 3.334206696180272100e+00
-2.310807678919195141e+00 -1.745502966725193339e+00
3.957427443055763661e+00 -9.980555437689423215e+00
6.831631544628526065e+00 -6.893799989125350081e+00
5.477975816010405730e+00 9.689699860263203401e-01
7.717415866130064472e+00 2.756861862298689569e+00
-6.001018818277288780e+00 -3.002855394050802040e+00
-6.666602548130796002e+00 7.732064799820196122e+00
2.938455097741774047e+00 -6.340770864674807328e+00
-5.916490525762338137e+00 -7.570340576427971868e-01
6.091947248853867514e+00 -5.127535124169887659e+00
8.413664960676497939e-01 -4.478220990140652447e+00
7.439839175971920682e+00 -5.544617639944687149e+00
-5.065573718947228521e+00 3.528925775888263949e+00
-1.042916270816374613e+00 -4.624685038971921180e+00
-2.892522027631663217e+00 -2.548970377580014990e+00
4.749768616637989993e+00 -4.658865414635017466e+00
-6.638474361959732839e+00 -5.797282202628522008e+00
5.917246435855902043e+00 -6.544129432259145673e+00
-4.753982447569033098e+00 -6.663793308975006768e-01
4.056182966963344683e+00 -7.429748081848607910e+00
-2.832817769832793431e+00 -6.983968708283437188e+00
-1.270174980358828698e+00 4.381906282086921678e+00
3.552580834691775991e+00 -1.063530186852895554e+01
-2.810914362907605657e+00 5.197987297105161275e+00
-3.057173835761885616e+00 -4.761375576156648748e+00
-5.579747608002914916e+00 7.760424103119924588e+00
5.764119444821718119e-01 4.397046031092672891e+00
-7.190703851086761134e+00 -2.020612075381315265e+00
4.150948938108409259e+00 -6.338803345417660662e-01
-1.115521786732895038e+00 -4.690481762483305062e+00
2.725950428024812577e+00 -9.131473273833501381e+00
1.199355329296953432e+00 -3.408592172542484366e+00
4.247655884269896376e-02 -4.432141682668939708e+00
-7.890629865877084370e+00 1.056604378384108323e+01
-4.030888021494950735e+00 -5.139652803678652404e+00
-7.501859173604739084e+00 -1.352903985410147447e+00
5.302843512874670040e+00 -6.399783017898528215e+00
-6.772913910804938986e+00 7.774779656718588505e+00
-6.706311550995121884e+00 -4.982289752734825328e-01
-2.716920045281293827e+00 -4.623595966836373528e+00
-4.790039436856431188e+00 -4.425063121377492692e+00
4.918449208260343930e+00 1.069330038913841596e-01
7.134891629182371631e+00 -1.232032288404125708e+00
-7.666589960580260765e+00 5.208741503061721012e+00
-3.339123468769113146e+00 8.177618415510920613e+00
-2.578039547156361078e+00 -6.976557620372494384e+00
5.041128192958178822e+00 -5.701017346303602906e+00
3.198735561929242355e-01 -8.618398029673038252e+00
-8.035015208486338878e+00 1.041394115452286506e+01
-7.264453214959806893e+00 -9.583538013391507127e-01
9.867848764200708445e-01 -9.910635354047535373e+00
-2.644728918749121860e+00 -3.913960295798220912e+00
2.903295018927427584e+00 -4.802761828263979460e+00
4.374045495026252617e+00 8.576696715138654170e-02
-5.355563170281468999e+00 2.673568777635555449e+00
-2.493015079370295428e-01 -4.493539028267737656e+00
-1.398698127620559895e+00 -4.413273182900169012e+00
-1.255736927708754003e+00 -4.643652002172189874e+00
5.915485080450408439e+00 -1.160095519907572648e+00
-7.382611314253623824e+00 9.883430485903197393e+00
1.154107873077697910e+00 -9.462499160922902774e+00
7.847274180819086453e+00 -4.323056923770054460e+00
-8.392637135477233556e+00 8.070804295472008505e+00
7.035218761248339669e-01 -3.919884317825669040e+00
5.293627195310470768e+00 -1.146927429872216031e+01
6.923772700846824613e+00 -1.598527248886157714e+00
4.897423730394780961e+00 -3.328730677911309055e+00
-1.306420943139833923e+00 -3.291867366293891983e+00
4.193325798493344969e+00 -1.059238494072238357e+00
2.760021322517290265e+00 -8.934256938734016273e+00
1.686902489609043210e+00 -1.025476875253247933e+01
-6.684084709426507231e+00 1.022187434979162646e+01
-6.448347673950527437e+00 -2.241898906271936553e+00
-1.037550736652319827e+01 -1.263878423142970941e+00
-8.215044509644030768e+00 -5.436098662488229039e+00
5.050523637858852055e+00 -6.370233576524566566e+00
-3.728807309499018174e+00 -5.764895253733879343e+00
-8.483958287962190425e+00 -2.444306094847693345e+00
8.232260184474101905e+00 1.264373919925803058e+00
3.397810327550247589e+00 -9.061139833206821592e+00
-1.781132011828866490e+00 5.694210566353111069e+00
5.573026747102859169e+00 -5.319064949661157726e+00
5.489343253072140882e+00 -6.990401642024167472e+00
-1.604885542525548603e+00 6.228006748313759999e+00
4.777378314146044858e+00 -3.871894320860468142e+00
4.216821599259524156e+00 -5.361739809121373490e+00
1.475504337660133336e+00 -3.899644264545649719e+00
-2.092795546495592518e+00 -2.920823225378064159e+00
-4.657408584406568686e+00 5.538395280779853991e+00
-1.617071327030552563e+00 5.935354468027930430e+00
2.276272733930206460e+00 -1.742055294901179385e+00
-1.471993610684015241e+00 6.190753667118359616e+00
2.466883893872256373e+00 -3.516284487792523450e+00
-2.547371037472355049e+00 -5.160744894469888600e+00
-7.857061904243995976e+00 -1.307129863831082428e+00
2.125131147559087275e+00 -4.559132685445187683e+00
-3.633915191051714455e+00 -5.282424344647933978e+00
1.922280718842719116e+00 -4.459523918864618075e+00
-5.657971550809196337e+00 -2.298211543894831177e+00
-2.299507262849216804e+00 -3.410978545509504745e+00
-8.400425188356919648e+00 9.460943261384812786e+00
4.284406761294410337e+00 -4.234702826804163323e+00
8.596394826838595904e+00 -7.493936347762488737e-01
-4.811543821343665428e+00 -9.769799040692109804e-01
-6.576045548162844590e+00 8.328704676460985112e+00
5.201702697383383978e+00 -5.807770414673376180e+00
-3.279838692241725084e+00 4.477366709239269049e+00
4.024848486429251082e-01 -5.450346156005451803e+00
-6.618026082509159025e+00 3.117214386990358577e+00
5.644481960867426373e+00 -6.341124497715286523e+00
-6.631220404371967803e+00 9.275944358494372821e+00
-3.845963803907769041e+00 -3.279219242244262755e+00
-3.434652891328858537e+00 5.424944239725767225e+00
4.871000790289870430e+00 -4.514821090521587976e+00
6.675892105941535704e+00 -1.374881112751150214e+00
5.026899668327928339e+00 -7.227734392226856652e-01
-1.055254589028360002e+00 6.263360002288858475e+00
3.744206880321558017e+00 -5.137642370029800176e+00
2.436525593909729892e+00 -9.106437254763800837e+00
7.528646306725756077e+00 -5.482757852018746547e+00
2.766028556434910080e+00 -9.114909912849084250e+00
-7.760432675372648248e+00 -3.795885908866861058e+00
-1.737389521777132240e+00 6.410100761390076229e+00
3.989911148095620419e+00 -4.499275749955158332e+00
4.191048677076239848e+00 -3.257653020474302163e+00
-4.949319257709382747e+00 -2.814400544759180001e+00
7.761096911824525435e+00 -6.615329180699814238e+00
-1.915268969236278096e+00 4.168183549929031173e+00
-4.292579571364685265e+00 -4.004843397848444120e+00
8.301606098017542124e+00 -8.782636178057433796e+00
-6.679438558949947868e+00 3.928416867578263805e+00
1.091759227887464601e+00 -3.453725832427330111e+00
5.911837540513656286e+00 -5.333755261624866684e+00
-5.751147467081771048e+00 -1.985743825635095217e+00
-3.559289314889919176e+00 7.810376940247105715e+00
-2.140607024928715685e+00 -3.308433809395392444e+00
1.669059627986028360e+00 -4.600312800367817090e+00
-3.359615095860701395e+00 3.795362419036349966e+00
-2.449903043260516888e+00 5.614861393337387874e+00
4.722203696268336692e+00 2.970699679974928120e+00
3.121000841483506427e+00 -5.750570816887332626e+00
6.675625770405722470e+00 7.005993241717939357e-01
6.371557449010890828e+00 3.511868700104178398e+00
9.839215696109653297e-01 -9.069044416269930409e+00
-1.117251291752450637e+00 -3.181280671156709872e+00
-6.175636336082103384e+00 3.815126379370481935e+00
3.432622444136366191e+00 -9.136178566280079849e+00
-4.324849479881492265e+00 2.896714119045685543e+00
-2.965300904078741251e+00 -5.114000265994082639e+00
5.043115157345165578e+00 -2.830855267602344405e+00
-5.722451053392985543e+00 -4.028088220431539135e+00
-6.468276848564636694e+00 -3.870582538596131883e+00
-4.696908057013126303e+00 7.528692175363596029e+00
7.553208390305427677e+00 -6.157187117378065011e+00
-2.961191153113395647e+00 -4.145045927276779452e+00
1.552102769709969854e-01 -3.744228241848033267e+00
3.558971153567274115e+00 -1.050309860335273981e+01
-3.549961314766259868e+00 -4.350067975603781889e+00
-7.788983291181481583e+00 9.053050205295857467e+00
1.702411511082371209e+00 -3.766845529826133632e+00
3.894726313810322971e+00 -7.025992832767937735e+00
-4.917124589552569702e+00 -1.577335829193427630e+00
1.038892986761393855e-01 -2.756073021897576858e+00
-7.718623988900962019e+00 2.624477276558626393e+00
7.937449259960981607e+00 2.163688404541452837e+00
2.861004710736265277e+00 -7.909224728674832505e+00
-5.122781652475264735e+00 8.447430771117629078e+00
-8.835487085614015967e+00 9.300077973532030029e+00
-6.304461320586705497e+00 -4.601344010985114252e+00
1.323656829713342642e+00 -5.068432014403658314e+00
6.345289767889627619e+00 4.743541613237056698e-01
8.088985600724786451e+00 -4.617845689963617772e+00
7.883333532644123398e-01 -4.355328907887193068e+00
-4.558016761144907392e+00 -3.143507754042755842e+00
-7.539167758959856691e+00 -4.169060450939184648e+00
5.297780972404628308e+00 1.547911115103993263e+00
2.676194904448728096e+00 -8.107985672258118726e+00
5.503248470046216312e+00 -6.236386449730860981e+00
3.973738829979442944e+00 -7.473753143197090054e+00
-7.019659019802078959e+00 6.525233865875592620e-01
-5.024610820038343917e+00 6.655180229774540379e+00
-8.617772990327264182e+00 -4.295190224416384872e+00
-5.690202417876534469e+00 -1.985630321291895761e+00
1.666499557290105571e+00 -7.061156339014289074e+00
4.027834688259646967e+00 -6.941445837929479667e-01
3.305802088006574380e+00 -9.042995139839250740e+00
-2.875289034688897072e+00 5.995551706546323523e+00
2.671878800693873401e+00 -9.272854750220874465e+00
1.883003738309784403e+00 -8.391625853039000660e+00
-5.456264378315887065e+00 -2.581589782969279767e+00
-6.449087893179418884e+00 3.969972039434797928e+00
4.759873750570355000e+00 1.370415213885001426e+00
8.062302469025008911e-01 -3.328235505206686096e+00
-1.824483862628393904e+00 -3.604174641211063346e+00
-1.476850344877948640e+00 8.047456455035508327e+00
4.285703001624590058e+00 -3.873973813352597162e+00
5.514466461822272514e+00 2.648460090385654553e+00
5.019773819752736621e+00 -5.644805967562868787e+00
-5.521783769450271606e+00 -3.670179718796291457e-01
8.342402899711693465e+00 -5.880302566017292065e+00
1.679909419697853679e-01 -9.709576537314699607e+00
-2.370800623042230715e+00 -5.798423816625443372e+00
-6.133541538520448810e+00 -3.456909360702916878e+00
3.018527630316561350e+00 -7.375786711878207669e+00
-7.868637248085822655e+00 -1.763656222994146372e+00
-9.014137208969629000e+00 -2.144722519548097672e+00
-3.468526206320354799e+00 6.618261467166717260e+00
-6.387196494906646649e+00 8.829332990713304241e+00
-3.751574225554516140e+00 -6.933452880950230934e+00
-4.811210028693736263e+00 -6.235565137367242272e+00
-4.062775499881554175e+00 -4.736184603232616475e+00
-6.954445583214923232e+00 -9.048156947339841549e-01
-1.278734180365833861e+00 -4.384651361980932194e+00
9.080626010124652758e-01 -7.933316510779645725e+00
-5.129206439658992700e+00 -6.729916979569933844e+00
-8.374551675658322480e+00 9.960766041429371498e+00
7.228704170601374379e+00 3.351412272392602532e+00
-5.960021787781444758e+00 -6.576417650301407125e-01
1.455856619898224791e+00 -9.547262994467814679e+00
7.446383491110776909e+00 3.197884031686750728e-01
-2.087140612585998145e+00 -3.919151284017782011e+00
2.758068076617022690e+00 -4.366939202331697523e+00
1.211728308192225878e-01 -9.183435464448290730e+00
6.227278498248920435e+00 5.351974976515408988e-01
-2.140425290493009225e+00 -5.593224695637307953e+00
-2.559183329437068721e+00 4.986843606883576641e+00
6.497324230750631813e+00 4.050203712388452004e+00
2.966848035163975883e+00 -1.165580317916794328e+01
1.622335737057680305e+00 -7.969912466490134406e+00
5.845930958241293496e+00 -8.819084018482781673e+00
2.369810917813630624e-02 -2.800420961789717555e+00
-7.610015768221969346e-01 7.451278028383771179e+00
5.735446184217927623e+00 2.582224893800892040e+00
1.636200648919428291e+00 -9.108936914173254351e+00
-8.608355283458653417e+00 9.218052268706776076e+00
6.232829344241552327e+00 -5.907299966893072352e+00
4.898119977923851565e+00 -6.423248952389186250e+00
-3.161270713278026001e+00 5.311924209386950757e+00
-6.866586071730752749e+00 -5.272172417529862543e+00
1.415469610088777586e+00 -8.742288321199971790e+00
-6.533964014170655865e+00 9.387482553132446839e+00
7.357364734363981640e+00 -7.029628284740300437e+00
7.458719226439918248e-01 -9.552441871177197896e+00
-1.502340074724730190e+00 -3.502817734794276383e+00
4.466841557835611098e+00 -8.718398771926999302e+00
5.094008180420770415e+00 2.931734967829398020e-01
-4.308737732877181426e-01 -2.395014704523287019e+00
5.591023823203315146e+00 -4.277456051034678630e+00
6.983168124489713691e-01 6.436290364944309950e+00
-6.689595974054083349e+00 9.756644425371632678e+00
5.793422911040342349e+00 4.225322522950725190e-01
-5.234586944912799744e+00 6.149157033343001899e+00
-3.430010504698534746e+00 3.899724138558723574e+00
1.999644228140198265e+00 -8.876469239116518750e+00
4.683846198671045791e+00 -1.656906889423896523e+00
8.326671469550582572e+00 -4.966409539234398096e+00
-2.654300244821683030e+00 4.132905994688430340e+00
4.788501025143293788e+00 -4.434072581987082984e+00
8.654647301682318883e-01 -4.790463273773401198e+00
-4.597997361681512629e+00 -6.674022176224609026e+00
-4.039370542369759676e+00 -3.712898198277449602e+00
-7.240950800241898300e+00 9.936255193819194531e+00
-3.689554610224646147e+00 3.887151655870732636e+00
-7.112471357214369405e+00 -4.315671871167001683e-01
2.188018609102148737e+00 -1.053194799656332847e+01
7.144392676429460742e-01 -4.042189298473639170e+00
8.157215377259689149e+00 6.506899429809431812e-01
-3.636084332578524592e+00 7.110158903168765754e+00
4.107940732276475160e+00 -1.052149701753067212e+00
4.538465714693983521e+00 -3.695788669588406794e-02
-1.761211014485937199e+00 -5.644747943801765366e+00
-1.864735690840821913e+00 -3.592328473461085636e+00
-8.125009504274391503e+00 -2.682656305580203515e+00
7.006215645628220301e+00 2.423920782213004443e+00
-9.720847564962076248e-01 5.639338752077105887e+00
3.267098686665121487e+00 -8.497449532722026078e+00
5.009112566108997910e+00 -3.607886500800347451e-01
2.110427833409483256e+00 -9.412904915187500166e+00
7.227429941796597035e+00 -7.809218736074925005e+00
-1.278037345739987840e+00 -4.764471180032575859e+00
-1.481928428082834870e+00 7.145678959337501190e+00
2.645240794903476633e+00 -4.208566030970086302e+00
7.410622674144005106e-01 -3.006763148624596038e+00
-5.414893120550264172e+00 -5.902647859189294799e+00
5.411760871229740033e+00 -9.317027078920302685e+00
-4.354794594428595289e+00 4.061425574983452691e+00
-4.287448234154719984e+00 3.891157456939516646e+00
-3.209819325339668961e+00 -2.918896239792713843e+00
4.477783700371774422e+00 -4.811735547215431730e+00
5.199112017940461961e+00 -1.244136464361864092e-01
-1.497839367505395369e+00 -3.352525808467386348e+00
-7.882532933531125607e+00 8.094605979773056958e+00
6.849431837891016173e+00 -5.657936330027439453e+00
7.842512942408902399e-02 -4.417495368385806920e+00
6.911588619406909828e+00 -9.792609924666435539e-01
-4.907320850051469563e+00 -4.234834017034985187e+00
2.956621514844806065e+00 -8.644876580778445785e+00
4.917352701952648175e+00 -1.037328531639067819e+01
-7.580295555538290486e+00 -2.037259490213878976e+00
3.743008780267973457e+00 -8.208165316798636368e+00
-4.143626987014059626e-01 -4.966872894966446239e+00
-2.056081954875546458e+00 5.684296672228190239e+00
4.825847065240023603e+00 -4.497764487044966231e+00
4.775913405374759613e+00 2.520187892512420369e+00
-5.262238396184693023e+00 4.468188641917015147e+00
-7.359466283427444910e-01 3.233030995320308243e+00
5.897005542545314505e+00 -5.285756907115325198e+00
-4.019919449313056781e+00 8.092202000285098507e+00
-2.792429498181137948e+00 -4.171762429395869276e+00
1.249637402157498745e+00 -6.715075747275388807e+00
5.009653339995162824e+00 -1.512756335141876018e+00
5.353981409989231111e+00 -8.546841237358220766e+00
-7.736510870746595714e+00 -1.629918527837248998e+00
1.340637168726360962e+00 -7.176204171919154717e+00
6.638512524892027145e+00 -3.143055008518979232e+00
-7.911960562955811405e+00 4.318156185712020978e-01
-2.028321298642497439e+00 -4.569055501206094938e+00
-4.808291565998705330e+00 -4.566489064784803986e+00
-1.174240201968022923e+00 5.342065065066845087e+00
9.207734916585110341e+00 1.208304570921101329e+00
6.610465358842941619e+00 -1.114583702327871073e+00
-7.926173628102876734e+00 -4.712408094456519869e+00
7.226114845879497040e+00 -5.712130417994253584e+00
4.776255562535434152e+00 -6.349993045342967157e+00
-2.409140119902961175e+00 4.360051136064871713e+00
-6.272694742926389289e+00 -6.264381999433012993e+00
-5.339736956838047277e+00 3.982757378811547788e+00
6.211063563088578654e+00 -6.138920720029479305e+00
7.332971667252424774e-02 -3.002578235866170786e+00
5.944052199660267988e+00 -5.004878425741330794e+00
-4.413103173213496433e+00 4.146686484397009487e+00
7.011867190424332819e+00 9.552154467296249951e-01
5.414414000154073925e+00 -6.309204890518798514e+00
3.753004872374705592e+00 -1.044428005751053767e+01
5.444725232992844610e+00 -9.049018189582125338e-02
-6.240132209119318318e+00 9.750434475559712766e+00
3.012460384844115158e+00 -8.633291675599343407e+00
-6.173675642788676754e+00 4.390864530790651088e+00
-4.725099119680648663e+00 7.291804397104908020e+00
5.791282237957802614e+00 -5.265691837421272226e+00
-4.252471160484865287e+00 6.728795312069472345e+00
-2.717655711457070300e+00 -2.402689110386190485e+00
3.721823981988280128e+00 -5.810183308961597071e+00
-4.804300134979113679e+00 -3.504603353040385283e+00
5.076072525443521499e+00 -5.111151571397180682e+00
-3.426174148839610467e+00 3.710548709450108618e+00
-4.383402209841998243e+00 6.065668726181559833e+00
5.175947106412055021e+00 -7.393217853805423623e+00
-1.474291234209293311e+00 3.867476747182919450e+00
-6.754077376495768448e-01 -2.797603803743354156e+00
-7.052764604848499097e+00 -2.406423688888801315e+00
6.687883343627978761e+00 5.439714038427119203e-01
-2.394066914463447660e+00 -2.859770065724280830e+00
6.603644578582657410e+00 -6.591749008581064828e+00
8.136886562349102903e+00 -6.887881700510336103e+00
6.649683514392461525e+00 -1.039396395267865980e+00
4.207861212993064370e+00 -1.880965970939047827e+00
-7.142663214961552320e+00 1.651529841631334428e+00
5.473165451263829695e+00 -6.299215086173545863e+00
-7.022782545579479674e+00 3.363743611226402752e+00
7.670196635143623709e+00 -6.190580894540465451e+00
-5.565965159870194690e+00 4.241587017514488522e+00
3.755582872254326077e-01 4.350473012785378124e+00
2.578384740114590734e+00 -8.341374608450351502e+00
5.818146606199920967e+00 -5.651015507059746312e+00
1.548314893553016103e-01 -3.726644936619926352e+00
-5.548762458357495930e+00 -6.865624340027541628e+00
-5.113550369374782356e+00 4.123546379146745267e+00
-3.750587089025835930e+00 -5.406299457812487219e+00
9.061513884461838586e+00 2.129335576913084616e+00
3.318607373965839269e+00 -9.684612075293726363e+00
6.263696978709667462e+00 -2.847492380523463651e-01
-3.211999977583800181e+00 5.081116207121183059e+00
-7.844155423651432812e+00 -3.651692783115366936e+00
-6.867159217655006920e+00 1.034424839737338786e+01
-6.640133329983259891e+00 -2.689174176848745823e+00
3.826917375211166927e+00 -4.666502886154078489e+00
2.041959755527364972e-01 -7.567031495858818069e+00
-3.808600946193381187e+00 -1.298794454295328915e+00
6.661607500954056071e+00 -8.459933741412171138e-01
-6.790211246263642586e+00 8.838890975702124564e+00
-4.677895977345585266e+00 4.185586569593541917e+00
5.920479022944155290e+00 -9.210680525354263182e+00
-8.378286981835900704e+00 9.926099836564574730e+00
6.217831817969816655e+00 -4.640859277844455733e+00
-5.912580157145093551e+00 -3.459316043065599811e+00
-2.244624146397607767e+00 3.990939192939984004e+00
-3.400610426155841193e+00 -4.971903832563659975e+00
6.411044122337610673e+00 -3.670745721037611542e-01
1.387989481789455137e+00 -8.897398399355086696e+00
8.403471275959428777e-01 -3.227138579457682788e+00
3.719184779844264099e+00 -8.729109493834505074e+00
5.499818901646236213e-02 -5.529977991276386895e+00
5.997216089995665023e+00 -6.778473753962510617e-02
2.002322214412378010e+00 -8.479757019813083829e+00
-8.154733498727663843e+00 -3.036431288013574203e+00
-4.152396839225231950e+00 4.393141294147701714e+00
9.068317326913213350e+00 2.893230762163607750e+00
-3.149221671393298116e+00 -3.643425097667480461e+00
-4.034875801728936118e+00 6.078541189547307155e+00
-7.305178023942058729e+00 9.785457810128777467e+00
2.922823036239727390e+00 -6.535646233976775576e+00
3.408058021784868163e+00 -9.232367901104550967e+00
7.166191843841490439e+00 -7.505264765951200623e+00
5.661878998684200859e+00 -5.945657044136696712e+00
5.473284754842513422e-01 -9.590468998641604514e+00
-2.366917716430704477e+00 -3.836140881505239353e+00
-5.980457415444799807e-01 -3.542595718657721271e+00
-6.738158178922893704e+00 8.676515204557595951e+00
-3.433024204341284413e+00 4.697758375032075051e+00
6.027307771849751639e+00 -1.363588288374518953e+00
6.033088461284268789e+00 6.571785230196139915e-01
-2.088496598791306003e+00 -2.985950016414294694e+00
4.861445494380605581e+00 3.580167421442615350e+00
6.456444161134013981e+00 -7.052894542382532883e+00
-3.573727435619454162e+00 7.053739858386382622e+00
-8.233117260200900844e+00 9.265832519024813863e+00
-2.076253613074209525e+00 -4.483554603433343999e+00
4.093913578739958758e+00 -6.595996817916661037e+00
-7.466529802417518624e+00 -2.292693823082838200e+00
-3.469635837705562942e+00 4.949896430858304441e+00
1.904253289785452719e+00 -8.290904032944046875e+00
7.452194040685008680e+00 -7.015572398502020413e+00
-7.498635464118490468e+00 -2.554127442253692593e+00
-3.332973270898466289e+00 2.224465266434517918e+00
2.813905123449034207e+00 -5.358346422216108351e+00
-1.853978396558232156e+00 -3.678613631262606987e+00
6.258624209687472018e+00 2.673808154892927114e+00
-2.070640195975446129e+00 2.187613768739846254e+00
-1.324451812371394421e+00 4.233275758275267364e+00
-5.369796362322987626e+00 -5.312833075084926193e+00
6.947086842937109985e+00 -7.293564287546601577e+00
3.758769811000107097e+00 -8.022215193911192088e+00
-2.575515008866164024e+00 3.929195412158134282e+00
-5.045035172836682236e+00 -4.637029233919349736e+00
-4.162351551457235566e+00 5.706679853845259665e+00
-1.252416476562610015e+00 -4.557101260740933135e+00
-3.726836637787139139e+00 -3.958683993681439528e+00
4.195595786645833769e+00 -8.066306139383112139e+00
4.798016163854507354e+00 -6.830230560862476707e+00
-3.361032223569999200e+00 4.907204649611350611e+00
-1.533813874370088648e+00 -1.727471096307908294e+00
6.342414492679116833e+00 1.407219634613621873e+00
-5.543394223988041603e+00 3.002624683280572526e+00
-5.689290996539360101e+00 -3.105955494587398391e+00
-1.967825996975333336e+00 6.181129890719998521e+00
1.518148799031515117e-01 -5.735170566528237757e+00
-2.366901699098526990e+00 6.091715674791085000e+00
3.351189657350746032e+00 -9.735795094108420145e+00
-5.008281691908977429e+00 1.627164329584672497e+00
-6.050509320380642819e+00 5.218963920851392047e+00
-4.920361150347531520e+00 -3.319927748978223736e+00
3.041729447377376161e+00 -9.350610186352991349e+00
-1.831311927988888089e+00 4.397886715242449895e+00
-3.692762062897346098e+00 -5.286166973070478114e+00
-2.080498578627724804e+00 4.781589851006733838e+00
5.897692724514794982e+00 -3.942838985600384483e+00
-7.537750254438324582e+00 -1.447733763437983434e+00
-3.204480426468856002e+00 -7.032787755650341310e+00
-7.507680327469067549e+00 4.654748652140908938e+00
8.933190286148107617e+00 -5.788958523133850065e+00
6.821329425698002602e+00 -5.916675591973940662e+00
-3.824754467296297200e+00 6.879434241748302981e+00
6.868634868407466065e+00 1.449718788230647037e+00
7.033999546702081496e+00 3.476827190070661988e+00
-5.948790760599880656e+00 8.543695960775169240e+00
-9.670254736763426173e-01 -5.160034536208386591e+00
-2.101293424501452733e+00 -6.557490097752648239e+00
-2.097643928568606597e+00 -3.724985740180764893e+00
-9.849693364576281862e-01 -5.373241319753651268e+00
4.069144716627834057e+00 -6.564660128436819342e+00
-5.511270017179309200e+00 5.010649567697270435e+00
-5.994898189874954042e+00 -4.193929962612345186e+00
-8.359553860130482406e+00 8.166768525150605029e+00
4.513352111102407527e+00 -4.431998297803389164e+00
-1.654113656155125067e+00 6.771438693198078340e+00
1.224236804904805798e-01 -6.162059025102900378e+00
-7.805198911446299403e-01 4.218239064587509191e+00
-7.185420477955507756e+00 -5.765927936397304165e+00
2.719213765853099041e+00 -8.471803371216628520e+00
8.772956287461076696e-01 -3.711121306578274215e+00
-7.556811037195092062e+00 1.021080086508444573e+01
-4.114681685643845732e+00 -5.524092925013558641e+00
-6.885819430991441337e+00 4.166143019043144768e+00
5.005214239855956926e+00 -1.038186487684596848e+01
-4.715121143864868358e+00 -3.247627265642539562e+00
1.673805473566942759e-01 4.871383581910851746e+00
-2.167959170594783824e+00 -3.863360287808915050e+00
-6.695989834747489766e+00 -2.164426760075955691e+00
-2.685686896509028365e+00 6.159756717858138941e+00
-3.284034453462040926e+00 5.315351248908227078e+00
-7.391844956386352194e+00 -1.061729463170925314e+00
-4.840979617409693958e+00 2.011164279553936840e+00
-6.673872327000607285e+00 -3.855976921271299318e+00
-2.744131833003228049e+00 5.928747925062962665e+00
3.712856954281031907e+00 -1.157401893833770501e+01
4.995820511610508663e-01 -2.159409828372388596e+00
-2.857730148830555983e+00 5.350669669785585114e+00
-9.069811841353569548e+00 -3.683988394235861552e+00
6.856030449585696296e+00 -2.242063714694142451e-01
-3.076523460856000813e+00 5.740113868045380485e+00
-2.235616561739253605e+00 -5.425211615040195667e+00
-6.616767292969361058e+00 -2.122945312171869769e+00
-4.493343941507523809e-01 -4.156706978034402589e+00
-7.809465023795212346e+00 8.108292436720454077e+00
-3.542735911351572398e+00 -7.158035933139291984e+00
3.977638204066784589e+00 -9.087223152945679061e+00
4.047280306235981229e+00 -2.953362103375838821e+00
5.615260521716335163e+00 -5.772251261710638737e+00
-4.550273821936654528e+00 -5.049925591728138485e+00
-1.983717934460846211e+00 5.330826449985247351e+00
-6.671865801940011664e+00 -1.380285761262605826e+00
6.739501203584846722e-01 -2.951266734128463298e+00
9.045941547294145124e-01 4.729485927657946398e+00
-2.294234910531053551e+00 -3.712896014303385783e+00
4.795134368883668508e+00 -9.082388172793292469e+00
-6.688889108070256384e+00 -6.278075739266743227e+00
-3.665969889439466556e+00 -3.310573099782331496e+00
-3.805570683811692057e-01 6.202935226250160028e+00
-6.318800589899629117e+00 -5.316907987689814874e+00
6.231605055016890660e+00 -5.409628479910792542e+00
-3.482300130743404942e+00 -6.378190644665848730e+00
5.324711356788037975e+00 -9.075050900872574378e-01
3.053708680858419733e+00 -1.024232934675236173e+01
-7.708551860047876403e+00 -2.403014483422857950e+00
6.073256541403253550e+00 9.009453769503134035e-01
-6.273797568549992931e+00 -6.092385829406136821e+00
-5.269529565087743173e+00 -2.616341870940932068e+00
-3.171506995960569952e+00 -4.171117757803921577e+00
-7.543625194084502716e+00 9.130589672428472525e+00
3.806882141821203103e+00 -5.300858145766614626e+00
-8.142602648804107446e+00 -5.711941796650711112e+00
-1.356109595606591833e+00 -3.709949150056988110e+00
-1.850860489393968411e+00 -5.024865774367551552e+00
3.191877708059885688e+00 -7.904453829829392042e-01
-5.137324003420079777e+00 2.606373960206934903e+00
4.784373102336319405e+00 -1.799993190319020053e+00
5.543483517030562524e+00 1.491348065927601052e+00
3.748581353303816144e+00 -2.977138097741643397e-01
5.823528429237470938e+00 -5.987211434204908755e+00
-5.535454086555693820e+00 -1.582140192758604513e+00
-4.838990454121049112e+00 1.245095874235344180e+00
-2.464930722319434331e+00 -3.887777657342739612e+00
-7.669874442178385543e+00 9.880925999192221809e+00
-6.208213906433193152e+00 2.790726011053974442e-01
3.062662703552292420e+00 -7.565386768127111417e+00
3.690738105581423234e+00 -9.133568038011290469e-01
3.914489120799061084e+00 -9.212364198622271516e+00
-5.850089258557019889e+00 2.124772295653989396e+00
-2.621119500636492905e-01 3.152103208362394327e+00
-6.939926843352619557e+00 -1.726645894254138724e+00
5.929430541261639931e+00 -4.864017049718489361e+00
3.504496895977680548e+00 -8.919547070540057021e+00
5.239381447202471342e+00 -6.154348009294914323e-01
-6.560663946572216965e+00 -2.465876789593255403e+00
-1.427849033981456239e+00 -3.793066486057810938e+00
-1.517012518836291957e+00 -5.363269872586424292e+00
7.031125046971905768e+00 2.195380058056954908e+00
-5.172044804903134896e+00 5.836137358387691876e+00
-2.198218792381232412e+00 -3.281027836499978534e+00
3.596832138175827254e+00 2.491646486662576487e-01
3.241856991700217350e+00 -1.148177136538530618e+01
3.656264504129964621e+00 -1.819016516202611733e-01
-7.378630056928201064e+00 -4.042362694208502027e+00
-1.116836370216303331e+00 -4.653097451563795062e+00
1.182546303932670906e+00 -4.135029898684392080e+00
-2.130320708106903993e+00 -3.981364510161517156e+00
4.092892617016276269e+00 -4.677936653460419869e+00
-5.858675154713870903e+00 6.786229833818072876e+00
-4.171347022728127740e+00 5.091269648648116153e+00
1.637700844494347940e+00 -7.339321738975843168e+00
-5.642656452715419491e+00 -2.147941910918049757e+00
3.138199704130482992e+00 -4.692937065510781380e+00
4.625725896185978847e+00 -9.128204257073090133e+00
-6.698912060208948915e+00 1.003766962928372131e+01
4.916306820366376229e+00 -4.989869289786190265e+00
-3.770667024642797571e-01 -2.648833633840851132e+00
5.096988639111641461e+00 -8.346575198939852669e+00
-4.077198332182534024e+00 -5.684406008058203064e+00
1.240926552167498365e-02 -3.984174806845270922e+00
5.383027110504010615e+00 -7.126498876590416032e+00
-3.559803692327726754e+00 4.605427095070317556e+00
-4.747430281840907540e+00 -4.384470306522167959e+00
8.755204084369305306e+00 -4.884171069731413795e+00
-8.352520128436159652e+00 9.766415807167541985e+00
-6.267058389996471135e+00 6.856875449403064593e+00
-1.466047957578735517e+00 -4.926656535709194706e+00
-5.606404989199238464e-01 4.377624668570684108e+00
-8.861832063828765982e+00 -5.139740595183097227e+00
3.922975695453179146e+00 -2.163218168756683712e-01
-3.794982764576634970e+00 7.546300696471117675e+00
2.633429317151569471e+00 -3.708825895480020396e+00
8.209994235330009715e+00 -4.717313518749227441e+00
1.754040622948133121e+00 -3.313323490827543960e+00
-2.538673292707589457e+00 -4.997516201513444223e+00
-6.468538562742954134e+00 -5.625153478136794227e+00
-7.313803033781027807e+00 -4.925189158410230306e+00
5.188360294902593317e+00 1.966702247593374864e-01
-4.279222273041206392e+00 2.055497911357704766e+00
-2.232656724978214768e-01 -7.583631584300344564e+00
1.434254515697759524e+00 -6.335661249450122767e+00
-9.090932229513624563e+00 9.099621589161502655e+00
-2.113996245287429687e+00 6.665837168075195329e+00
-3.352074732947226021e+00 7.839198424752019001e+00
-8.350210558627193080e+00 -2.840805420302564777e+00
-7.918824948799878527e-01 -8.674512294558548220e+00
6.741281867515043658e+00 -4.051995458732721822e+00
-7.398438846133610802e+00 -3.435037501023663786e+00
5.757418944448342124e+00 -5.922509516831772736e+00
4.279672324834449704e+00 -5.661951370457721566e+00
6.278567681235840414e-01 -8.225193046765896909e+00
5.117413690050638841e+00 -7.424871566547809998e+00
7.076562650492068229e+00 9.543832772493167083e-01
6.715180860327679468e+00 1.378355653108767509e+00
7.013572624221828811e+00 -8.029341595927368402e+00
2.907406149286535957e+00 -8.064803558784063853e+00
-5.710824426493601891e+00 -4.570986823169421953e+00
5.505496498385408444e+00 -7.610123910376271006e+00
-5.304572018468174832e+00 8.173187233356774328e+00
-7.641241461256469414e+00 -6.158404986262192793e+00
4.493990216280884908e+00 4.840963263174107301e-01
7.344501985094634477e+00 1.634636760738289007e+00
-1.539774973936986591e+00 4.540597728296187796e+00
-5.718512427091866357e+00 6.194624535070742510e+00
1.409133285994888851e+00 -4.522517619861587512e+00
-6.167385604991733494e+00 4.508061118601465189e+00
-8.221716961070868024e+00 1.057391187041327107e+01
2.102589682211016164e+00 -4.275460190781475767e+00
-2.952045712483375439e+00 6.696132068738972265e+00
-5.877451546532936000e+00 -2.894472691484149873e+00
-4.460140894196647388e+00 6.791547404627420903e+00
4.293999764254128326e-01 -8.033420476219644613e+00
-9.712139719581625030e-01 -5.257042442395294835e+00
1.284886398759861992e+00 -8.179624120323614633e+00
5.228689762108065686e+00 2.126474495670600540e+00
4.002580287775391987e+00 -1.061420234070765822e+01
-7.846560455461338179e+00 -1.335429298114232610e+00
2.385998287678296137e+00 -2.959841681276081715e+00
5.201300396418698568e+00 1.745697595974190941e+00
-5.194368187465140174e+00 3.933570653966362851e+00
3.781500080952056031e+00 -1.075304927530669552e+01
2.801229404090047392e+00 -8.873556859923711571e+00
-6.994948957742971984e+00 4.618142551364403658e+00
-1.188689795999546828e+00 5.593159679013115948e+00
4.031783516121604904e+00 -1.079826269447980991e+01
7.608892808782643513e-01 -8.850253249027844049e+00
7.148509763594965705e+00 8.874933396460706891e-01
-6.556865405453620177e-01 5.131531279776370802e+00
-6.045354821614517427e+00 -1.015498254650690768e-01
-2.292945960838276953e+00 -3.582580013730257473e+00
-4.567681674239475242e+00 3.008813583888721332e+00
2.123605636754414827e-01 -3.246110187659106749e+00
-3.664805862311962592e+00 7.226124545225325768e+00
-3.584332098827543334e+00 -4.913266660887654069e+00
-1.163710117296284041e+00 -4.534626473243601907e+00
-3.506500188088460757e+00 -3.568342171840045651e+00
3.915796089636668365e-01 -3.843421865233748402e+00
4.154897702418717031e+00 -4.168429545650353063e+00
3.294530115038084794e+00 -9.006796866911351174e+00
-2.567550838486601261e+00 -5.231101764583679703e+00
-4.902052863093458335e+00 -3.643417370184277804e+00
-5.008698912961214944e+00 -4.724787130352800624e+00
-5.027658140020703215e+00 3.680947605278495516e+00
-3.993400135849863197e+00 -4.751548683815283169e+00
-1.770392174744092939e+00 5.864657884167766788e+00
5.195206310864891819e+00 -1.050056503680801256e+01
-6.637789241356002456e+00 -1.721915731036075314e+00
3.160318002888367950e+00 -3.993929991851868699e+00
-1.275129484770454180e+00 7.331038650138812507e+00
-6.033119550318949642e+00 -4.389337721657796898e+00
-6.547165369394868151e+00 8.416720208339084408e+00
2.504124938456091520e+00 -6.160660536663838727e+00
-4.869897780736846649e+00 3.008467602581241795e+00
4.764509372556661404e+00 1.280621965609408663e+00
-6.365738714516925967e+00 3.503347269689222276e+00
4.408328577008625793e+00 -1.022830055297102625e+01
2.631322710726984759e+00 -1.143485806363420032e+01
-3.155832064123279768e+00 2.714103827793904689e+00
-7.177665504764638271e+00 3.115163794600793512e+00
-1.507024830105168078e+00 8.130741927040402217e+00
6.714345997643688335e+00 -3.732834030785091795e+00
5.256894730837998964e+00 -9.501409014216508631e-01
2.833633616250922582e+00 -3.948057997801285524e+00
4.773113287873250066e+00 -5.104486162801629590e+00
5.414853179777437298e+00 7.359135049032259346e-01
4.642528013904988704e+00 4.446946209315608911e+00
7.397192930872481753e+00 -3.403274870215895476e-01
1.723282665340699404e+00 -9.161663147711154309e+00
4.955735872432642353e+00 -1.076417545578917112e+00
3.452274557929506660e+00 -8.987853959236677071e+00
-5.172869151185992997e+00 -4.381138569321448628e+00
-5.081204284053220555e+00 5.380220655108296057e+00
-5.653684746384729287e+00 -3.690382307934584549e+00
-6.143302086965286790e+00 2.887918835305612220e+00
2.873845044951965910e+00 -7.772129500651938194e+00
-2.578933634764950522e+00 -3.420217331650075465e+00
2.055995815317604336e+00 -3.682693697520469378e+00
-6.050465186542862916e+00 -1.691607384983167206e+00
1.418105671375727184e+00 -4.295844065763798625e+00
-2.425205145685009889e-01 -5.654630912308279633e+00
-5.691279722370057748e+00 5.165890246314043921e+00
1.101252921266858475e+00 -4.401145625718879906e+00
7.707066700203513143e-01 -8.921560392448657950e+00
1.701296156069481702e+00 -8.970463744880651902e+00
-6.806046541737162059e+00 8.910985446096288953e+00
-3.693243544119982680e+00 -4.272276151553729306e+00
-1.092487717148011406e+00 2.981825845304198808e+00
2.614509992758592416e-01 -5.428371454563826859e+00
-4.811068471636665400e+00 3.229692645158289022e+00
-1.343132345390448235e+00 -2.466591880293236283e+00
-3.724550283550514429e+00 9.749387421646609653e+00
-7.098568452579024246e+00 8.869645493265831959e+00
-3.933416009910280842e+00 7.559453861219957105e+00
-4.713784385016983158e+00 -1.089044488572040947e+00
-3.800893765803723845e+00 5.543704906628474482e+00
2.365621242523872070e-01 -3.203218574692327181e+00
-2.523191165033752625e+00 -4.369497632382514318e+00
-5.582070316383674680e+00 9.185100555621842133e+00
-4.346239675822539894e+00 6.418152630122076374e+00
4.692356913655350681e+00 -5.907430432071561377e+00
-7.463743155258886652e+00 3.083932964245241770e-01
-3.123916276198306807e+00 5.628661249339495853e+00
-6.351292939571683505e+00 8.644635777364976903e+00
5.287125015528262750e+00 2.901716671967252914e+00
-1.028429022622071365e+01 1.274188358122003706e-01
6.951652257349336672e-01 -4.084213767629074177e+00
-6.612641577353257638e+00 -3.301571122526563595e+00
5.787623469912166030e+00 -2.152582149946107304e-01
2.011926870590364125e+00 -7.492199428808262951e+00
-6.675986023311919482e+00 -6.932137548479849753e-01
3.047968821955883367e+00 -9.442723938453276844e+00
-2.694208195518094762e+00 -4.125294461509670718e+00
-2.937699293120069832e+00 -5.374979757559781746e+00
-6.968533443330156452e+00 3.889267595728899352e+00
-3.867320691687540446e+00 6.520313860530707828e+00
1.796442299376848073e+00 -9.016474467633814882e+00
7.203952170502447849e-01 6.306625457243294264e+00
-2.506385081116368596e+00 8.096876699423891210e+00
4.472490322665172435e+00 -9.930493889970588572e-01
6.375509675507600171e+00 1.229295063170820601e+00
-5.705317618292895521e-01 2.188011862707949895e+00
-3.143374455058244532e+00 -5.896604281763671906e+00
5.069117305968632081e+00 -1.211013262000884616e+01
-9.156597065163607496e-01 4.249916502745949565e+00
-7.172730199007551377e+00 -2.900498540832583849e+00
6.115215182400923766e+00 1.224234486489735874e+00
6.155789450392050277e+00 -4.433179605904776110e+00
-6.059978753390023343e+00 4.950705798264746882e+00
4.683285939820379440e+00 -4.950068600567879784e+00
8.429621388385129421e+00 4.396303051036812848e-01
-5.119541439641126068e+00 -4.392137697724597167e+00
-3.786934890732544634e+00 -5.017821502766079078e+00
-2.643443351995654389e+00 -3.669378344724682606e+00
-5.314985271284617951e+00 -2.547598203792111882e+00
-1.458366423134192402e+00 5.287750461902362531e+00
-3.592437966999795229e+00 3.033701817448583249e+00
-5.260075012453503618e+00 -3.272232938392302337e+00
4.391477626014819613e+00 -4.007841321625597253e+00
-5.167615305404984483e+00 6.115909359232433395e+00
5.717871745770917613e+00 -2.586673007882780428e-01
-1.136370077330582262e+00 -6.695644045725485327e+00
-9.148019361084311907e-01 -4.569998965661665302e+00
5.582560420852701100e+00 -1.609247381129214949e+00
5.666265020261123553e+00 1.512435957645789752e+00
-6.407385438842027270e+00 9.416341998451279949e+00
7.032267303257958346e+00 -5.823738043734232761e+00
8.293391450772768181e+00 -5.785898596686315898e+00
-2.136972388052319261e+00 -6.866377431233759765e+00
7.438099937733182010e+00 -1.148258348885131230e+00
4.918340088519394193e+00 -1.278254630021580240e-02
3.895656587572441598e+00 -9.171678541640352122e+00
-5.854783030077890693e+00 3.928052197140240676e+00
-5.838218590106684758e+00 5.032831944026145976e+00
7.127918173533659640e+00 -5.360893311698879948e-01
8.761882725400534255e+00 -4.719392294577270164e+00
8.165847174864154567e+00 8.829189404472281844e-02
1.707404628933011814e+00 -6.627863735643748200e+00
3.334927325798958897e+00 -7.482134842952715914e+00
-9.615754725885161669e-03 -3.280198371621211528e+00
-8.521485506671325538e+00 8.934763725901692766e+00
-2.901373206083601275e+00 -5.555708456407950635e+00
-3.000349180793723924e+00 5.922574723175477729e+00
5.002553368433098058e+00 -9.463812913863879572e+00
4.057603632795656168e+00 -3.037702525687878463e+00
-7.945236673248072812e+00 8.246268844894166783e-01
-5.069274694857519137e+00 5.174114754653452053e+00
-3.425503333615558699e+00 5.825765334861911171e+00
7.398751432153599872e+00 -9.002727259457952158e-01
-6.424411383226111383e+00 -3.929068279702801814e+00
-1.365433188001070830e+00 -2.165134176633135787e+00
-2.135503091681747456e+00 6.539252596876689694e+00
5.323798938789023438e+00 -5.474449153633409004e+00
4.733809698164009205e+00 -8.978058418082246916e+00
-6.390108151433419259e+00 -1.953390714892244473e+00
-2.191250692969461067e+00 5.968938222247810899e+00
4.950180783485793157e+00 -5.295128150507224518e+00
-2.002253547416531276e+00 4.471046720440534195e+00
-2.985409187913913076e+00 -3.458881925378539890e+00
-3.760053611313300959e+00 6.915554356208939879e+00
-3.428053713381133960e+00 -4.998876282646495639e+00
7.847035341696313893e+00 -5.630124014109494368e+00
6.257052969679355314e+00 -1.181055369885003969e+01
4.392454505904121120e+00 -8.854996159855309301e+00
6.413282121212344755e+00 2.313504921452117280e+00
-4.452633744824185058e+00 5.365757138528856274e+00
-5.643002134097354627e-01 -3.450733426736244613e+00
3.668855486802160559e+00 -3.811791792114555655e+00
5.250799136181635518e+00 -3.390499993080783869e-01
-8.419945669742094907e-01 4.229097219623674242e+00
3.596196847021042586e+00 -5.894187455410839327e+00
-6.907072204450582120e+00 9.197720992725226807e+00
-7.692934148653639781e+00 -4.075674837212932999e+00
-6.853290448900913212e+00 5.953218911500540500e+00
-2.267060560901043242e+00 -4.357639273172800642e+00
4.588787292837340992e+00 -2.020229792746038644e+00
-6.992126648716741499e+00 -4.416475556622676990e+00
5.673994349736750209e+00 -5.216145640940812456e+00
-4.158361725408608045e+00 5.765063541925226076e+00
2.651314220912903252e+00 -8.092015235793493133e+00
3.795791632912808300e+00 -1.236165555362647872e+01
5.975429712779337876e+00 1.189914719477268790e+00
5.765606479754475266e+00 -5.982281485313187375e+00
-2.174686710315777649e+00 3.888097732661636385e+00
6.813027464109704390e+00 -5.854946250743088498e+00
-2.543732074034230628e+00 -6.453323180233679679e+00
-5.180266732478219893e+00 -5.690533612704017585e+00
7.760214200608016810e+00 -5.094124247714771236e+00
5.541517321986544786e+00 -1.080363363229564655e+01
6.007610406495077271e+00 -1.130689534158077869e+01
-7.418829918177745064e+00 2.532695959241806349e-01
-5.932433435277011391e+00 -4.557250211986941579e+00
-3.542980587981770402e+00 4.930923106190594929e+00
-3.907435146677513682e+00 5.277605079716765069e+00
-7.608506923251802334e+00 -1.094854315964535196e+00
-4.797986304580961203e+00 2.793475084835165489e+00
2.934220396524925611e+00 -9.347727433305015765e+00
2.270925024936480519e+00 -9.010764599089979399e+00
-3.073468708685042072e-01 -3.578817038662648997e+00
-2.870238498088642842e+00 7.454231051923029483e+00
