-5.876541323177165488e+00 -2.229268711198463038e+00
4.347783148236144868e+00 -5.003712029974688669e+00
1.928782536069223008e+00 -1.147392097116962617e+01
4.013303214747502956e+00 -7.260308013209268552e+00
1.971114137384113674e+00 -7.984312608675757872e+00
-2.228221442692812637e+00 7.214586601954272815e+00
4.260600925933884509e-01 -4.086311152293442106e+00
-2.326307259558573204e+00 -3.325643738862574583e+00
-2.747484535792510840e+00 -5.955053174512236147e+00
-5.652653783348847050e+00 9.755631616973635900e+00
2.932454358196741051e+00 -3.218967589801031259e+00
-5.982577694072078955e+00 4.246713472122820576e+00
-6.110579540485558070e+00 -4.767261498506650597e+00
4.850215376622456276e+00 -2.313971058720275753e+00
-6.347437172863595656e+00 -9.987499938984419900e-01
-2.355257782006805467e-01 -1.366696291009442010e+00
6.527936562958100986e+00 1.361977702885865948e-01
-1.801859892783317818e+00 6.937560189374817554e+00
-3.501568307189949714e+00 3.117114987597989995e+00
4.494400744154551930e+00 -1.247639002579574274e+00
4.781166351989553753e+00 -7.715376339688383434e-01
6.765159445569414842e+00 1.988165457349176934e+00
3.293339055683929928e+00 -1.042909699207254093e+01
-3.690970055562305507e+00 -4.903818426608951064e+00
-7.819404753701684641e+00 8.896598051817178998e+00
-4.282704615581529595e+00 -6.656968842630383243e+00
-6.355779413202158779e+00 4.586135133985644430e+00
3.828281722501248652e+00 -4.863043209037348547e+00
7.434506065698920363e-01 -4.324338850210928342e+00
7.520212242808778313e+00 4.310447885723105443e+00
-4.866399772729386619e+00 8.482734676193757650e+00
7.933145085511592143e+00 4.960223440671648554e+00
-2.535631030546649178e+00 -3.882912816539358936e+00
-4.010752522774007289e+00 6.875541837408139401e+00
-1.010112181823334510e+00 5.837708632148799204e+00
-5.649041347253940692e+00 6.200646178965310895e+00
-3.162453995377490834e+00 -5.024988503584153499e+00
3.877918573791104606e+00 -1.513913671290478158e+00
-8.437427180000543814e+00 1.015173675729510272e+01
5.819113067893590951e+00 -4.622669396759768734e-01
3.784302163249424034e+00 -5.189734941431033199e+00
-6.060053223278125678e+00 5.408796311512040766e+00
5.508954555938675668e+00 2.009604704410060450e+00
8.421907210558506662e+00 1.528077164015831491e+00
-4.914673181556563186e+00 8.008402944990773875e+00
5.332106052281742059e+00 -3.214304033324304477e-01
5.374105127306068042e+00 -7.655142958822553467e+00
-3.250661392938619443e+00 -4.890036358939917172e+00
-4.159378939295451438e+00 -6.881774252349289078e+00
2.691243460175765989e+00 -7.263801774888555940e+00
-7.234451351244032935e+00 -4.097070462423855197e+00
-8.624837483186473364e+00 9.020140997868908883e+00
6.992255024391073270e+00 -7.721678715845495589e+00
-2.727370589231438824e+00 -4.381805787509357231e+00
-4.333891037320043438e+00 2.256587759368120949e+00
2.438073495102300592e-01 -3.373089692426515906e+00
-7.897940492554220704e+00 -1.880603192264097778e+00
-7.915934886201275056e+00 -2.053946627963187943e+00
-1.094561435377735981e+00 -5.823110903063381194e+00
-5.072385092230074832e+00 5.399983259077394848e+00
4.733206544382531078e-01 4.206676029674095929e+00
5.923724015428746270e+00 -4.312834540356781154e+00
-7.185009218547444121e+00 1.304411616194002033e+00
-5.152163622337631033e+00 4.583067765530078219e+00
6.154012983917461987e+00 -3.714868061339175576e+00
-1.338511108767408198e+00 -4.300874388089948042e+00
-6.824881006081971790e+00 -3.025629798886185995e+00
1.074594132079753184e+00 -3.761951305523028477e+00
1.673464674261771812e+00 -7.866804859133782912e+00
5.115994391764751015e+00 -3.821239424131978701e+00
5.611861870310345779e+00 1.510912181485760231e+00
1.538587154711145599e+00 -8.579739780902373880e+00
4.715626413072143919e+00 1.098157377031698578e+00
6.359312389637097773e+00 2.283407071060466365e+00
-4.946358253077509204e+00 -5.502683577798361370e+00
-4.608074457185319162e+00 4.700714899187484974e+00
3.362771924914506272e+00 -9.546125017205319807e+00
-5.491598498256646810e-01 5.252345869931602351e+00
5.731075462095933659e+00 -2.620542149592919756e+00
-7.939301013678264241e+00 1.002501750795547686e+01
3.379022713851382864e+00 -1.035260876635542360e+01
-1.808164288920608431e+00 -3.258134061081393362e+00
-3.622418278692021154e+00 -4.139966428615406535e+00
7.384403373713473329e+00 3.295693643053832389e+00
5.899332580276783311e+00 -3.490450715515311941e+00
-4.439990085548719989e+00 -2.673110961252185280e-01
7.083283158769470234e+00 1.289315705903393061e+00
7.888674822503773498e+00 -5.410178221780786778e+00
-3.976057697748143216e+00 7.549682314925743043e-02
2.482130570616418286e+00 -2.391454572011167956e-01
4.261321212456414820e+00 -1.047126817620894990e+01
-1.844114416721018390e+00 -3.874914557670074089e+00
-5.195028584799060489e+00 -1.404265015856627441e+00
-2.547573798621839636e+00 8.192274743527228509e+00
5.020529914503795155e+00 -2.561163863898475057e+00
-5.392411880202732100e+00 8.372259278389531545e+00
-6.502618067562909054e+00 -1.069439917528421269e+00
2.775019877573298377e+00 -9.160274348253443222e+00
-6.474914253766479888e+00 3.567681850940389587e-01
-5.697137388448267892e+00 -1.594593996470456077e+00
-6.225798010224173673e+00 -1.925697063971494094e+00
2.578227716724367014e+00 -9.776995730736766532e+00
4.774099081030237279e+00 -4.278206597148355717e-01
6.721430779189282667e+00 -4.859798693290559690e+00
1.416689583747689607e+00 -5.914575119288866922e+00
-3.180605209763593511e+00 -5.376434111100699020e+00
-6.665295028887944895e+00 1.012599698100869006e+01
5.382815052042420056e+00 -9.319352050795004061e+00
-7.130984134787060391e+00 9.853719678987783226e+00
-1.525991263967722444e+00 -5.789539151607795198e+00
-4.131001884265110391e+00 1.984389456522088757e+00
8.647854732307631576e-01 -3.689684154718900544e+00
6.906110308758591110e+00 7.158342876003986888e-02
5.357300549044761162e+00 3.400289218855458984e+00
5.457116567444749933e+00 -7.980950236880899329e-01
-6.462977115951331619e+00 -2.269938837573536095e+00
-2.369088840224588211e+00 8.342283273985019676e+00
-2.215178346438899215e+00 -3.360831638060942872e+00
-1.007224770150853654e+00 4.798170139971754011e+00
-4.241212296871767151e+00 4.019149890201854092e+00
-7.049544173753781173e-01 6.192566143118182431e+00
-2.319788455296581287e+00 -4.226882484939071816e+00
-4.291655594994313816e+00 -2.188011801268892054e+00
-2.861238641985704323e+00 4.525760262697803959e+00
-3.618689002678547872e+00 4.112953677847633216e+00
-7.596333341776097647e+00 -1.136945329172466490e+00
-2.624313859852255515e+00 6.692459165730743287e+00
3.045088324313678818e+00 -5.764855350935423672e+00
-5.522785866855611125e+00 5.196289029265173554e+00
-3.084348514913044959e+00 4.765220524359779830e+00
-4.718050750162947615e-01 -4.032852717374963980e+00
-3.266390546212209145e+00 5.185364670546290355e+00
5.710383929495795208e+00 -4.667580999275698694e+00
-5.241340004101419758e+00 4.723631206449837805e+00
-8.862782126520535542e+00 -4.911104453966434136e+00
7.438540343474981498e+00 2.063467682388731017e+00
7.635656238646411076e+00 -5.960246114153760821e+00
-7.126683077030485869e+00 9.141530492562617738e+00
2.332017907126366918e+00 -8.271772166708887042e+00
6.904499621001963128e+00 -1.014906459483563061e+00
8.239820721661356373e+00 2.072752877951529626e+00
-3.737478734696612737e+00 -5.237245558336727669e+00
5.892248554833866336e+00 -1.081642100102723214e+00
5.293868322557958805e+00 -1.211648489710943721e+01
2.370776147171124393e+00 -5.651229162717291921e+00
-7.868453108396945339e+00 -2.839203074661815762e+00
-5.273318553260505581e+00 3.908726506275594481e+00
2.896201567271706523e+00 1.328196699524173408e-01
4.302898143505260897e+00 -1.290613722661362872e-01
-3.213378007063999675e+00 -3.878538126989211410e+00
-2.645332041235579190e+00 7.650833800230477877e+00
-7.563334270436953943e+00 -1.661254737728319775e+00
1.224078170009846422e+00 -5.544140043632404868e+00
5.805042131928368931e+00 -4.253889134443578079e-02
8.100370068686418179e+00 3.951515180021376139e+00
5.308801534391590415e+00 1.631517740077061962e-01
-4.535862929325335635e+00 3.904247724647249562e+00
3.326823730394405487e+00 -8.198102420840051252e+00
1.411229952514126307e+00 -1.116611286195285935e-01
3.975231034266774710e+00 -5.821104233728037869e+00
3.950976121215872716e+00 -4.527292229849996019e+00
-9.582299896020098906e-01 -2.828796661098698095e+00
4.374648137587071162e+00 -1.216350712717182425e+00
6.718704472590934174e+00 2.866072347265434583e+00
-1.109416819649065022e+00 -4.290500993173455235e+00
-6.558685263020290535e+00 -4.175753150832808736e+00
-6.252093991809696050e+00 7.944577617870507424e+00
-5.795586620868168559e+00 -5.174908575967719138e+00
-1.430437280592615767e+00 -3.100854981387993536e+00
-2.735283272714366554e+00 -3.975112159472805828e+00
4.940424759219053108e+00 -3.722226928068483431e+00
-7.840171651815902365e+00 9.941073726095272178e+00
5.986926700314297634e+00 -9.331891478882394786e-01
-2.550389538497617181e-01 -3.163569466809085462e+00
5.762530864372710226e-01 -3.631998098357148486e+00
6.174102419852414592e+00 -6.059867538453930003e+00
-4.755837809370362379e+00 3.634313592040595342e+00
-3.398471341959336200e+00 -4.807672081831248612e+00
4.187935794669975564e+00 -1.045633062613603137e+01
-2.665775432050788485e+00 5.302036995681925546e+00
2.393063775954082928e-01 -8.884672170900822508e+00
7.603777716540395026e+00 1.555564986942800543e+00
5.030551336392852235e+00 -1.099111688068459181e+01
-3.947990075906600449e+00 5.687850698159359730e+00
3.960985154981436551e+00 -9.249269398946200482e+00
-1.673660013506645505e+00 -5.770128521884236861e+00
-1.707088207004727742e+00 -4.717213712577156493e+00
-7.162848692774586468e+00 -1.922005755874072186e+00
-3.144200575811102460e+00 5.067714992535231389e+00
1.996174693349030527e+00 -3.062476621583702485e+00
5.388808128713066026e+00 -7.536668761212476753e+00
2.026902211620047911e+00 -5.910771852769526546e+00
6.854337382342398755e+00 4.318708726751255833e-01
3.881427160965891687e+00 -8.590424117122006820e+00
-1.868356215108046170e+00 -2.013760427875020298e+00
7.650849361661382630e-01 -8.571276333536959058e+00
-3.317193306750136017e+00 5.383909608430012206e+00
-6.807803005427206067e+00 -1.182543115496067720e+00
-1.177069064402468612e+00 7.342392222862613060e+00
1.942399106504058670e+00 -3.441891793435090552e+00
7.830115795436670467e+00 9.435839445189589947e-01
9.982837532263209024e-01 -1.026625522668634360e+01
-4.699499489069742353e+00 -4.923858988465404707e+00
-1.585190707250075492e+00 4.018608175969511365e+00
-6.669737339239306451e+00 1.125312446798113797e+01
-4.975921682786529132e+00 4.133262264633632554e+00
-2.886787233001211206e-01 -4.521981220384156508e+00
-1.472495298165281463e+00 -3.203608292176754802e+00
-4.775797649396286815e+00 -3.883187783164983919e+00
-7.678755870569347941e+00 -3.375120635054312146e+00
5.783362274405984493e+00 6.460733585092570674e-01
-5.786690181975235880e+00 2.525434273957528397e+00
3.137263278193057836e+00 -8.986769826386490578e+00
-4.710973466275822474e+00 4.511065939403390956e+00
-3.467339607582887062e+00 6.873161968236667363e+00
3.437776979998534266e+00 -5.082288144138795261e+00
8.886384224643946173e-01 -7.487664163147690566e+00
-6.883964560458930571e+00 -3.153589104844869873e+00
-4.464357691709104792e+00 2.766118015011179487e+00
-3.095038513757411902e+00 -3.435089263565446416e+00
-8.545921278859122339e+00 -1.507899323640234712e+00
-7.468579589562520660e+00 7.526071758275527657e+00
-8.655299248482076990e+00 5.976292151622736526e+00
6.077985759552989364e+00 -5.248726746428422629e+00
2.012142803394229240e+00 4.350686037417557550e+00
7.978848112512496371e+00 2.275203450738561006e+00
-5.873448818217717360e+00 5.009109591932174865e+00
-6.923855788231159991e+00 -4.279514734518112817e+00
2.637032242311409647e+00 -8.075802490025582259e+00
5.737215441261589888e+00 1.094099565830483289e+00
3.575572479930756220e+00 -4.909552327600549937e+00
3.063076407403750867e+00 -1.032339854675370638e+01
-7.100620464088017947e+00 -4.268834667439874053e+00
5.283852814096817951e+00 -8.008113634992890528e-01
2.220938822748929731e+00 -1.110262336173127196e+01
-4.747012602406934789e-01 3.756040203717459836e+00
2.889343970720231525e+00 -3.527156236104240339e+00
3.882002861126858217e+00 -9.537548857552758719e+00
5.897610212732659285e+00 -7.407729158472267095e+00
2.535175254580442683e+00 -9.546331930598654480e+00
-3.767755327745170746e+00 1.710200961090870830e+00
1.311256289613233150e+00 -8.227122460098280854e+00
-1.041368751310026708e+00 -4.497019653992669674e+00
5.597005862391446485e+00 -5.819443744277801756e+00
2.479734668525310770e+00 -9.762608756118922315e+00
-6.668274225814262657e+00 -1.485119269427014332e+00
-8.103728674730053427e+00 9.658829338162515654e+00
3.765069760546501776e+00 -3.859100903799988491e-01
-4.613811751644640857e-01 -2.489030701174601568e+00
-8.458261326812552827e-01 -3.393898278566410909e+00
-7.261099832800836040e+00 2.010857669813841397e+00
-9.397767085956614252e+00 1.166434168014311901e+01
-2.871731046152522282e+00 7.276133620545964575e+00
2.074829927816325137e-01 -2.680957708739339029e+00
3.609869713625381227e+00 -7.709755806780898446e+00
-8.846981450634391564e+00 -1.063968661183390285e+00
4.299884975510074980e+00 -1.074150399347070106e+01
-8.746811135408913529e+00 8.905391560220179414e+00
-4.398445161713779861e+00 3.433626316427290437e+00
4.729031656284905516e+00 -2.138819823761826555e+00
5.060487543835897384e+00 -9.327743489173753844e+00
5.900139721652005953e+00 -3.987218378143586595e-01
4.848325451238625905e-01 -4.784721904753113542e+00
-6.494360219867185258e+00 -3.262489347229323489e+00
4.307800795096756730e+00 -4.768875589857155539e+00
4.221704733752919658e+00 -3.981614238162462183e+00
4.442888256410556735e+00 -8.397605857403380725e+00
-3.851519219346037914e+00 5.398142311676341620e+00
-3.067528469216174614e+00 -5.553962788620408375e+00
-2.886622267332283887e+00 6.323460599513012426e+00
-6.527398942809224280e+00 7.484998246735926841e+00
-7.181147268244836290e+00 8.721621881928705022e+00
8.501913268527243162e+00 -2.956103480477620948e-01
-6.719634063680443248e+00 -6.272627157952354038e-01
4.003391472112383553e+00 2.443287811147234478e+00
-8.210168818356834208e+00 -3.818284092167887778e+00
1.668076142233536840e+00 -7.808743726426363274e+00
5.611233848295843707e+00 -7.202825314699727421e+00
5.721612070124327154e+00 -1.092872538362092971e+00
-5.984271772933344558e+00 4.702676601854568261e+00
4.047132437986178388e+00 -1.438249492321882261e+00
5.146479963111011635e+00 -1.012880194135505452e+00
-5.798787198239726770e+00 -1.195805130240513492e+00
4.684761991131207726e-01 -8.259484418009712670e+00
-3.428124363321672696e+00 -4.402138622088854092e+00
8.636521945661577604e+00 1.591680525651337330e+00
5.230692610430256906e+00 -1.878156600752046712e-01
3.042242486381863564e+00 -7.573170347902539845e+00
-2.338461926816666647e+00 -6.795529468447101706e+00
6.819990514013427152e+00 -6.568011804937952114e-01
6.689741755574040383e+00 1.047788115434463041e+00
-2.326654752730952680e+00 5.241989612613243033e+00
3.025943317098967800e+00 -3.684642640852968221e+00
-3.927798449493849375e+00 3.969217380255327221e+00
-6.632883133834943656e+00 -2.716549592831506210e+00
2.254861730333942216e+00 -9.169569543460101002e+00
-1.734308961109391589e+00 -5.030143404605864177e+00
-3.770520265133084692e+00 5.069669496619859217e+00
7.759925480095812844e+00 1.440568524963279584e+00
1.131668378098890537e+00 -3.572192605495185802e+00
-3.304675970030745979e+00 -4.173599940410304576e+00
-3.270889744681781508e+00 -4.328620380260681522e+00
1.432290381503506183e+00 -8.931868259680651789e+00
1.294114427218845620e+00 -6.531940706874959091e+00
-4.376528226350931305e+00 -3.361862393503113999e+00
-8.779303650797125602e-01 -4.533188235823748968e+00
-2.061972210363565594e+00 3.286623131189100988e+00
3.918526538988785113e+00 -5.480304287889761206e+00
7.646123990530722558e+00 7.090208275305321939e-01
-3.142609808914414327e+00 -4.488407811891498511e+00
-6.665792529906940267e+00 8.622488584057181882e+00
-5.096149717739287155e+00 -4.799248036457974820e+00
-4.842564713325089087e+00 3.675029072801891061e+00
-5.060322227079542934e+00 4.498611804099162725e+00
-4.158256004349613733e+00 -5.114998079591214442e+00
2.860425071728030399e+00 -7.394192674667176668e+00
-2.545376494255767064e+00 6.221374274243529179e+00
-2.408930515553590279e+00 5.783426294266577727e+00
-5.155946286212744312e+00 -4.864885550070644271e+00
7.150650693382225143e+00 -4.455113322055483494e+00
5.647619340466121685e+00 -3.938197809701612151e+00
-2.281882756052831862e+00 4.930264224331672551e+00
2.122024604926647573e+00 -6.786203068639448333e+00
-2.173297998519712060e+00 -6.864624089966053333e+00
6.413747670334839057e+00 -8.210760885111874074e-01
-4.764766121854078662e+00 -2.658363214782130335e+00
4.551423608798022435e+00 7.135676427214592277e-01
5.061859578859461806e+00 -6.101706584913548781e-01
-9.028842861389680952e-01 5.184385050341917989e+00
8.532537901614385412e-01 5.407375004942377217e+00
-2.378328330896009035e+00 4.690335509261386093e+00
2.279139327913311419e+00 -8.524937007323067917e+00
-1.936172438234719406e+00 4.827294118936722889e+00
5.639340014523869238e-01 -1.892818686064834832e+00
1.456361677897537898e+00 -5.560785994952977873e+00
-1.372574429175067445e-01 -1.981336880536643807e+00
-5.123938252142818506e+00 1.104661296521308067e+00
-4.668356214686117056e+00 3.965182618075863807e+00
6.335634604939378356e+00 -9.649205054579267360e-01
-8.408450292102489954e+00 8.724936099939800016e+00
4.893304657848339900e+00 -9.990485298856054186e+00
4.938540395599319233e+00 -4.287858973281428177e-01
-3.831609510595807677e+00 4.705108071805104153e+00
-7.072479490705821270e+00 -4.134971709106505244e+00
-7.639336359905080087e+00 -2.080441677640236797e+00
-3.088570457866515628e+00 -5.782585350406014513e+00
-1.042340011218290785e+00 -4.273270080461625042e+00
2.666635095098265129e+00 -5.464722455346554320e+00
3.496290586485961138e-01 -4.787374866602834622e+00
-7.347605278935360751e+00 4.490132271088270954e+00
-5.473330959548126096e+00 6.842917117622152823e+00
-9.543876035178240347e-01 -4.475755009742772295e+00
6.607623772825606423e+00 -7.288609584331917191e+00
9.164469306572501139e+00 6.683107837210963131e-01
2.795250503400503739e-01 -2.699445872028470195e+00
-5.889904167980851923e+00 -1.069286426657019007e-01
1.056854559170049335e+00 -7.417987611482045551e+00
-5.043822812460831528e+00 6.346957078693646004e+00
5.974708806775729464e+00 -4.262226617580195054e+00
-2.671569548392329629e-01 -8.636259415633666947e+00
4.516268648127060636e+00 -8.869455369460281347e+00
4.684384060620901735e+00 -6.350943736264318851e+00
-3.244850662964633869e+00 5.659536338490550378e+00
5.125417151368661273e+00 -5.478669115306730397e+00
-3.603120152114994923e+00 3.463763889852109479e+00
-6.528263081189915162e+00 -2.504893551229107729e+00
-4.405203133927943604e+00 -5.366151954906665189e+00
5.699520520395864764e+00 -1.012360297415290944e+01
-1.025703382475793290e+00 -3.420787484562833214e+00
6.875936160062962266e+00 1.055157848154564260e-01
-2.449818962664454425e+00 -5.234208382545895155e+00
8.508503823428323898e+00 -1.258259050447445571e-01
3.407074068729992966e+00 -8.669511681133414527e+00
-5.386033380393953074e-01 -5.696499367728761420e+00
3.582712814999425177e+00 -9.404166197956358886e+00
8.593850256010789224e+00 -7.608671032286720148e+00
-8.508352042004666771e+00 4.288250447019544609e+00
-5.178948794803547528e+00 9.008914769999670114e+00
-7.920000272573737288e-01 -2.857952108732204621e+00
-9.118650195972521910e-03 -1.722451431159822022e+00
-4.550718608652495334e+00 -4.380366202952854948e+00
4.426998263901003483e+00 -1.581909176534716854e+00
-4.644329231254971546e+00 4.091874831766790344e+00
1.077445560145540160e+00 -6.019537691041836780e+00
-5.800854334942526336e+00 -3.476074325998094849e+00
-6.731023337752562341e+00 -8.332947971176126734e-01
5.875208828352148416e+00 -6.895863085338481469e+00
-3.277165250039618449e+00 6.659484665344704624e+00
-6.129916417909829107e+00 -9.328973728732331550e-01
-3.434208809933036566e+00 -3.465153034362973727e+00
3.305405061349197204e+00 -1.782889023548182239e+00
6.798592798168715312e+00 -4.696554005669412390e+00
8.047909647824376123e+00 -5.564588657878108968e-01
7.085035947451206795e+00 3.040948206974570134e+00
-1.711542934907959612e+00 4.767657513932878288e+00
6.806253267653041839e+00 -6.797497926713770511e+00
5.226588667786675302e+00 -5.849207800469782725e+00
7.612721852311682191e+00 -5.908654210176750077e+00
3.868043605465279811e+00 -9.834399395069468586e-01
-7.824212181133011867e+00 8.851886769370544528e+00
-2.087264446225761461e+00 6.071254812256254851e+00
-6.463794972634641312e+00 -3.794443860302356253e+00
8.492176318231447141e+00 5.844678407082404270e-02
-7.404842045807949802e+00 7.918393303578849185e+00
-5.145901301815213102e+00 -2.627608728195105048e+00
4.984019514154814701e+00 -4.379127958073278037e+00
4.382722509838581360e+00 1.104438485966018568e+00
4.664802781228376993e+00 -8.323050348465686810e+00
4.180762699966261486e+00 -1.025175854104529805e+01
2.828640308240300882e+00 -5.144256321001933863e+00
3.545494410724177037e+00 -8.667815372279479291e+00
-3.956907855808926122e+00 -2.169208055585990724e+00
-4.160323411300393737e+00 6.730222076974424539e+00
4.193355282821628727e+00 -5.135698590620424220e+00
-2.948373109110991930e+00 5.112079835542243877e+00
-4.846057342546079560e+00 5.023018808822661718e+00
-4.895609076186611119e+00 1.028420752364387170e+01
7.226984901053857158e+00 -4.475396366394876146e+00
-6.283068241105898899e+00 -3.499722147877266654e+00
4.179928442224056795e+00 -4.772196020556383367e+00
-7.040847124939713098e+00 7.964432114752355574e+00
6.038932037577418477e+00 1.908052747607706046e+00
-2.538795843512244410e+00 -3.805841758919061846e+00
-2.851347582480530107e-01 -3.283112310167668912e+00
6.211235526862637357e+00 -3.273461389372674946e-01
-6.650831894284175760e+00 3.004063517273546591e+00
-2.267312782711927266e+00 5.560462750406205856e+00
6.888896879130196105e+00 -5.319029252143964825e+00
4.666899055009348984e+00 -3.936691032447955152e+00
1.182333122424201743e+00 -4.799963023063984480e+00
-7.669897659015179059e+00 1.348054810597896669e+00
9.013929808798803123e+00 1.870330758393883741e+00
2.904751739062064075e+00 -4.685128871842255016e+00
-8.717570625587439892e+00 -1.229981863408373677e+00
2.682995508240805904e+00 -3.978068791597531906e+00
2.104169908185890669e+00 -3.519256984299653279e+00
1.565905351366935427e+00 -7.673132946328244941e+00
-7.635235459335905084e+00 9.491701356401609502e+00
6.084113981924867964e+00 3.542418417718917745e-02
-6.138709464497719814e+00 1.324184556688624781e+00
-6.591543427669831701e+00 -2.557265694587965932e+00
7.246748853009254532e+00 -5.790087226643017893e+00
-5.553610751462411343e+00 5.302440584971955140e+00
1.399359554156404783e+00 -3.895923494178338053e+00
-6.895430743092381576e+00 9.550779784528314664e+00
6.436641432840369603e+00 1.196661879315750188e+00
2.804627666953287246e+00 -7.291079029860553007e+00
-8.752485416695754417e-01 -5.238717567165287470e+00
3.802367315593956576e+00 -6.101196856239754496e+00
-4.967033251616671308e+00 6.935271520919841670e+00
1.992770940649607248e+00 -7.215237273448041222e+00
-8.532847637304514787e-01 -3.462112795130514620e+00
5.281924830374685520e+00 -2.351746821905314366e+00
5.446864125279471835e+00 2.016038934865398868e+00
4.979186361248783221e+00 -4.564893615236862989e-01
4.684688596003042882e+00 -1.539579229121896375e+00
4.236216463257069798e+00 -1.972870908208881557e+00
5.349846979644196310e+00 -9.210088721281895374e+00
-4.422580026843204060e+00 -4.294175918450957141e+00
-3.496916847540053830e+00 5.793781698954761694e+00
-1.851256498168787346e-01 -8.077088842437950333e+00
-2.807533655587178156e+00 -6.123893448603535461e+00
-6.064110440510417366e-01 -6.172104533850800934e+00
-3.295912314122048326e+00 -5.419827244526910448e+00
-8.314040285275659414e+00 8.162859375885320290e+00
6.777583410471063274e+00 -7.240477174922695269e+00
2.198904324275126498e+00 -9.104406732949705372e+00
-4.919589328404828876e+00 -4.471115731919403480e+00
8.495593214903884416e+00 9.644825908163037198e-01
-3.499954049347035578e+00 5.183554493431914878e+00
2.048209570464382345e+00 -1.002162434202267249e+01
-6.172271624099234799e+00 -9.262508446123042249e-01
3.736681318493323190e+00 -9.179360381849690498e+00
-1.064767838609734119e+00 -1.694912811495602245e+00
-2.333893543526358361e+00 7.135857427331814051e+00
8.110162549302689428e+00 -5.586179539114341175e+00
-1.122884541045880091e+00 7.215438650600656700e+00
-5.219730894911058350e+00 1.074546403115160587e+00
4.428742861098822203e+00 -8.614637589193826273e+00
7.276403801620920042e+00 -2.419939597779294793e+00
4.871703803548420808e+00 -9.717378310793682417e+00
6.827719805535056530e+00 2.691053847773918317e+00
-3.520516444263794398e+00 -3.783542655976213975e+00
-7.619396240776411311e+00 9.499778133382623224e+00
-4.955955675457717646e+00 -2.831345175993932095e+00
2.060303009256616136e+00 -2.387558496508400907e+00
2.970658146424725921e+00 -1.150670969227429730e+01
-7.671356562076255159e+00 -2.945561289579661235e+00
-7.062666494489204361e+00 -3.292369667852967918e+00
-6.564179139600631707e+00 5.213185038110655256e+00
4.880705065835371670e+00 -4.074927865026800156e+00
-3.477822923722782456e+00 -7.151867766682123317e+00
-6.338639149752372859e+00 5.528220601661471001e+00
-6.850463368706131817e+00 1.186156306045071318e+01
4.285062168337780975e+00 -4.756397367131091514e+00
6.878713079694986021e+00 -7.251322136222502657e+00
8.104759085079823677e+00 2.476048910909985246e+00
-5.290675462724843126e-01 7.545054514338771945e+00
-6.424442527804851366e+00 -3.427257053923604246e+00
-1.377396641314119208e+00 5.385868857688689282e+00
5.220007941534595908e+00 -5.116940076356088163e+00
-1.784556217252889265e+00 -3.577626843589242434e+00
1.643366912278413583e+00 -7.284613845648718389e+00
-2.358160105728750011e+00 5.255774022534823509e+00
3.125448929578433344e+00 -8.633993160586424409e+00
-2.903799575043806591e+00 4.649688379259564464e+00
-4.508244272330272473e+00 -5.144920944280483077e+00
6.781793202607535598e+00 9.149725378762838535e-01
-3.772494716635294676e+00 -3.366250685837041345e+00
-2.684916925249388964e+00 -4.614324223557142446e+00
-8.524996177454065460e+00 -2.965848301767759487e+00
5.818142359965629673e+00 -5.683326652016569724e+00
-3.762271252746517192e+00 -5.316575817210456911e+00
3.979896699215800471e+00 -1.082275784734979851e+01
-3.898940638928415137e+00 -6.253070608359555749e+00
6.553862598658713345e+00 1.162377182164366030e+00
-1.678211520559232284e+00 4.996053506710065761e+00
-7.614183537027319204e+00 1.022842190532990259e+01
3.479326079044220421e+00 -3.087502283922404778e-01
2.016606456059863106e+00 5.446269486685750838e-02
-5.072799583642667365e+00 -3.525786181080732717e+00
2.619286941176965477e+00 -7.555920115436189022e+00
2.284060885733858015e+00 -9.335327509076499553e+00
-6.435445282538820866e-01 -3.828638112760490486e+00
-2.520644805284618428e+00 -4.719938740176487180e+00
-2.418650369019808011e+00 -5.463619150433949301e+00
-5.065853374220205652e+00 5.170161458033231128e+00
-8.677121520795575194e+00 8.282779292205171728e+00
-6.134962847071641079e+00 -5.625018953545317224e+00
2.058444951270731682e+00 -6.008606595424998531e+00
2.552242261582005511e+00 -1.553611758102857454e+00
-7.653425671884894754e+00 -1.387620020241791874e+00
7.828729946985734323e+00 1.971609730967675667e+00
6.218615378055059040e-01 -6.955775006030698648e+00
-8.127952198647822257e+00 -3.625786365512805531e+00
4.952153860285172904e+00 -8.628567391831420963e+00
-6.313944306914917703e+00 -1.118287421283486793e+00
2.950442662548152128e+00 -8.612090518030377950e+00
-1.316159633165685960e+00 -2.970722695485600084e+00
-6.452998554186695657e+00 4.236326495881296061e+00
-2.331496904987770513e+00 -3.996138558085597925e+00
-3.638507666570141019e+00 -4.142987130907606286e+00
-9.878745321057103013e+00 -4.711994504268101736e+00
-6.414398379503928105e+00 9.157315632384095849e+00
6.543821356143638468e+00 -6.690725036193795106e+00
-7.727870703992913093e+00 -1.718858018850654368e+00
5.012635575613279215e+00 -4.769926645613442595e+00
6.068442467116190286e+00 2.171137806248629509e+00
7.113884038359660877e+00 3.989023360286456210e+00
-2.604116761079713793e+00 -4.054724797166683103e+00
-6.755328415566009603e+00 8.868190446412274497e+00
4.324784619407836317e+00 -5.254082511828374713e+00
1.753846475694295304e+00 -9.646482061401835395e+00
6.730548246547202185e-01 -4.206228053692887769e+00
-3.704585287809265548e+00 5.812202706586962364e+00
-6.177424588539458306e+00 -6.338358219701335505e-01
-1.773575527747021319e+00 -3.811995750590075005e+00
5.833170547965909059e+00 -5.817042276706355430e+00
-6.318132579176241492e+00 9.068560035543038467e+00
-2.996172965103139685e+00 5.594292233375761647e+00
4.494271367649005811e+00 -3.780856334713491584e+00
4.808382204592956732e+00 2.655563143573338003e+00
-2.251859059590052503e+00 -5.310938138159340127e+00
-3.207791086415157089e-02 5.485805458236531429e+00
5.993732739360773998e+00 -1.075960057375428569e+01
8.390149218218607707e-01 -5.944471253946935541e+00
-7.068161032761864249e+00 9.374272854421375811e+00
3.096648431546502600e+00 -1.019186626149023311e+01
-9.049784562605433180e+00 9.350807689330849826e+00
-5.554762694531170553e+00 -3.460299495778724310e+00
-4.531233493284798186e+00 -3.742828049149139247e+00
-6.930231452362581201e+00 -2.655028171487754385e+00
5.338290691121051701e+00 -7.594900831286613752e+00
4.570117827523255905e+00 -4.123135567829582016e+00
4.840909873050216028e+00 -2.825274502929865594e+00
5.138515407120663347e+00 -5.042545321629346766e+00
-5.655247108173412585e+00 5.163394368908268639e+00
8.259307847076360343e-01 -9.745618575208986556e+00
5.731898192582630891e+00 3.506506403246305581e-01
-1.978394339222642850e+00 -4.384650837196577555e+00
-8.195982755735474967e+00 8.005362008950593022e+00
-9.330698239159282981e-01 -4.432038576136623220e+00
-4.236712257133297577e+00 5.151548623068165966e+00
4.934122858559160996e+00 -9.696373822173185886e+00
1.423160092320508330e+00 -5.471096104567413576e+00
-2.660528009059337062e+00 6.097869015861182795e+00
4.197066782517140382e+00 -2.819563030563358996e+00
1.975386765241779807e+00 -7.795684779553448962e+00
-6.552256741766171455e-02 -2.317084754250261280e+00
4.646510774619119211e+00 -5.115851290617377423e+00
-7.585818011455147669e-02 3.187689381233784758e+00
-6.635870998292428879e+00 -3.386613225321622789e+00
6.808925677148756073e+00 -6.513708699620118558e+00
2.467074594585921155e+00 -8.734532522774012264e-01
3.860003832204399910e+00 -1.014943966171566903e+00
7.322329878766119293e+00 -2.313493797957268505e+00
-5.670716193319332632e+00 3.077543244907795739e+00
5.003227924457808840e+00 2.169162219580756945e-01
-1.730958665534262142e+00 -3.907423269372407582e+00
-3.945435200081906402e+00 4.586643514885400563e+00
-6.172333694506814794e+00 4.518639318799464455e+00
-3.109739244378729950e+00 -6.497064640249801570e+00
-4.598785042953260849e+00 5.710710945600661503e+00
-3.835776998136780414e+00 -2.745037549089045292e+00
6.794841856065517938e+00 -8.835864440991273439e-01
-4.454432090437402181e+00 -5.732538881267586817e+00
2.749449671465058476e+00 -4.949666348005736793e+00
-2.793501837496227047e+00 -4.492015985151227575e+00
-1.331362473456961792e+00 -6.338723151544380485e+00
-8.155487026290330732e+00 2.616959555303111085e+00
-5.145935889541707553e+00 6.858350927498214844e+00
1.909448591003791051e+00 -8.817277554113813309e+00
-1.361283082186369953e+00 3.113064840403934053e+00
-5.574411696568748464e-02 -3.899033683902915381e+00
-3.692448109842922044e+00 -4.324709175736239253e+00
-6.286805881442762534e+00 3.263599065533326904e+00
-7.278544466649366385e+00 8.093729472089167487e+00
5.744634944643659757e+00 -5.627393352249665526e+00
4.493488610524607019e+00 -6.672263629750247560e+00
-6.877354331572686164e+00 -2.182514006338287516e+00
2.326172021137040691e+00 -7.453903176370966221e+00
4.652231131572894363e+00 -8.261579628913734652e+00
-5.961350251328536132e+00 -1.090994785230632536e+00
-7.185615656135650120e+00 1.156928734986978746e+01
-7.288274984519620858e+00 8.936728673536434187e+00
-3.166161974697981663e+00 -5.290170679092115691e+00
-5.427383438452705100e+00 3.482217081533035330e+00
6.058098342344500509e+00 1.314240537619621563e+00
-3.840067825999636142e+00 -5.672205705640582352e+00
-6.114515521833441269e-02 -4.686690546874433316e+00
-1.142427102358140267e+00 -4.372241208180038363e+00
-7.179561909129689390e+00 1.035975330168067821e+01
-6.889447395646493000e-01 -2.536247767979000756e+00
8.319242281336675759e+00 2.564281718107216168e+00
-2.358286695035301417e+00 -4.330258934642668756e+00
2.359153627187189795e+00 -8.229205542243891003e+00
-7.862048814393013174e+00 1.032898957392001016e+01
-6.247693267979525622e+00 -4.213017748458854683e+00
4.645778678189588895e+00 -1.410030394517189034e+00
-1.254140032542475192e+00 -2.878885954597340202e+00
-7.499037279718960392e+00 -1.950660731399986414e+00
2.338543628472807612e+00 -8.893320482589889053e+00
-7.811043129969320375e+00 8.365072838205142247e+00
-2.981897111685137602e+00 -4.063920490169067534e+00
-7.837795576798242791e+00 -2.446913377474650986e+00
-1.529030071113173461e+00 7.058525877051263997e+00
-6.671981348393313915e+00 8.687238433652336056e+00
-3.727927786791431775e+00 -3.520368420927258768e+00
5.021634363172326587e+00 -5.250927306780337034e+00
-5.926449432856832011e+00 2.246134731354552994e+00
5.051440554683581219e+00 -6.034368643295784373e+00
5.222978906452858006e+00 -2.082336499968721277e+00
-3.266813249870101021e+00 -4.838721858868564318e+00
5.850921248967340116e-01 -1.083286674440893549e+01
5.261156251952076701e+00 1.216617456829691468e+00
-7.178256207754069251e+00 -2.977711037798902449e+00
-1.839946773104644384e+00 -4.533688112175676466e+00
-6.170480022032476697e+00 -4.489316584022265744e+00
-5.053612428267629575e+00 -1.921035041512042518e+00
-4.803673061815922907e+00 5.335030430516276567e+00
8.013315043511757274e-01 -6.187489113717003164e+00
4.660978653633403468e+00 -1.018734947206133157e+01
8.049771192489089344e+00 -1.574458282563224731e+00
-4.111444441278221618e+00 -3.576428028958999583e+00
-9.096101320245015387e+00 9.681430227965813984e+00
4.971876880513530494e+00 -1.188774191082500487e+01
-1.023877590708968333e+00 -1.617642376626537537e+00
-5.186595537911118825e+00 -3.111173972258517217e+00
-5.843907564028896218e-01 4.296338049291767547e+00
-7.276174029341108351e+00 -5.571156886894982563e+00
1.018856334027454480e+01 6.023458846702441916e-01
3.797158459959534937e+00 -2.645548388874262580e-01
3.849857841430343264e+00 -4.714077106451479704e-01
-4.657273275248859257e+00 1.565714129422634215e+00
6.896183639908310958e+00 7.185964276391025862e-01
-5.254253400303863231e+00 -3.366536870966496231e+00
-5.770266070749727305e+00 8.258762062032776186e+00
3.594953192158317545e+00 -5.363236958720054126e+00
-3.397658681699071259e+00 -5.701811012349885743e+00
-6.780999361804634695e+00 -5.523333134014686507e+00
5.708564458112732609e+00 -1.006574034326696898e+00
-7.060293814853382699e+00 8.316921266555143077e+00
3.854030763884999544e+00 -1.154783517597282594e-01
-2.291067331314478928e+00 -2.223429336693707015e+00
-4.656520207498750175e+00 4.459133112869977822e+00
3.511839889879965870e+00 -3.786515063709558149e+00
4.911652254114250660e+00 -2.996222032494369469e-01
5.598928012016308742e-01 -4.817227368708407731e+00
2.576006458439140889e+00 -6.065227146277571535e+00
-7.912382843940866550e+00 9.642122723672157392e+00
-8.341181016675834670e+00 -3.330911950704230406e+00
-6.415417700960510672e+00 1.001690861438185287e+01
1.762292282203540505e+00 -7.552080595174518685e+00
5.028474542739256314e+00 -5.249822664937401129e+00
-2.016087795215422140e+00 4.739934455374718247e+00
-5.016737516369706107e+00 3.895148076341701682e+00
4.236691618322931063e+00 8.713554595733603580e-01
1.112643303332486955e+00 5.314996204008065384e+00
-8.015519963168690198e-01 5.115071077986718784e+00
8.434848917092661935e+00 -5.733768998540525352e+00
1.699689424606833477e+00 -2.230857192173463233e+00
-2.354735358169424142e+00 -4.406023822382521438e+00
2.243947876149078091e+00 -6.387630926436353107e+00
-2.799745233631202979e+00 -2.972395731737422775e+00
-2.626196595338250450e+00 5.055696723361730704e+00
-5.518581196859190463e+00 -5.759486858473760185e-01
-6.339193626927045244e+00 9.381942071098334779e+00
5.826650280830920625e-01 -3.567679739846287834e+00
1.970029598155837114e+00 5.709463317220695444e-01
-7.401492293168879577e+00 2.524951127882137936e-01
-5.431952722099046227e+00 -3.485440528283636930e+00
-6.165914139878395872e+00 -2.455138523213247659e+00
-1.567224905565164583e+00 -4.059656280102404757e+00
5.490871129448665622e-01 -3.937428019276411728e+00
4.740711333714331843e+00 -1.116654845623146741e+01
-1.217488532657909683e+00 4.808747999498124592e+00
-2.732935718973222627e+00 7.486657323205921699e+00
6.831800721271657828e+00 2.974936977801156957e-02
-3.179233139446954848e+00 6.329557751000927546e+00
-8.597093689348545453e+00 -1.797841441790032357e+00
-2.992360846543439479e+00 -4.155456812626434626e+00
5.812940069971778811e+00 5.461759583749353775e-01
-7.097236641995493756e+00 -1.953428163906899329e+00
6.533796920761882454e+00 1.349889741611431715e+00
-8.746843685326703977e+00 8.592774155508227096e+00
4.164570583095676071e+00 -2.894554147965350488e+00
1.592491288121780535e+00 -9.021419336112847631e+00
-3.918361519009106786e+00 -2.854243005312669723e+00
-3.874948185531022382e+00 -2.982598394560563193e+00
-5.322084061866673821e+00 -1.782035132292049351e+00
4.499759508883818704e+00 -1.394663301657459442e-01
1.165388905756822302e+00 -3.419717269656067149e+00
3.746170103481079039e+00 -9.679424317719325543e+00
5.360463268856946684e+00 -4.809053417326496493e+00
-3.908018621390591640e+00 4.322434748281973604e+00
-2.924499304570914227e+00 6.298163274043257154e+00
2.791376373231382324e+00 -4.414314180416668343e+00
3.814502144920904225e+00 -3.672346272946140910e+00
4.024796866317416288e+00 1.037216824839003237e+00
6.359177132037027391e+00 -1.990287903670642233e+00
-6.364707751896009569e+00 2.904457218491347525e+00
1.603529643938916394e+00 -1.088715461371915261e+01
-1.147191067137776521e+00 -2.786731734865095511e+00
-6.794734916347601406e+00 -2.946714629126675256e+00
6.205072415842145972e+00 1.681227612177442099e+00
2.106831232134803500e+00 -7.849775932116273225e+00
-6.468530778062946851e+00 -2.784583232481897319e+00
-3.607488933540285547e+00 -4.110343213281002939e+00
-8.633579004719045713e+00 -2.101156196400176590e+00
-5.949533805728826508e+00 8.644553595586186745e+00
3.964085664006038012e+00 -4.033816924553474514e+00
-5.459211846168547488e+00 4.167175076469342265e+00
-5.839950654724871626e+00 -2.994011368428155073e+00
4.520066811676748841e+00 -8.489102671050442694e+00
6.519432882693187992e-01 1.662735626089323127e+00
1.691913690836311490e+00 -7.372432091724666847e+00
-1.716486274473148388e+00 3.298246641150659908e+00
-2.806452945687343714e+00 -5.810410213522401612e+00
2.723927609990806964e+00 -9.542583630647390791e+00
1.281659058749446078e+00 3.712563090742015071e+00
5.962122595564449234e+00 -9.890828660178934584e+00
-3.413954374680405301e+00 -6.269325288257896034e+00
-5.179134002448170904e+00 5.676853745410421759e+00
7.244176469296514043e+00 -5.793915377725410210e+00
6.566259858652151671e+00 -7.103560251646900525e+00
7.249465747452484621e+00 -5.833339130894851898e+00
7.727056267574186954e+00 -6.775546508730336370e+00
8.739305030749850989e-01 -9.119651197203230808e+00
-1.470235693727945492e+00 -3.698413406990101127e+00
1.975914378996726617e+00 -3.822358014166820528e+00
-3.271148923547505305e+00 4.224776713368901149e+00
3.687506751205474220e+00 -1.076306833047996214e+01
-3.620597800575163561e+00 4.612055457638439826e+00
-6.576100960262802886e+00 9.135575384251357178e+00
5.031948638971990739e+00 -9.519030308233269011e+00
2.775937307015233113e+00 -1.066546605594751718e+01
-4.703601634280401456e+00 4.964156801614156400e+00
-3.661397319830384411e+00 2.462763154047793002e+00
-1.390025779014018914e+00 4.015048360011268080e+00
-2.507841678352555892e+00 -3.866134304370996588e+00
-3.055567360064488813e+00 5.473858585575127833e+00
-1.454950815380976259e+00 4.510814220103381622e+00
-6.132728080252966230e+00 6.493549740260023739e+00
-1.779523036549146120e+00 -4.808715638630880918e+00
-8.170971241009853614e+00 -2.535223931159744204e+00
-5.874170096634860450e+00 8.177504079223851363e+00
6.591638162190056605e+00 -7.368748996126766926e+00
-1.576663666499853234e+00 -6.616618973939235815e+00
-2.956907165694362405e+00 8.150538029746307700e+00
1.144115577611272805e+00 4.466125911866571485e+00
1.841578754511507210e+00 -9.994229776677528321e+00
6.280466126430648721e+00 -1.179268673373002940e+01
4.054824833350259894e+00 4.945185478311882044e-01
-3.718346163762691337e+00 5.532879776609961553e+00
6.995433177045087270e+00 6.367103491581507235e-01
-3.205243792116988732e+00 7.535917579990307757e+00
-6.062134918367082292e+00 3.989932073445985328e+00
-4.939176138582966225e+00 8.563212928095065735e+00
-1.443123988547173608e+00 5.209424020608460992e+00
1.676465201391144744e+00 -7.365614855774598624e+00
2.164536481636027521e+00 -5.549650899004038962e+00
-5.434203273594675032e+00 7.851225390870201437e+00
5.543424709316250087e+00 -3.548325557341930114e+00
7.514127121612174776e+00 1.697378051317336212e+00
5.806813385878188960e+00 -1.056013381414654795e+01
5.756204883653031956e+00 -1.045112927350110255e+01
-2.619001951403924000e+00 5.611934730730561149e+00
1.557256730825500757e+00 -2.926983062114173695e+00
-5.882850339213206325e+00 -4.594956053627132775e+00
7.164582691163309036e+00 -5.093610187513914589e+00
-6.982815116562490765e-01 -5.279385695422369906e+00
-2.867276409111930935e+00 3.254602862674939701e+00
-1.750684096283475544e+00 -6.604957642971119647e+00
-3.189729050425850421e+00 -3.767857696669114187e+00
-7.791021363034499991e+00 9.027299300989515274e+00
-1.831959304884935635e+00 5.007772507486235369e+00
6.193023365114333600e+00 -3.370040509052019129e-01
-4.558401229750830730e+00 6.054251338592030685e+00
-3.420163014535292367e-01 -2.657699172528852571e+00
4.435144862516884778e+00 -3.874803514212059596e+00
-2.945477815696921020e+00 -5.768361117531981996e+00
-6.255060958962392448e+00 5.032808620562863489e+00
-2.777412915050955888e+00 5.030248985983401866e+00
8.202240019813769933e+00 9.330103134018912225e-01
-6.519187543482844127e+00 7.215579474334586685e+00
-4.003754942373900505e+00 2.860124317582754205e+00
4.374710386505179294e+00 -9.043570957187581527e+00
4.059892490110889596e-01 -4.224531630092694279e+00
5.132893633998151017e+00 -9.102829187317729165e+00
6.972512859530086260e+00 -6.553762743250284295e+00
4.834489144099087810e+00 -6.503808578568186505e+00
-5.424380373470952144e+00 5.030245358931519917e+00
-5.267850075448175851e+00 -2.434301413884785159e-01
-4.879785969631224241e+00 4.347335304382134780e+00
-5.336057814157646462e+00 4.192870082055722314e+00
-1.103536768812159563e+00 -4.850759277689850713e+00
3.205509451512972507e+00 -8.807608865949768884e+00
-7.125544011292764601e+00 9.131364993421366094e+00
-4.784889702222590024e+00 3.224200862047873262e+00
-2.378907034527967035e+00 -3.572576437869056321e+00
3.481868271233870882e+00 -9.139356096590121936e+00
-4.836391065939722012e+00 -4.685657164730708146e+00
4.977003586598310214e+00 -3.805804825869980590e-01
5.593828749451025928e+00 1.653723087920843549e+00
-5.543436238511588066e+00 5.652550176732100695e+00
4.096618318011094217e+00 -7.162562034982957737e-01
3.582982370242850045e+00 -4.428594848243125881e+00
4.074102720003037525e+00 -6.927466779260291752e+00
-6.796997160684283834e+00 -1.181676653991660109e+00
-6.418200581895109558e+00 1.015519211320289372e+01
-4.459303290492226068e+00 -4.024010497437536138e+00
-1.268672151685331206e+00 -2.380935109723366416e+00
-8.643023935644469802e+00 8.272846160863908338e+00
-3.776850053733069146e+00 -4.855301370261472016e+00
-4.537653296278955750e+00 5.073652229804016756e+00
-7.309582957102002787e+00 9.687622697452932030e+00
-1.879489270775121401e+00 -3.563604751773983281e+00
-8.160368160672836879e+00 9.101694419409076531e+00
-4.936356368822881535e+00 5.559582358411630842e+00
-5.289682738537573314e+00 6.255806981652990650e+00
2.463436790827440603e+00 -4.092819624328678962e+00
-5.440136631330624972e+00 3.883423818519826209e+00
6.232749944577530066e+00 -5.121317733621580714e+00
-5.793771472059813910e+00 8.754515248863407706e+00
-1.261897492743537130e+00 4.739852400276768130e+00
-6.294519094016375327e-01 -8.807487101588629130e+00
5.488823012968230053e+00 3.236562919861269982e+00
-4.925087376799710981e+00 6.738473108895353114e+00
-4.199892069962821495e+00 5.039309295113677756e+00
-7.090926841959050542e+00 -5.679324761121541165e+00
4.717581824413056069e+00 -4.304704399693690675e+00
-1.166379383340749420e+00 6.324640552460660814e+00
7.828149892563416756e+00 1.979567864368906083e+00
7.782907705602616133e+00 -5.015622873031416518e+00
-2.498056589440941444e+00 -2.089736322371004373e+00
-5.813411308532865363e+00 4.184111300490034324e-02
-5.208615583768310131e+00 -8.017579991175027843e-02
5.744633475117349342e+00 -6.897239126926374198e+00
-4.350515837174167899e+00 -4.505541104943405983e+00
5.078251985038923166e+00 -7.899105787806740331e+00
-7.208205373016888018e+00 7.589004376850992273e+00
-9.397633803592602142e-01 -6.656021529252429403e-01
6.324027228199895490e+00 1.761280693060079283e+00
6.996615902717691959e+00 2.079266059973114977e+00
-3.925207880758205814e-01 -4.912917403631600344e+00
-1.937640602168944959e+00 5.411277460126987293e+00
-2.370131731055796998e+00 6.438218188032337252e+00
9.244024577018654654e-01 -8.413948754972485844e+00
9.017589367737577355e-02 -2.624892435066885632e+00
6.118284419638804650e+00 8.757983372967304003e-02
3.548561205514400907e+00 -6.051486002770336547e+00
-5.641402903793913737e+00 -1.860682892119343013e+00
-1.348924291775255302e+00 4.305085690577452162e+00
-7.729644222419253197e+00 -5.039346822379441093e+00
3.926616841468722363e+00 -9.276571692673661218e+00
-3.506433166706329763e-01 -2.871188682210847887e+00
-4.852505171957638197e+00 9.261278426575133338e+00
7.067962932252236374e-01 -1.059375417848987766e+01
7.097125281439755184e+00 -6.350452317931289947e+00
7.221223305487528776e+00 -6.606373508708427877e+00
1.047706061254808807e+00 -4.873714847530467686e+00
-4.193317654978315545e+00 -4.938855432570678161e+00
6.801118605587268107e+00 3.038460052251486410e+00
-7.219800734540362974e+00 -2.633875988164689375e+00
-6.875156482050663875e+00 6.171044135224051708e+00
-7.181295533349339344e+00 7.686053046678638090e+00
5.116667570809444676e+00 -8.863541790610693027e+00
-7.426833133140340770e+00 -6.054231163137889560e+00
-3.010686784941720706e+00 -4.128511418582772485e+00
4.625799586946030217e+00 4.243626104048898284e+00
5.445044815290109419e+00 -7.221178527778093326e+00
-4.257223785255639825e+00 6.791148248244001095e+00
-5.556732158943869848e+00 3.941936766951218640e+00
-6.165975788880593278e-01 6.492337316038271133e+00
3.369221634839182578e+00 -5.315994102603856852e+00
5.664855182051693028e+00 -4.209709761754548474e+00
4.887693872980412912e+00 -4.094850205685419020e+00
-4.923426095783205447e+00 -3.453472524367213303e+00
-1.793695801234413967e+00 -5.651263195741833556e+00
-5.159994762836952020e+00 5.666090908991790798e+00
-8.392154814658530526e+00 -6.205978718768065949e-01
4.622332017102285029e+00 -1.216528838780729593e+00
-6.651098789883049811e+00 3.987164456642124488e+00
-5.438362633328307716e+00 2.112942975160771564e+00
7.222780241927294398e+00 2.873719859020287259e+00
5.830258871018720868e+00 6.240961063288233968e-01
3.326547035850358380e+00 -5.262005058998408202e+00
6.574213413713591692e+00 -9.745193320910370272e-01
-5.017137901539516776e-01 4.279084066610354675e+00
3.213879565825464191e+00 -1.066207466373401047e+01
-4.289631328988592784e+00 -2.081260718032951651e+00
1.293408217758327261e+00 -1.000251267131137034e+01
6.407606489116613346e+00 -9.725304372857749513e+00
-8.261664683767413919e+00 2.507094043803019812e-01
-2.480250346529069283e-01 -6.216635420338687545e+00
6.103386568464167716e+00 -4.915895534921853050e-01
4.646886703002848229e+00 -1.149814928251874768e+01
-2.310021875624212129e+00 3.516646723317217837e+00
-5.329899938051811503e+00 -4.762214703017761508e+00
-3.901158168940321413e+00 6.209211758652727120e+00
1.013753688597102576e+00 -4.384779550521681557e+00
3.463111205091589095e+00 -7.862804978859404770e+00
-2.637681792058888419e+00 5.836581384013453722e+00
-4.107932900063457460e+00 6.895189822251298395e+00
6.915794055330807488e+00 7.846635517222885214e-01
3.815995606084555902e+00 -1.088957673773306212e+01
-4.580538132978584365e-01 -5.770818197522809001e+00
-5.394542108635922872e+00 2.600714642676243749e+00
1.957741469276447766e-01 -2.398488849502239617e+00
4.379314860366742224e+00 -9.203092010663429523e-01
-3.343178178818347224e+00 6.470553138318297037e+00
-2.044675428222579860e+00 -3.808896089154264697e+00
-7.138112500626871082e+00 -3.128882154441612773e+00
3.586065505766581119e+00 -3.987939319539765659e+00
6.138781271149596819e+00 7.665441862077524426e-01
5.779781097996025352e+00 3.258166191357867447e+00
1.950661323641819100e+00 -2.472167437665934386e+00
6.949126175558360430e+00 -6.968958914762193757e+00
-3.554908459896014339e+00 6.085859565262003557e+00
2.056847941885280306e-01 4.112127695993422094e+00
2.836917276031026613e+00 -7.375564352291222647e+00
-4.288466405854043373e+00 2.925992479412723668e+00
-6.285329918154981321e+00 -5.590524567985314164e+00
-7.252110548091106779e+00 -3.202872047958154944e+00
4.144206564681953253e+00 -3.892928427383747891e+00
4.658614499827365307e+00 -5.247022919731566759e+00
1.770087144164367299e+00 -9.115392136049420557e+00
-4.120900035242446080e+00 4.977891932635146510e+00
-2.922005545665099291e+00 6.936010961653154894e+00
-1.508366830489969113e+00 -2.519509384076495273e+00
7.817650085916510783e+00 -5.175778485366174131e+00
2.105808906326911867e+00 -8.069462865203576030e+00
-6.740152704563439734e+00 3.121319015169621292e-01
-7.007893336961342534e+00 -4.431656670032195766e-01
-6.668977893625600117e+00 9.482611832945153196e+00
-5.623417935549134050e+00 4.222899468212482077e+00
4.809399290473912458e+00 -1.167243177990470571e+01
-4.498192221180286055e-02 -6.114919062706668740e+00
-6.272625488043501285e+00 9.906012523798908731e+00
-7.364291831914434816e+00 -1.985331141519680376e+00
3.261556126112080900e+00 1.534449508707979248e+00
-3.623998229061603737e+00 -6.008140089334489176e+00
-3.401410173481180355e+00 -3.908479257190538902e+00
-2.508804689718592495e+00 -5.356694203237895913e+00
-2.184376312834516387e+00 -4.453696388832919517e+00
-2.689805529032739617e+00 -3.957828474634463412e+00
-4.003253376778690864e+00 6.074837181389407093e+00
-3.599018207509027345e+00 -1.672953295680109864e+00
-5.908407529697472960e+00 -2.997210665748864855e+00
2.801368251410925936e+00 -1.819615945691063441e+00
-7.812411731853392993e+00 -1.274735740782944493e+00
-6.048789547163834435e+00 -5.569343203292243416e+00
7.526520047754495124e+00 -4.982800573119500420e+00
2.861012759846286002e+00 -9.429006113698767066e+00
-8.250407609346575022e-01 8.224919320616887575e+00
7.046313386050737648e+00 -1.975396473402387110e-01
5.245702988400601896e+00 -4.513281764926047046e+00
-6.239902531627492976e+00 1.048392251372990103e+01
-6.459840939795415515e+00 -5.332599015470037784e+00
-8.364065883556499603e-01 -3.396730512048351525e+00
