5.919104811538969280e+00 1.335509487156920416e+00
-1.822284275740769788e+00 -3.634738780121923973e+00
-2.773649054488966481e+00 -3.777588434580997134e+00
4.266899099751267244e+00 -8.637322741531024306e+00
-2.866944106161752437e+00 -5.150080840426427997e+00
-1.222430624655463038e+00 6.972467058029610421e+00
4.917572511789642498e+00 -5.634272323543129346e+00
-2.680903212543911618e+00 -6.241735403859612674e+00
-4.358228254703724325e+00 8.625929571539382223e+00
7.300685000771939492e+00 1.188000255075934097e+00
-7.117300242395568688e+00 -4.397325355960798987e+00
-2.342142101894493678e+00 5.381478401582684867e+00
4.995428338514592781e+00 -1.021651894508628189e+01
-8.582045492544203569e+00 8.640079536865961529e+00
2.994190816841216574e+00 -2.866259222364538672e+00
-4.061166638566680476e+00 5.342520579790235757e+00
-1.343703690283489571e+00 -4.165221827750388961e+00
-4.288035456798701794e+00 7.710277082396851611e+00
-3.218810555802100293e+00 -4.860354489747916951e+00
9.929372343893013708e-01 -8.171507481201313539e+00
5.385527591439112527e+00 -1.565472354352358320e+00
6.795859634703824703e-01 -2.023569566012283438e+00
5.630746658633032808e+00 -8.933046309779811622e+00
3.797105783223404529e+00 1.031594185972265487e-01
8.397054877508685067e+00 -6.207334194260667459e+00
-6.624277413345296850e+00 1.093238051388080656e+01
7.316607401151896894e+00 -9.369689637642288460e+00
4.476632053424761892e+00 -1.204138732615585283e+01
6.356168854855157591e+00 -4.002432280631396999e+00
6.878003975343024656e+00 -7.066585693235789556e+00
8.766144629859518034e+00 -5.034991463609792994e+00
1.832331185687902098e+00 -4.083015120744718729e+00
7.166518703893580700e+00 -4.488101971231901466e+00
-5.653706470457382949e+00 -4.305096615843599928e+00
-7.324313876215422070e+00 -6.039905151064901556e-01
4.161756566810704605e+00 -3.338708280802637596e+00
-3.386894302776185306e+00 -4.516656737436387736e+00
-1.872828530294309513e+00 -4.524232734925615063e+00
-1.256724014420576907e+00 -6.686778642190200017e+00
-3.334470505309714561e+00 -4.808999260524208452e+00
-1.028704951707798854e+00 -3.932730297638160621e+00
-3.959520846841821040e+00 5.322870785878736299e+00
4.319674688328679402e+00 -5.365872472016157246e+00
-5.749193316680223376e+00 5.635771817683115081e+00
-7.185595700460273960e+00 -3.391184627305899646e+00
5.514946638183202410e+00 2.936124170932772337e-01
-7.289023965898245194e+00 -3.546242089989279922e-01
-5.920384055868043838e+00 -2.503270069267671705e+00
-6.460715269152045970e+00 -4.011494045579472534e+00
5.422125318739491107e+00 -5.587582970850653474e+00
1.394991757635613228e+00 -8.640592407552993848e+00
-3.840735528387613229e+00 -4.208375621483154028e+00
-2.206544355351727660e+00 -6.078075592255141046e+00
-2.549197569721674217e+00 -6.208936929430549867e+00
-5.670240580268401054e+00 9.244334467160594926e+00
-1.695327269869312925e+00 -4.213003939205981929e+00
-2.285979880817887722e+00 5.884242248910440232e+00
-4.150921228063466195e+00 3.705506629888714709e+00
-1.951220969229415347e+00 4.812963482609066368e+00
5.162640322578901930e+00 -4.144928262993063939e-02
-7.335935208161949106e+00 9.054422822353428657e+00
-8.247246951143483162e-01 -4.027490942223890258e+00
-3.910815345814883326e+00 4.999706167236970700e+00
-3.532001226685994144e+00 -3.015792293659602663e+00
5.905021866690348453e+00 -7.995784275435795507e+00
2.975341326244371309e+00 -8.986656572601141590e+00
4.270130170703913208e+00 -4.847612062614224726e+00
-1.407551266085261599e+00 -4.414611654830080667e+00
-9.208801418786642046e+00 -1.139678106570300553e+00
5.312775563195581086e+00 5.263765533512365646e-02
-4.526824788303267511e+00 5.939871201563810210e+00
-6.219499900251142854e+00 6.789823472748148347e+00
5.430084513388833578e+00 -4.279992630807923248e+00
-5.390047343983864536e+00 4.036601644065284766e+00
4.274889125709407267e+00 -1.030901273089032166e+01
-5.481096710028735330e+00 3.983119327189143188e+00
5.975889071725803525e+00 1.045845570350333986e+00
2.930718005093200240e+00 -7.401954171012517847e+00
-1.614784434352944942e+00 -3.963425787896234453e+00
-6.808438175959174998e-01 4.957170489442651373e+00
5.332971755952724990e+00 -7.446239464755100457e+00
-4.909651533993090844e+00 -3.780196481129834751e+00
3.864935949862593922e+00 -6.382476038823065245e+00
3.378100235881251301e+00 -3.314708186114097455e+00
-4.844922743869437554e+00 3.056381681797316396e+00
2.716087438106042917e+00 -7.160913438295642308e+00
-3.023552315974881388e+00 6.957294543553998345e+00
3.429844895449573272e+00 -7.696490002903670913e-01
-4.671150433684245762e+00 -4.605925931676554619e+00
-5.379535038670060665e+00 -6.027487698855649612e+00
4.771189867490734038e+00 -9.913753335400627975e+00
4.194921179800092936e-02 -8.722056725032953040e+00
3.355844776624370862e+00 1.304467867078032750e+00
-2.906592209502291801e+00 -3.937312245114142684e+00
-4.289059289580806400e+00 -4.679498629762905537e+00
2.011864846234225013e+00 -1.155759814575476518e+01
-5.757312205727602716e+00 5.541218950056655324e+00
-7.669935919222627518e+00 9.712448680804676826e+00
2.403649254014427861e+00 -7.857973209673278170e+00
-4.815545289966169484e+00 1.088621677196067594e+01
1.624327822601205895e+00 -1.007546207111863090e+01
4.860756933573735949e+00 5.074931986294162201e-01
6.088971172040907653e+00 8.042634132020677340e-01
-1.534322287007400920e+00 3.217332939233833677e+00
-1.178082152858154874e+00 3.689827547876920022e+00
-8.798610797178877618e+00 8.967137004489526220e+00
9.739444496705926824e-01 -6.053831028971890404e+00
-9.828973197125923988e+00 -1.249557739076725404e+00
8.074043959461677744e+00 3.074267712360906124e+00
4.010817506626975337e+00 -7.020686167091883867e+00
-7.947055107430462506e+00 -3.549493177407692990e+00
3.943369437973124558e+00 -4.404168840836820920e+00
-5.511948079928438382e+00 -2.652043107037512115e+00
5.365612385647172466e+00 -6.704231511616557171e+00
-7.607314691333176171e+00 -6.460845837688022897e-03
3.827580118340288884e+00 -7.769284432452266742e+00
-5.275209000891349476e+00 3.267666894287422963e+00
6.332468088028604392e+00 -8.351238711253969882e+00
-6.852944633523009088e+00 -5.071149988462399172e+00
3.023706808911961197e+00 -1.016136695771186460e+01
1.286677816279548470e+00 -3.864549492528863706e+00
8.297685531316014718e+00 2.703691647829715716e-01
7.986565256128113077e-01 -9.518891124984159902e+00
-1.991836964102118523e+00 6.242021196295977070e+00
3.586694021950235456e+00 -7.801166293295326959e+00
-3.331443503335143941e+00 7.109438268482292322e+00
-3.969286219026284979e+00 6.027372668942920342e+00
7.376500795156904822e+00 -6.292728985533119435e+00
5.012752696300029065e+00 -6.354378310619462233e+00
1.621499578216722748e+00 -9.177935076824626393e+00
4.705561498977414381e+00 -5.522808062323841582e+00
-2.327334514503418994e+00 4.120230144005669892e+00
4.212259074653784019e+00 -1.394252185049082993e+00
5.285936806386774656e+00 1.331125262128350473e+00
6.503270028773957989e+00 -6.451798137904670050e+00
6.584235327649645697e+00 -5.235545440577616283e+00
-5.674073298203818005e+00 9.471540533443235432e+00
-3.495132024194814724e-01 -4.949519444157635562e+00
-4.375083230611876317e+00 -6.004996832681012364e+00
-5.840035272162821478e+00 -2.616818097213356786e+00
3.804161525346859030e+00 -5.206437311687742486e+00
8.301718884278878718e+00 -6.076331362523027302e+00
-6.053621571100818777e+00 -1.003877513190017501e+00
-3.617892469502643760e+00 4.302252819755730151e+00
-5.333417997210310624e+00 3.969630254914605416e+00
5.061523332628643956e+00 -4.614718363921246791e+00
1.645356026524956272e+00 -8.355821741128302449e+00
6.465461576762297824e+00 -3.804683908805405745e-01
5.541020401441710597e+00 -9.937515763057117368e+00
-5.993131205118908511e+00 -3.941968862462800427e+00
-1.763898031388732024e+00 5.378899279053919180e+00
1.413886152815117647e+00 -8.634067544152564722e+00
-1.828864182068121069e+00 -3.423804857896993958e+00
-2.561679404467230192e+00 -3.138544292200379004e+00
-7.858402717093468048e+00 -4.777054577357899845e+00
6.168534448764193101e+00 -7.253784274234110541e+00
-1.386963413016992774e+00 -5.186555487336519832e+00
-6.889778006057276194e+00 1.121369047181603129e+01
4.803922691824220159e+00 -5.377177500751228578e+00
-6.749274448583395980e+00 -3.417351897605062305e+00
7.623213451497034221e+00 3.569619621382982277e+00
4.821177885843199284e+00 -1.031635052693164312e+01
-5.506778974432904761e+00 -3.663034123556912824e+00
-6.014079981387594032e+00 -2.695987600784703897e+00
-6.461999295959331313e+00 -3.375440147481387321e+00
-5.863556248823293515e+00 -2.640787246217482398e+00
-6.760313034318876646e+00 -4.871212269219910240e+00
1.705979405662418236e+00 -3.810334595914782074e+00
-2.008114507212521715e-02 -6.174925881338456435e+00
-5.607668175492044327e+00 3.102402782784735802e+00
-1.874839035529769493e+00 4.734832098857125970e+00
-4.290719697390413145e+00 -5.180073086356546952e+00
5.704754902834012320e+00 -8.051187328076316874e-01
-4.206150170444349357e+00 4.474032386781260584e+00
-1.143038323482767682e+00 -4.322684518042953172e+00
6.944002812710460049e+00 1.464890429126214366e-01
-4.167685061524576406e-01 -4.487778540371592406e+00
8.532982573347135613e+00 -6.564271159166681358e+00
-3.833605885095467958e+00 4.508959195110682217e+00
6.130127778929003846e+00 -6.145629602854699058e+00
3.710211208289473372e+00 -5.001584787260761722e+00
4.682368071264499498e+00 -4.065472076789328426e+00
-5.928033290234188790e+00 -4.334829737516261439e+00
4.610118313435926041e+00 -7.048647013416776907e+00
-5.520642972993533348e+00 5.133418710508797389e+00
-6.954652201388692667e+00 -3.145506732779960402e+00
-3.660047791437483156e+00 -3.290754962086701596e+00
6.456030440586657093e+00 -5.426099080478817172e+00
1.037498349132426334e+00 -7.421978678746907754e+00
1.740625389398614775e+00 -8.990472947086139754e+00
-1.460275011183085336e-01 -3.009840007826269037e+00
2.330403575631910140e+00 -7.149408116398111801e+00
-6.602045238399753657e+00 -4.417293393737501184e+00
5.616438702878010503e+00 1.401468116782973006e+00
6.094178944637558271e-01 -1.016606489111882183e+01
5.376913484975218260e+00 7.986712046078008331e-01
-5.472364318669647787e+00 -2.568614925892791945e+00
6.097719696764547948e+00 -5.824124000090905362e+00
6.273934144627219212e+00 2.031461737139182766e+00
-1.309865283344996412e+00 -4.880564641601463194e+00
5.249835736233464445e+00 -5.980175090300700269e+00
6.555734345375649141e+00 6.734346213650426183e-01
-5.276787163082594212e+00 4.308005547369615940e+00
8.614712128229684573e-01 -9.702919300226785282e+00
-1.239802632968527663e+00 -5.689708516323289444e+00
-4.247146030778473857e+00 4.278924152663005742e+00
-1.254515712758581092e+00 4.487935369751244963e+00
3.466581273356420745e+00 -8.641610200074884673e+00
3.837768957800530956e+00 -9.127318143837660713e+00
4.455150996778186823e+00 -5.920942685366151537e+00
4.268553491418312085e+00 -9.197305149037136474e+00
-7.876496957466839532e+00 -1.991226235197292249e+00
-8.345666301525854536e+00 1.621356854198213959e+00
5.601286952501608241e+00 -6.181348350191737673e+00
-5.916271453109975376e+00 1.026596699628212228e+01
-5.323680228790776958e+00 4.821814169834815367e+00
-4.525475336533071768e+00 4.504257052009852380e+00
3.940931080701792766e+00 -3.591552267493154371e+00
-6.301809924207631752e+00 2.632088792796070997e+00
6.941689173940674529e+00 -4.363527572745875105e+00
-2.534990043500985557e+00 -5.001427961998717642e+00
4.105016426722786882e+00 -1.834506663354990463e+00
2.666911547894661894e+00 -6.334397211609290146e+00
2.783598651898624876e+00 -3.678873069390128592e+00
-8.540079211702522599e+00 8.729508560566832998e+00
5.139841431627194979e+00 -4.795151487172563343e+00
-4.288986255828394434e+00 6.249687080033893949e+00
1.713537632518329135e+00 -5.985255412123850149e+00
-1.358153713747608959e+00 -4.403959843124768625e+00
-8.298955654937195447e+00 -1.597479104619930368e+00
8.416874110754068994e+00 -8.175836425645879757e+00
-3.403984161107460604e+00 -4.291152459060993074e+00
-7.169102733213629897e+00 9.418553762370539317e+00
-3.477302518290361633e+00 6.661809637423883323e+00
9.378868622929964260e+00 -1.102579442847121616e+00
-1.924961499394614695e+00 6.299933145997174577e+00
-5.371668679748002440e+00 -1.396132503028037597e+00
7.139348819429394588e+00 -4.980526143316190257e+00
3.686702480908233603e+00 -1.076435432883245280e+00
5.092037712358962409e+00 2.238023408041470486e+00
4.274177649881640839e+00 -9.780259048030353064e-01
3.803672544795956956e+00 -8.075181352907899068e+00
-6.950447235374278776e+00 -5.908903695072202922e+00
1.806205393702639661e+00 -5.508751282412958084e+00
-3.363143910843001017e+00 2.516033033440015387e+00
7.856603501510710075e+00 1.987543519563568228e+00
5.142475195175606473e+00 -3.083656585991554788e+00
5.290408256219302885e+00 -2.675893693292371367e+00
-9.612724381204713620e-01 4.281830545420712397e+00
3.641292703222365645e+00 -3.343245582086080248e+00
-5.181263451954166044e+00 4.154145673162050301e+00
1.546453084634733521e+00 -7.589273147722904511e+00
-2.980237478679280905e+00 -4.767623082672067802e+00
-1.280568780082371738e+00 7.651527271600096824e+00
2.874943261197160371e+00 -4.109229936084118684e+00
7.650955432304433756e+00 3.052987912756451205e+00
-5.594330115464407172e+00 8.181258160804304680e+00
5.920041576755012969e+00 -1.792048443278499326e+00
3.354842800167552319e+00 -9.555349126903109891e+00
-3.464434768772560957e+00 -2.818196405956637562e+00
3.462731533776513881e+00 -5.631688042387106741e+00
2.233378057016055518e+00 -8.348447260947565951e+00
-6.222927552136898299e+00 -3.646073912685322327e+00
4.593163084140513774e+00 -8.095889714616118837e+00
2.199235610754777248e-01 -5.110644895389289566e+00
-1.840578342876187268e+00 -2.998928418147886799e+00
1.053882818246367759e+00 -4.599222668379083778e+00
-2.741913901393520092e-01 -1.739245505342996712e+00
6.896883797262052251e-01 -8.971460361859239896e+00
-4.650831218868584749e+00 5.920802110484120639e+00
-2.500979936156057626e+00 5.278270019105117505e+00
-4.764474111558784308e+00 -2.335721250667278426e+00
-6.163937182251094882e+00 9.268592630928370824e+00
-5.635477503326167259e+00 3.354091829457939156e+00
3.054540730979168561e+00 -9.527580169637822394e+00
3.941841074117303556e+00 1.548150983796601654e+00
4.789031165015241065e+00 -1.699705396427670379e-01
-1.037263692012971195e+00 3.414119200561694267e+00
-8.180129789204185542e+00 -3.131784538103492554e+00
-2.573881853488649618e+00 -6.365163163360123555e+00
-2.272475210144606628e-01 -9.977490848742990082e+00
4.812724583696132541e+00 -6.738497781313148138e+00
3.931447332137340656e+00 -9.649273105938817707e+00
1.755285391375118298e+00 -5.094966094584772343e+00
-1.123799042374298951e+00 -4.181294919804414256e+00
-9.388551916819654508e+00 4.534983569513899582e+00
-2.329890506127566319e+00 -3.852858496980021030e+00
-6.584592598740252711e+00 -2.795009352710109418e+00
5.104380247150475114e-01 -5.081898337646813424e+00
-2.258823478247741878e+00 -3.598098228461475312e+00
8.912063280842994484e-01 -7.004546372448205105e+00
1.221234783101154520e+00 -8.922494729013935810e+00
4.669491894966484868e-01 -3.510188546752725181e+00
5.048536872664126207e+00 -5.599088731694906507e+00
3.318142106383075607e+00 -1.185422264129292635e+01
-2.622836160655428461e-01 3.848133191433625200e+00
-5.882283604254437748e+00 -1.766296044511355579e+00
8.356077445594283226e-01 -9.534132613527100730e+00
1.198564716027655574e+00 -7.249265597245918791e+00
-6.025133032870839678e+00 3.995757815349538333e+00
-1.695939719169408333e+00 6.702563237421476749e+00
-4.004508246154072637e-01 6.850256090807722131e+00
-1.501549115148006486e+00 7.038039334438222383e+00
-3.607926338484469309e+00 -3.052604640124088942e+00
4.678280131851869861e+00 -6.857023475263432033e+00
-3.506451419556899207e+00 -3.274695243801413191e+00
6.698990582991814158e+00 1.390175849208608483e+00
-4.295297866351083016e+00 5.295894192512525578e+00
6.091376794477938006e+00 2.879403213757944613e+00
-4.239111000348342984e+00 -1.321734646738851993e+00
-2.074736748971015565e+00 6.178172973991969741e+00
-2.569263396769952301e+00 -4.838856291182320746e-01
6.732058438792254407e+00 -7.464593419542870478e+00
4.782968554009855211e+00 -5.089606435027257625e+00
-5.021848454443849086e+00 -3.312286316879403891e+00
6.701433394402261712e+00 -5.003928442991234071e+00
1.650009410997266723e+00 -8.327176030400391227e+00
2.853779181997123437e+00 -1.147809487048793464e+01
6.361755359163892898e+00 -1.034688971623665132e+00
5.848829080087022625e+00 7.201668330839239296e-03
-6.437795397018711618e+00 -1.824866677498459655e+00
9.491622898977309930e+00 -2.613835136780668922e+00
2.962026127595085878e+00 -8.699578520830616668e+00
-4.711599268096923865e+00 8.617159725923874802e+00
-5.392413040169977911e+00 -4.446904114360997973e+00
-3.480247894616724569e+00 6.983191840047226151e+00
4.787558591487115933e+00 5.877684980174429086e-01
1.897402380862594495e-01 -1.383386225485627730e+00
-7.677593138332886369e+00 -3.664942342934818242e-01
-4.634842460945177933e+00 3.470091588325108667e+00
-3.771137346567254411e+00 3.440151016700855546e+00
-8.267612728078290729e+00 -2.912704744157031733e+00
6.369613756272928029e+00 -1.417316358049391933e-02
-2.171808292819169761e+00 3.270069658883619557e+00
-4.872639333256412186e+00 -1.568989773147649647e+00
-5.396846958755221024e+00 4.357999397765328631e+00
-3.470113180950678444e+00 6.169801668375460402e+00
-6.415934739340782400e+00 -3.457033120549902083e+00
3.324847175533529153e+00 -9.402705151447863230e+00
-7.265035539281001320e+00 -4.406900030354659492e+00
6.057442068140809432e+00 -6.671086199256625271e+00
4.250846226676593176e+00 -8.588915197036120830e+00
-5.203336264655002097e+00 -4.460174187057233119e+00
4.849756040871841201e+00 1.377186658179140322e-01
-5.275784169986670769e+00 3.811106354373051897e+00
4.193855707856243065e+00 1.030297723563603052e+00
-3.960477769193070152e+00 3.355001667585872038e+00
-5.768801298773373887e+00 -3.101676223064623095e+00
2.780513133429395989e+00 -3.605770052746994914e-01
-3.952725046235193496e+00 -3.225456702751739346e+00
-2.523049479358634883e+00 -3.115906736506942387e+00
-5.843435546413395798e+00 3.857042888589619967e+00
6.224282417220545760e+00 -1.779236911646785213e+00
-2.481667452480171399e+00 -4.105728094902506342e+00
7.286725138986538397e+00 2.754428538429539941e+00
5.205425912702282609e+00 -1.482183510984892205e+00
-7.533155658576347058e+00 7.820843303815677494e+00
6.022295263758538297e+00 2.554759942499336578e+00
-1.443037949764630401e+00 9.676880623833941542e+00
-2.230363408658507129e+00 3.420648622726372601e+00
3.476513787756378537e+00 -7.566162370670760140e+00
-4.884279708241429319e+00 -4.124189506254637649e+00
-5.274754286186519536e+00 4.462445180613343609e+00
1.957636527473314070e+00 -1.093408390391481966e+01
4.539764558018334561e+00 -2.519270266505369005e+00
7.674234534941347441e+00 -5.614028229968615946e+00
3.277894297940876278e+00 -9.127395755080073059e+00
-3.242237431892326605e+00 -5.816467996318097633e+00
5.652362622222369737e+00 -5.096317177866322545e+00
5.239082459401836367e+00 -2.052182753872077825e+00
2.814223348808634118e+00 -9.977000913508300428e+00
-8.535857056072673643e+00 -2.237344159023925361e+00
3.505625218995529924e+00 -6.969365244749456068e+00
-7.292666738753049493e+00 9.141881596190115644e+00
6.778154868550797296e+00 1.786529261298509752e+00
-1.240078137378513912e+00 6.053921517909197192e+00
-7.678830696139449685e+00 -4.191121926324490765e+00
5.799937367107109942e+00 -2.896128314175395957e+00
-7.778359567928358587e+00 -7.616005988899678947e-01
-6.774109459614404471e+00 8.748126708173407096e+00
2.919682999856218597e+00 -5.847181901369480350e+00
6.217974785003843152e+00 -2.029797431534671737e-01
-9.971538891256104264e-01 -4.227797028949158431e+00
-5.229233837309799071e+00 9.842093581926150136e+00
-6.293151941969029828e+00 4.170981698249068614e+00
-2.742578245403296311e+00 -3.209283371379851868e+00
-2.405708595582137121e+00 -2.944754436469434467e+00
3.162335511097698060e+00 -7.971364148301331554e+00
6.019611738844387716e+00 -1.068354978776015862e+01
5.966793741412005581e+00 -4.810500380837715362e+00
6.568535304377674855e+00 -4.346154303144901476e+00
-7.610430456138098876e+00 8.552623546634658069e+00
-6.511647607804607496e+00 8.837793013731543468e+00
-4.880753576616017497e+00 2.372686243807173412e+00
5.240026084267299211e+00 -1.107956729698691856e+00
2.791347623160139069e+00 -7.340225042363160313e+00
6.795595396994647430e+00 -6.458485963100945249e+00
-6.351044538684482710e+00 -3.074127256317054524e+00
-3.709987812676799557e+00 -4.241350302314129905e+00
2.909796183739390418e+00 -8.034644656784882599e+00
4.938597172185018813e+00 -3.160219653717223132e+00
6.584737503982672102e+00 3.356296651450927371e-01
-6.002314029751211422e+00 -7.009852528330610788e+00
3.790960078683063728e+00 -5.046902657355794908e+00
-3.049342496792857293e+00 3.081017783318682035e+00
-7.292295824589509756e-01 -6.069353367836316515e+00
-5.397136517888347029e+00 9.940489201360376725e+00
-8.217220410796263863e+00 -1.882387607128229501e+00
-3.375913048963853136e+00 -2.766503445740695177e+00
-3.980941410012150961e-01 -2.319725083149719591e+00
5.309488436866643291e+00 -8.300974694430967027e-01
2.169509510118440510e+00 -4.737435368093407817e+00
-7.789957847971644700e-01 4.827420752471064169e+00
6.633782906243194333e+00 -5.531489991983296939e+00
2.282549104405105833e+00 -1.016749890889261287e+01
-7.487919569555302246e+00 -1.507290949007214609e+00
5.654740674961731273e+00 -6.310504764631650332e+00
6.022468461738439416e+00 -7.320650820094049216e+00
-7.640200158557048482e+00 7.590879944229888210e+00
-1.684272907210927261e+00 -5.252357047255254763e+00
-2.289256723864122378e+00 4.039308835636324702e+00
8.759129444287445665e+00 2.254405937759134559e+00
4.079887821756655875e+00 3.478503953954130257e+00
2.676834905906949835e+00 -8.461986635959556580e+00
2.767869496956342434e+00 -9.512074775156079909e+00
-3.601933731374447500e+00 6.712038557358125601e+00
4.477320436134724524e+00 -4.578388334457783593e+00
-5.304544707267728754e+00 3.596134173893591690e+00
3.350931552928720691e+00 -9.232915371728093845e+00
5.920501868813035529e+00 1.615442657778850322e+00
1.279824736574660005e+00 -6.424998793852512158e-01
5.891575516332894225e-01 -4.973094767823211804e+00
-6.875505299499074852e+00 -3.575324717102057903e+00
-6.442146294294471609e+00 1.940953268673848431e-01
-4.039993838732689468e+00 -5.780757253791700023e+00
7.528763162622383653e+00 -6.006426268166911164e+00
-6.073094687331806796e+00 5.003976147795821561e+00
-3.126695645169323079e+00 6.271074115582568886e+00
-5.338625212702410749e+00 7.108858675358818324e+00
-4.771629383871033525e+00 5.847029192939293019e+00
5.268900441725618222e+00 -1.081212573051177550e+01
-5.821517298697848730e+00 3.736826428193987581e+00
5.701533142381171260e+00 -9.385264389554709652e+00
6.640023763386638578e+00 -6.394898868246926327e+00
5.475096210224706716e+00 -6.310594456373739725e+00
-8.763653108718861162e+00 9.175298631836144025e+00
1.735729425162396478e+00 -8.814547600305333575e+00
3.399744831638261910e+00 -8.626419479493193876e+00
6.441699577388890319e+00 -9.807322525603332508e+00
-4.642733149490763100e-02 -4.427444193904914727e+00
4.521264848711055606e+00 -1.844542501428382941e+00
-4.870684670420105888e+00 4.094541917671628894e+00
3.901834769269656000e+00 7.975304993938017173e-01
4.957434372382902410e+00 -8.879740907198428346e+00
3.449125956876409660e+00 -3.698182263125109337e+00
-2.977403028406061747e+00 -3.193883314292581765e+00
-7.896936404145987964e+00 8.872047954428305516e+00
-7.739217184694012097e+00 -4.316804305395796071e+00
-7.250855848410401983e+00 8.942004510313600107e+00
4.821837806564415629e+00 -9.275945078474018501e+00
-2.552387811108240978e+00 -3.371394983140053814e+00
-1.996603825373845176e+00 2.765731796407969512e+00
-8.977134058383903437e+00 1.248657502375697170e+00
2.585495105921125081e+00 -3.592933359119657943e+00
-7.426630147648966229e+00 -1.760701372729098768e-01
4.901987601110648463e+00 -5.638350996378230784e-01
-6.124702912774349528e+00 -1.395243026179737278e+00
-4.042251026393602231e+00 5.435642421062166996e+00
-5.149036289903142993e+00 -4.239643317004599510e+00
-5.575479768490867905e+00 -6.891404788166695994e+00
4.148939039262472761e+00 -9.072932955262739796e+00
-3.225571281196880413e+00 -3.434612121796699391e+00
4.613464690104647659e+00 -9.808110568465259860e+00
5.387007753938961585e+00 -6.482707813641029659e+00
-2.789240384075963863e-01 6.377311801898685850e+00
-3.000663923458508631e+00 -4.067668243661874072e+00
3.904643913137901823e+00 -5.972464157678920138e+00
3.561666271797956917e-01 -3.598062256458117059e+00
-5.448841200996111134e+00 -4.422286238051787777e+00
-4.771259426300800577e+00 -4.735305694492319084e+00
1.585367850612722229e+00 -8.912619531188568089e+00
3.462956678436553304e+00 -1.055031730733832163e+01
5.536151401630283075e+00 -1.498162820514940652e+00
-5.137530586273647337e+00 5.580369052176056499e+00
4.013777190893179636e+00 7.195199852546179109e-01
8.195292806258102303e+00 -4.702617965024364910e-01
-1.274390550032436620e+00 5.138000779507938987e+00
-6.025352779552573423e+00 2.463775881425076530e+00
6.938046503361949391e+00 -5.952204440948922759e+00
-3.330553392323708728e+00 3.867398366740591342e+00
-4.671143568750313335e+00 -4.641927589409100108e+00
-2.911410846151733622e+00 5.502048822753065060e+00
1.588241699903335968e+00 -1.772378550757142346e+00
-3.644837157907669489e+00 4.687059610115798414e+00
-7.974773208280525605e-01 6.509976437193189192e+00
-3.897756515635768082e+00 -6.087746831216970023e+00
-2.853478770889649407e+00 6.231209468854832956e+00
-6.504779710151902705e+00 8.403651221650530800e+00
2.146570826543063415e+00 -3.544108163103598663e+00
-6.648845219694091924e+00 -4.793215147398194986e+00
7.892491738892797315e+00 -7.301374216397022998e+00
-1.418793767394937566e+00 -5.950192317913473694e+00
4.947098776603248815e+00 -4.332641951192949037e+00
8.053207234873717368e+00 -5.180111293635980552e+00
4.034458124820750058e+00 2.114279436151971225e+00
-6.926516342690760553e+00 -5.113618291236609714e+00
9.663700050890128290e-02 -3.835824425306851637e+00
2.745112696418752662e+00 -7.605656808421259463e+00
-6.597179301788792749e+00 -4.761950255891179040e+00
-6.517086565556777789e-01 7.177718869520736789e+00
-5.427373436068542389e+00 3.203775233292019742e+00
3.832529064147787601e+00 -4.028288021830396026e+00
-6.442064461312861923e-01 -3.219869910698194282e+00
-6.737081177046039038e+00 8.416038294232301098e+00
-6.185802224619237677e+00 3.223881133758946582e+00
2.280903722021138336e+00 -5.111845400468295608e+00
2.541226415894625834e+00 -1.248302590205282225e+00
-6.967900206871422419e+00 8.639087084490871149e+00
7.312010412679526894e+00 3.899487569072324078e-02
-2.700012315405317942e+00 5.766172592243546724e+00
-6.229028770450693031e+00 -1.894630275871737712e+00
-9.481643124160004987e+00 -4.260186741811440303e-01
-1.760970678034591952e+00 -5.343796768804867092e+00
-4.034061992486623005e+00 4.458520888973177776e+00
-6.659081643353329305e+00 -4.130576516461417214e+00
-5.220063653783977742e+00 -2.283709902457751184e+00
-5.699806945215837750e+00 -6.307628883772804507e-01
-3.053657597124406653e+00 -5.089384887639896604e+00
3.782684978195306691e+00 -2.901481205063371593e+00
-2.008793667336971289e+00 -4.834574277953502808e+00
-6.556910135950128726e+00 9.195046710133265577e+00
-5.019165415847455236e-01 -4.563701248152423062e+00
-6.777467232109653850e+00 -3.675199436968271893e+00
8.202293490784597907e-01 -7.315351315023562506e+00
-4.115225934960838217e+00 -8.268169884755806054e-01
2.332960439780361828e+00 -7.179798159322198003e+00
-3.568144035698040728e+00 2.670532714642745553e+00
3.707542995620834780e+00 8.849520497058600554e-01
-1.048102696102326803e+01 -2.616403356224493937e+00
3.846922873235673279e+00 -9.377330989109854187e+00
-6.311319510265921195e+00 3.040342852245538907e+00
-5.810821653491523797e+00 -3.447446877601850090e+00
4.213454962538728310e+00 -3.971825497696479079e+00
-8.536033787692581143e+00 -6.495964384139806258e-01
-3.851522742126448406e+00 -5.137702964148165741e+00
-1.087138360302801754e+00 -3.085808188045223499e+00
7.748131212312037164e+00 -5.038178453632389697e+00
-5.827123114784715341e+00 9.847711482221939150e+00
-5.364171695614243340e+00 3.535167127050470093e+00
-8.706518671038640633e+00 -2.993708133815957684e+00
-2.853870533352870886e+00 -4.563312913570660712e+00
-5.489297227994096140e+00 -4.436069420605398328e+00
7.175678937714238259e+00 1.018312449684577903e+00
4.666700495093388135e+00 -1.005648170775870121e+01
6.628837545880559290e+00 -3.433186473905884828e+00
-6.274614851218898615e+00 -5.911596067589438341e+00
-1.553805921345889463e+00 2.492972513351717545e+00
4.460666495433493139e+00 -5.459541933750256426e+00
8.561777754666823892e-01 -4.976822365728636122e+00
1.122928026877363927e-01 -2.656874083689995114e+00
-5.900597052261467468e+00 -3.476555072348505249e+00
6.642918353380505181e+00 -6.581695979746203129e+00
-7.663756939922501843e+00 9.566308606910929768e+00
4.483745926404868243e+00 -9.443799357736798683e+00
4.017379509495647483e+00 -4.081643784708954392e+00
6.268005892795024181e+00 -7.890668952994333019e+00
-5.168111099497022742e+00 3.402344463213201831e+00
-6.776877485630358855e+00 -2.691473681522491113e+00
-5.241739439765232156e+00 -3.202206152795240346e+00
6.639460827408826260e-01 -4.065690237165691556e+00
-5.440164532721895263e+00 5.203564175826470795e+00
-3.849373649592380708e+00 -4.647135607245751032e+00
7.988962995876793816e-01 -3.617380747084313342e+00
3.139774213343530018e+00 -1.027849870727373016e+01
5.544870785518481782e+00 2.346309565425936938e+00
3.138782055569175000e+00 -9.730263146331150637e+00
-7.046978796486521368e+00 5.336416856652795637e+00
-6.889851860839161901e+00 9.619691008832070622e+00
-4.000264340593673751e+00 4.340940684266096916e+00
-1.333778514138584725e+00 2.100254371137851184e+00
1.779599988903376007e+00 -3.464862360735180502e+00
-2.493452267612198181e+00 -5.439551870348962481e+00
-7.385970425980907805e-01 -3.576131401002139221e+00
6.738849230500872700e+00 -6.955242965405665778e+00
5.296911005283206464e+00 -1.037090890915713359e+01
6.943156917327269362e+00 5.273607210919241339e+00
1.980578122114515782e+00 -3.259442244951152201e+00
4.677996559720320136e+00 -4.364038184555644406e+00
-6.807239683614997539e+00 9.665600928359960875e+00
-1.035920964250302667e+00 -6.127117558404759023e+00
3.542020992244663269e-01 -4.594447881642099496e+00
2.151299421054088334e+00 -8.331032891664763795e+00
-3.221416995798249694e-01 3.761287742876966433e+00
-3.269497301828300895e+00 6.620714044402916443e+00
-6.373231248758663092e+00 7.853185784191373031e+00
3.814927070174193524e+00 -7.201955079146072691e+00
-2.908425591587381120e+00 -4.287243614360069621e+00
-6.432024322685990114e+00 -1.233842619911595939e+00
-3.292131441020195837e+00 3.647600157269212495e+00
4.794568654936133711e+00 -3.623927546808266564e-01
1.416046980702092117e+00 -7.884385443668090687e+00
5.777463775804372759e+00 -4.673537294560041744e+00
-2.336907986597860809e+00 -5.023990131052232577e+00
3.222875695955132347e+00 -4.898336201975987514e+00
-7.699996440240148843e+00 8.200240267843607711e+00
3.036262802381943793e+00 -5.927878789926000813e+00
-2.409871790854909435e+00 5.726545951170667337e+00
7.759239289325915223e+00 -1.755975031397226105e-01
4.105461057587508122e+00 1.717824044747839896e+00
-3.045221840805276248e+00 -3.413130371619210734e+00
-6.080689733318973111e+00 1.046276775358628619e+01
-3.272033636816176649e+00 -4.147300187420437823e+00
-8.988636019629637985e+00 -3.420998874596405948e+00
-6.400087850296882763e+00 -5.071721142693577988e+00
-2.552709531143981803e+00 5.183038164079896148e+00
5.467347256493444441e+00 2.531451559777191385e+00
3.830395503630525056e+00 -9.314767396794927379e+00
-3.607922203427591512e+00 -6.860952848714509500e+00
9.707542181878427989e-01 -4.916162627225420856e+00
3.201694082687093879e+00 -1.775707942015656293e+00
-4.371759238654520985e+00 -4.914725511992231510e+00
-2.138262194556204143e+00 -3.805836626364369035e+00
5.550827308923026671e+00 -6.793516066550281174e+00
4.459248118620425805e-01 -3.656965345444767035e+00
-2.959023099346176799e+00 4.836813995936325661e+00
1.529645660424904019e+00 -6.698122961602491543e+00
3.969365497798609255e-01 -4.945008972223098986e+00
4.454904537341131565e+00 -3.001751383355977687e+00
6.076986380265320342e+00 -4.254363604790910358e+00
3.317568825125153165e+00 -9.111090663448925042e+00
6.435227641245730545e+00 7.868355552773993455e-01
7.025554021859783838e+00 1.716843769255884000e+00
-1.739397972967427819e+00 -3.016930725041795824e+00
-5.395672023107971782e+00 7.661026372958827935e+00
7.900996942263037504e+00 -4.759696892679247782e+00
-5.355636750351177255e+00 -4.530102292616660087e-01
-9.348964073630549265e+00 -1.814972737387499979e+00
-2.051524755225095475e+00 -5.348041387999583840e+00
-6.192552398740991393e+00 9.560519259956500093e+00
8.315302125743581740e+00 -6.506351960791270095e+00
7.108329930797025575e+00 2.766518734254701517e-01
-2.101164067182553552e+00 4.146851316037562185e+00
2.531843826175742773e+00 -6.222555380635359512e+00
-6.943355354797994927e+00 -4.301199619907762894e+00
-1.397224627045617895e-01 -5.166920610004753556e+00
-4.254734594708367013e-01 -5.511160771196228048e+00
-6.566654514088568817e+00 1.055553544599371740e+01
5.190410540533469508e+00 -6.967452935814193005e+00
4.643856612327997624e+00 -3.998621352674873286e+00
-2.648018752244661211e+00 -6.144431545851004373e+00
4.247270429905842803e+00 -1.113968347686771665e+00
-5.941812436316831203e-01 -4.630256908917652403e+00
4.294332732367672101e+00 -3.012241752412129436e+00
-5.309424032515819292e-02 5.406451397068300579e+00
-4.591148916024411442e+00 -2.289336248747221525e+00
-3.366796767050499906e+00 -3.477929123444061688e+00
-7.830081667399199086e-01 5.272296137237652225e+00
2.239807363069630242e+00 -9.321062761039730304e+00
4.483464863830337599e+00 -7.693020268494911384e+00
3.277144767580812079e+00 -7.872998633300388960e+00
-5.221177180139017437e+00 -5.109007013547386400e+00
9.183852002081486887e+00 1.252469841135409601e+00
-2.585404083755078020e+00 4.879761152076035557e+00
3.921488462070830572e+00 -4.894045487588539523e+00
-1.004006373244219263e+00 6.265456960119748508e+00
-5.195848118958233286e+00 3.035160804272430290e+00
2.398628287796548353e+00 -4.413332496790212112e+00
7.188682897913106551e+00 1.897319383351294686e+00
-2.136735553343346972e+00 5.396866469660261956e+00
-2.670635122847332177e+00 4.121407653492846990e+00
6.833398111953221665e-01 -5.223061789905958818e+00
5.235465121527259846e+00 -1.382966705422541187e+00
5.836626147534047071e+00 -6.122686907309570437e+00
2.661901152425113715e+00 -9.423831200510168316e+00
1.830005584339647662e+00 -9.930151437279576498e+00
-5.263334016671018745e+00 4.024090630495198440e+00
-4.873552173815617117e+00 -4.633316806581514236e+00
-8.038112313719910418e+00 8.635669253168522630e+00
1.706665338449149805e-01 -4.161445038294028897e+00
-7.503804287369428394e+00 9.459857745076281077e+00
-6.988082834596561099e+00 -2.639906213582996042e+00
-8.591332744256705567e+00 -7.475737826517840912e-01
-1.740722176504202467e+00 4.660414776670932291e+00
3.062386348536611180e+00 -9.983457910811097236e+00
-1.282414381107153334e+00 -6.394520070672707668e+00
6.320976312119641172e+00 -6.679510582947693287e+00
8.137780978157920231e-01 -5.038612733786623110e+00
-6.691759017499541606e+00 7.809532811170292632e+00
-5.756817822949648722e+00 3.300651131388783632e+00
-5.651382464787213955e+00 9.945085671568199004e+00
1.667516152418140774e+00 -7.684109763494930689e+00
7.766840286645263269e+00 2.373001459801115764e+00
-2.060880945033383149e+00 -5.191829677560412470e+00
-6.236514769568712424e+00 2.582550701691625594e+00
-4.773518799090157749e+00 3.326163517089625543e+00
4.399875561839695415e+00 -5.952759751139860001e+00
5.642909449094450025e+00 1.955104023914439271e+00
8.986002274801792034e-01 -8.772140148161611251e+00
5.189004700829269012e+00 -6.503710294700082439e-01
-7.396538846055820571e+00 -9.090766392157089149e-01
-6.917498864241439449e+00 3.388536044910421374e+00
-3.368219495955592002e+00 4.975664373123165340e+00
2.167310084111130131e+00 -4.066181641069793073e+00
-3.799377741253330498e+00 3.401177787825871768e+00
-2.657190634701935394e+00 4.849000959940018340e+00
-7.227815554591574987e+00 -3.357185416822654478e+00
-7.025850815811610417e+00 -2.223614221488696252e+00
-4.461801196959717331e+00 6.646559722137391546e+00
3.194125706597465530e+00 -5.183063404234201421e+00
-6.072182028946045307e+00 2.806970884727947979e+00
-2.979111084370673623e+00 -1.591297284342970020e+00
-7.156592041808238491e-01 -4.875266772036284557e+00
-3.443170254138001152e+00 6.453531422621416880e+00
1.724003674879420078e+00 -7.441061937824174244e+00
-2.173322621807513233e+00 -4.998032044789849415e+00
-5.753328509323469397e+00 9.960799561191793217e+00
-3.638796331785757232e+00 -3.166271387893950351e+00
5.664473565634259522e+00 2.290120948045165861e+00
4.508326290439550910e+00 -9.507378107834862035e+00
-3.225292532442521898e-01 -3.075430815870991985e+00
-5.739374998349840773e+00 1.950129708381318050e+00
-2.363247748593767295e+00 -4.334638907785566708e+00
9.784235190084110689e-01 -2.578409170950039186e+00
-3.081032602949933974e+00 5.212477000446881448e+00
-7.344818177427822725e+00 -5.219717644700581971e+00
-1.880532590376837732e-01 4.652248958417305680e+00
-4.717927973917913853e+00 6.857712404441446807e+00
2.739706013999960277e+00 -3.585994057105646338e+00
-4.866379075601113158e+00 7.178256849640475501e+00
-3.109895524483063056e+00 3.720860690483101418e+00
-2.844321234813100840e+00 7.312139209172990206e+00
5.716884986687317927e+00 2.205161929947422550e+00
-2.367076911151265728e-01 -2.790510838501187862e+00
-1.307874353442596504e+00 -4.616746965657027246e+00
-5.906029056011687040e+00 -1.140892505363390264e+00
-4.392653442243708461e+00 3.212088032989618203e+00
-6.659522438174638737e+00 -7.199448681438894715e-01
-2.011933890316299767e+00 -3.681691612525848534e+00
6.167243000107604622e+00 2.629970653935678193e-01
-6.330025348256465456e+00 -4.352200514047789071e+00
-6.294769133778928882e+00 -3.731533188496328535e+00
-9.495918535992462495e+00 -4.950889041017062731e+00
-5.482941512948754870e+00 -3.210187762014747648e+00
-5.227071300815658184e+00 8.926566542167865492e+00
3.360352170976962372e-01 -4.075133815347692590e+00
1.615602353151651460e+00 -8.591238981796019303e+00
-3.105829199998095813e+00 -4.517077912192001499e+00
-4.000361036315549512e+00 5.414201054472023600e+00
7.651654391224629315e+00 2.029187960691994697e+00
-6.704880946494994554e+00 7.427434974846716997e+00
-5.560637732368723718e+00 1.069332974753095655e+01
2.336610104328407544e+00 -9.427398609170529298e+00
8.083770949257248262e+00 8.459563282160436071e-01
-7.354425058646081315e-01 -4.566877445005428804e+00
3.001184587528404890e+00 -8.243538653396173643e+00
3.487108930763278991e+00 -4.796145924187518617e+00
-2.416358402190903032e+00 3.466289815108188677e+00
-2.760275572694289359e+00 -6.977076401764231939e+00
2.799310166861782356e+00 -9.141743765575537140e+00
-6.269878565132631643e-01 -8.008935805823577780e+00
-6.845028623694804359e+00 -1.041561648200085122e+00
4.020432707593245780e+00 -5.106941570882543857e+00
-1.939315238263681795e+00 3.482238765306683526e+00
1.795586948701736407e+00 -1.100699522387693641e+01
-3.382519553868397644e+00 -5.089795078343289703e+00
1.564536102641197690e+00 -5.115350873912177576e+00
-7.858406948010405735e+00 -5.337919729872413477e+00
5.790659945780863183e+00 -8.404792818203890903e+00
4.555646861525940672e+00 4.086693049031996372e-01
-7.029860236705158805e+00 -2.429783065864502767e+00
-2.895330801876561555e+00 -6.013397525723026327e+00
-2.365569376308001459e+00 -5.670972965422827805e+00
6.344523951930541195e+00 6.672391786728915086e-02
5.427053386314953265e+00 -6.057298378240563608e+00
5.985063493536593171e+00 -6.037790271630037786e+00
-2.760683017164367037e+00 -2.614732328502868519e+00
-5.190522754906415237e+00 3.862268873782628731e+00
8.751733532476503541e+00 2.045180398255880050e+00
4.262711869109099716e+00 -8.991252381699194274e+00
5.516763733690956961e+00 -7.883953944651572954e+00
6.235070292428400940e+00 -1.483656685674847431e+00
-2.580062938372481351e+00 -6.916861642604679616e+00
-7.248379183299251682e-01 -5.743216082173796977e+00
-7.008562172707859528e-01 -4.557325005184345912e+00
4.362646928401569646e+00 -6.467224291389021218e+00
-8.374045568234304682e+00 -1.113647289497073922e+00
5.851695134099713869e+00 -1.134998823750559538e+01
-2.917404554541156436e-01 6.288060719239719099e+00
5.829122254792443947e+00 3.314841444167970774e+00
-4.223493486557535981e+00 -4.421506000207952702e+00
-6.031210551080600446e+00 1.015574583677920373e+01
-2.303734301774437832e+00 -2.848874347527076356e+00
-7.162078387366672239e+00 -2.466213613261829529e+00
-5.826389330438596303e+00 3.073978593428084327e+00
-5.529748755566531671e+00 8.303555363774060893e+00
4.667224065664206556e+00 -1.003765932136456307e+01
-1.937171782071776649e+00 -5.459593567813535664e+00
5.354571155981149744e+00 -1.014075641846865494e+01
2.426654106023740987e+00 -3.798750415584539741e-01
4.881453805713633187e+00 -7.956970986446711969e+00
-3.311683546101667819e+00 -5.297121324883175220e+00
2.250051290100461898e+00 -9.528903645037866355e+00
-1.096390525594481247e+00 4.026348680316039541e+00
1.524301899163754470e+00 5.893754550746750809e+00
-6.044020312984799581e+00 3.299360997856812805e+00
-3.789112955081928025e+00 4.245027333162807004e+00
4.809626338977159854e+00 -2.885719597572116157e+00
1.805368317690238422e+00 -2.559305523710637242e+00
-6.713658043743696346e+00 -3.920479196568796176e+00
4.004344282333807126e-01 -3.031144462076421853e+00
-6.355760461537810713e+00 9.362985599589565666e+00
-3.119162677664584660e+00 3.745255071395467095e+00
7.985838332663689698e+00 -6.943338425419930182e+00
-6.714250788896719335e+00 -1.206424017999398135e+00
-7.089309567851038274e+00 -2.830065320859021405e+00
-6.169825119928549206e+00 -7.038530546353531037e+00
-5.748256637939855196e+00 2.364570872399976764e+00
-9.063613366451428455e-01 4.966404646851236393e+00
7.621913681664474360e+00 -5.078643576788103076e+00
6.773219045114479364e+00 -5.180461925189534078e+00
6.098341049895159571e+00 6.153302670032958499e-01
4.681463975013088863e+00 -4.368351647125220616e+00
-4.746234002877106839e+00 -2.292449756753442092e+00
-5.467726036286544300e+00 1.878011282023912543e+00
7.601254141366299066e+00 1.564402344607529471e+00
-2.834899374029213881e+00 -4.390361656682230773e+00
-3.593023772017973627e+00 6.467077109833001103e+00
2.088274336383329377e+00 -5.969962500427383745e+00
-6.959593835479362944e+00 7.660969973234498909e+00
-8.488726870672202551e+00 -2.992885744520604518e+00
1.603496554010815256e+00 -8.347145342879688457e+00
4.608726158386261318e+00 -1.266943553760870866e+00
7.471942231486790043e+00 -4.818706977967752714e+00
-4.700888070974975186e+00 4.278240775148705488e+00
-3.677391056551797099e+00 5.520622752877718753e+00
8.287454302995751476e+00 -5.615471142010897587e+00
5.041238736510387231e-01 -6.245931613337841526e+00
-6.357456215293785462e+00 3.301132016362830157e+00
-3.555571943855269978e+00 4.908035914147849788e+00
6.091731577762947936e+00 -6.953799375362430091e+00
-5.977445323467376781e+00 -6.137305841058968703e+00
5.025418450286366578e+00 8.448077341535678020e-01
-4.806484288309370356e+00 5.896073738898349959e+00
-1.478375904398691709e+00 -5.411918459912901547e+00
-1.055215140655183959e+00 -3.079968420677213992e+00
3.939589819667739246e+00 -6.064551689235464949e+00
-1.778968964651524765e+00 -5.338778802691550140e+00
-5.106168296849332933e+00 -2.858647968502478598e+00
4.415280215431799604e+00 -9.280017537873488820e+00
-4.763065950705679619e+00 -4.759971212293361731e+00
5.596117258995474408e-01 -4.441618644031840368e+00
-2.818147245238125542e+00 3.420752507457207603e+00
1.687688217771776689e+00 -8.834407336315834414e+00
-6.875621883131246115e+00 -1.405484644232796843e+00
-8.265900501833705505e+00 9.001181927982743858e+00
4.195415808588073503e+00 -2.532025748968312229e+00
-1.408840286130966790e-01 -2.502925906207745577e+00
-4.322070739342138701e+00 4.970939302464082665e+00
3.439858528045275143e+00 -9.164934425436923604e+00
9.825786903238925563e-01 -7.681663013111101002e+00
-3.720526587861570089e+00 5.418713790487857729e+00
-3.155312784067154652e-02 -7.880576971600510738e+00
7.940718686721019104e+00 2.202974352279154058e+00
-3.471312944880496687e+00 -4.829822947526568377e+00
7.276275113315149312e+00 -7.031481014096359061e+00
9.074716004353868826e-01 -6.964284051008975851e+00
-7.374209270109745695e+00 -9.462545506998070177e-01
7.846348224650535608e-01 -2.061910153394780565e+00
-6.951605884902671839e+00 7.410698278825611496e+00
3.634551296053014191e+00 -4.737159174939426620e+00
-6.735609377254631269e+00 -4.413523048906025537e+00
6.692329141915047686e-01 -2.592454366691669065e+00
6.055093973602888369e+00 -6.713001347981463418e+00
-2.727728895488074734e+00 4.888703304714652198e+00
-7.723492062141795955e+00 5.110785939751269602e+00
5.543738752680205550e+00 -4.812387620681104039e+00
7.084304398377616607e+00 -4.917806655408062610e+00
3.534756928400527798e+00 -9.161584706777222920e+00
3.987832148008717326e+00 -8.985281111250927211e+00
9.838483800694699521e-01 -8.801890570460086494e+00
-5.695477889702264207e+00 -2.419949405064470760e+00
-2.559260851912336321e+00 6.157405253497472586e+00
4.585223005240981919e+00 -5.158997450848730182e+00
1.924420611702537309e+00 -7.103919861624209631e+00
-6.056765747986123216e+00 -5.279543923666608407e+00
-4.712874874267546588e+00 2.669717691076322286e+00
5.853346032778304675e+00 2.927228382180147470e+00
6.003215768229052784e+00 -6.861805737141559725e+00
-3.760174903270780522e+00 4.852445025203392603e+00
3.525688017245547368e-01 -7.079741780660803840e+00
4.375761607863854152e+00 -9.350697188451739805e-01
4.944095613970206138e+00 -5.435569217191328129e+00
-1.586194176063000505e+00 2.531031011035304257e+00
-5.932352281080630618e+00 3.932461962412919565e+00
5.316011345693197221e+00 -6.354710931058104029e-01
-6.718459102680382600e+00 5.602992505257507361e+00
-6.268679980170461796e+00 -4.194080273795679048e+00
5.058674842996592425e+00 -1.184500611550086902e+00
-6.542067170521383979e+00 -4.109687085155526276e+00
-4.894726285508806285e+00 -6.734299127073389846e-01
8.508614241636555775e+00 -4.908965516541350382e+00
6.853648538813987834e+00 4.101006003575157211e-01
5.274487487464313951e+00 6.249901535755209014e-01
-2.965055850520193825e+00 -5.265801533867795037e+00
6.678997865781162169e+00 1.227303034681745730e+00
-3.534438306605455438e+00 4.946411722620105422e+00
3.851684877972088916e+00 -4.061836402205087460e+00
1.971604193765874147e+00 -9.071783179752655357e+00
-2.990722297787101969e+00 -5.570746942365042642e+00
1.506062434950046658e+00 -7.545113473177996077e+00
-9.146807310609169406e+00 -4.710118531177363010e-01
-6.601945446685006935e+00 4.729094469328041228e+00
-3.361813392057273475e-01 7.523265170935630408e+00
-6.699710922777762256e+00 8.669922191886783480e+00
-2.106538756739009699e+00 -4.236981727235346717e+00
-7.425283546805660606e+00 -2.615380684731416050e+00
6.514418014202809637e+00 2.507088029658077311e+00
-7.475006871274757714e+00 1.192016790753198308e+01
7.844483337557498714e+00 -3.663305597477051201e-02
-7.712549389485945817e+00 6.119257729420519709e-01
-1.181806158073797741e+00 3.292728448533929875e+00
8.676669195142952873e+00 1.259928186869858191e+00
2.371838102627949141e+00 -7.843103708224546722e+00
-6.593616570362859086e+00 8.482419817286926289e+00
-6.626009161025473659e+00 2.499781266759384835e+00
5.001452963571293431e+00 -9.896177711164586555e+00
-1.480368739153781199e+00 7.817044620363578389e+00
3.510228187002638833e+00 -3.013736743857953648e+00
-4.185984020688119145e+00 -4.624071855176719481e+00
2.302748172064472243e+00 -1.025706676608776569e+00
-2.102041587688225910e-01 -3.628575015894097699e+00
-6.050667255367173425e+00 2.394177418160735371e+00
-5.949577347138283123e+00 -3.027239844422124904e+00
6.588737443290673568e+00 -4.005564410379589546e+00
-5.878018301667280454e+00 -3.634875789732518125e+00
4.678881548501379939e+00 -9.890182009988103928e+00
-2.812354583133116481e+00 -3.940645756800265520e+00
-5.653924932752286026e+00 3.583983261905540285e+00
-2.230316862191875860e+00 -3.921935333800875334e+00
-2.249056138785570980e+00 7.695250559686301450e+00
4.578049564764078205e+00 -1.148431964460494115e+00
6.651729037471008077e+00 1.100416030485901864e+00
-5.240112517081873200e+00 4.108519620977399534e+00
5.372106613363325955e+00 -6.318625345317329334e+00
4.784439421436921691e+00 -8.514045940537394941e+00
4.066644011359169752e+00 -5.506944679301113865e+00
-8.514265766627395760e-01 -6.034919174650988261e+00
1.659268112448313737e+00 -4.691359416920828806e+00
5.744116580161482410e+00 -9.189954925057830515e-02
-8.465279862968337454e+00 -2.532173115796235052e+00
1.570252523951422230e+00 -9.066954673145732002e+00
-6.853077406934098725e+00 -6.945963815940415786e-01
-7.099809622264684705e+00 -2.125400446480106620e+00
-7.419764876125619857e+00 -3.991893309377145815e+00
-2.288421999318781541e+00 7.076399451318233780e+00
4.321109921493111017e+00 -2.171680769974776659e+00
1.177712608610703260e+00 -4.322585204000155557e+00
2.195719922881572472e+00 -8.727674237868937368e+00
-3.338841526585313080e+00 -4.556128530092517614e+00
6.282432068628769350e-01 5.176652179405901499e+00
-7.650396897330062451e+00 9.843951195837071566e+00
-3.030545523084019255e+00 -4.417461577629882896e+00
1.525421630272342455e+00 -7.225626319752683102e+00
3.529587568350265769e+00 -7.951173694889630994e+00
-2.739080987904090936e+00 4.236716182239611328e+00
6.507225159310825902e+00 -1.066269176973290378e+01
5.504519540232449160e+00 -6.865670218760199006e+00
6.148462106496123347e+00 2.584096054183963265e+00
-3.232781107189163450e+00 -2.965890997218273650e+00
-5.666512262006968115e+00 -1.956396689180715853e+00
-7.386938208391515825e-01 2.894950336831498383e+00
-1.625415305055517123e+00 -4.102303548006942080e+00
1.921184500914843607e+00 -8.448661230919540799e+00
-8.221684272909042690e+00 4.661893231504578239e+00
-5.472561184725345917e+00 -1.833021491101839651e+00
-4.441436044807737460e+00 -5.394649227747641440e+00
4.698455832757386652e-01 5.964943371363078839e+00
3.884801309236694422e+00 -9.907658435559495658e+00
-3.381292357520050196e+00 3.859401215550897657e+00
4.910524805858826447e+00 -3.647533459021006230e+00
7.372136568125624123e+00 -4.231475868812864860e+00
-2.349634313283689213e+00 -4.819528151648153624e+00
4.956290139720371357e+00 -8.713254677159801176e+00
-6.560365391995818918e+00 -5.245694268343217281e+00
-6.567667412994294907e+00 3.548303326280245251e+00
-2.266593036066411493e+00 7.057232623038467878e+00
7.622767266191768698e+00 -6.321774626515595408e+00
4.284661287903486659e+00 -4.853359922627975998e+00
2.871869226173306977e+00 -8.262385840144501614e+00
-5.602868601923118419e+00 -4.762997902974213993e+00
-6.371151761857144713e+00 -2.452426821384634525e+00
1.100192123965519464e+00 -1.067987996707942777e+01
-2.719170811910400332e+00 3.448865649970291436e+00
5.607398584357680349e+00 3.123989308762996409e+00
4.594802693329842924e+00 -4.423168743028941252e-01
-5.471532214995876942e+00 -3.609442257679488453e+00
-6.901489170062113487e+00 6.842282211062151731e+00
6.499136960741575209e+00 -1.507046907571313099e+00
8.388083062816856783e-01 -4.337202835180561600e+00
4.372258492537588026e+00 -8.713253577757618107e-01
