4.967674756656975887e+00 -6.507629056264252476e-01
5.886171521338041668e-01 -1.387986650369536168e+00
3.559302178098385561e+00 -2.754809519725359479e+00
-8.533173926729325842e+00 -7.066192066662962290e+00
5.712628484659777683e+00 -2.675855178060561723e+00
-8.998929843653304061e+00 -5.648224236400209541e+00
3.944689096650350280e+00 -5.603287643541343677e-02
-7.864064071316408722e+00 5.417076986635827041e+00
-2.024848615379706729e+00 5.186206451395871220e+00
-2.710022951067427854e-01 7.691534526465829913e+00
-8.659801902992494860e+00 4.804811156107684500e-01
1.012230525618949217e+00 -3.836568833689788516e+00
-5.872034682247512904e+00 1.064799971810463752e+01
-3.234158018251113820e+00 8.589994922457254489e+00
-7.453679983370452788e+00 7.022268942312556383e+00
-1.283485436951630199e+00 -1.832306419131345621e+00
2.639335001254963231e+00 -1.847133236270835255e+00
-8.386553652610727383e+00 8.416549802119073220e+00
-4.300009397891410012e-01 -1.908597268751360598e+00
5.386195526680388035e+00 -1.191266799672625165e+00
-6.400669445552908066e+00 -7.080990868655533177e+00
4.663832499157782863e-01 -1.643404406283718533e+00
-2.417962186962760995e+00 8.222687300811180933e+00
-9.170161462034970512e+00 -5.400410922609047759e+00
-6.578638698196357382e+00 -7.649399373377195666e+00
-9.693242709928767908e+00 1.012471815968631894e+00
-9.468175561958066311e+00 9.149591605554788787e-01
-5.222036325042254123e-01 7.801131209819152978e+00
-1.029757592268868471e+01 1.727401683256225784e+00
-8.222694308816286934e+00 -6.134916034997210943e+00
-3.984068518420761151e+00 9.529961161747721121e+00
-7.940265199382991135e+00 -8.073161664067553644e+00
-2.529734668456103730e+00 -1.941690897959961859e+00
-3.026719288987950840e+00 9.562403334152167034e+00
-5.170175182131139913e+00 8.472081932338873855e+00
-8.026033559118733507e+00 5.885345318749898524e+00
1.792731380721979129e-01 -5.850028105449580629e-01
-2.030725261016149030e+00 7.842639587868761808e+00
-2.414930372730850650e+00 1.015007267033387528e+01
4.218590281008947063e-01 -2.744549310461141367e+00
5.060715989039456630e+00 -8.057237655663457288e-01
-3.313115154442787258e-01 -9.352959606624546396e+00
-9.901125171905857059e+00 3.270413885093255146e-01
-2.681629670321012959e+00 -8.741687896712441841e+00
3.260098407334819370e-01 -1.157860596670952091e-01
-9.672210584650329679e+00 -1.693472213553410377e+00
-9.103711022556471022e+00 -4.260630787196850733e+00
-4.359651521856514833e+00 6.896913840456416978e+00
-3.049175439508792884e+00 -9.226195619936019554e+00
-7.300423991177376948e+00 8.177640533162788827e+00
-9.055269570253786426e+00 -5.776831246377929219e+00
-8.621512060811691303e-01 -2.178979238878793634e+00
-4.444585999297130385e+00 8.157763907868639919e+00
-1.737327504579662563e+00 -7.664615946448547490e+00
3.822056482377070186e+00 -4.571679872911298403e-01
-9.283058839650660587e+00 9.669967579300621452e+00
-2.842532959823255378e+00 -3.283862634609159503e+00
-2.697004767407927606e+00 9.859705018323921877e+00
-4.710452556758918163e+00 9.737433287146524563e+00
-2.086870721509085147e+00 -8.757093000029575691e+00
-4.574593363399170443e+00 8.579369658985077862e+00
-7.343340301976761797e-01 -8.611874655325992833e+00
-7.815653044589200071e+00 7.057942822443862063e+00
6.023372951492671490e+00 -2.906437207073023998e+00
-4.192577639897129949e+00 8.404026140423132674e+00
-8.158651849318896865e+00 7.422140532393655121e+00
7.490929377427801850e-02 -1.061937397684820983e+00
-7.260762770586032921e+00 6.291417954001584434e+00
5.740983627618709839e+00 -3.042781944194343335e+00
-1.068105057786085998e+00 -4.078223662514355752e+00
-1.335689636888085285e+00 -6.466179808251550476e+00
-6.444734753226249779e+00 -6.056362229072121295e+00
-1.325936804442163774e+00 -8.759686169797658017e-01
-2.718704676294452227e+00 8.533848962534296589e+00
-6.755927303471624512e+00 -5.945478220797276947e+00
-7.125757852712043317e+00 7.585546347871169104e+00
-2.245169305698639928e+00 -7.530124736405506169e+00
-7.114626613456829229e-01 -1.583309879693380218e+00
-6.480878984337762105e+00 5.993998753532641999e+00
-8.005035783976163444e+00 6.940319936987769722e+00
-9.582556347895566873e+00 -5.843471999814870088e+00
-1.056359394287003006e+01 5.759969145488463838e-01
3.523218588821622088e+00 -3.022327375589399789e+00
-7.109510375481193023e+00 -6.727774604032510375e+00
-4.878234791463618159e+00 9.319268751551529562e+00
-8.807329997391862841e-01 -4.411475540760656955e+00
-5.467131150483402813e+00 1.006760366258806627e+01
-1.925047600458799080e+00 -3.251575592620838950e-01
-9.127436211052939896e+00 7.410594331024223713e+00
-1.127030164753943886e+01 6.769269046743058293e-01
-1.400181102479199913e+00 -7.537070563209534058e+00
4.506355457928425068e+00 -2.985435363264365982e-01
-1.771412969629510670e+00 1.058507562698544646e+01
-7.597015521532217264e+00 -7.239977462851829415e+00
6.046777119064979722e+00 -1.170849264586669491e+00
-7.981426788896019531e+00 -7.026549244056072396e+00
-3.086566854281628025e+00 -9.943430277691341246e+00
-1.040326179158381237e+01 -8.631176952060315433e-02
-8.441370287817955287e+00 7.437060174281305613e+00
-7.110713030457524120e+00 7.398853223864770179e+00
-1.143809425404549529e+01 2.554915584123980121e-01
-4.269411942658829950e+00 9.178418880925523382e+00
-4.685731579841282191e+00 7.583899552200533023e+00
4.015944354807446715e+00 -2.430015201239958067e+00
1.565186000021005608e+00 -2.883191700230614885e+00
-1.045631568223957863e+01 -2.668596265515884580e-01
-9.712967426616524236e+00 1.326442598789622895e+00
-4.433036350910523282e+00 9.198463013633821461e+00
-7.653778172191611162e+00 6.261463256500989338e+00
-2.907914736696537439e+00 6.064125116634000001e+00
-4.222409819509618245e+00 9.120605572697897401e+00
6.535432915321479186e+00 -1.938702657243957628e+00
-2.512386192994079614e+00 -9.394250696962691549e+00
-8.786574794133818145e+00 8.251115475437796221e+00
-8.729498962096855053e+00 -5.481991494881267357e+00
-8.242527587602593186e+00 -6.350690001134916329e+00
-1.185431530687380608e+00 8.518684247995743419e+00
-1.219886195280184893e+01 6.125272704065337637e-01
-6.538628931638565955e-01 -9.594250735227555893e+00
-8.246761073402114617e-01 -1.797000771872714786e+00
4.253953655945840850e+00 -4.033443903083704818e+00
-3.486440463666147238e+00 7.966672907091332689e+00
-9.429774917390762567e+00 8.624283128651073937e+00
-3.855329231533550338e+00 7.527711693205930921e+00
-9.283130648838081811e+00 -4.802312335998765391e+00
-3.532300815905712099e+00 9.754234051921127246e+00
-7.568446725942579612e+00 -6.065521536144311554e+00
-9.636620631763898048e-01 -7.163271244553769179e+00
4.716835713076951819e+00 -8.282111686407139794e-01
-3.322060591690737530e-01 -4.836454435265946650e-02
4.174751610936443313e+00 1.104167748347916866e+00
-6.920689200258914653e+00 -4.581438334457651251e+00
-9.187028625645080382e+00 1.034003078615580939e+01
-3.052206557613168503e+00 -1.505195287033257223e+00
2.075782052856230298e+00 -3.148937316667358211e+00
-9.120525641456518784e+00 7.562179785542006982e+00
-8.160965640507042096e+00 6.948039633971198725e+00
-2.270432190252351212e+00 -7.901331477832147954e+00
-7.376851780924941870e+00 6.541900994992428053e+00
-1.068493035303036365e+01 1.158298715510137855e+00
-4.755942591828888233e+00 8.307591879433278592e+00
2.939684175409241096e+00 -1.371026819217724402e-02
-4.816445834787574043e+00 7.006448132597617118e+00
-8.243495056024041645e+00 9.569939559455967526e+00
-8.670733343963470396e-01 -9.386280581911616849e+00
-3.623886046367374991e+00 -2.067380583792739479e+00
-8.318839892532345459e+00 7.749802837306078551e+00
-2.750874673412778471e+00 7.302846563948673264e+00
-1.011977892642909715e+01 7.386274916402268964e-01
-5.786141821783493455e+00 -6.916214236052663722e+00
-1.894019657271407642e+00 1.064606946962738654e+01
6.039623763948776869e+00 -1.073874566450168100e-01
-4.413933015030714557e+00 -8.622527035578867682e+00
-4.183321997865458108e+00 8.169460500911439382e+00
-2.377664040408901780e+00 8.261923517362697922e+00
-8.726650269131159821e-01 -7.786667176035906301e-01
3.146817394152938263e+00 -1.287021552299789873e+00
-8.925032935371179477e+00 -7.012265215467005319e+00
2.178350864139267706e+00 -4.818919024880623514e-01
-2.126370184796513296e+00 -7.475822890454558056e+00
-2.389517187603716231e+00 1.097816689315432193e+01
-6.611631025380456661e-01 -1.641903985562329193e+00
-1.052075108914912605e+01 3.795989758886856857e-01
-1.943554144976573639e+00 8.828285880771277405e+00
-3.859780523401928343e-01 -2.626412268259357141e+00
-8.067754354523248850e+00 -5.748056067510161071e+00
-5.510314518863644651e+00 -7.856107095728919631e+00
-9.891368039527504763e+00 9.819558863499366907e-02
-8.231264025476477286e+00 -6.178332905181018297e+00
-5.464238216693579897e-01 -2.116771048787691623e+00
-6.850554749967396440e+00 -8.672551559338717908e+00
7.625744013363344731e-02 -2.383486163981053174e+00
-3.793217548356317415e-01 -2.105839928582433185e+00
3.678182096819200275e+00 1.988153958290669543e+00
-1.098875128375230048e+01 1.473601752042156487e+00
-5.292227301939370854e+00 8.623810881596028821e+00
1.414632037039587065e+00 -2.183724295983472619e+00
-9.084686390977381620e+00 6.821396133845870402e+00
1.070123563618555762e+00 -3.879309543932423221e-01
-6.800241171262753959e+00 8.732865385929001079e+00
5.473178540234604483e-01 7.412436641599623677e+00
-1.130453447680990653e+00 -2.360324873298524029e+00
-9.533086456664836561e+00 5.535412689281180576e-01
-8.907123099948227818e+00 -5.650584736570638533e+00
-4.870281936160906433e+00 -7.043177940684628879e+00
-2.555338799691521778e+00 -9.861593096993615859e+00
-1.231124802806198737e+00 -3.205626422087561878e+00
-9.624528967075610453e+00 4.531249812470662941e-01
-2.947456833870270465e+00 7.011047910322400156e+00
-6.247003019552320957e+00 -6.651724294963771378e+00
-1.457255430512143901e+00 9.772498811166475008e+00
-7.053865254780305349e+00 -5.928132103237109263e+00
-2.934246357392828131e+00 -9.620769280503715493e+00
-3.868267203125455467e+00 7.532619797612168711e+00
-5.409477958209969017e+00 9.409089704518876829e+00
-9.077220910975572821e+00 6.349274322157544503e+00
-6.734813287768396606e+00 9.992719087252414312e+00
4.973684116514188069e+00 -1.296647019768120135e+00
-1.104804910823519748e+01 6.894552482209621580e+00
-6.860870474364300087e+00 -5.338420626280104386e+00
-1.185426552371800835e+00 -8.304441472686953318e+00
-8.189434253033212485e+00 -7.925222399447767074e+00
-3.926853677214288574e+00 6.921627121256887172e+00
-1.492616607899472925e-01 -2.801908963153722176e+00
3.695402371255060103e+00 1.083057445616474990e+00
-3.530687721257535827e+00 -1.551350096764738007e+00
-8.404926686774054190e+00 4.970753821995310240e+00
2.716032458812775552e+00 -3.718895930382775994e+00
-2.010793736374526741e+00 7.834046529668890813e+00
-4.199412847620876965e-01 -1.336364719929939104e+00
3.318068373619178502e+00 -5.112400961514951270e-01
2.688104244875247240e+00 4.354114412763512298e-01
-2.717742682511249175e+00 -5.748218021254489329e+00
-7.934078222034617323e-01 -8.407785681594196703e+00
-9.221682878158919294e+00 -6.055979629002417930e+00
-4.478553380026149000e+00 7.738148451646775783e+00
-1.041707706232431718e+01 -3.043326836921613321e+00
-7.675087940950668930e-01 -9.423886232682272990e+00
-8.353666738534279546e+00 7.049440086350704071e+00
-8.434856629705674180e+00 1.607841139495551186e+00
-4.830727470435524751e+00 8.830316228968650094e+00
-8.324275559934411817e+00 9.341817185615312269e+00
-7.506531718544510845e+00 -5.112925519577610878e+00
5.597573611700683571e+00 -2.540518633641974056e+00
-8.562328028114194467e+00 1.712417468174444402e+00
-3.525739560706179443e+00 -2.479770477295279996e+00
8.159794345422355377e-03 -1.772207259683626024e+00
-3.247974141288571648e+00 8.924733340810393045e+00
-6.154858262543498881e+00 7.454310621879833398e+00
5.273446480224038169e+00 -2.382388857333905818e+00
-4.219305425509402241e+00 8.237555832964570612e+00
3.636553398576968021e+00 -1.674312575656289326e+00
-1.073743662632766771e-01 -3.767537242813352449e+00
4.525260850687581105e+00 -2.016937153106938219e+00
-1.144557683460364039e+01 -1.030470903283042361e+00
-7.725052225074848344e+00 -6.449896364330746756e+00
2.807098858641007055e+00 -3.089504444632737545e+00
-9.799783310582096618e+00 -1.894896388599324411e+00
-1.012914220145505162e+01 1.458301919267335656e+00
5.527641731371234712e+00 -2.760640984495378980e+00
-9.968054918160737188e+00 6.250441152048057392e-01
-7.815764854256271654e+00 -6.426500332932175041e+00
-7.954153547248326017e-01 -1.642199893509739050e+00
-8.073595146294000102e+00 -5.163461465119589811e+00
5.031125390606752568e+00 -5.028987119887138313e-01
-6.906328848062168291e+00 -6.188905028257424945e+00
-8.079239585630361375e+00 -1.125165524199366995e+00
-4.325542310624484799e+00 7.597163101300155930e+00
-1.429051349451262443e+00 7.849986310709870629e+00
2.868802512497345525e+00 1.874860979663598215e+00
-6.029989420726459493e+00 9.220707835245487871e+00
-9.185395714749455820e+00 6.743992089587242056e+00
-6.283957653969528545e-01 -3.961111457472942465e+00
-5.930411148784616948e+00 -4.631702266778344068e+00
-4.997048440772344335e+00 9.252007440642399771e+00
-6.498862234454346520e+00 7.354224678784839320e+00
-1.967899184240700539e+00 -2.041737551495461656e+00
4.051538298519717252e+00 -2.382738856063827626e+00
-8.506673721016294820e+00 6.695518819767643848e+00
-4.130980493502209305e-01 -1.230546731577132569e+00
-9.657968955585912951e+00 -7.187270355044926617e+00
-6.272155571870248636e+00 9.277708003172751461e+00
5.091058817695356176e+00 1.124313882004733589e+00
-8.507721112434309951e-01 -4.455837918274424325e+00
-9.118517648950675847e-01 -8.806528591660631733e-01
-7.545158008121290116e+00 -5.103219766075651087e+00
-5.067817288970634770e+00 9.945848213130481952e+00
-8.158900756853407543e+00 -5.992020767354479638e+00
-2.724334293521771588e+00 -1.126297398055207344e+00
-6.875331152019232839e+00 -7.656800884516838046e+00
6.452417644750170211e-01 9.247454934989733033e+00
-8.087060695248393216e+00 -6.756828370579776255e+00
-1.034915372690823965e+01 -2.564831290866878000e-01
-9.610039916352160816e+00 -6.038999921561074125e+00
-5.259817791931603814e+00 8.739848003436780033e+00
-5.471030967324791661e+00 7.770882526183627625e+00
-8.778267139391985330e-01 -3.145989377646371210e+00
5.492833230440352210e+00 -3.900124167381902041e+00
-7.602560953265735222e+00 -7.760481310619391948e+00
-3.012225335348358790e+00 8.721660210532265367e+00
-1.220926462409594038e+01 -3.065801843538484839e-02
-1.016598756352013133e+01 1.242262421929625660e+00
-5.021904900971793317e+00 1.002536944636130478e+01
-1.361128880541520925e+00 -9.646234245675430197e-01
-7.615725857360028606e+00 1.256033979162772152e+00
-2.085943446405685187e+00 8.739970009719918664e+00
-5.437527360432015122e-02 -7.653577497350496195e+00
-1.474029643243278009e+00 -1.888002669722579796e+00
-1.064145285198519142e+00 8.156539041831251780e+00
8.748045012602521098e-01 -4.123353296814320501e+00
3.876700963568410430e+00 -1.456265691070084634e+00
-2.662799436674423426e-01 -8.135822855177108348e-01
5.713237776456140615e+00 -1.261812624883164924e+00
-1.117091440945851666e+01 2.428367624979856088e-01
-1.027359229736975443e+01 7.186591281084520055e+00
-6.530720011648758039e+00 7.729882142670685852e+00
-1.200702882755309009e+00 6.068048291028506291e+00
-9.807311359248293670e+00 2.406421394792447543e+00
-7.421128624292753884e+00 9.396850349774577893e+00
-8.260636237972217799e+00 3.287079537409736130e-01
-9.911376523034636676e+00 -4.784552995703182710e+00
-5.339950873136905862e+00 9.360403541884808831e+00
-9.021324987084334168e+00 1.607981950441262908e+00
-8.106619499040323973e-01 -7.773049115516098340e+00
-6.541161882265992267e-01 -3.131555378024476255e+00
4.338919834924689134e+00 1.000103390759767841e+00
3.839386878338567399e+00 -6.529763587339649789e-01
-2.952953338643860004e+00 8.157620241625945567e+00
-4.013113037044119480e+00 1.024520317329809949e+01
5.295991832602021887e+00 -1.255229447584890412e+00
-7.360657783374788821e-01 -8.277791123051494893e+00
4.298077293940081312e+00 -1.543295343369328165e+00
-9.288680365653637638e-01 -3.354658984061034577e+00
-4.389957969388691872e+00 5.947099574022135293e+00
-7.507080325101537888e+00 -5.785663977391780399e+00
-6.429447648395838488e-01 -9.974604772314267009e+00
-3.012011280187905982e+00 8.927006896643066014e+00
-4.651367587115522895e+00 9.792925135176050233e+00
-1.050407256404437639e+01 7.622801585872013952e+00
-9.406986180096726713e+00 4.878735900759266775e-01
-2.746856898376496048e+00 -7.412850702459122587e+00
-1.848011806453005557e+00 1.108531193196281173e+01
-3.348256752364492606e+00 -1.040890547280065093e+01
-1.138410666902851531e-01 -8.456691929628691540e+00
-3.829203084290755843e+00 -8.793098976513341825e+00
-6.874303224611137075e+00 1.019968902277744682e+01
-8.751161658005626620e+00 -5.149712326704988463e+00
-8.393887212931108621e+00 -5.917009207712138341e-01
-4.812277106646601688e+00 1.022890820021851965e+01
-4.116540645640522911e+00 -8.247543480582740116e+00
7.674462075368950309e+00 -3.356210304635494523e+00
-4.816502993011129163e-02 -7.915929309625235000e+00
-8.702450845993846329e+00 5.461948949235051032e+00
-4.056894558514766658e+00 8.353905581460990604e+00
-2.728869421622447611e+00 9.053640488797540797e+00
-5.023454855164994015e+00 8.181415812442821789e+00
-5.859137137611215351e+00 -5.070274384581672678e+00
-8.495760276144352474e+00 6.925678720907690433e+00
-3.054768875984155141e+00 5.927528855748482428e+00
3.223196471101998029e+00 -2.083365620690987630e+00
-5.023794628130768380e+00 9.289427143073316628e+00
-6.277243369604359913e+00 9.663646372965686737e+00
-8.748901606631148908e+00 -5.263239639701136952e+00
-4.847201257208594960e+00 9.736475427959980777e+00
-1.262035278880030642e+00 -1.590503383754158895e+00
-8.757025234920918777e+00 7.690028132059820720e+00
-1.468047781689125308e+00 7.706475524329231774e+00
-5.650871493981115101e+00 9.237428292010761766e+00
-8.698201699324863867e+00 9.232015354947531449e+00
1.603812003547153697e+00 -3.026846570138435055e-01
-2.858416926473142272e+00 7.499387408067125449e+00
2.273893815999343815e-01 -1.914602235741601488e+00
-8.487885493576113660e+00 -7.243856490348013821e+00
-3.301709382539718796e+00 8.828066499285029067e+00
-3.148563051582781824e+00 -8.312888943618716553e+00
-2.417302382737520627e+00 -9.572106069741838752e+00
-9.733461352770178543e-01 1.654864604524610705e-01
4.541840029178539240e+00 -3.928090231417975531e-01
-1.441538042008597253e+00 9.668127380608554589e+00
-9.557500148660523109e+00 8.315654454086554015e-01
1.941052035387778041e+00 -4.529237283531895031e-01
-7.706598965632572629e+00 6.431240508545148060e+00
-7.731560001507503443e+00 2.321769175941918117e+00
-7.657803522601027701e+00 8.510439854487051647e+00
5.307265290043154060e+00 -2.958860591732087819e+00
3.010025552198158483e+00 -2.394643549529062554e+00
-8.627334428895148122e+00 -1.531186400380522894e+00
-8.460207923915536554e+00 -6.617160886614703585e+00
-9.788956086209742224e+00 7.610193706823760174e+00
4.533862195063329992e+00 -9.831763745198389692e-01
-1.236381871101697616e+00 -7.479536686166801118e+00
4.843526868768919691e+00 -1.547317015283698360e+00
1.355637634499589961e+00 -2.234833395803908385e+00
1.774838962436241285e+00 -2.320660979961234105e+00
-3.334370998225826277e+00 -8.071740502281645746e+00
-3.219184435600886296e+00 8.562750607816113302e+00
3.325372172962222095e+00 -5.261371484823049727e+00
5.496783769763561089e+00 -1.726940993273369251e+00
4.010369931991576209e+00 -1.363873713346968053e-01
-1.729130041863621514e+00 8.556487720179243084e+00
-9.988924840736546074e+00 3.708469004323253215e-01
-9.671121458714036834e+00 -5.235955922019717157e+00
-8.845170726358666968e+00 5.794610333941987435e+00
-8.022570852563207566e+00 7.758212438965424340e+00
2.912997144268772765e+00 -1.835956598800198236e+00
-5.632295244883436247e+00 6.400788696384822174e+00
-3.867874368528402940e+00 8.105033330384960877e+00
6.442798436264196127e+00 -2.814394047787273756e+00
-1.923671065710456984e+00 -8.696127540928259236e+00
-6.635816364537474144e+00 6.131346925390269931e+00
-5.502754945642404749e+00 1.018949971208443905e+01
-7.664965458679345645e+00 -6.379184309611995118e+00
3.849182536304744495e+00 -1.931145937965564663e+00
-9.886929062528919232e+00 -1.941791695215706604e+00
-6.300924266049807265e+00 5.381268794525806420e+00
-8.551265572708397045e+00 7.573083157012951538e+00
-3.775307671536487497e+00 7.438236590192301989e+00
-1.081535764122553012e+01 1.110192452663546714e+00
5.942980779276330061e-02 -7.349138237095147907e+00
5.408268908120794194e+00 9.929756305922463611e-01
-2.168450153143417936e+00 6.563029845152089869e+00
1.147408059005992520e+00 -2.723600795749780534e+00
4.560789489482608428e-01 -9.954810048035523939e-01
-1.019176470604604745e+01 1.918393798296002428e+00
-2.736323216849371853e+00 8.189413000366737805e+00
-2.896951617452228067e+00 7.450349502515218880e+00
4.380054898672107733e+00 -3.464005562088419143e+00
-9.709558755520035334e+00 1.241669203409950129e+00
-3.110438226820066543e+00 1.094747692024902364e+01
3.731435236537138600e+00 -1.010595574474751457e+00
-8.372598361724019611e+00 -6.004994706435377694e+00
-5.691843889802203016e+00 8.158136859485713543e+00
4.176461604149239726e-01 9.663810659532593661e+00
-7.454851659647194317e+00 -8.331916733171835787e+00
-2.296457991270789201e+00 -8.675307287484246288e+00
1.747496866840820839e-01 -1.759442925662185742e+00
9.302091353910386662e-01 -1.825712584363778479e+00
-4.784642521745665622e-01 -8.155954755907023568e+00
-4.248717304402335415e+00 9.086443843468600789e+00
-1.908773767969251800e-01 8.012923335286464166e+00
-8.459891539740283406e+00 6.727143638081980015e+00
4.892385832940218116e+00 1.997087248347801491e+00
-9.956742617804341222e+00 -4.634195105845212437e-01
-5.258675010904456215e+00 9.319877796499691058e+00
-5.475753218345493778e+00 1.042326002894985848e+01
2.361505293778030090e+00 3.818395596356494170e-01
1.876445846599499312e-01 -3.860865810354304983e+00
-1.459725186398099783e+00 -1.134143449337082110e+01
3.789423854371154476e-01 -9.400082792259997433e+00
-9.749061769046364345e-01 -9.185005902577422887e+00
-2.061009773240781939e+00 -1.978220431310626859e+00
-1.158265888055607107e+01 -1.722442100245087371e+00
-8.143788678400126102e+00 6.253718565237269544e-01
6.585089859976472226e+00 -1.672610520300995329e+00
-9.585776416987014770e+00 2.982848837319911350e-01
-7.741061920775100802e+00 -5.399522407026957627e-03
-7.773868271834200705e+00 8.754883292642928083e+00
5.714019464861743280e+00 -6.074660169525458731e-01
-3.572304386882463767e+00 8.443987185349495661e+00
-1.050760403775494511e+00 -2.874525501827179141e+00
-4.068435340018915269e+00 8.499633675688052392e+00
-3.481420933152346908e+00 -3.633039181890906910e+00
-5.924762342262175352e+00 7.124582020740574784e+00
-1.528819097573444807e+00 -8.790972290671152933e+00
-9.156957797906491336e+00 5.931422689057377351e-01
-8.070895718948888131e+00 -6.058227070200600473e+00
1.821342592211035338e+00 -4.087533354192434132e+00
-5.797841392576266628e+00 -4.927691268043524531e+00
1.353536845963842605e+00 -4.705154330920739980e-01
-8.345297276227414685e+00 2.271124965617276281e+00
-6.834216829998045029e+00 -4.845586298194480612e+00
4.433632757417825587e+00 -3.830267587030032228e+00
-9.154787979986714674e+00 -5.209887681191989195e-01
1.932447229401924815e+00 -2.949476056847510463e+00
-4.899918503895827726e+00 8.576009096536033383e+00
-4.751124227533195743e+00 9.326887208899711013e+00
-7.064608757979036646e+00 7.141750914618483215e+00
-7.869088726232597253e+00 -6.465073623948995873e+00
-9.505032177195316123e+00 9.220568641321090553e+00
-9.693499437672523200e+00 6.424765577598617883e-02
-5.109603080096030148e+00 6.955048347904789985e+00
-2.300828281037544443e+00 9.084184941132441793e+00
-8.200187432468057480e+00 5.190705452181529012e+00
-8.265579576501846049e+00 -4.871992617340175080e+00
-1.227461861872168747e+01 -3.657210923359126564e-01
-7.621120165090846221e+00 -5.491690725383849170e+00
5.499794936147412550e+00 -3.659946071295590464e+00
-9.066497775067947629e+00 2.186799354236680148e+00
-7.683186979695635799e+00 -4.841288186788295533e+00
3.397004543788390674e+00 -2.710977488750074826e+00
-9.395549155031135413e+00 8.781530061178832725e+00
-9.380625980466730240e+00 -4.344480058414447399e+00
1.956715411021125561e+00 -7.283704435528807197e-01
-2.492375149032140413e+00 -1.119339077848271691e+00
-8.122323366873459349e+00 9.697769683628067128e+00
-5.649998660721720967e+00 -5.988495482296539940e+00
-5.364827949332107160e+00 6.822276004825429396e+00
-3.171399509123455918e+00 8.098368347060173278e+00
-6.037146710551184015e+00 -5.963108191239645528e+00
-2.600670431459816800e+00 -9.072002625338443593e+00
-6.522162675840032620e+00 8.349259906737211523e+00
-1.055502953698779578e+01 2.409352854027005719e+00
-8.204562816131382164e+00 7.135942663386713569e+00
-1.052246536767534124e+01 -8.039644408532851116e-01
-5.128876035245077958e-01 -7.157827506995752209e+00
3.895350413567018499e+00 -3.139966362530228317e+00
-5.312034852329230006e+00 9.267610504443331010e+00
-9.585513485309814286e+00 -4.228846713346058550e+00
-1.587247573870919304e+00 -2.193428990388666566e+00
-5.635640560262695331e+00 9.391071750760517034e+00
-8.111211701526428897e+00 6.936819029009208215e+00
-1.779783825264316999e+00 -9.851030775644721516e+00
-1.894733463216875968e+00 -9.113078790054977674e+00
-4.999338136981264391e+00 7.368868361303661629e+00
-1.234672688474150348e+00 -1.013204769658056748e+01
-1.239156459085295037e+00 -4.796802370397193371e+00
-7.192821022478602444e+00 6.515204089836071688e+00
-2.930001445522306014e+00 -9.076569438901801234e+00
-7.690626477780518222e+00 -5.677277330441284242e+00
-9.209433099936889633e+00 -6.077724718225903544e+00
5.387303621930408237e-01 -8.683162188723692054e-01
-2.163140767944460308e+00 1.052434411867022135e+01
-8.829234036092598714e+00 7.941468105132234001e+00
-9.777680898757644457e+00 1.587345789153736142e+00
-2.235276410532970992e+00 -3.536461246634808209e+00
1.118000582621147432e+00 -4.526159510588931845e-01
-7.877578306925478557e+00 1.531151835390814897e-01
-6.130413350175432541e+00 7.307790772435775573e+00
-1.269627284694384572e-01 -3.161973319133207561e+00
4.258509847884142552e+00 -9.400139806260563446e-01
-1.044157622252406092e+01 2.893196379506727034e+00
-4.505901280477339732e+00 8.853408796007705917e+00
-6.004980710535518185e+00 8.624539656165133295e+00
-2.758082050340366465e+00 -8.664903880725889351e+00
-8.677817979300989748e+00 -8.542602313445577522e+00
-3.321679865197721071e+00 -2.537304601674804871e+00
-9.156951293693875726e+00 8.117835134926695062e+00
-7.464929044401175773e+00 -6.506891314469760879e+00
-1.763904281653159156e+00 -9.838019554635053510e+00
-1.517062617677203518e+00 -1.073143425914479820e+01
-7.260383585668622963e+00 7.751158506798921932e-02
-3.421851427850692406e+00 -5.628439098355176640e+00
-8.469359380538650228e+00 5.351717594545909229e+00
-1.376118808301646679e+00 7.643055766112212268e+00
-8.635185774261932679e+00 2.736100294094859997e+00
-1.000123021104312571e+01 6.268951387830985489e-01
-7.255707912515203084e+00 -6.109464558468447493e+00
-4.263257621147197973e+00 1.060013484359052249e+01
-1.348635054756908813e+00 -1.588987354666005603e+00
-7.535143491854523923e+00 -5.588638521801418513e+00
-7.274788453541970235e+00 -6.374042013191627554e+00
5.593958884320924696e+00 -8.397844991391560932e-01
-8.802926579636597637e+00 -5.253478232373175238e+00
5.200527329787112407e+00 5.628170131712582069e-01
1.224551104661032230e+00 -3.752518863765768486e+00
-7.832711898030243702e+00 8.526398256832214528e+00
4.825113503055177056e+00 -1.869701891494593982e+00
-3.346417747329618386e+00 6.646721694566640082e+00
-7.604186654172232274e+00 5.978355898969382132e+00
-2.917867681330645002e+00 -1.339959610198106166e+00
4.075020635851781314e+00 -1.586516682954169255e+00
-1.410335823740394900e+00 -8.686874639355680827e+00
-7.691868302587505646e+00 7.758082998900138527e+00
-4.223653639551249839e+00 9.399944574463615865e+00
-9.734652176245413457e+00 -4.746414187881066837e+00
3.706445054674713635e+00 -2.416030386543312147e+00
-2.319930356141949535e+00 -1.020276260364376597e+01
1.376408554144867846e-01 -7.850774791218337434e+00
-1.902458265099370438e+00 -8.290284685113043395e+00
-8.429476342195509897e-01 -2.216057659375550770e+00
3.973429006381416162e+00 -3.285505743015623370e+00
3.272403471148042975e+00 -2.292034111480837133e+00
-2.425237136048616460e+00 -7.357599123279576325e+00
-1.056290575441878943e+01 -1.617282563711833987e+00
6.569061461377165401e+00 -1.676735305496221295e+00
-7.454384093843202663e+00 -4.337490066613568729e+00
-8.997040130444451833e+00 7.348162700406303038e+00
-6.383945041334820658e+00 8.026509786244378830e+00
-1.109528936463690840e+01 -1.526587381246029551e-01
-2.879373459740716790e+00 9.138907554442786463e+00
-3.365553013872145449e+00 7.999560694692159579e+00
-5.818089200658874915e+00 9.316083379872264203e+00
6.223001796723303336e+00 -1.913774761354147813e+00
-2.282696010883146887e+00 9.558915960707791371e+00
5.984590546251682852e+00 -2.460066058258872257e+00
6.540923647042899969e-01 -3.036689277311227286e+00
-4.277312388803659715e+00 9.579633975542973801e+00
-2.092105594163829796e+00 1.004786940063884870e+01
-5.671027375475013343e+00 8.923490559094418018e+00
-9.790976786824472811e+00 1.026642649953274367e+00
-1.044243334728711226e+01 1.381991118566939791e+00
-8.356166657798633324e+00 7.947290556809288198e+00
-7.287240396250374452e+00 8.550418235498163710e+00
-5.054820968327625508e+00 5.593467415180752411e+00
-2.872281806328758513e+00 -2.008691639468878964e+00
-7.877352501012502728e+00 -6.314147148220374817e+00
-9.106061949216321949e+00 1.073009531772038949e-01
-2.635164541940628435e+00 1.030717180676622391e+01
-8.899769639343009686e+00 8.767029548199820610e+00
-9.879414063032655235e+00 8.413924108489165832e+00
-8.841238207221209677e+00 -5.171362293303154445e+00
-4.013307808911827479e+00 8.859926208539773640e+00
-1.070144613520693611e+01 5.027213297808093007e-01
-1.053356415079698216e+01 2.928444592158302440e-01
-2.866788488573849492e+00 -1.129552540551894690e+00
-4.271641378204201089e+00 7.886641319482984080e+00
-6.318005763087366056e+00 6.953957795490690152e+00
3.909495795071546986e+00 -7.475771899242510399e-01
4.243532896825774614e+00 -2.527518680265812723e+00
-5.227996568642624631e+00 8.567403230318108243e+00
1.455914437619002744e+00 -4.012488004551872933e+00
-1.424324588092126920e+00 -5.413353088198615826e-01
1.492847080527842429e+00 -1.848924996507855578e+00
-1.945879934651433940e+00 -7.820380740059224678e+00
-5.932771750896696616e+00 9.563608877526664998e+00
-5.438848249666473400e+00 1.073485203619804018e+01
-4.510971895409142007e+00 8.259609825836250252e+00
-9.142638204865555451e+00 2.692523181625273709e-01
-9.655317138057919024e+00 2.035709807816149297e+00
-9.944140305588422990e+00 1.528956809647609161e+00
-2.799205945964681419e+00 8.236406781492814133e+00
-9.881454096150049438e+00 -1.106281288281253161e+00
-9.165701818319792693e+00 -1.060559067277954126e+00
-1.242993030594996107e+00 -8.179377985756357106e+00
-1.389439341313072340e+00 9.055689664872266675e+00
-1.325572143319585727e+00 8.708853368791144689e+00
-4.032251015551999718e-01 -7.319922110656963632e+00
-3.467255640368284375e+00 9.946550053836450189e+00
-2.292362991154002216e+00 6.628689259599953587e+00
-8.075982705705014197e+00 7.678671858810153239e+00
-2.673109008119183283e+00 -7.533258683605497552e+00
-3.754436278285134598e+00 9.138159771035979873e+00
-8.804781479407392197e+00 6.941682895341044990e+00
2.147270278656631781e+00 -2.880698559355726385e+00
-3.053767806216391989e+00 6.653313365088386000e+00
-1.019528189252399564e+01 -8.987435607925955416e-01
-2.051433560793294308e-01 -6.838521507113496156e+00
9.416097457412107019e-01 -7.745382924942716407e-01
-1.636260246372048588e+00 -9.300059925289382079e+00
-7.660136803353146284e+00 -8.235826539884520514e+00
-1.469196481809586619e+00 -4.050960647486316901e+00
-2.619954284123363397e+00 -9.617680459370907542e+00
-9.205735088034129987e+00 -2.609685524302195692e+00
-6.423979859672483528e+00 -5.130070457937226713e+00
-4.540912905312317172e+00 9.017435008033999111e+00
4.095314978113519189e+00 -2.034926959664739243e+00
2.415027169180927746e-01 -3.364216708635349828e+00
-4.802350754401016886e+00 6.014165291131676305e+00
-6.944647846030443716e+00 -7.050289305879025470e+00
-8.986155033136055792e+00 -2.481582740785124308e+00
-8.539523282963788375e+00 7.707197913068646322e+00
-1.105610474291157175e+01 2.572980550498254360e+00
-8.673761876241364632e+00 -8.866347519385593401e-01
-6.033574779991941917e+00 7.316979682499497706e+00
-4.422757989599318762e+00 -7.038373232159999660e+00
2.624552497403720430e+00 -3.972994585501682163e+00
-2.396083790344898379e+00 -7.734659822965266329e+00
-1.560178762860104040e+00 1.012491244238696098e+01
-1.111295320525068409e+00 -7.010468194915401519e+00
1.435496213332485116e+00 1.350829014965300168e-01
-8.810937480618855844e+00 8.650268869723896970e+00
-8.334280141059243974e+00 -5.654962520948720872e+00
-6.999530604177948145e-01 -9.887174305626349025e+00
-2.673410115479125881e+00 7.266007948392923410e+00
-5.150377788200940721e+00 8.532442511966955578e+00
-1.193061784602869935e+00 -8.812370497764781874e+00
-5.987759594455557277e+00 1.183750451329361741e+00
-7.727166570187462113e+00 -7.389256421196027880e+00
-1.305440209938184992e+00 -7.518407881959803696e+00
-1.737981260148831808e+00 7.172755259452967991e+00
-1.060537901357657731e+01 -1.899426309086620357e-01
-8.067168675681182677e+00 7.959653192845019376e+00
-8.584161416084789664e+00 -6.704443843702453165e+00
4.277327909331870792e+00 -2.278859910259398269e+00
-2.110658350001108463e+00 -9.950838818585907575e+00
-4.211595224405396465e+00 8.617230166813271808e+00
-8.661660313443887205e+00 -8.077749307626491682e-02
-8.097352243239681613e+00 4.917633347759299056e+00
-7.572297224035246188e+00 8.347810229434282192e+00
-6.651232311940629138e+00 8.019166880001773023e+00
-1.128106581489198135e+01 6.993680989756978494e-01
-5.850054841547051687e+00 7.176540212051683909e+00
-4.676818035006284902e-01 7.657885001375263734e+00
-6.837690942813998696e+00 6.750416452726813787e+00
-5.574770620034704471e+00 8.898682733859731186e+00
-6.124206984362059458e+00 5.868073831946187369e+00
-8.286234566513535071e-01 -1.075351559895165821e+01
-2.225896690666037792e+00 -8.906393735942526035e+00
-5.066885114292114523e+00 9.633019828181945243e+00
-7.670510033017246876e+00 -6.689518269119540506e+00
-1.058049697020976865e+01 1.717151759160173707e-01
3.561496037893918221e+00 -1.954085269993758978e+00
-5.995294850746218707e+00 -6.854732509594303025e+00
-6.959287606281801430e+00 -4.917756399498674824e+00
-1.477174100833407611e+00 -1.579418639946757796e+00
-8.617321854498332101e-01 -8.903580472995470174e+00
-6.180533298903606365e+00 7.882044124863064383e+00
4.649780841326339953e+00 3.159031340432507662e-01
9.571936900686084382e-02 -2.924798984161242288e+00
3.475736310948064567e+00 -1.775412745590505104e+00
-1.059105789085028704e+01 -1.120211259351038713e+00
-1.076747774215433573e+01 1.384914584807832139e+00
-9.697140639814769258e+00 -7.838163566952395911e+00
-4.303461981509919099e+00 1.028287159503606141e+01
-7.040545253188835062e+00 2.061909607582633974e+00
-1.221025001001412535e+00 -1.201691557800926846e+00
-3.808621909939160943e+00 7.060184529664378594e+00
-9.035750039713736470e+00 6.917326517853522816e+00
-7.030567509695046624e+00 -6.844903945504435150e+00
-5.051920327702567270e+00 1.022806673323612614e+01
3.186608132898399504e+00 -9.733639194645216097e-01
-2.766886114726407886e-01 -2.286638837316456563e+00
-6.691817336023961005e+00 7.468810717746264594e+00
-2.112845094530384049e+00 -8.782175965655872218e+00
-1.661446454823729990e+00 -7.453695612707883278e+00
-1.586730463388883461e+00 -3.648441004964618983e+00
3.451730952014570697e+00 -4.062649867489954936e+00
-1.639695475151560888e+00 -9.197845920240375506e+00
-3.495936995117276069e+00 -9.341323363012469017e+00
-9.504941011179212751e+00 -5.798751918020152551e+00
4.997298951896492092e+00 -2.790800882675264383e+00
-9.864946572059885455e+00 7.782073168567166022e+00
-1.467136307179176091e+00 -3.464211923557467543e+00
-1.088891890606874213e+01 -3.695535093570827545e-01
-3.975919295300204492e+00 -8.739153807422297859e+00
1.551620750610188448e+00 -2.330364617972571661e+00
-1.118776908361864741e+01 -3.223039085401557813e-03
-4.426730174952564489e+00 9.647457650727272238e+00
-1.144160072148830309e+01 1.893756779570900495e+00
-6.908665817042787261e+00 8.088940578017796312e+00
-1.733580189336328070e+00 -7.909896627257085200e+00
5.115276530860081827e+00 6.579662781877719802e-01
-9.199733517868638799e+00 -6.778579021725184894e+00
-1.323351551653312086e+00 -8.227599705119363449e+00
-7.619396351666276601e+00 -7.358789429199327436e+00
-4.904106523829519837e+00 7.830345016810008829e+00
-1.102270537262187133e+01 1.463464595553937375e+00
-1.033963520303128325e+00 -5.894154557804343053e-01
2.350609102095562619e+00 -1.244540720992901361e+00
-4.961445868401067827e+00 -5.554773207934374568e+00
5.394135820738203968e+00 -2.013004984769901640e+00
-1.042989934789492956e+01 2.161856356545053259e+00
-7.820102305217954353e+00 5.770575738271243260e+00
-5.491488711753672369e+00 -5.278491545230854953e+00
-9.145495541622513658e-01 -2.115781244869969324e+00
-7.824917619760083376e+00 7.399491902284406564e+00
-7.382393757984953453e+00 -7.088191674783217877e+00
-5.667594751829197364e+00 6.999570763843557586e+00
-8.894816400949201451e+00 -4.726338245677990990e+00
-2.200976301485169095e+00 -1.252751599381740411e+00
-8.636324378289726766e+00 -6.481437337131472631e+00
6.062328201142880957e+00 -8.684007016161672254e-01
4.164663938182922465e+00 -1.871808515777547921e+00
-9.758846174135323182e+00 -3.276880493771983094e-01
-1.085069550089724189e+01 -1.099658358612962017e+00
-9.332757145403883570e+00 5.799630664744942266e+00
-8.112373776874528986e+00 8.980843484335199634e+00
-9.469277639512677425e+00 7.767114395818373929e+00
-5.008033326653554163e+00 6.474182845069810455e+00
-2.462282819181274007e+00 -9.040590519867741648e+00
3.201244510097861706e+00 -3.466990381546424249e-01
1.838756137278827474e-01 8.482300645953765539e+00
3.263209367760357971e+00 -1.199711336661267946e+00
3.555520671163293400e+00 -4.409165187872257086e-01
1.758654002290245266e-01 -2.050230806414564455e+00
-8.057671160781149311e+00 -7.101562087383875621e+00
5.053581808389623120e+00 -1.640855964958257251e+00
-1.052574192469060499e+01 3.613222047209351473e+00
-1.452744670780489855e+00 -8.701938634047879262e+00
3.607489316129717238e+00 -1.650466297439824981e+00
-7.470611656330491179e+00 4.760778083593141474e+00
-4.576961821355103766e+00 8.050171042711388836e+00
-1.149743177284891793e+01 -9.119488183845536611e-02
3.750589818910363249e+00 -2.144982437737726677e+00
-8.024462953870500570e+00 -7.236875795018699264e+00
-3.929817205696784388e+00 -2.565090959721564534e+00
-8.983063202759551391e-01 -9.165018568338744842e+00
-7.345084015057017801e+00 7.500032069211823860e+00
6.991588303835594154e-02 -3.355605514844765658e+00
-3.683681761986347780e+00 1.134385679967108196e+01
-1.298787934384309040e+01 3.172618747809421436e-01
1.069148864289060974e+00 -8.124132512279128804e+00
-6.750031259105986337e+00 7.592822744471938279e+00
-3.941491120740622911e+00 9.689503040452668969e+00
-5.904062718496795981e+00 1.009393963292843921e+01
-5.691160940177899974e+00 7.830247469231535362e+00
-2.619873920850519067e+00 -8.869600997813531507e+00
3.846057814431916633e+00 -2.930168002362394386e-01
-5.860552920842801328e+00 6.297704909680885699e+00
-1.079208806784080643e+01 3.053985840222200876e-02
-1.271698991692605318e+01 2.437550347119715077e+00
-1.761967878447902924e+00 6.922037631601702934e+00
-1.280020531955689300e+01 -2.697098948391133399e-01
-8.094671445804452858e+00 -6.994186922019945740e+00
-1.241135182867171505e+00 -8.720404768219115255e+00
-6.976261445864329502e+00 7.478557917511985842e+00
4.506334851921870666e+00 -2.641462405039999073e+00
-8.649275131076290535e+00 -4.766199806402356742e+00
4.680696769543903901e-01 -2.090263644026028267e+00
-8.470053664710141206e+00 -5.833389804708453141e+00
1.266041469379829643e+00 -1.502894513635431251e+00
-1.147816387083118395e+00 -1.939153007537327111e+00
-1.962885478060613309e+00 7.612715486478093929e+00
-4.838206156581867923e+00 1.006169987453625403e+01
-2.469035461047320190e+00 1.010495715665709326e+01
-6.234980669783043439e-01 -1.061036805683085227e+00
-3.168524937436197897e-01 -2.870755496714946453e+00
3.344798918146221212e+00 -3.829820728596791124e-01
-8.882616737772877968e+00 -2.351404735737280927e+00
-4.745432109290000255e+00 8.372218366915753052e+00
-5.968275413185732958e-01 -7.580050170525936437e+00
-8.549523012703671654e+00 -1.438268155065320686e+00
-1.561135433759845537e+00 9.421871984410094214e+00
-4.579552219784749134e+00 7.476793810438332244e+00
-7.774211435395710357e-01 7.617263739846978687e+00
-5.818324719000214085e-01 -1.003453457545923655e+01
-1.096075923318288758e+01 1.371429631250361325e+00
-1.771220431994327882e+00 -8.456275316760230254e+00
-1.623278472664900995e+00 -1.723161751504535433e+00
-5.876788277113309533e+00 8.706450388808645968e+00
-3.974086583905342973e+00 9.809591019973879611e+00
-9.431632778649131410e+00 -4.864853018281397823e+00
-6.245591779405636146e+00 9.825397144895202217e+00
-3.643884705433739768e-01 7.024764750902897426e+00
5.656777905575844478e+00 -8.373101225073482645e-01
-9.240018461196223498e+00 1.221129584049172268e+00
-5.205508310578217390e+00 9.448224981962074054e+00
-1.166133259879280359e+01 -1.197108961045193931e+00
-3.900073395225180484e+00 8.534226174578927626e+00
-1.029069949174314935e+00 -3.534609111150774918e-01
4.002284872470903032e+00 -1.042723828542402087e+00
-1.468260684518255532e+00 9.886312553995521668e+00
-5.915978560269344655e+00 8.340378290881099943e+00
-4.357213016094892311e+00 7.128149011775114730e+00
7.360252365193018065e+00 -1.673303176421834015e+00
4.390045322750385282e+00 -2.731377641463710315e-01
-5.066721721131894896e-02 -3.253014904698606102e+00
3.337681449695326652e-01 -2.485350472272298550e+00
-2.081070735887133871e+00 9.864846643035759755e+00
4.984692365470847264e+00 -2.420103490165205429e+00
-9.773677934891731311e+00 5.743924051584444079e+00
-8.658381473668157469e+00 9.600651048494631468e+00
-9.664057865052972929e+00 7.167371945137057665e+00
-8.809295927666012105e+00 7.677998724827298282e+00
-8.763866436882295829e+00 7.074637787538653910e+00
-4.104485412535870736e+00 8.991757693606050594e+00
-5.913084947559422488e+00 9.104144050725693660e+00
-7.849904756359102898e+00 -5.120527109784453579e+00
-6.795692009230226205e+00 9.387140680027936668e+00
5.557307199651479124e+00 -1.367074105439566090e+00
-1.086890788120219931e+01 3.852706730556301640e+00
-1.702794447853876569e+00 7.072721095765274413e+00
-7.315763603709208862e-01 -8.743758697971735216e+00
