-6.076612051393186498e-01 8.305570319464047557e+00
-3.362132579314243586e+00 -8.149315618911211700e+00
-2.034066227620648259e+00 -9.807033772771369673e-01
-2.837395602566242125e+00 8.141042229393022467e+00
-6.760224364807121411e+00 -4.781616809533579371e+00
3.125062374745503746e+00 -1.566910121068078698e+00
-1.988233216155728345e+00 9.671490873375708119e+00
-4.691815254983162653e+00 8.795305829496470551e+00
-2.981316005182796047e+00 -9.780051329063509158e+00
3.850825798702311786e+00 -3.288383589846737731e+00
-2.386152523812499648e+00 9.918867312471313369e+00
6.103884603593220604e+00 -2.074006216602744423e+00
-1.382179691132765287e+00 -8.524385022189767014e+00
-2.611016767482192691e+00 7.071125371519162428e+00
-4.540132056513941805e+00 8.279604246845638116e+00
-5.732994799319592438e+00 9.639985479728046869e+00
4.421098822915928928e+00 -4.420289798699188477e-01
-9.356096830213886051e+00 2.772117261799225574e+00
-4.290589038878238171e+00 8.523100459930892825e+00
-1.317375301795544296e+00 7.875940649462295440e+00
4.479938085939866532e+00 -4.488454272319120086e-01
-1.060493517426593790e+01 1.863053017695919689e+00
-8.541897458115725428e+00 6.073868022334027117e+00
-3.662491207913157076e+00 7.205620036337408330e+00
5.611843948727933018e+00 -1.831656301888975991e+00
-4.432233206288121785e+00 9.182126456637975664e+00
-2.774443475158398620e+00 -9.051435150318855705e+00
-3.549782246078691639e+00 9.437329218628503824e+00
7.549015527118889679e-01 -1.163644928500942477e+00
-7.756289595480669874e-01 -8.886073464541802025e+00
4.004189617159945591e+00 1.911828318099149104e-01
-5.353679817878903791e+00 9.313946612501366573e+00
-8.616396936320840361e-01 7.170802035644144645e+00
-8.782674501072962769e+00 6.362347878890016517e+00
-2.856156108380126124e+00 -9.896786150488289024e+00
-5.090666725118471625e+00 8.154617912185100792e+00
-1.064439717030215959e+01 1.736589965761919374e-01
-9.438575169140705157e+00 4.006604253686358419e+00
-9.801582476115610065e-01 1.825879195204445082e-01
4.044825756766301517e-02 -2.028928538958269190e+00
-8.412670571431036137e+00 -6.476862905361462808e+00
4.009628541401775159e+00 -7.724839426719417590e-01
-4.641917232810150118e+00 8.277297637642195838e+00
-3.879151181118467129e+00 8.625149438386280565e+00
-1.121659059424034233e+01 8.602169563587165335e-01
-7.112096902399874132e+00 -6.040613571561472384e+00
-1.061115349088313131e+01 -8.218834599654016859e-01
-9.995046103290516015e+00 2.271189921528196543e+00
-2.162061026950949483e+00 9.560211480007550833e+00
-8.048195017067381940e+00 5.766818153873877861e+00
-3.104768790401413181e+00 7.216607723381993189e+00
-1.087167270779265138e+01 -6.808558566699205450e-01
4.060392873432829397e+00 -9.798133161828660453e-01
1.261842383684650404e+00 -2.688425729928738406e+00
-1.974864030516349622e+00 -2.956316502197503304e+00
-1.901406694186894342e+00 7.566536875204296742e+00
-2.265419399579904791e+00 -2.429095682672798961e+00
-4.088959674533435340e+00 9.665767041194161635e+00
-7.647686888368402158e+00 7.987423246100489038e+00
1.246396821758020135e+00 -1.147247778449837607e+00
-6.125565527189641424e-01 -2.336688643563141099e+00
-8.685223373615059472e+00 -1.034048743804949932e+00
-8.234156188047514480e-01 -9.665278866431643578e+00
4.357789613231996206e+00 -8.450428097948963213e-01
-8.420310365468129277e+00 -6.232408355043805415e+00
-8.460066429482645534e-01 -1.336346160021648188e+00
-8.753986563634954976e+00 7.770754166398886831e+00
-4.464690744621298890e+00 8.822966166278758848e+00
-2.089819223442136220e+00 8.079326052569593131e+00
-1.491440818118613176e+00 6.692806538371412373e+00
-8.114928738743172332e+00 7.960713434949335365e+00
-3.361668463924783801e+00 9.446003475757713375e+00
-1.422572604680724107e+00 8.894329850011235550e+00
-1.867306868369944306e+00 -5.271040711997272865e+00
-3.054629008810594293e+00 8.577395101835119107e+00
-8.774815744597679767e+00 -8.278322795892973929e+00
-9.948126321914971371e+00 -5.343754528219538891e+00
-5.565017005878790002e+00 1.075641988136844063e+01
-1.060327074337178654e+00 -2.061406670449712486e+00
-5.031286547297586509e+00 1.130369302321249947e+01
-1.742342201203536334e+00 7.506618757065607106e+00
-5.306940678405991818e+00 -7.907985839716869414e+00
-5.379903468880272932e+00 9.051370538563457302e+00
-6.307116275323735977e+00 8.968790148475923374e+00
-2.095742422930857884e+00 -1.030341538889539343e+01
-5.752807356510534209e-01 8.392193380637205991e+00
-5.922064909127238153e-01 -8.493769598225382467e+00
5.884293769518177619e+00 -1.704069174738793713e-01
-2.930584074033744990e+00 -1.322235731434910466e+00
4.603264845534178029e+00 -7.263253127020542488e-01
-8.697234241696417456e+00 7.139386657555246707e+00
-8.656105161280351012e+00 9.769539313660395408e+00
-7.741041536942362633e+00 -6.849931997748761603e+00
-8.797291283030306275e+00 4.810373587522797090e-01
2.776812175018192441e+00 -9.254015203225844033e+00
-3.403573150319179064e+00 7.167892814118143718e+00
-1.690521662065274544e+00 1.264316552241423253e+01
-2.609367016562324171e+00 7.430097693198733921e-02
-8.028233485103266176e+00 -4.253390900601019986e+00
1.408692258179530032e+00 -2.151199916573069970e+00
-8.189975876918612840e+00 -5.441225069908891321e+00
6.745969818262393503e+00 -3.419416158972869546e+00
4.592496547067344892e+00 -3.208940195153069830e+00
-1.199879886943388652e+00 -1.080387444569893240e+01
4.622722337907045009e+00 -1.735003155224123628e+00
-9.431427459993876994e+00 -6.212497518265239549e+00
4.343745207377762263e+00 -6.039083702349005156e-01
4.352631594559142947e+00 -1.231917331422262230e+00
-5.058354744156464911e+00 1.131091859663787780e+01
-3.185604071356991973e+00 8.230330507068780221e+00
-6.440564687481082906e+00 -4.605556223794725845e+00
-9.584765165374331986e+00 -3.716983744613550744e+00
-1.169175607611279233e+01 -9.033069732072862568e-02
-5.003911629056403854e+00 8.455511870955554343e+00
-2.566168842164606723e-02 -4.057322046430846818e+00
3.466992532709991970e+00 -6.957378141463261834e-01
-7.744410409004090390e+00 7.044313691859379389e+00
-6.879493629531316046e+00 -6.992372654529766862e+00
-7.881179521147139155e+00 7.399619052671917885e+00
-6.519650886754782881e+00 5.879623728476103039e+00
-5.577499795651252867e-01 -2.529409306827182125e+00
9.341447663265520784e-01 -3.593347806020253721e+00
-8.717397772087425167e+00 -6.982955350184628429e+00
2.740813503708916521e+00 -2.616438807649966947e+00
-9.638291849153294066e+00 6.503060123986391439e+00
-8.298912800319426353e+00 -7.041368790836281200e+00
-8.307857443287876009e+00 7.717424051453849465e+00
-9.748645538208089434e+00 -4.658464376737895485e+00
-1.008768703773854369e+01 -6.389176654180901416e+00
-8.218740966069949749e+00 8.626185367671052262e+00
-6.002412835383742262e+00 8.427850471097245943e+00
-7.864666743062211474e+00 2.647411908379775913e-01
-1.056245347927817591e+01 1.560198679952724099e+00
5.363189424749474021e+00 -2.748949787049475457e+00
-9.780085308148908751e+00 -1.116144429530925075e+00
-7.333998316851831234e+00 7.844643155009153546e+00
-7.398847840531758813e+00 -4.169341493783324637e+00
1.208586483416609347e-01 8.430147801932630358e+00
4.297596834365207563e+00 9.227729662221824114e-01
-8.093832736146849172e+00 6.173953718095265053e+00
-3.054601673334139456e+00 -1.039186128454472247e+01
5.728696523643010075e+00 -9.234413898846616231e-01
-1.140055821641544398e+00 -1.110070849957676575e+00
3.348613929913336396e+00 -5.327807146233156654e-01
-8.608494716121128931e+00 7.921524980926712090e+00
3.849150038588279088e+00 -3.293639316510012627e+00
-9.430845977111275147e+00 -5.315394334927005637e+00
5.976138164588866708e+00 -2.655299850257193839e+00
-2.915883868694699288e+00 -2.284885834543329608e+00
-6.970163631346819599e+00 6.881340763671287775e+00
-3.087437627237663129e+00 -3.645813574735055518e+00
-8.661609922994205846e+00 -5.838378725667489277e+00
-5.270536244556227601e+00 9.530788615917566986e+00
-1.837244299261013181e+00 8.645717977752340744e+00
4.112737626542105396e+00 -1.537855682887769193e+00
-1.521627314383943608e+00 -6.579220151751893120e+00
2.647541637893361166e+00 -2.616096134011149488e+00
4.870857711456904049e-01 -7.721311440466668508e+00
-1.082929558319902519e+01 6.157409830804414508e-01
9.920732883995433404e-01 -1.972370983598441097e+00
-6.127974844398076382e-02 -2.059818404473740205e+00
-6.452912961393321822e+00 8.542000257374231964e+00
-7.860731301519439107e-01 -7.990486109700987605e+00
-9.931222340139903793e+00 5.648853212709356031e-01
-6.226449853228047004e+00 -6.787568107583973998e+00
-2.335829104515668497e+00 -9.693765819259855476e+00
-8.702109630703159127e+00 -1.132102562524062384e+00
-4.374253566429649354e+00 1.046543017704766854e+01
-7.151877795356205603e+00 -7.339977690784602160e+00
-8.267936089762176977e+00 6.281058022481699865e+00
-1.929560988727791582e+00 7.803097846427170303e+00
-8.796106786987019532e+00 -6.750230621701128086e+00
-3.515164106503751551e+00 7.588317223017370772e+00
-7.625004633583130520e+00 5.535181948128274243e+00
5.905131901704528730e+00 -2.794316825701662843e+00
-3.027386840475887020e+00 -7.387294511429545629e+00
4.463862259588821324e+00 -9.115107615833165644e-01
8.619526196155300468e-01 -3.001853814573584245e+00
-2.595623329542356306e+00 1.077019658909943089e+01
3.635116634961255144e-01 -3.337474264159190795e+00
-5.277082311888954713e+00 9.064863483052537418e+00
-8.022569756190906176e+00 7.097334129933313029e+00
-6.604055135019427425e+00 5.973693455374729844e+00
-1.392548276223614767e+00 6.881683506029648179e+00
-2.266846403014727507e+00 8.733874394982755973e+00
-2.381716684767519077e+00 9.453718902176266425e+00
-7.360667394366354088e+00 1.040272620984084462e+01
-4.173590913689422699e+00 1.134128277936134133e+01
-4.974676856388728474e+00 7.846733480634121349e+00
-1.696716753777515851e+00 -8.000358339798548712e+00
6.459495482504872044e+00 -9.780643647384088535e-01
-1.392911389833373903e+01 -7.173239858294568894e-01
-1.054143152526253857e+01 1.124843884555692064e+00
-1.727524088538327174e+00 -8.036720401767516009e+00
-8.937089203480798716e+00 4.759248978958157572e+00
-9.620754571469614547e+00 2.509333291263150301e+00
5.781766608828389664e+00 -2.841275617747880844e+00
-4.564152172403728613e+00 9.190832350145987206e+00
-1.330684411284443147e+00 1.111893323060625605e+01
-5.306909563785213724e-01 1.536718090336281151e+00
-5.674122424170335854e+00 8.705880371820811092e+00
2.184661539090805515e+00 -3.368605103352562580e+00
-3.770635331481969388e+00 -7.310597143703915890e+00
-7.399944878516548030e+00 -5.795043186475934860e+00
-6.362269746829597672e+00 -7.368562718513540943e+00
-5.539328244947993696e+00 1.060421206589979271e+01
4.842419350755702290e+00 -2.591988896391644204e+00
-8.477459741479902888e+00 7.768962609084733018e+00
-5.478215298734420813e+00 1.084834769821031308e+01
-1.125378055563948188e+01 1.959552761493107864e+00
-1.017621259547430235e+01 1.506998216775684352e+00
-4.913865123227542320e+00 9.033691677773283857e+00
-3.463269376072310557e+00 7.936633123952701041e+00
3.275350235261081711e+00 -3.668141867792664712e+00
-9.896867937295047213e+00 -1.489237977647451805e-01
4.342392793434724396e+00 -3.317109152739583955e+00
1.337082919050305740e+00 -7.764918317411268589e+00
-7.399915503339478562e+00 -5.501592798582202626e+00
4.508254765847086176e+00 -3.848748910154754732e+00
-8.171997727553518942e+00 -5.953425227055059388e+00
-9.600440026339910560e+00 -6.481000665166592789e+00
4.193676922059276890e+00 7.841468097850974317e-01
-6.326728370622544340e+00 7.885571374179357385e+00
-7.856295672434383981e+00 7.570736526285058332e+00
-8.017967622012935891e+00 -6.357958769090929607e+00
-1.275183268396947289e+00 8.439234260481546457e+00
-4.613794953462680759e+00 8.313482043592868465e+00
5.433967189671428777e+00 -2.684874016240705874e-01
-6.946577470817077327e+00 8.223517444010681743e+00
5.506821690251655355e+00 -9.868643903520809557e-01
-2.680774587687367649e+00 6.994114104947015242e+00
-3.322457492070566509e+00 6.696771317274972546e+00
-6.303715149306707843e+00 -6.287032455698934541e+00
-7.262882485963259027e-01 -2.597650407194393551e+00
-8.871256346669122550e+00 -5.804805214982544648e+00
-9.857599724475541336e+00 2.867208647390007581e+00
-1.404152635770094637e+00 -8.696084903343715311e+00
4.954136411447006338e+00 -6.452442294451157245e-01
-8.654857936376981087e+00 6.592714549051193806e+00
-2.171572181745615282e+00 7.114891456018665572e+00
-6.212058038867543708e+00 5.571903752796185216e+00
-6.295996869501705007e+00 1.998609459535809041e+00
-6.909147091002659558e+00 -7.182353207340832491e+00
3.294087448399523499e+00 -1.847585661798045731e+00
-6.665286786791520868e+00 -6.461445903245657263e+00
3.783123856459745582e+00 -3.552089534219998956e+00
-7.539517929266144947e+00 8.372131135183185080e+00
-9.575007534967021172e+00 -2.585217461219080359e+00
-8.690203896512437964e+00 6.596180816205237107e+00
-4.260083801583443908e+00 8.828820250738138142e+00
4.926136908425953642e+00 -1.228722731976033433e+00
-3.620132487449585490e+00 1.073190648436104766e+01
-5.963104879347085330e+00 1.025229437557855938e+01
-6.896456458636163411e+00 -7.509430822887044776e+00
4.495619801780610381e+00 -1.089618549123086755e+00
-6.924781829610480166e+00 9.024902775197615412e+00
-1.584474191858848080e+00 -6.972803003606163230e+00
-8.524297043338959767e+00 8.864287457357614031e+00
-1.537955603202741717e+00 -9.095377486796140332e+00
-2.843702669674402550e+00 8.324905672326973871e+00
-3.056821392891114542e+00 8.371689580119209495e+00
-5.361167026960404591e+00 9.459321918304473442e+00
2.569288316574354969e+00 -8.321032776338983528e-01
-4.104968741782076824e-01 -2.915665907785817357e+00
-1.826953195499355864e+00 -3.146275240176421129e+00
-2.893233867266213011e+00 -9.365019084109380998e+00
-4.945933115732269236e+00 8.885550382115539492e+00
-1.015677701586297443e+00 -3.610596174904499911e+00
4.277358158082158468e+00 -6.978391869273732340e-01
-1.213547637698514592e+00 -8.632149035847135110e+00
-8.666727772195594426e+00 8.292452493580031003e+00
3.376337720052143609e+00 1.028841307005246009e+00
-6.201620159750838468e+00 1.033639920410083235e+01
-1.373444383500263877e+00 9.965003018589328576e+00
1.687376068724266709e-02 -7.597717811632781704e+00
-1.359342768344003805e+00 -1.984128219163189932e+00
4.379967735909560567e+00 -1.000472592434945573e+00
-1.113008098714709959e+01 8.180688479263307222e-01
-8.563535365472143113e+00 5.056714205865188383e+00
3.520975967078963542e+00 -1.354867366399832296e+00
-1.081755867076570343e+00 -1.962784876395403444e+00
-1.057844780838646059e+01 -2.718714991349469035e-01
-1.183338274445983718e+00 -7.365541567837724735e+00
-9.560876809091906736e+00 5.797841926299482918e-01
-1.108293459547548920e+01 -1.289443690401047782e+00
-3.388024268912132264e+00 8.214666164596954090e+00
-2.110789856693257249e+00 -9.553437521023095513e+00
-2.625995873787857260e+00 1.012776023502335399e+01
-7.737589329216735479e+00 -6.873120494095823929e+00
-7.607284880467765298e+00 -3.916860407466440375e+00
-9.045617713850264252e+00 7.895232716086048264e+00
-3.965410203413134660e+00 8.329146603480529265e+00
-1.438046439383434905e+00 -2.163098366011696250e+00
-2.862716742072356269e+00 -3.927905154258933607e+00
-8.279849041363249729e-01 -8.838399533957630894e+00
-3.914976424534615695e+00 9.588815942107910217e+00
-7.580879658983236347e+00 6.512441492848818569e+00
-7.257462655445451105e+00 7.237465026149076941e+00
-1.056737814277096454e+01 7.251049119231862683e-01
-9.608498586965176003e+00 1.829810565939787192e+00
-3.733045669740331363e+00 8.809185340640517836e+00
-9.645165140905795909e+00 8.153685816338254178e-01
-1.114736358487816936e+00 -8.717529919765828694e+00
5.550423958018557258e+00 -3.481301757189565027e+00
-3.017011140010835923e+00 8.195036900071610120e+00
-6.953625446579660974e+00 1.473386933691236189e+00
-7.374941830272009113e+00 -8.515027101884218297e+00
-3.176637624337221411e+00 -8.774860155822208796e+00
-2.585745063503987140e+00 7.857959860988305678e+00
-2.256396525919794893e-01 -6.732497057039289245e+00
-2.234813729968335494e+00 8.486661415995923718e+00
-9.107539648733695259e+00 7.112676580699213602e+00
-4.718240678846197689e+00 8.192734083076762985e+00
3.931904117355661032e+00 -1.599416189882929107e+00
-8.228030180086831180e+00 1.061835536154182247e+00
-3.233109679037300399e+00 -2.218597037935913896e+00
2.568218173983970232e+00 -8.683755058650317604e-01
-3.020370873657332034e+00 -1.131307118598442862e+01
-8.808171110108428792e+00 4.531593062978027109e-01
3.387171981016201983e+00 2.030093714822300832e-01
-2.167772422469736782e+00 -9.158504382190042037e+00
-9.126842465982024422e+00 -7.666649454195225033e+00
-4.806368259756536254e+00 8.434736238193421443e+00
5.213953229416426360e+00 -1.561752422238185556e+00
-6.226014535320606669e+00 1.030917041945184742e+01
-3.719089608813922698e+00 8.527776625346342954e+00
-3.032548072768136649e+00 -9.003937564528333937e+00
-2.017439630681851614e+00 -2.022866659289126012e+00
6.505478908158030649e+00 -1.030969693622875605e+00
-4.937714846847007344e+00 9.099633510444766316e+00
-8.085900808537642703e+00 -5.985630401418878144e+00
-4.726743988737302615e+00 9.851108732714012106e+00
-2.003550479273204843e+00 -7.506698005664563134e+00
-5.468868821369912148e+00 1.164576930208809813e+01
-2.197774483892580122e+00 5.169366463689341273e+00
-1.650537916942959926e+00 -9.448831278213862817e+00
-6.344815554215220033e+00 9.756667977609788878e+00
-1.437901403820879498e+00 -2.800164410637410395e+00
-8.448482777761616713e-01 -9.170291615343924008e-01
-9.609814715619686254e+00 5.598451692903769761e+00
4.473770286888280268e+00 1.564392006778234645e-01
-9.377932347686240178e+00 -8.154071565361957763e-01
-7.681022566984346156e+00 -7.247523465351676464e+00
-7.021320598107438915e-01 -7.987999350957346145e+00
-2.285738188098686230e+00 8.887088224141189485e+00
-4.986147561305720899e+00 9.890234690826609665e+00
-5.769649589967926318e+00 -4.564442569899832769e+00
-7.781242976101683695e+00 -3.956360430233202941e+00
-8.625947935317148207e+00 3.704718625202367832e-01
-3.870654129134208254e+00 1.010361425863830398e+01
-7.721861936896031509e+00 9.825187855055448338e+00
-3.036598413922250828e+00 7.829432598446574687e+00
-1.351153568420835116e+00 -1.391367393835138522e+00
-3.113090112901659712e+00 7.717864176153820921e+00
-9.495264974320349438e+00 2.010784101520632028e+00
-1.037094635851358326e+01 6.339024466950351488e-01
4.958182128142269107e+00 -2.011147434111513199e+00
-5.563910964629113387e+00 1.013859651226641390e+01
-1.814882917984464328e+00 9.002812600982458946e+00
-8.104997629802603853e+00 1.010237712655503906e+01
-9.830435062692801651e+00 6.935959584800740485e-01
4.421557478833456400e+00 -4.425338258583655815e+00
-4.280638831460144900e+00 8.620677826498409857e+00
-9.862175585425410063e+00 1.657189486351499763e+00
-2.433845663523407588e+00 -9.987683034779907487e+00
-1.800552672452639280e+00 8.889627111323452624e+00
-5.200848942741138181e+00 1.057042188737267985e+01
-5.641064316044923643e+00 9.984904331535540578e+00
-8.296670709680878275e+00 5.605329918414376777e+00
-7.756920843767048268e+00 8.343222479530609803e+00
-7.486312858169370976e+00 9.162294329033679574e+00
-6.934856473126381537e+00 5.537143211461353687e+00
-8.956444039693613135e+00 -6.501933806113746606e+00
-5.969140420270295344e+00 9.233377700860220472e+00
-9.292903708739466140e+00 -4.272969219645450067e+00
-7.611777405393211460e+00 -4.499443519859031682e+00
-9.876550596656635816e-01 -9.368434692311259582e+00
-2.632204011296639834e+00 6.048239267130414376e+00
-2.487585909468934986e+00 8.625343289425218885e+00
-9.068130505250088902e+00 -7.460553826922629028e-01
-9.486367191175260061e+00 7.149110898735152375e+00
-2.818008740489475805e+00 -9.890013984660994240e+00
-4.515350972785574513e+00 8.060441836432314489e+00
-3.364338894288402049e+00 8.646020384129052161e+00
9.514931893195808232e-01 -2.453828904167991709e+00
-1.203579402990434843e+01 1.705458331089222179e+00
9.060535817700108296e-01 -2.174807446863399107e+00
-8.224727146428707059e+00 5.406044225810810566e+00
-7.347051066257945351e+00 7.263157798741461058e+00
5.449981524591661852e+00 -1.946347755206042862e+00
-2.552294928769192950e+00 -2.868803117449459261e+00
-1.438006101355964628e+00 -1.805696581380218824e+00
-4.376852058038183113e-01 -9.495464679313446732e-01
-1.123487660996434911e+01 1.838941980070728954e+00
-9.388409574863269214e+00 4.854503339877402901e-01
-9.978853105209783081e+00 -1.145905111815240351e+00
-8.614010132088004923e+00 -7.123535652834995791e-01
-8.233240373294053782e+00 4.784190655629831035e+00
-5.861235606456413727e+00 1.058094270948999949e+01
-6.886453853213554410e+00 9.674683524989749372e+00
-7.116039049509212511e+00 -6.685079281600724066e+00
-9.056704586392955170e-01 -8.722650079750946972e+00
-1.916181851897746480e+00 6.933053401146539230e+00
-6.209813651167719328e+00 -6.858789451766357459e+00
-5.357727913942139431e+00 9.276926122795016383e+00
-4.743609562290985515e+00 8.260437632663183649e+00
-9.929715286219517267e+00 -1.244075647768271287e-01
-2.084393758116473983e-01 -6.616549854139397446e-01
-3.830775355700999807e+00 8.560761214610636216e+00
2.340614654270471995e-01 -9.331808189200433645e+00
-3.306424472407239357e+00 -2.180850326916720316e+00
-1.048748561536323720e+01 1.517443463823872518e+00
-6.673997077694957536e-01 7.852841347701725816e+00
2.934049992762900239e+00 -1.112184532164334216e+00
-9.691526110721964571e+00 -2.272925562217588125e-01
-6.470809720945945642e+00 8.572316338891939225e+00
-4.741065796216517025e-01 -9.211323058019923238e+00
-1.093151549917197762e+01 8.918164898841492771e+00
8.389242708820750849e+00 -2.698141170346581408e+00
-4.057029496407324132e+00 -6.706900677445972292e+00
-5.557438307615751860e+00 9.490341774439233546e+00
-1.022697018461751428e+00 -6.156162556304495048e+00
-1.221429049492439356e+00 9.730149634247542423e+00
-1.184679709740198739e+01 1.875577046740547926e+00
-1.154409217373291874e+01 -4.207996004471236118e-01
-7.677016007837744738e+00 5.696154372860066095e-01
-7.136680173310726794e+00 -7.364728587604719934e+00
-1.679008199967533699e+00 -2.971567625655615164e+00
-9.228181125215071390e+00 6.989909785296044564e-02
-3.662017336938091283e+00 8.405466272834683394e+00
-5.781943643417582379e+00 8.355013054093909375e+00
4.374185123583997026e+00 -2.158892909514702030e+00
7.287822187836223264e+00 -2.462633979941259543e+00
-8.864695513808397820e+00 -3.025536507651163110e-01
-6.810177398171670227e+00 -6.660082595090944579e+00
4.675957014323507188e+00 -2.707915968979735410e+00
-7.045326211249032688e+00 9.463491064236734474e+00
-4.080772406135174890e+00 7.243114879075566392e+00
-3.261159632749283332e+00 -8.389312872483484895e+00
-1.148977978888104712e+00 -5.394640103557651223e+00
-8.283167532125583321e+00 -6.274871168627210061e+00
-9.083591535278610962e+00 -4.343978791389702110e-02
-1.084056149613471476e+01 6.633212914707453667e-02
-2.477959729373561348e+00 9.002229165281908863e+00
3.080014999693041489e+00 -2.999427044808740561e+00
-8.669008560056783441e-01 -8.261611103535789979e+00
-1.085885618760418225e+01 -1.120891330439739431e-01
-2.041043990207013437e+00 7.260077304991662039e+00
-3.351088594742805959e+00 8.768023115520691135e+00
-2.411196766668327829e+00 9.327181453499612473e+00
4.587356949438580855e+00 -2.550193076608683107e+00
6.105744872376249077e+00 -1.736356008612478963e+00
-9.302087042029906883e+00 7.355641557961647869e+00
-7.532214154690624497e+00 -5.191392673168216731e+00
3.861955673393792310e+00 -2.718048790696126815e+00
4.331590309149375706e+00 -1.009020282101669830e+00
-6.284423566896172320e-01 -1.228711737496388290e+00
-1.294467717662257211e+00 -7.061881204436708082e+00
-8.884680720181403757e+00 -4.973868065298072239e+00
-3.230246446509320801e+00 9.294233645583691583e+00
-9.128727909944901242e+00 -7.339511134596112818e+00
-7.352633737397241021e+00 -3.902595057594432593e+00
-3.165728349846286260e-01 -1.295914389823339175e+00
-8.497844041851626784e+00 -1.816560122028048507e+00
-6.485502929927519089e-01 -2.304400632110418456e+00
-3.455674399489540249e+00 7.378061347342644183e+00
-1.545043358092746510e+00 -1.950014391987686224e+00
-6.112163267524691079e+00 7.226495916124203944e+00
-8.432844820584818990e+00 -6.196104826726909209e+00
-9.560603543586664088e+00 8.043686156512354302e+00
-9.979572395829311660e+00 8.669073913579364188e+00
-2.676074961027002930e-01 -2.049636960533512742e+00
-7.299742093851374847e+00 -8.039864076976886764e+00
-1.096845473764459200e+01 -8.814959270428102123e-02
-8.868418578361705329e+00 8.748660776793137472e+00
-8.733110823984681304e+00 6.343242841057611159e+00
2.146920317857009319e+00 -1.220209468593331348e+00
-9.868003616744800865e+00 1.777553334103374461e+00
-1.360506246925935692e+00 -2.660185786546508169e+00
-1.851424596602871286e+00 -6.708249909628671404e+00
-8.863872496572826165e+00 -6.468674152224979323e+00
-9.981070897286276278e+00 9.820668926955548272e+00
6.585104739861893375e-01 -2.017227308777891359e+00
-3.560476213211214436e-01 -2.029371060606898869e+00
-1.371410120625751627e+00 -2.613885334042151953e+00
-7.699329929978863341e+00 8.649584169528202082e+00
-2.651992827902259986e+00 8.916863706501588993e+00
3.560170369306306704e+00 -2.022938411346260068e+00
-4.915704987452324204e+00 9.232756612100798677e+00
-2.325650297554673784e+00 -2.339308823420178207e+00
-6.124795000700010483e+00 1.075336980722653557e+01
1.091995906440359487e+00 -1.015224623835139539e+01
-5.534993294692317711e+00 9.441597288158030565e+00
-9.845933334149325589e+00 7.297564984891184103e+00
-5.569872871080058907e+00 8.489178238538078958e+00
-1.361134048865646484e+00 -5.023472178221863871e-01
-3.786656387410558544e-02 -9.104923929285485329e+00
-7.597568892201992163e+00 -6.266614017588588048e+00
-8.080837188819248951e+00 4.063325627768396231e+00
-1.178923174562773735e-01 -9.982667636513963272e-01
-1.315008483749873669e+00 -2.390803148544659251e+00
-2.845242311109727140e+00 -3.901665165979493644e+00
-9.960743589345344873e+00 -1.395591895724529463e-02
-8.379708097331028949e-02 -2.208736067235880007e+00
-3.081970231173280172e+00 -1.047116255611878799e+01
-1.113434041940757568e+00 -1.664218989612199717e+00
-8.277217890141649548e+00 -6.747035904602668666e+00
-1.027414253159280699e+00 7.677183183620538642e+00
-3.000794656417621997e+00 8.350247893514834985e+00
-4.073305788497551205e+00 -1.827388056005127437e+00
-6.646206763116855321e+00 -6.161829445817146755e+00
-2.169924976582506382e+00 -2.986597235302510533e+00
-3.222960987719130532e+00 -9.708737790777716370e+00
-6.374573377009026487e+00 7.292639884655736537e+00
-7.624908532687058482e+00 5.888605903019645815e+00
-3.718557281350975963e+00 8.503898138523551253e+00
-5.916363152439333639e+00 6.766611044681626552e+00
-9.918850030208016477e+00 1.121614816285110727e+00
-3.199749722734526181e+00 8.130932895384848536e+00
-3.833192756962079173e+00 8.201426753924291546e+00
5.000995431087843279e+00 -2.205262390683385476e+00
-3.400798526848133996e+00 8.834912946815300927e+00
-3.260859774886109896e+00 8.624612179043538163e+00
-9.103555739926017409e+00 -3.554567170691598221e-01
6.138785297690594334e+00 -1.804268508723765319e+00
-3.399947847192093864e+00 8.268167570218913909e+00
-2.907312032290467307e+00 8.407662840639000379e+00
-1.835824755086000293e+00 9.138023269535949566e+00
-5.864820976511319728e+00 1.096156244010404635e+01
-6.601471028607803326e+00 1.090260730303239889e+00
4.574577894996395777e+00 -1.951160106095833235e+00
-9.026619908589799124e+00 -4.634876050086868204e+00
-1.045837384936366732e+01 -1.069485146852683366e-02
4.096819526912980791e+00 -6.305065763453862715e+00
-6.380857687297414316e-01 -7.285627216803493233e+00
-1.370641358466376136e+00 2.335210488291097342e-01
-6.395738585923267827e+00 -6.626151081030827505e+00
-6.902281230061447559e+00 -6.318751189880970287e+00
-8.251258757027324364e+00 8.505337998757717344e+00
-6.615228602784726242e+00 7.502960752995583960e+00
-2.292081465816967256e+00 9.337460103184660909e+00
-1.241316943515390125e+00 -7.742966878178302537e+00
-2.502924195273626307e+00 -5.015158390216900575e-01
-5.466118700208613568e+00 8.725592554660513755e+00
-8.628538794915439070e+00 -5.922254113759765737e+00
-2.448126863289003197e+00 7.582063081484414546e+00
-2.581274441830736954e+00 8.870929096174000605e+00
5.323390397869776081e-02 -8.966449647335336337e+00
-9.824417796213060328e+00 -7.990136307049201747e+00
-8.121445844317044305e+00 -5.635990662176927124e+00
-5.193633185511088435e-01 -8.671422019670945502e+00
-8.929971621804140725e+00 -5.496429018698558266e+00
-2.327618262250644499e+00 -1.840816627582451570e+00
-7.221758137280548162e+00 -4.369004344853701483e+00
-1.833558853484317241e+00 -9.162407152177442171e+00
-4.601660578757966191e-01 -3.756276541553422721e-01
-4.246018592549129167e+00 8.184618361039783352e+00
-7.089828945936037741e+00 -6.263334667962237923e+00
7.348184307326390829e-01 -2.123548801679158160e+00
-6.697643261919214552e+00 -4.516766110119979416e+00
2.899349097941702702e+00 -2.716178105665836284e+00
5.190828620078022482e+00 2.864173964596050670e-01
-1.198037830283716687e+01 -2.005925976821660850e+00
-4.931322855471342415e+00 8.135335879503092116e+00
-2.386904651224058149e+00 -9.017472369082852879e+00
-7.712549128904273132e+00 -6.309526958333396607e+00
-2.827998135897466181e+00 8.114260454308753978e+00
3.566431661776872541e+00 -2.575857457604435297e+00
-5.873960991990077929e+00 9.763307674429226424e+00
-2.249207237670235227e+00 9.272311829440546660e+00
-9.997257083635894048e+00 6.959493927817526959e+00
-9.605071748252326458e+00 -4.024822879078062243e+00
-7.744285095344536352e+00 -4.914507171961216336e+00
-1.100673355559236910e+01 1.382052737100457396e+00
-3.525275657690213116e+00 8.069027900489611937e+00
-1.724000866968144141e+00 -1.606854811988605469e+00
5.424711428132789059e+00 1.827339168685391257e-01
-6.871938471007247529e+00 7.733968475105290175e+00
-7.877796177506271036e+00 -6.409085799824020491e+00
-6.836038917563636907e+00 7.556872495302862980e+00
-3.864368465447569623e-01 -9.945231940437098572e+00
-1.153636525161315696e+01 6.174981530439430655e-01
-9.557472993322347676e+00 2.791070607216863397e+00
-2.205475096395783652e+00 8.904119634971102926e+00
-4.489230756119238386e+00 7.495606828605025029e+00
-5.969505204615278338e+00 9.584383763630963671e+00
-4.414722340197446471e+00 8.512422609891288516e+00
-1.085184749760756517e+00 -8.192673510230155998e+00
-5.327931392474842376e+00 -8.316190376470512291e+00
-8.139598564372013456e+00 -7.764963516918237829e+00
-6.735501185914650080e+00 -6.032872914520524432e+00
-3.272308358230275882e+00 8.677678884318952512e+00
-1.025930111809378609e+01 7.377390122075053291e+00
-9.193897501314957310e+00 -5.313619313647833797e-01
-1.037029230979882755e+01 1.033162724919631259e+01
-1.339079279459415073e+00 8.385806061347969020e+00
-2.782951382305330901e-01 -1.851194490855578856e+00
4.569503402874930842e+00 -1.527810135930635305e+00
-1.647756940780211288e+00 -1.510806303149737628e+00
-6.830941822008922415e+00 8.210969146617118852e+00
-8.677897048659994894e+00 -7.117101325971306736e+00
-4.955184477837452306e+00 8.725742493909118380e+00
-4.564294750430364367e-02 -7.145989880223910795e+00
-3.582788961872909628e+00 -7.535758108040184311e+00
-8.280902770116089329e+00 1.860708611572378768e+00
-2.581924433669694707e+00 -3.922668922981690898e+00
5.267659452107307239e+00 -3.198895560299395147e+00
3.250571906586618987e+00 -1.646900237202755912e+00
-2.100305367169635229e+00 -9.687472636238318557e+00
-9.963037446676393571e+00 9.280495596463170571e+00
-6.369187692420720914e+00 -6.168870942939347124e+00
-2.057655112515410778e+00 9.172924565680359521e+00
-4.954442286491870462e+00 7.976284707465469026e+00
-2.669198662177722614e+00 8.766526202818118563e+00
-1.410104898558641739e+00 -7.964351862293217010e+00
-6.165014572600528098e+00 8.115697095132558658e+00
-4.000743920066336834e+00 9.181714984472762353e+00
-7.471704511907682367e+00 7.960137423753858243e+00
-1.153159349797911659e+01 2.121869291811420588e+00
-4.693712041062769735e+00 7.363504192628726130e+00
-7.719904102237732380e-01 -1.946871054285970182e+00
-3.981871286113827679e+00 9.728138579236015104e+00
-4.105743680505830606e-01 1.391622314060825261e-01
3.990595201926578461e+00 -1.252589877549094455e+00
1.455093405937375461e-01 2.017076692865518162e-01
1.961989840685930186e+00 -1.840847370218863910e+00
-7.245298079837441563e+00 6.350623058315356673e+00
-9.780559405251816329e+00 -1.524604678196055385e-01
-8.774371151483670861e-01 -2.527497147050168369e+00
5.556624642943872594e-01 -2.394878057061833765e+00
2.822382534924936515e-01 -1.798830829238071027e+00
-2.542455890438829469e-01 -1.115478203438069915e+00
-8.618179827289891293e-01 -3.454719199668976337e+00
-6.516386080180401663e+00 2.507457249915955533e+00
-2.323399947447131186e+00 -5.680448322473978351e+00
-5.797276198176113393e-01 -2.911398930873687618e+00
-1.709876560929016298e+00 -9.345601000501845945e+00
-3.152308172591293811e+00 -8.297827661070709127e+00
-9.842898546303869622e+00 -1.258470309039367852e+00
-8.708844675098936783e-02 -2.428867459048142941e+00
-1.367690687117538051e+00 -2.047159039549184101e+00
-6.264594321377732200e+00 -4.443246971360936826e+00
1.364809280505119293e+00 -4.908941786131605589e+00
-5.469888663098100956e+00 9.611869250096457762e+00
-8.524429108028551028e+00 6.793698028559004953e+00
-1.815572362403298445e+00 -8.546457902025505149e+00
-8.229847362738880179e+00 7.703786042082049867e+00
-1.833297370382858338e+00 -7.534735996318223883e+00
-3.617911321855467488e+00 -4.818930154669422095e+00
7.106452618456582382e-01 -2.060638365310229148e+00
-1.103129195207872293e+01 1.401065339875976257e+00
-8.598815040995162917e+00 1.024159120369560583e+00
-6.457062529285676256e+00 8.575239645230475105e+00
-1.670939480198553095e+00 1.069416597072449804e+01
-3.019389468331132420e+00 -8.545987847597739773e+00
8.766172732923152022e-01 -3.116589899600895830e+00
-1.281450029225451148e+00 -9.877647898993465958e+00
-1.921008080244176242e+00 8.752543677662954380e+00
-8.132825123631203468e+00 6.887762699233584307e+00
5.922685927259361272e+00 -1.175466353312823564e+00
-1.122940622116794795e+00 -9.012336654753192455e-01
-1.860576009977310319e+00 -5.717117153561009246e+00
-3.446498119399648452e+00 -9.582820216546554803e+00
-6.913414124105552006e+00 -8.474312844791690225e+00
-1.881815393043357654e+00 -2.200154206265905188e+00
-2.266370857300985087e+00 9.811967292218239933e+00
-9.003109342313811325e+00 -1.500470576664734601e+00
-7.999305583204991521e+00 6.118557604531916994e+00
6.327150973006176571e+00 -2.743771983674878179e+00
-2.485402677588255838e+00 7.108645015862241401e+00
-6.864021814454971171e+00 -5.430794683616165131e+00
4.388429958925356367e+00 -1.504290401181608727e+00
3.005093248314908649e+00 -3.344324927345796894e+00
-8.605608435721816107e+00 8.687041921215699958e+00
-8.182884265008064872e+00 -5.403784181516978258e+00
-4.900922284690609310e+00 9.643758523222874857e+00
3.229650469101879473e+00 -2.177146066296804072e+00
-1.640224322375707366e+00 9.705911325240371923e+00
-3.701341822597143949e-01 -9.013053763065490998e+00
-5.363210198332526435e-01 -8.201479343568882641e-01
-1.189991022982096691e+00 -8.167013244630778601e+00
-3.377516515821703535e+00 -8.068538459857006018e+00
4.666486836204134292e+00 -9.215640348009738192e-01
-3.338784345052414615e+00 7.201290797381099118e+00
-8.284624397441172405e+00 7.243389209773569704e+00
-7.743452631771219341e-01 -7.818047374636414304e+00
-9.124652046693922713e+00 -1.667594516964994167e-01
-7.022208976566830074e+00 7.618597288748160778e+00
-3.134628337396576647e-01 1.028969955559180605e+01
6.327816563380790349e-01 -2.055366313118636601e+00
4.202428559981835399e+00 -1.922594272767358170e+00
-2.246385772785973955e+00 9.185055313728373250e+00
-2.368897080179649617e+00 8.752543662513810219e+00
-9.078843628315476977e+00 5.883580554068959856e+00
-6.096013635369185835e+00 8.905435616896044237e+00
-8.462667081655913748e+00 -7.218044587998303285e+00
-2.082245358492591514e+00 -7.720726805788382663e+00
-3.637699394587359247e-01 -9.117719250282071641e+00
-9.458216134806132658e+00 8.284318642337188621e+00
-5.740044445462623379e+00 8.268260620048026865e+00
-2.303031672590956092e+00 -7.673364662242810219e+00
-6.994512829628968476e+00 -5.492279170866924964e+00
-4.419593763130063913e+00 8.501369553093706344e+00
-3.676674235614132868e+00 9.737364317973545624e+00
-1.003702043711060199e+01 -3.436640561318069498e-01
-2.950796645309388566e+00 8.918201451063465512e+00
-1.663808824327905445e+00 -5.784334185449391263e-01
-4.442542060079548882e+00 7.710062398928121397e+00
-1.143648299843073168e+01 1.065990538381738295e+00
-1.264442576156493914e+00 -9.086433648706190525e+00
3.405131254947052710e+00 -8.661870429898697044e-01
-8.664324616646972288e+00 -7.926475806909236699e-01
-7.555355724269731788e+00 -6.754452183968544965e+00
-1.942751529637050112e+00 -5.592142846637975673e+00
-1.422067948331826370e+00 9.024268472714050304e+00
-7.703290313363603481e+00 -4.955652017092102568e+00
-1.552459487114832726e+00 -7.878935038253551681e+00
-3.179168655506032337e+00 8.066313271597415735e+00
-8.241374653462607114e+00 -5.362764273074270172e+00
-6.774500613902160850e+00 -5.060732803786920364e+00
-9.718616589692315344e+00 -5.705187255602240270e+00
7.712540110206498767e+00 -1.464300080409161486e+00
-3.252182389548385455e+00 1.054174712298076955e+01
-1.567633688258004199e+00 7.561773061812107066e+00
-2.168800819881590236e+00 -7.150271909312280183e-01
-8.941135307437646063e+00 7.864570984552440081e+00
-1.919978237785077146e+00 -1.142658469439018720e+00
-6.664617807577419839e+00 7.679946812775462206e+00
4.910615113897955020e+00 -2.727496836667449465e+00
-9.846132248705307788e+00 1.792630721677022310e+00
-2.848467345130800688e-01 -9.710626551096140702e+00
-7.562730902047467119e+00 -4.165239457822520919e+00
-7.870686735788190447e-01 -4.785842148587324374e+00
-3.379136513811489273e+00 8.636501438668544139e+00
-2.702456860211763345e+00 9.123335558790921951e+00
-1.015748659677888632e-01 -2.804992193563278668e+00
-1.573508779808771907e+00 -8.269195115251456230e+00
-6.750680374024670805e+00 -4.283996853232459934e+00
4.298048631128275510e+00 -1.937185958270561281e+00
-1.043560939837709078e+01 -9.119807737601772768e-01
2.724059118156940684e-02 -3.576506381960906200e+00
-4.357648056948737469e-02 -1.562248899583890571e+00
-4.545828626770166636e+00 1.060665064618350861e+01
-3.761808705976051659e+00 8.894162276997391814e+00
3.506293918767088069e+00 -9.735998333165738483e-01
-3.840133292131656884e+00 -2.568291517783082067e+00
-7.091678638603255980e-01 1.513391672280501865e-01
-6.862782162435498989e+00 -6.504081828416399702e+00
-8.326553649656311507e+00 5.901103459934863515e+00
-5.411895992556909007e+00 8.324191714888439009e+00
6.731467650883351084e+00 -2.402032875036590465e+00
-3.718906651730264912e-01 9.749245811507185167e+00
-6.579457169729714394e+00 8.374266827662580681e+00
-1.739614080913459482e+00 -8.829274722433966716e+00
-1.000916376152069276e+01 7.850176090484814573e+00
-7.664438238735034048e+00 7.694686310721603917e+00
-2.965810029953230398e+00 -8.840836723846390299e+00
-3.685460431094367273e+00 -9.519968229783328795e+00
-1.026874270253870414e+01 3.926624002259790469e+00
-8.052378828694505941e+00 -7.023086329743988276e-02
-1.518562032844590570e+00 -1.874186199232800387e+00
-3.307325088082847309e+00 6.951279494476859000e+00
2.925373926063898899e+00 -3.143551337749390662e+00
-7.664248396010277631e+00 8.260837679699347902e+00
-2.038497976945238266e-01 -3.321812028814493889e+00
-3.141083501855141513e+00 1.077199521044009600e+01
-1.888557718970908406e+00 1.176330087969269655e+01
-9.774815972163750644e+00 -7.450081427552742497e+00
-8.075014718928235524e+00 -5.521426779326982448e+00
-3.849967634058546473e+00 9.189733620571423955e+00
3.973428240961362601e+00 -6.844761366553259174e-01
-7.592731159253746753e+00 9.944504190792560649e+00
3.068066585518880451e-01 7.544807993256504197e+00
-6.991711434542148496e+00 7.626829420963885831e+00
-4.143955837783614982e+00 8.136462969702515480e+00
-5.813457405277484114e+00 -7.470103693782970566e+00
-9.157674553170377152e+00 -7.649088843721466802e+00
3.167619539775418325e+00 -1.203122642753269300e+00
-8.984558886049875071e+00 8.405454864049946906e+00
3.624763843718436629e+00 -1.483050191683962460e+00
-9.428063066129187320e+00 -5.955010103634315932e+00
-1.141950146273856959e+01 -1.812508225188686595e+00
-6.596430905798030153e+00 1.091409157343733050e+01
-4.404321987652931369e+00 9.364299884650634453e+00
-1.173635263800508755e+00 -9.742941203685999696e+00
-7.538761548383705602e+00 -7.025924242663821317e+00
-9.685438245433786619e+00 -1.241024367884022483e+00
-9.836762693935671820e+00 1.044648667092454097e+01
5.723050693917029363e+00 -1.116223519361047023e+00
4.444824266147117342e+00 -3.973852103710000971e+00
-1.580393748098891660e+00 -2.464481265148717348e+00
-8.229647469258567938e+00 -6.628786694070992525e+00
-1.673957093823360109e+00 1.000350734198240055e+01
-4.384267938347970350e+00 7.849368600487052205e+00
-1.050648237954351671e+01 9.438313618117462056e-01
-5.887328546893029646e+00 9.144035029350764177e+00
-1.881933599779705535e+00 -1.107574003293712295e+01
-5.534365974919618125e+00 -5.029328332808352009e+00
-8.055884052274054241e+00 -4.044753658500438220e+00
-7.416834858476071268e+00 -6.394773106011846231e+00
-6.235655467528233409e+00 5.792358345543448195e+00
-8.944511048559469657e+00 8.521359272245543792e+00
-8.413756823403621965e+00 -5.792542612031560623e+00
-2.372394722404044920e+00 6.904963079157540484e+00
-7.306463787087593698e-01 -8.151433584955997347e+00
-9.034471931896241870e+00 -3.613848227061450258e-02
5.015145863330137566e+00 -1.835748713697975543e+00
-3.592710344995786009e+00 1.079685103226283438e+01
-4.806723045043451492e+00 6.339830889514789902e+00
3.313649200216227886e+00 -9.025486781531054659e-01
2.757176742808519876e+00 -1.866915157366941358e+00
-7.022571840032978407e+00 9.619379677585486732e+00
-1.837768319314555754e+00 8.259093719883686902e+00
-1.340404653227921461e+00 -6.291031713465866204e+00
-5.256355689591174496e+00 6.652892648465776659e+00
-8.684916280972467817e+00 7.420397359883070365e+00
-1.713601005391123255e+00 -9.880559483809136623e+00
5.425609333876041163e+00 -3.130766929711568558e+00
-2.533546724670694861e+00 -1.497588006351269652e+00
-1.484389844532397973e+00 -2.792708585901846341e+00
3.875835354459015392e+00 -4.965947408085535031e+00
-6.719166369742601397e+00 -6.572621948170792372e+00
1.470386190732309917e+00 -2.598819730169751097e+00
-8.507387212642428809e-01 -7.603447221669945577e+00
-6.962264864017160271e+00 6.202600241068723541e+00
2.789722878074743839e+00 1.196616293974453349e+00
1.122211160920727480e-01 -6.224794095784041303e+00
1.350025927395602565e+00 -5.832507454538082836e-01
-7.313959005522497669e+00 -5.650380819358444384e+00
-9.976800226083673451e+00 6.040776416465795107e-01
-1.202627337524706963e+00 -6.496173782489028881e+00
-2.809808310990951519e+00 -8.005508559671191904e+00
-3.647043625123358446e+00 -1.062624260273719656e+01
-2.638549898353657497e+00 8.781462252289187198e-01
