7.589908508812266419e+00 -1.701219242712699975e+00
-9.051715939328154326e-01 -3.277092447474144521e+00
-3.521209220434653897e+00 -3.498486283036877253e+00
4.366464543743197702e+00 7.101353716417504458e+00
-4.823246740768642127e+00 4.461158124121057611e+00
-1.083437759273693324e+01 -1.072522705035705215e+01
3.979932675329627134e+00 -6.261879327264919581e+00
-3.260529156841973641e-01 -7.566622896155544176e+00
7.805097247687760031e+00 6.972353555999493580e+00
8.695319178374347757e+00 1.774962348893852182e+00
5.097617696407891863e+00 -1.923772014058841684e+00
7.216370395056879161e+00 6.057873295299325278e-01
5.470590028109156400e+00 -3.025721691961129611e+00
5.700204331911646882e+00 -2.877850157704453515e+00
9.800471341190453600e+00 1.825050112813004333e+00
-1.554891591990703148e+00 8.517262561699928014e+00
-3.936049584194257545e+00 -2.494412468015366535e+00
8.977797361226137696e+00 3.424301109402715149e+00
7.289816288109054909e+00 9.153679195529146995e+00
-1.138652608004786959e+00 -7.784676081828836303e+00
-1.652031485506888275e+00 -8.986932456911665312e+00
7.161775038728855236e+00 -2.293725856146584530e-01
4.360877368946797006e+00 -3.160669661951236442e+00
-4.641714216520851366e+00 5.194007211735526930e+00
6.485946198319983758e+00 6.574227763770290167e+00
-6.559323433148117388e+00 8.306031295107761281e+00
4.147626467295502550e+00 -9.606034789770191651e+00
-8.499807417276672439e+00 1.073726842498144762e+01
-9.246845444150585180e+00 -3.734188220188337404e+00
3.453115834628979641e+00 1.521962862155629370e+00
6.330595948420985053e+00 -2.500965444933160420e+00
-1.909185104313748105e-01 4.908630564035816768e+00
-1.308049834431941605e+01 -7.752290821806687937e+00
4.970696083974226909e+00 -2.583014404043782797e+00
-2.044567318697361191e+00 -1.617142252807980851e+00
-8.095710284311611105e+00 6.899589739519827347e+00
1.060513870534744640e+01 2.085405474649432822e+00
3.931832769947091411e+00 -3.454506407504704946e+00
6.465628161819991782e+00 7.485658987762995764e+00
-2.505338517418422839e+00 -4.577395292399872417e+00
-6.158700460879183325e+00 -1.923844545834320297e+00
-7.850358832363425243e+00 -1.963568628235544455e+00
4.398900922718631534e+00 -1.527137661779122801e+00
6.390152866449025026e+00 -2.186763050692806409e+00
8.571564845780569541e+00 2.770329889920172040e+00
-4.323988675533591675e+00 8.296446365708968429e+00
7.284826667348554885e+00 -5.501651686270938590e-01
4.849979217321114255e+00 4.961069524413757925e+00
2.691675201915587401e+00 -6.756364520644694061e+00
-6.892401599688459335e+00 -4.797430905206147678e+00
3.726914500849252132e+00 -1.091735921231274498e+00
3.180986362566459835e+00 -5.155703470514119147e-01
4.613801769686238785e+00 -3.343567723610445519e+00
-4.825668871051568942e+00 6.451285565764334429e+00
-8.194965820627487574e+00 9.675526493015851770e+00
9.905599680480028368e+00 1.098440769491484170e+00
4.322857648731048386e+00 8.682272472711437317e+00
-3.363529909201642187e+00 6.244045733210560556e+00
7.580897701551601031e-01 3.145656783253166555e+00
1.362374710662448640e+00 1.091136698728381704e+00
-3.728588815192541261e+00 9.830044327540479188e+00
5.300098582484317866e+00 1.210517927323182619e+01
3.003699527026399529e+00 4.312221940915130780e+00
5.025740703341063487e+00 -2.018703074424883503e+00
-1.542452650679433379e+00 -1.846346629388554650e+00
8.203779707882503658e+00 -5.626402037053861438e-01
-3.700598700795995732e+00 7.139332832550411290e+00
-6.789276197785447664e+00 -5.526588392740379163e+00
6.799288084540333621e+00 -1.009494603074939212e+00
8.953558593839550994e+00 7.725002951606011470e-01
-1.879517327202329668e-01 3.249452137471420698e+00
8.003441319633051165e+00 7.084953091545406423e+00
-9.709646346412036166e+00 -4.666450126619520411e+00
-9.070207947225512157e+00 8.357677321914632529e+00
-2.023170896084045545e+00 1.022942708940269974e+01
5.508495537481081783e+00 9.668017051743996504e+00
-2.695753827954322723e+00 -3.730234213507868990e+00
-4.483197090173591803e+00 4.753652709472442339e+00
-6.759616360039017557e+00 -4.040670584465884119e+00
4.770860281994102614e+00 -2.338842544050239614e+00
2.510196850491041243e+00 -3.856433750353205347e+00
6.146770691206047132e+00 -4.835092916778522820e-01
3.510681603848127441e+00 4.597453608496193667e-02
-5.131413966542536897e+00 8.253480759143894119e-01
-2.609932381255207545e+00 2.173474869309324653e+00
1.683174960842202417e+00 -3.294388818406108310e+00
-1.199929824525648847e+01 9.458884595042773569e+00
-5.616278106820911109e-01 3.093229486489209812e+00
8.080809410660469538e+00 7.011009652660001867e-01
1.034464371965341023e+01 3.186783370074202093e+00
3.838825258296279408e+00 -4.875851320289017465e+00
-4.064052464526857200e-02 -9.415105037752010020e+00
3.589998479864706660e+00 -5.401266394682910033e+00
2.456033866488392725e+00 -7.192345381041929997e+00
6.687142745995153348e+00 -2.673701184406654274e+00
-1.738740038121595055e-01 4.045657140047948630e+00
-6.653085051327801480e+00 7.380489870842724898e+00
5.463917208703907846e+00 5.524388602711778340e+00
-5.194068423328183748e+00 -7.301204743696768640e-01
3.788693409652186261e+00 3.123851128949332701e+00
-4.964901176542611871e+00 8.963810579914857080e-01
-3.185280464683626800e+00 9.973518815273841653e+00
-2.671408062025166785e+00 -8.009705043022741222e+00
6.311191317536005485e+00 9.828159576556878108e+00
-4.501085717777943529e+00 5.790000798037758578e+00
2.131774218893181860e+00 -1.869402310121254018e+00
-4.892621144996254223e-01 -7.728960043249260004e-01
-2.114461854194543911e+00 -7.088817996476010741e+00
-8.315054048688418575e+00 -1.748925046564534513e+00
7.062241175998695830e+00 4.976242515456466009e-01
7.112888179053727278e+00 9.891457544563090343e-01
-1.988277753729691844e+00 9.244422002788065029e+00
-2.177497487916807195e+00 9.040843156127431612e+00
8.685054261680852150e+00 7.524850486716265330e+00
-3.259100331658139282e+00 1.028806455696880917e+01
8.269728539083475383e+00 1.712646236313403181e+00
-8.843120773618574404e+00 5.853708772397236970e+00
-1.109700538707571305e+01 -6.602892190626055147e+00
8.975270630851893472e+00 1.398502119823251455e+00
-1.202662433706521128e+01 1.059492744649801566e+01
2.532561100770561513e+00 2.218363644795356748e+00
-4.987876154939755224e+00 -8.449033417253932754e-01
2.944807806495083113e+00 8.090456479134005008e-01
-4.453448127043468929e-01 -4.025384195902518059e+00
7.210365946091423339e+00 8.330980636201291034e+00
3.892440173896461353e+00 -6.696610623085241798e-01
-3.743685941987919374e+00 -1.316904077444952748e+00
3.764711274099233673e+00 -5.896263598887354185e+00
-5.593146016342419813e+00 -1.996250718993785478e+00
-8.723218864864582756e+00 -7.612321352347019676e+00
-9.055697858000980816e+00 -2.563001173385197617e+00
-1.239747239651465716e+00 -2.049057577606423930e+00
-9.052113087868812968e+00 8.792935241959495940e+00
5.168128100315827034e+00 1.933144510833541219e+00
-2.352939571379139228e+00 -3.766372815042120958e+00
-8.383555348948151575e+00 -4.128211995943908086e+00
-3.499983532734020741e+00 7.175022218459813139e+00
-3.619682025924011448e+00 5.005309277431631010e-01
-8.827444180375282556e+00 -2.762998744558605502e+00
2.923884513312942524e+00 -2.594578150444457609e+00
-3.221361057196314270e+00 -8.279952476330374012e+00
-4.159373512197348077e+00 -2.980375291055131548e+00
-5.821173295547582782e+00 -4.548725684465141583e+00
3.245775933520960166e-01 -2.230231426264560390e+00
4.778379555501589770e+00 8.901533479204774224e+00
4.374025311626203560e+00 2.788131639428780506e+00
-1.849551159283818080e+00 8.209224736277052514e+00
-3.578865195296690782e+00 -8.847961023132485892e+00
-1.179114871168417089e+01 9.504755617173515247e+00
-8.712570366668737520e+00 -4.891329539041374908e+00
6.499282719103580241e+00 -1.586716492026578385e+00
-9.034040887052844582e+00 -4.051915750057760945e+00
-6.282044807849229251e+00 -4.791719953167712376e+00
-8.462670578339977823e+00 -5.517737378426341266e+00
1.345104519611588501e+00 3.621478694428451828e+00
1.511135184747118831e-01 -9.219941791914612494e+00
-3.892227196042897575e+00 6.903138142701095603e+00
5.019431035693124876e+00 -1.529193339531686791e+00
5.312636128856798479e+00 -2.319581461694853353e+00
2.983957441694740975e+00 2.372333050904733565e+00
-4.920700925881298815e+00 -6.698941776273148463e-01
-3.231737473144521644e+00 7.918918055294431824e+00
7.072709510597807281e+00 -1.792908176812834320e+00
-2.451505856395113092e+00 5.121088074663621370e+00
6.107756380015185727e+00 -3.808205367629133420e+00
-1.446195204718570215e+00 1.042377309492381166e+01
8.632988970749039259e-01 8.639286804742010162e-01
-6.230045724607074398e+00 -4.671668087341339648e-01
4.719926577615667362e+00 -2.642030886176538473e+00
4.290029098972897970e+00 -6.819617969072866437e+00
-2.191694471669807243e+00 9.299844562525230174e+00
-2.343248583712159050e+00 6.919174361709020005e+00
-3.751983289119072307e+00 7.442423669415607179e+00
-1.264266012095254688e+00 -7.484185702795388195e+00
-4.002055425096224806e-01 -7.012198621432146339e+00
2.827440603443555300e+00 -3.495842471112501126e+00
5.273932425962722270e+00 -2.553445372094707899e+00
3.086027351106165995e+00 -4.470497600547925998e+00
-2.161983007502251475e+00 5.118780183245402071e+00
5.644487484527597410e+00 -1.155226047253390398e+00
8.677647553032928229e+00 8.042281114278434728e+00
1.592212832490556007e+00 -6.001086545537494210e+00
6.290187819072373898e+00 -3.287024617606910226e+00
1.375552100908512543e-01 -4.161420782784587047e+00
3.156714981475801096e+00 4.267740596022374433e+00
-2.899859907861809916e+00 4.566221948487724447e+00
-6.682409464940409549e+00 -2.111192960931176366e+00
-7.878119520759334193e+00 6.888781430355882307e+00
-8.120855928026895043e+00 -8.075474237432427316e+00
-4.820880245004268261e+00 6.399619243643336119e+00
7.396156612734095859e+00 -7.555011882450196614e-01
-7.243295260898236165e+00 -4.925189179133973028e+00
-6.720706003195197731e+00 -3.179573006743105168e+00
3.024298762658400364e+00 8.323677233392736241e+00
1.016417666010016596e+00 -2.386316986969045928e+00
4.020417235037412773e+00 -6.302425230555188662e+00
1.386616602396433917e+00 4.332187486666574827e+00
-2.586551228860921370e+00 8.152586837704145495e+00
3.888554995251540802e+00 -2.133093638652326263e+00
1.669470121627464554e+00 4.321538446142432655e+00
-3.924796863521638812e+00 -3.074419011452410810e+00
4.383158980435569951e+00 -1.820628694706974526e+00
7.636567112554065950e+00 8.334851957419685320e+00
-7.922593941278031515e+00 6.546405916442846085e+00
-2.599697894676383569e+00 5.288897797569990011e+00
4.349315554900138103e+00 6.646431295247204218e+00
5.611878091782485534e+00 8.035782676813111536e+00
8.593953487649834244e+00 1.538269119691680009e+00
-4.927090103423167555e+00 8.751939151931372507e+00
-4.016688575005653572e-01 2.218854978825814950e+00
5.404620818021290241e+00 -3.260306904033191788e+00
1.939798361854741637e+00 1.068803012439957012e+00
5.263725859656059214e+00 -2.445598861724072481e+00
-6.279140623233983476e+00 8.342243923584820919e+00
6.026413977100891550e+00 -4.147454561584277499e+00
3.887005581477943839e+00 -1.901998073735721828e+00
-1.147051354995426209e+01 7.900410560777785918e+00
-4.388636941946764125e+00 -8.902721772654464516e+00
-3.838204479417582249e+00 1.063860311627003519e+01
-9.347895335634524017e+00 1.034477504012526516e+01
9.959455028661837517e+00 4.403262078093233001e+00
9.537762476462802397e+00 3.500840400960902876e-01
4.740883417932479915e+00 1.109858731337517668e+01
-8.503091628025872595e+00 -3.296718147665334442e+00
3.605371447497219606e+00 -9.625183950592553828e+00
-3.324145355986096728e+00 -1.969829922558951729e+00
2.770518658841650605e+00 -6.377324300677058133e+00
1.008130135833275887e+01 1.284993029994805580e+00
-3.153249097879645024e+00 1.212993801660802173e-01
5.989245560328378737e+00 7.836961426683454413e+00
1.291659332934327997e+00 -7.749115386187357402e+00
4.036341473678483283e+00 -1.335070855967459336e+00
6.616223503702202358e+00 9.332593004783388935e+00
2.842998030621032512e+00 -2.232092034575347217e+00
-8.021114750254881853e-01 -1.088291700405345352e+01
-2.694635381832965138e+00 -7.465862007214455254e+00
1.109457306409843635e+00 -6.520707923531760208e+00
-1.894350777854571177e+00 -2.016856273283774925e+00
-4.813862261219849614e+00 8.954351291692749015e+00
-6.164187184105750283e+00 -3.361294067279635200e+00
2.734062683366103030e+00 -2.840505110091349206e+00
-6.258573604665252255e+00 9.080211036084117282e+00
-1.148899920473412095e+01 6.330712021650175103e+00
1.300649294214056440e+01 7.007053144510957399e-01
-7.833672054118380856e+00 1.040246736689877327e+00
6.366147367121794964e+00 5.565349548009550507e-01
-1.067535007478058873e+01 7.197317440127082300e+00
5.002352779370027314e+00 -3.324745149424355173e-01
7.371564116104893039e+00 7.933708151531862818e+00
1.944095034139916578e-01 -7.882509952702514866e+00
-3.614776377904001858e+00 9.983388800202986246e+00
-7.753773471058662103e+00 9.609900085168701978e+00
9.624364151114217503e-01 -5.086632073721570890e+00
-5.655940498997081178e+00 7.024164961504665072e+00
-1.705451677356807805e+00 9.642854854182180802e+00
-3.191721536807212267e+00 7.446707969040874175e+00
-2.910552831624230397e+00 -2.854431057544922989e+00
-6.012235783374078046e+00 7.842692847713045978e+00
-9.033841459726716039e+00 -3.587266282106041260e+00
-4.633556253445337836e-01 2.420694759440948030e+00
4.389452889041772998e+00 -2.825676881683856223e+00
1.778007366358068220e+00 2.393747659347315260e+00
-9.071119304401559447e+00 -3.567303886224800102e+00
-5.019581636334856434e+00 -1.672632135166102652e+00
9.593749757646342857e+00 2.049566015547224396e+00
8.171320818230540795e+00 9.742734758846132159e-01
8.552642005852176155e+00 9.438066385449433326e+00
1.567872960217872258e+00 -3.704752499911578845e+00
2.138507157303488615e+00 3.418056851824226694e+00
1.951105153419263605e+00 -6.037415152611578684e+00
7.571448013093403873e+00 9.838493302577187904e+00
-1.044516557926978706e+01 -3.564910110977257851e+00
-2.699302664173774513e+00 -1.996636156111772253e+00
-5.032595987551220063e+00 -1.752311923392524173e+00
3.032262229351450511e+00 -6.422387706708162725e+00
-3.551864901222630433e+00 -2.009932988777830332e+00
9.582456265610622026e+00 9.139807696421354821e-01
-7.558742006251907952e+00 -3.449027527702706486e+00
-7.502669005253495449e+00 9.031962117178478522e+00
2.424846705996422269e+00 4.054283238605735029e+00
-2.494193191676740362e+00 -3.852226768076815855e+00
2.722698636681241346e+00 -3.164084581267098351e+00
-3.030528140933731240e+00 7.561463445338032052e+00
-7.406847954255528776e+00 1.615380334784267014e+00
-3.978434135327063359e+00 2.434006282555625233e+00
8.015229031115666203e+00 8.806075690896825847e+00
-1.897277417732238680e+00 1.001790089689562890e+01
-5.517994920366649403e+00 -1.968982215966194271e+00
1.776237476883913757e+00 -7.463738002235583480e+00
9.981879431477324260e+00 1.256274350207927659e+00
4.335384133941256657e+00 -4.084032904350560322e+00
-1.666774824624063456e+00 -4.263206240450766238e+00
-1.359499470476156713e+00 -5.605620702163017555e+00
4.755856379826710167e+00 -7.091494564019347191e-01
1.610844898449631524e+00 -1.053167594467628199e+00
-2.088642489654377599e+00 -4.278950112829936536e+00
-9.264311525110468182e+00 -6.502745001904010280e+00
-2.045280528687246413e+00 -4.395088889419405120e+00
-4.952495931260350037e-01 -8.350974900817442759e+00
6.117059666234037074e-01 -3.074372490032792005e+00
-1.291136311517884661e+00 -4.458271306135239698e+00
-9.941319571647230902e+00 6.566312997274163621e+00
-4.644491727782889434e+00 -3.903569532567371603e+00
6.842973270364260507e+00 7.629789362348660120e+00
-1.167011749777779661e+00 -6.295189807144186744e+00
-2.666773211050794234e+00 8.169595610147519338e+00
-9.191989647831940724e-01 -3.813781242708698560e+00
-4.319280374229863106e+00 3.446158739508986102e+00
-5.106912987741431209e+00 -2.162100276558824863e+00
-2.962248221717837637e+00 -9.586872235429861888e+00
-7.994471164571531396e+00 7.877897425308547419e+00
-1.288468863445346280e+00 -4.672163342956263676e+00
1.074405588245488152e+00 2.668370444955845411e+00
-6.583719129424744132e+00 -3.409855111722680299e+00
-5.502808731035226941e-01 3.282061655020887869e+00
-1.346349031695190135e+01 1.004680168805227147e+01
2.319952775860144367e+00 -2.761040539937562599e-01
7.033658869142227488e+00 -1.684573541950217912e+00
-2.495303328041043933e+00 -1.992699615732295815e+00
5.221720025009823019e+00 7.543879560037962229e+00
1.207602223956944498e-01 2.755925415585314564e+00
8.597205535384036423e+00 1.191658747433430143e+00
3.931406257625781997e+00 -2.896225283318241139e+00
-8.674448184184592181e-01 -1.680886281640121105e+00
4.404467460961329017e+00 -9.691951470754369691e-01
-6.484750823725233815e+00 -3.825838179310036224e+00
-8.433101691027138358e+00 -9.658387536015142771e+00
-7.381081117339657105e+00 -5.716710923397581023e-01
7.083810807707449086e+00 3.303136312089027804e-02
-2.180152436663499227e+00 1.051622009928428092e+01
-3.405047744873533677e+00 6.429008608533123059e+00
1.490203671195923230e+00 1.120005663897495785e+00
2.653828774569480409e+00 -6.607970645949475141e+00
6.759724202144534289e+00 -6.554263903421841064e+00
9.320639669849752451e+00 1.819478418763343264e+00
-7.725468653988184498e-01 -1.220743124424885551e+01
-4.658710408016751181e+00 4.792727095415655114e+00
-1.549905622469969213e+00 5.865855093062745773e+00
3.239257693427330054e+00 -5.691814494749493747e+00
-3.808030619181375087e-01 4.119578020348667380e+00
7.719737249555747916e+00 5.419379911898500879e-01
-3.090593401130103057e+00 -7.945408192120215318e+00
6.168154570916887458e+00 1.810858754955813721e+00
-7.648468794702308893e-01 4.374094933734922641e+00
-7.189850643697949906e+00 8.205968900195060201e+00
8.697125734686903087e+00 7.161376600412602045e+00
-2.061584831381838789e+00 -3.126301080886966233e+00
7.506183512257334378e+00 3.436512810657275097e-01
-3.440011684334869368e+00 -2.642763202055179672e+00
-1.289626466258358839e+01 9.257401085490949200e+00
1.436860029435124142e+00 1.189781134877599289e+00
6.018221643448296021e+00 -6.400313838239807929e+00
-1.822589988476076561e+00 -7.814287728761761365e+00
1.905829455835445385e+00 -3.738046111418047879e+00
-3.464445838604638173e+00 -3.057531786754464243e+00
-9.062808595854166427e+00 -5.525211461729036877e+00
-6.553085797580920691e+00 -3.465104866556246721e-01
3.731080699330548089e+00 -5.357022393221236634e+00
3.170283947339162189e+00 -4.192158056495324914e+00
8.568249302222033847e+00 4.626402456435771970e-01
-7.630322613608772286e+00 -3.997955931436173671e+00
-9.946662545185599669e+00 8.445139513981256840e+00
-1.275377596984150097e+00 1.027090336786458380e+01
-2.151824419763584295e+00 8.563403492524161109e+00
6.235183128575627620e+00 1.262573962794954152e+00
-7.024458556826806976e-01 9.662039249265935936e+00
-8.596963586354654518e-01 -1.124662041126114964e+01
-6.189494773201246858e+00 9.784882232749833264e+00
-4.118828095451409155e+00 -1.723721553447190802e+00
-4.016370927007388403e+00 -8.218014512806531613e+00
-5.548109869079824730e-01 -9.665144335077526350e+00
-4.573300686997643361e-01 3.243723916852960798e-01
2.549410886561958023e+00 -3.466031051708033495e+00
-9.441160743492385876e+00 7.802732943920599240e+00
-5.752523554416393736e+00 -3.429468449771885030e+00
9.514146816112109661e+00 7.968746178810953928e+00
-6.045321894880292035e+00 -2.833812931440360394e-02
9.406052813948631908e+00 1.774927667301031686e-01
-7.395479612666155056e+00 8.074867142608312065e+00
7.388047031722099867e+00 -1.962864441904417001e+00
6.661822276268124732e+00 9.987955262791860633e+00
6.695297554686015395e+00 -1.017998296651952295e+00
-1.561883513158361048e+00 -8.595541808719362464e+00
5.389902770728205894e+00 1.052701327768891204e+01
7.127926982224956909e+00 7.387757065227193110e+00
-3.608444612388811645e+00 -1.075627991464173405e+01
-8.285175900710026298e+00 -8.386403642776102174e+00
-6.354249131966534847e+00 -1.033590278120700034e+01
1.089698759951835960e-01 -9.204599006271163120e+00
-9.559720963174781261e+00 7.897054794257329924e+00
-3.194023688002984418e+00 5.897325949747557416e+00
7.352192633733315219e+00 -8.523415700377481308e-01
-8.373793514198785815e+00 -3.153206122995036331e+00
-8.839443395023270922e-01 -4.016474646190941300e+00
1.468973133951653187e+00 -6.840347392462609477e+00
8.587398095006617993e+00 7.273743536304238866e+00
-8.685633481259950273e+00 -5.539520732412910320e+00
2.217612821025834347e+00 -6.093902086789563022e+00
4.030145458918315882e+00 -5.640713104147633494e+00
2.070714396437566052e+00 3.991155974837597320e+00
-9.863146310815049667e-01 1.022549659880670170e+01
-4.729497833517953609e+00 5.641121172307479448e+00
-3.912362240185649931e+00 -1.738391815890019565e+00
-2.646591585997193352e-01 -7.314511951097861342e+00
4.961620272529699172e+00 1.189556112744814698e+01
-9.973961191559249428e+00 8.005628952847082758e+00
1.720394193030097885e+00 -4.836176274426732924e+00
-2.461336667359772079e+00 -9.809988486313168110e+00
-6.694474395374257369e+00 -5.379006796818680769e+00
-2.932960434200430289e+00 -9.324743186678675855e+00
-5.696897987789325768e+00 1.086245858428170408e+01
-9.049214396073725908e+00 -4.308086577881264034e+00
-5.308861131904571984e+00 -3.072732192803973472e+00
-5.136706281412834585e+00 -2.638939035185261517e-02
4.979683230689603946e+00 -1.244353407710127479e+00
-3.733632890459308573e+00 5.941510294410170090e+00
9.663698361064810172e+00 9.491307468875614717e+00
6.879437519947837920e+00 3.788670010829131574e-01
5.891083409668986803e-01 -9.495276566848360744e+00
-1.449903962485447284e+00 4.490447034871881904e+00
5.588618158153543902e+00 -1.057632604117666908e+00
-1.359859816391824294e+00 -9.839473700892614971e+00
3.053644888948058966e+00 -7.016104331237464908e-01
-2.627365099730613274e+00 -1.308077852746572400e+00
2.967635089929179237e+00 -9.439510974578846358e-03
1.595587352588602181e+00 4.396201889829244536e+00
-3.879712571886829942e+00 7.261540756593711343e+00
3.949636505992944358e+00 1.107525211761216255e+01
-7.366146658681552495e+00 1.188957581540533681e+01
1.207781290963352960e+00 -6.051163065555737575e+00
-1.039273527146334253e+01 7.230738191764142009e+00
1.027117805780293835e+01 2.693490885400231960e+00
-6.899500654556252499e+00 -6.212035914183132945e+00
2.022843601932833302e+00 -6.105258994545327056e+00
-8.960180345982555750e-01 -6.401399515054237099e+00
5.357256626434961255e+00 1.173606224500362316e+01
1.283499138979524279e+00 -6.846170958380231930e+00
-8.563471216018539778e+00 -2.088819877778880230e+00
3.003217645525567914e+00 -6.625146222431644638e+00
-8.553182356499409167e+00 7.735912312756859421e+00
-1.490517279900736680e+00 -4.536832923372758231e+00
3.442196371149723877e+00 -5.153931279730829651e+00
2.536210608535837796e+00 5.531405875393900828e+00
2.688661814531680072e+00 -6.412685298685356194e+00
6.895811045989320931e+00 -2.202969232587154380e+00
1.822902757517740113e+00 3.425888429355494758e-01
-6.579267262478352585e+00 -2.530638175332139639e+00
4.555926950266009356e+00 -4.354625531299911145e+00
1.912334547854119826e+00 -6.410824200168119269e-02
3.794505824998713361e+00 -7.085276811330699864e+00
-1.027270241960415831e+00 7.591584633782910707e+00
2.980721057489224890e+00 -2.866426288440297121e+00
6.096862009818493355e+00 1.091060507526681889e+01
-4.410585140290467443e+00 -2.480823942115649050e+00
-8.815688698108045784e+00 8.834245742483750163e+00
-1.082053396376923882e+00 9.290969691971595168e+00
-1.712553919880997477e-01 2.099917817943078635e+00
-2.113898126151056545e+00 -8.299466428031120557e+00
1.057739619689459865e+01 9.050172695731772521e+00
8.124262391969377939e-01 2.418622837680958426e+00
5.148781105727825214e+00 -2.618012324374002553e+00
-5.700147626351840024e+00 -1.971343357372657312e+00
4.639170293205126860e+00 -2.586589464807988570e+00
-1.929054877588143868e-01 2.882785431483616101e+00
-9.077018641939680776e+00 5.715740627708122190e+00
6.391699179003993869e+00 -9.321899765833108198e-02
-1.451778878446782661e+00 -2.897442647713664776e+00
-4.780945721597989362e+00 -1.163120307235015582e+00
9.090219877163718820e+00 7.236910885784774372e+00
7.744957257321176236e+00 6.864891091516920341e+00
-6.046796391975083118e+00 2.341593487676982832e+00
3.439186152394972940e+00 -7.008126529201311072e+00
3.988634093411794979e+00 -2.062424285078519492e+00
-6.780305557004110639e+00 8.863363646567693266e+00
-7.294271138994821158e+00 -1.149481598571720609e+00
-5.028318738010041145e+00 5.037068241985694250e+00
1.182398392515340646e+01 1.242183564001128060e+00
-4.381934927001660540e+00 -4.474236602711428645e+00
-6.413224344424840240e+00 1.091996802210673501e+01
-1.074672218768895071e+01 8.334650657529980577e+00
-1.055708273786460971e+01 1.010364204205773397e+01
5.264886471104908594e+00 7.094177134906711757e-01
-1.032814596077338543e+01 -9.076433633305560633e+00
-2.512996264456761608e+00 7.396061408407268445e+00
-6.128828564844642557e+00 9.083818269362309294e-01
1.925364507870925834e-01 1.485732668121128253e+00
-6.941889471665499300e+00 9.941710028866741489e-01
-3.238877179877017731e+00 8.254744091027241382e+00
-1.532720627665147717e+00 -2.985819563947706534e+00
-2.280666479871090058e+00 9.982616613272458750e+00
-3.529332534380643871e+00 4.233322435835832565e+00
-7.105540822265002943e-01 2.229677526644203489e+00
-4.774832337101548418e+00 9.716717802194967391e+00
-3.572923460573392163e+00 8.780802232926694373e+00
2.172652629349148601e+00 9.800276829215807339e+00
-7.358687099944457577e-01 2.791652334884047182e+00
3.387970382128438374e+00 3.045875076900884437e+00
-4.923565847990434285e+00 5.670566413053473198e+00
-5.481556703069503378e+00 4.680781439647299536e+00
-1.082739307990725308e+01 -4.284396106378022928e+00
-7.275835968968091372e+00 8.593414070439335362e+00
-6.456497488146244024e+00 -2.531882999245439692e+00
-5.410025869380205243e+00 -5.080738622933722581e-01
-1.827168000604700637e+00 7.316284514819213491e+00
1.482968783973186655e+00 -6.872149674710364309e+00
-8.867243613785053213e+00 8.866117006158820146e+00
-4.975430198375057067e+00 -3.086314529260121731e+00
-3.387694666979850222e-01 -4.928745811004716870e+00
7.405235011086794827e+00 7.030890195302267998e+00
4.737605570046817149e+00 -5.178346280065159846e+00
7.348436595501815383e+00 -1.101814493744073920e+00
7.430448164287050794e+00 8.665796562136261372e+00
-5.860505307836223032e+00 -2.378699467579649340e+00
-4.232612211384357614e+00 3.552546326557126655e+00
6.495003912599409013e+00 -2.242359684020499788e+00
-2.338910050825813158e-01 -8.452879832923452241e+00
-1.731681470618003482e+00 6.018916804435161971e+00
-1.039484108140125596e+00 2.629029872712545846e+00
8.060660398677699234e+00 6.838964397719511368e+00
-7.581450711211644489e+00 -3.141598424768289100e+00
-6.559821946498471057e+00 8.663979725517605424e-01
9.611144366115015103e+00 1.660257053633837687e+00
8.925351626916959713e-01 -4.741708134765461047e+00
6.716128031737889970e+00 -1.206749745821939834e+00
2.151312428581123815e+00 -8.207142557160700846e+00
-2.391340150894927241e+00 -8.628565520684762902e+00
6.225742088084458281e+00 8.198085654446087389e+00
5.055023880740250775e+00 -2.460435644892656093e+00
-3.404093610579815188e+00 4.880361701374255290e+00
4.058727436643604136e+00 -6.002566446227171504e+00
1.882276400127017357e+00 -5.072598030279538150e+00
-8.011327713569098563e+00 -4.150260642319915760e+00
-9.431360949335285682e-01 -5.868381563272904167e+00
-7.803196655520402203e+00 -1.076999093272887897e+00
-9.324626489746105307e+00 -9.299320906121803176e+00
4.675660326168371128e+00 -4.815986634387032339e+00
-6.581242740033419913e+00 8.488348276865487207e+00
-7.360432735243361613e+00 -2.658446860986324101e+00
-7.120534354836594915e+00 7.777086315520826076e+00
-2.543912002147766138e+00 -4.349446729684862234e+00
3.703947999012188408e+00 2.263858856377277462e+00
-6.778039512647676901e+00 7.850229914594102354e+00
-7.887480478603474232e+00 -4.272073645439906642e+00
2.851406652766962146e+00 2.213333910546610106e+00
2.655580103831558514e-01 4.366311223615011450e+00
2.422149521126546023e+00 3.062563602894164294e+00
-3.913344574904408013e+00 -1.177382583597297749e+00
4.842411535563975633e+00 4.464311166173295931e-03
-1.022256876470911102e+01 -7.922327429947975119e+00
3.996605461862603015e+00 -2.938544984419553252e+00
-8.880408979912547407e-01 -4.998873005877570108e+00
-9.607738086092167507e+00 -8.009622502256954490e+00
-7.546577291969450485e+00 9.284670362057722670e+00
7.169492833748225991e+00 8.564362329648995242e+00
2.461434598139649044e+00 2.631475324481916012e+00
8.811511862757734903e+00 3.673687849478992629e-01
-1.577758609446336946e+00 8.630195564905607242e+00
-9.002923244872661712e+00 9.048792898525483963e+00
2.078747966301139338e-01 6.012096615889205964e+00
-5.070224812548707050e+00 -2.269609467166199934e+00
-8.071620959017926644e-01 -7.984383705368887085e+00
-2.340474362480963411e+00 -2.536115389710570156e+00
4.162522162224842504e+00 -9.481213189579756673e+00
4.702740263172282553e+00 -6.438373710468058064e+00
2.736813993822274416e+00 -1.590541425861146330e+00
-1.056846185810615246e+01 -7.276544798713289630e+00
-1.612138200109329622e+00 -3.317561320315076667e+00
-2.533975543145094989e+00 7.894903805030356381e+00
-7.179215929571856059e+00 -2.085254807624799867e+00
-7.680807837566008267e+00 7.377691649251536532e+00
7.459262800386012415e+00 -5.885875392139294782e-02
-1.132419661766576091e+01 1.013272552942397731e+01
8.966422125333831872e+00 8.203988601110660639e+00
2.511517624706787633e+00 5.490748013823503193e+00
5.939439214722108673e-02 -4.065886173381514368e-01
3.824538189032310243e+00 -4.295325554131464330e+00
-5.522336296676946255e+00 2.064286562717474904e+00
-1.021814466516937081e-01 -1.014671086439110148e+01
2.912692414957058773e+00 -4.443570242129842640e+00
4.224891136692010996e+00 -3.623309143429244372e+00
3.050171411362427420e+00 -7.065958832504628528e-01
-2.678353023745239092e+00 7.341437006873865911e+00
-4.862354036926302747e+00 -1.471555012302541599e+00
5.694200648962914002e+00 -5.046625952041962293e+00
2.906404237643063659e+00 -7.441135558558748642e+00
-2.951252945799212934e+00 5.143040190447822901e+00
-7.253575859782489310e+00 7.619756573920266618e-01
-1.147236861740780434e+01 -7.787830041848002871e+00
9.129119530810118732e+00 1.817000195057164147e+00
1.746731798418892367e+00 9.021731488576033797e+00
6.652144883646658791e+00 -2.284795543162593923e+00
4.866503750315191112e+00 8.784135100682668451e+00
-6.543182511559266779e+00 1.076884977909528907e+01
-6.828251960790809427e+00 6.134934461072841572e+00
-9.988437500522785228e+00 9.603170585429211314e+00
-3.150426647357813081e+00 3.322196299521891660e+00
6.975720920474821618e-01 -4.300905278929981534e+00
3.984506068530029310e+00 -3.523279239314036193e+00
-2.217336674648514361e+00 -3.051035315256220404e+00
4.325356545874154079e+00 -2.692586359000286755e+00
7.848363312406700487e+00 2.212730990006396947e+00
-2.295959198731543971e+00 -5.415822743526741423e-01
-5.726203640902815195e+00 8.512320199319706404e+00
9.298731192237836396e+00 -1.424931757780474317e-01
4.282535430275830279e+00 -6.188328563305276475e+00
5.103982940401473378e+00 -1.569621502832317272e+00
-4.998740967167032423e+00 7.217371405413299357e+00
4.670896305062280263e+00 1.292960378122541165e+01
4.155381284928193253e+00 -6.398504644199364932e+00
1.661057361557848999e+00 -5.586867573521698382e+00
-8.583171783371069452e+00 1.017141720409191485e+01
6.348721884840936802e+00 1.025196348150403836e+01
-4.604010939895450960e-01 9.518920468595833739e+00
3.255841344030996343e+00 9.952412246940351981e-01
3.476877962243760223e+00 -1.869007643088632209e+00
-9.202107967491690133e+00 7.672280506007408185e+00
3.390306053990704616e+00 -1.116987899685693675e+00
9.543994985729931102e-02 -5.567054096859769707e+00
7.950671335489294833e+00 2.340331787353800319e+00
-1.026170983895448785e+01 -6.111834661487390186e+00
-4.106009943341820012e+00 -2.461571572326518798e+00
3.687880364334104932e+00 1.044318093960632332e+01
-1.917598556798425058e+00 4.565402589844165249e+00
3.340466600315425971e+00 5.675915911718215412e+00
-1.316682825473857577e+01 -1.019291222413973941e+01
3.681490334677862464e+00 9.464944804654011890e+00
1.196006832239708551e-01 1.425663807223147117e+00
5.382934798181290503e+00 -2.389728437379739834e+00
-4.021594527643395089e+00 -3.317571392873066127e+00
-8.592362307108466268e+00 -7.644087754905592114e+00
3.517350352018242532e-01 -1.183039356667649855e+01
-7.626031289550454062e+00 -1.871174088297144600e+00
-2.876719061119413112e+00 3.100877595701909684e-01
3.986158984323375787e-01 -5.691101849459271556e+00
5.314504961395195792e+00 -2.004228166667549438e+00
-1.178300229942354171e+00 5.388966246826678130e+00
1.089671034369298042e+01 3.479614944947002186e+00
-2.740036170292552420e+00 -7.485612338685607714e-01
-1.396926660356337502e+00 8.936553860702785457e+00
-4.273901280539726955e+00 -2.806602471248233588e+00
-6.539070436330189473e+00 9.574602017442320090e+00
-9.738147864684055577e+00 7.585528018887329971e+00
-4.618520738294666472e+00 -1.358540392751696135e+00
-1.046226699940198834e+01 -7.098480458639226498e+00
-9.130639985275683657e+00 8.457483414512932285e+00
-1.976055860300267142e+00 -6.307946288497301879e+00
-6.288570979155169383e+00 8.921381103063898976e+00
-8.235927309623196635e+00 -6.415139202843029409e+00
-9.403085763543096220e+00 -8.217683383366054528e+00
7.258963506815423461e-01 2.607529733200580679e+00
3.018167904510654864e+00 9.045324344078078838e+00
-7.104662307357553885e+00 -1.665956650752611568e+00
-3.165249991511130734e+00 -3.645040810603527248e+00
-9.679631319758900787e+00 -3.720392093731544669e+00
3.046217399326887953e+00 2.924521219325714849e+00
-8.162263521772054276e+00 9.772937059027249518e+00
-8.881714697559482730e+00 -2.277895052220202388e+00
5.366812677602302628e+00 -1.949393309938718399e+00
2.583853232288156665e+00 -7.029344305473944843e+00
-2.567846785829325906e+00 5.881261624825615542e+00
3.953151599291423679e+00 -5.243437669074566543e+00
7.284105519598038647e-01 -3.064336928058243981e+00
4.366355497092943239e+00 -4.095594651061700731e+00
4.648690152988490532e+00 4.452836295808825007e+00
5.663083399864068390e+00 -3.304104977388836240e+00
2.906223927676460761e+00 6.662191535088330951e+00
-5.958835038850562427e+00 -5.677034429050201503e+00
-1.485740889842963597e+00 -3.512795224546445993e+00
3.575354324064803802e+00 -4.852482420770305449e-01
-7.144383855246315917e+00 9.347535737529605981e+00
8.322543784079469376e+00 6.129169808846087975e+00
8.720611364214171601e+00 1.698796383442165103e+00
8.651975598843195669e+00 1.318908685497861555e-01
-9.117332460924187032e+00 -2.884500420661967546e+00
-8.521301939970928885e+00 -1.075985810207361837e+00
5.552257275892531929e+00 8.967354153534716765e-01
-1.074543552794698620e+01 -4.266769369892928765e+00
8.123748595885198043e+00 6.602727866483738550e-01
-7.344132059959959768e+00 -5.657610491356611426e+00
2.952149489050774900e+00 -2.866009723213935878e-02
5.958646418735832562e+00 -5.557074374408219164e+00
-2.497096215165395705e+00 -3.681486625518000544e+00
1.074800547893069691e+01 1.477275781738207394e+00
-3.725446474849336553e-01 8.643076038185061094e+00
-1.140134306993744318e+01 1.066953072243871503e+01
-7.288937363651641022e+00 -4.891453377879871667e+00
-9.155789221041042980e-01 -9.430082061845945773e+00
-7.570537134231948295e-01 -3.319000151652053088e+00
1.595366202803294442e+00 3.380763611051142536e+00
3.109134144762174312e+00 -3.912405125565074471e+00
-9.463048991241997498e+00 9.410542243701399912e+00
-8.278094997968931779e+00 -8.245495691644070257e-01
6.451324725112298708e+00 4.736545425715848801e+00
2.956317889179273184e+00 -4.456785118864185158e+00
-2.111829175090587540e+00 5.169238035088850047e+00
-9.080612969603915730e+00 8.250280182467657042e+00
-6.533334926370048201e+00 -4.030695523701898431e+00
1.942466273598796089e+00 -3.867138122172147696e+00
-8.414949193415078854e-01 1.832108327091890310e+00
5.192007786322497154e+00 -2.583396208440284170e+00
-3.437777039566460413e+00 9.233230078418971587e+00
1.905700665089973267e+00 -6.016080674214233426e+00
4.065639138171945888e+00 1.044309476690878569e+01
6.777405297853116295e+00 1.003759280015660948e+01
1.525163391296861404e+00 1.602737508543721434e+00
2.163003366247668868e-01 -6.919059365849741461e+00
-7.791008485609485668e+00 -4.710400767854769022e+00
-3.204844060877090062e+00 8.605008435271296108e+00
9.092529685529731509e+00 2.280595558228480257e+00
8.372308188520356964e+00 2.112701780433638099e+00
7.083370052930962224e+00 -7.593402955642541974e-01
8.172502437486421911e+00 5.790757501967086718e+00
3.903854693997987901e-02 -7.975126347921025705e+00
-6.806733062414243918e+00 -3.486826872786310094e+00
5.009996042694234930e+00 1.151562291903398005e+01
-4.070499941578189507e+00 8.210485794266784154e+00
5.328914723766910999e-01 3.298360352117299499e+00
5.506088446999160446e+00 -1.445837004698911299e+00
-6.631759856405304632e+00 -4.957086002372458111e+00
-1.569996958510207818e+00 5.672094011882483855e+00
-3.515028456086267905e+00 6.065736230383250494e+00
9.702682393736929978e-01 2.557770883197762135e+00
3.314084717592344909e-01 1.966825134687286702e+00
3.717547004561960744e+00 -4.788353735486231777e+00
-2.658163188931684573e+00 8.459716899864799800e+00
7.924608964703834246e+00 6.787923472986232554e+00
-2.710402607298397992e+00 -9.487299383077498760e+00
3.020704077606949922e-01 4.145180696706433743e+00
6.291149860844063024e-01 -4.006821177323002914e+00
-2.824686266410680879e-01 -5.368996560035243171e+00
-1.507144121926045521e+00 1.041537236392235144e+01
5.568987713429828901e+00 -1.623252065051912663e+00
-5.695683942830211954e+00 -2.821182867639453917e+00
-2.046741272502543563e+00 -8.717698200340025849e+00
-5.293988698438989005e+00 7.979759028684902056e+00
-4.042996966634170519e+00 -2.556718953613371426e+00
2.290988652022423189e-01 -4.667556765959512965e+00
-1.898871323886124340e-01 -5.509214079046793167e+00
-8.637884264332262418e+00 -5.834873367275410061e+00
6.714873189200112336e+00 -4.533686416102761241e-01
-2.646347851425203235e+00 8.529367730087257016e+00
-5.969173735066999775e+00 -1.428596108347703453e+00
-5.939036371108612045e+00 -2.297783111704375436e+00
-8.443766597517560868e+00 -3.685836082094476218e+00
-1.813801858719490845e+00 -3.174231666590284551e+00
-6.358142557037986364e+00 9.406814040509983599e+00
7.988450140113192433e-01 -9.458678027549007439e+00
-6.628017333514889531e-01 -3.087118276668706862e+00
-7.579666619974924302e+00 -2.430798266980721323e+00
-7.856810747575220688e+00 -4.522824327686133294e+00
-6.883817044151335551e+00 -4.247123851868454203e+00
1.076011107504097897e+00 1.071439211824169924e+01
-5.388169518723401552e+00 9.401186992749050120e+00
-8.099604193851945411e+00 -7.148231060320545893e+00
-9.125592844773565915e+00 1.069083098020072420e+01
5.689960582754230778e+00 3.349074407150534949e+00
-3.702420945060676538e-01 4.181112719656939980e+00
3.233003024497850042e+00 -2.717174592016880386e+00
3.115169542566905925e+00 -2.217444463428588808e+00
-8.217831330417123326e+00 -7.654350346903552094e+00
5.791182255006210866e+00 8.501076370640250346e+00
-9.086166361792020751e+00 7.461570024140443458e+00
7.485584475401841686e+00 6.457786608383965898e+00
-5.382614501467726242e+00 4.633543476217543144e+00
4.264811026809723238e+00 -4.986250629104184817e+00
-1.030409176689435924e+01 1.031723912841155766e+01
5.074335923795265657e+00 -8.272904392727038925e+00
7.035705016177293381e+00 8.351655220202784946e+00
-6.269618158516630402e+00 9.003107119336691611e+00
-8.021271607979549856e+00 -2.958024883338563615e+00
-5.584859322445126395e+00 6.294388295847215709e+00
-9.681402731936872286e+00 -6.000267501734351860e+00
-9.949349904941577449e+00 -3.210694160238904082e+00
4.177500747528145375e+00 -3.532524101601362876e+00
-4.189040594460313294e+00 -2.659649295145305903e+00
-2.380326205999487854e+00 -3.877226553638899453e+00
1.592213644290096930e-01 -8.579267038583525462e+00
3.631936306090139954e+00 -2.929589936877321943e+00
8.299554935569166680e-01 -2.571095298184379541e+00
1.565195191108365691e+00 3.283062094108688989e+00
1.466374754643931855e+00 -7.716410570840084304e+00
8.364010493159796056e+00 6.776737558922449445e+00
6.020860720445483594e+00 -5.222267916924808517e+00
-1.629945450025453546e+00 -5.465444725663508585e+00
-6.703690515977762665e+00 -1.364705075465136641e+00
-4.271485838068357133e+00 -5.691343452619774812e-01
-5.729776680101281716e-01 1.248018592545012240e+00
2.828012459318399952e+00 3.675813359584781281e+00
-9.202021923030349271e+00 -4.394448139875922976e+00
3.332070250442763282e+00 -3.435749364647448623e+00
-3.133153572483341698e+00 -3.245971944796269604e+00
-3.731568783100261744e+00 -3.487148283287055950e-01
-2.455617930310741936e+00 1.007404207568970911e+01
8.837278770479271017e+00 5.050488397527578499e+00
-2.880837540673014452e+00 -1.585554130075978119e+00
9.551475747948424910e+00 -6.256809142033556981e-01
-1.623559698611342306e+00 -8.039886199506014464e+00
7.812891300750136381e+00 1.236349747126006093e+01
1.714824968680709327e+00 -3.523327117709762035e+00
-4.133131071252828193e+00 5.585665243453364681e+00
8.378340083883411005e-01 -3.238394829125220920e+00
2.869177424433732249e+00 -4.126711353445823960e+00
6.069105606114685969e+00 1.713700632148527525e+00
3.176466863363737847e+00 -2.221836249732061841e+00
1.453549651284897770e+00 -5.716180363382030727e+00
4.488418957664976894e+00 -1.567682683696549395e+00
-6.436422653208593303e+00 5.094126588689887214e+00
-9.196050694460234709e+00 -8.212057202348745477e+00
-1.587195262687969288e+00 -3.824508948804846931e+00
4.566072819505956559e+00 1.573218500174647705e+00
6.694219577136941268e+00 9.092618468378068641e+00
2.665116368327139718e+00 1.044751684935097069e+00
3.710855805919126116e+00 -5.026191274773909257e+00
-1.656381427176187415e+00 4.916656533246846372e+00
-9.400020405728943373e+00 6.979735734833901972e+00
9.136498381880246100e+00 6.958842595861249869e+00
-2.780127755251149857e+00 9.456505396434646826e+00
-2.034420712495076611e+00 -4.543568500583934799e+00
3.392887161948006103e-01 -6.975993487220943479e+00
5.151026596243881706e+00 -2.918989755911119754e+00
3.990010850957480315e+00 -3.687656337627001513e+00
-4.906648563290368692e+00 -1.707347992563830186e+00
-9.617882231367724799e+00 -6.093484862646026734e+00
3.166957536405714091e+00 3.168301588632155941e+00
-1.095005289161673367e+01 8.346827727204784608e+00
-1.730069226251497394e+00 -7.438262254513627880e+00
-1.806323430361038929e+00 3.843895730102576902e+00
-5.226637242345011813e+00 6.849974758768233585e+00
6.338375045232647054e-02 8.542788946241101300e+00
4.636633864433276742e+00 -9.741485188662155625e-01
-5.089634181628150955e+00 8.183501202444446676e+00
-8.980365484422447864e+00 -3.306387794376363320e+00
4.948234470380319827e+00 7.784521676632891740e+00
-8.783977110573822245e+00 9.179381570639133514e+00
-7.530498011882404086e+00 -5.399345892673141023e+00
-8.731589559529989941e+00 -4.948288323610181116e+00
-2.149195533459877350e+00 -3.694928539096171694e+00
-1.168930856600402990e+01 -5.600232257191914087e+00
-8.931529771791698380e+00 6.790986001512837156e+00
-5.598358153061518294e+00 -3.185375029792481882e+00
6.252787799586419837e+00 5.457289853091631393e-01
-2.925469294372029072e+00 7.882922062555751452e+00
-1.046995122366600661e+01 6.560251053773048291e+00
3.002549490922785225e+00 -6.744605891355200278e+00
-1.411414944272899596e+00 5.676964286687435468e+00
3.844451889701264058e+00 -7.018141242576596994e+00
-4.741447618494629701e+00 -7.832673757044288365e+00
-6.938911926516113660e-01 -8.328999473279424137e+00
2.392748448759927982e+00 -4.828841117990378962e+00
-5.473568885582529298e+00 1.301410495467447248e+00
-1.239464383824695926e+00 8.655315826886846864e+00
8.024256550670399335e+00 1.201424369639947720e+01
6.581641806936380235e+00 7.535713445346072348e+00
9.261678683454336536e+00 2.142837502095906732e+00
4.858514937183764815e+00 -6.921409293974260635e+00
-8.421554087065128869e+00 -4.502923729786118656e+00
2.135209353193289417e+00 -4.940171384597622506e+00
-7.560546569152777785e+00 -6.948343545967247792e+00
-2.740500165986466286e+00 8.072375307552395185e+00
3.090698884555782566e+00 -4.511727344694010711e+00
3.289935739056788488e+00 -5.147907720589639524e+00
-2.248162207675668878e+00 -2.844539463128006318e+00
-6.019386570157093885e+00 8.166141571773090746e+00
-5.912094546321720046e-01 -2.828496346220222613e+00
5.848627903740672096e+00 1.031150099035054701e+01
-3.099806581649824366e+00 6.379584599371569631e+00
-2.002853696012492080e+00 -4.921076694801855389e+00
5.951503747332155037e+00 -2.182185469751654949e+00
-4.741979758819125479e+00 2.619708771222180488e+00
3.093901302962950961e+00 2.452852910686085686e+00
-1.356244190009294570e+01 -5.493992633309480844e+00
-3.578685628062167279e+00 6.744840260801987952e+00
5.094966668787231923e-02 3.941896571744194944e+00
-7.006996300561623592e+00 8.572446531610925291e+00
2.299564579360164451e+00 -4.201092163499729359e+00
5.277692540152945533e+00 8.758203136912214859e+00
-6.075418020477509895e-01 7.499284229910456290e+00
-2.206177106287393830e+00 9.063012690829101103e+00
4.257732370298413116e+00 -1.061728098760860384e+00
-5.912140992394274264e+00 8.051057438573161917e+00
-1.527855483714398499e+00 -8.816006651387391813e+00
3.397368319861906016e+00 8.913837959137943301e+00
8.651777459770229939e+00 2.217982214205124869e+00
1.389634691638589326e+00 1.814936767157010467e+00
4.655334678244331670e+00 -4.570268182045860605e+00
7.489037256022430533e+00 6.679147198111240691e+00
3.173514173241730685e+00 -3.207502069280004697e+00
5.155959393096739340e+00 1.071571460183920621e+01
3.542366870040034588e+00 3.373922689712822276e+00
3.716216785544045997e+00 -5.625908691756620783e+00
-1.131197317179618977e+01 9.131718694121616409e+00
-6.880527853728569454e+00 8.340544445893889325e-01
1.995003684331929428e+00 -9.368967025044440788e+00
7.983796699699764687e+00 8.428640888308240875e+00
-1.161794864930649140e+01 9.737267862873789426e+00
5.650107154004512466e+00 -2.228975913161813871e+00
-5.043399003768762157e+00 -9.196841751174649193e-01
-2.455232968944424332e+00 1.182498655484593986e+00
1.266346024718933538e+00 2.551074795080140234e+00
5.663190290984432274e-01 -5.730648671715750098e+00
5.509048205661133402e+00 -2.306764475135101300e+00
8.856579019047535084e+00 -4.376364602416897842e-01
-2.505012529562945733e+00 6.662919670929019489e+00
6.150065565890413311e+00 9.422306844175016849e+00
5.116500122984930954e+00 -2.963982390500905062e+00
-9.568414390636716504e+00 -4.265641833703287311e+00
3.050363582275947394e+00 -1.031713746054305991e+00
-2.503168175487942015e+00 -1.449674954064168686e+00
1.570329258792227956e+00 -3.105238612625364603e+00
-8.217665188822782518e-01 3.641655938565833139e+00
-2.645907674020226974e+00 -8.969913902100086212e-01
-7.880168341754735906e+00 -3.688672243294980113e+00
-7.997130147370252296e+00 -9.378820896745230229e-01
-2.465662699275989134e+00 -5.374454373308468647e+00
-3.412993513194545248e+00 9.430761721825263066e+00
7.675349834146834027e-01 4.133867215601863876e+00
6.112069531474927153e+00 -1.802359962187066955e+00
-2.841646919592075271e+00 8.813808266471694353e+00
1.494959207451699967e+00 -4.690231877417009088e+00
3.336875499464827755e+00 2.494832500215829807e+00
-2.728683442388442071e-01 -1.167615095628833011e+01
4.776369553705224646e+00 -1.497116885162913746e+00
-4.245072320271998656e+00 8.061751348798273042e+00
-5.407178117931605854e+00 9.495290172550417296e+00
-8.885305729551131293e+00 9.232183948095016746e+00
4.678034073940747106e+00 -3.686373295801756100e+00
-7.390286902287467541e+00 8.589325374604733554e+00
3.126578732660048487e+00 -6.144434195239632857e+00
-6.406770626056797369e+00 -4.294175104869228043e+00
4.551902804573535910e+00 7.249001378319364974e+00
-9.580487362059642464e+00 -8.888326381457479997e+00
4.198459862763142425e+00 7.469242123554096224e-01
5.305690414708876368e+00 -2.882276054163541712e+00
-9.550410355206819801e+00 8.747346278034825673e+00
1.916017423757592875e+00 -7.378364890432806078e+00
-3.132930927553307043e+00 -8.837143724734938033e+00
4.673581849032226287e+00 -5.360840112670943736e-01
2.635122982388725887e+00 -1.192569670882746014e+00
6.234110962723564242e+00 -3.588985564479469481e+00
-3.298874646629084140e+00 -8.594295555831227063e+00
-1.775308775013358931e+00 9.466722195125527151e+00
-2.662860039155093617e+00 1.002514047377257178e+01
6.111454169672796866e+00 -4.318092141127929828e+00
-3.590672891498321029e+00 -9.574482094554168654e+00
-5.973714254219450126e+00 1.088132648728801577e+01
-2.747025485477761819e+00 -8.454710506833585271e+00
1.861787328647838580e+00 -4.256616396659228307e+00
1.979822027448320254e+00 -8.166342098209762312e+00
-1.471313917117233805e+00 4.289524970588874275e+00
-3.762587256042381867e+00 -2.346976599018542053e-01
-1.079039414676034880e+01 7.683038323341238929e+00
4.639572931479341023e+00 -3.107924281295886271e+00
-5.554670414445266324e-01 -3.107537556755626706e+00
3.479185630941314056e+00 -1.839182170242212866e+00
9.185823043696464296e+00 1.343417062978720988e+00
1.560759263417288878e+00 -5.039470167672913448e+00
7.665558835534858062e+00 7.214929882250515902e+00
1.466764449911689860e+00 -2.275897455620795373e+00
-1.080191432034220522e+00 -4.164033542231080354e+00
-5.878890232576146957e+00 -2.926363957535064397e+00
-3.300892333124564537e+00 -3.103368698799576109e+00
-1.674188509681199477e+00 -2.091791742195811210e+00
-3.254149721094124370e+00 5.701575819492781250e+00
-1.642631690983639148e+00 1.044358734543074441e+01
-8.831169211698083998e+00 5.915214609222122277e+00
1.656616802519880194e+00 4.217895152595363406e+00
9.482419870566740627e+00 7.136289937601162592e+00
-2.554621262404235260e+00 -9.914407667681042202e-01
6.229907013376669411e+00 1.058566270951719979e+01
-9.919042423956163645e+00 7.794624747996155456e+00
-8.469264081366917551e+00 -5.007044386102850630e+00
-2.098190077058146308e-01 -5.410178914566702524e+00
5.374276033215097392e+00 8.917023667201872783e+00
-5.961352569245759625e+00 -2.020044310146401623e-01
-1.272803343290528666e+01 8.473102950859999538e+00
-6.272712799105287118e+00 -2.541341090755905086e+00
4.065009294084436675e+00 1.110824628433330830e+01
5.536618683381493433e+00 -3.063611361117541954e+00
1.765553528381577530e+00 -4.872624010668532790e+00
2.788233055793868154e+00 -7.067364390351762005e+00
3.367825822377530365e+00 7.229291104656420330e+00
-6.443601815380660902e+00 8.780097519989396915e+00
-1.548023128951862448e+00 -1.098139659159919646e+01
1.506818402971237258e+00 -6.430473948409176632e-01
-9.207956679217931040e+00 -7.785534705860368554e+00
9.851801007608116834e+00 2.483556062554856947e+00
-1.099250468263133840e+01 -8.196439579170212042e+00
1.377222341074347822e+00 -7.372301137194458676e+00
-3.930832182966677468e+00 -3.828716244304053440e+00
3.559854910808700090e+00 -4.642709328957687731e+00
-3.034703047708760870e+00 -7.809411480764097746e+00
7.402845168737741233e+00 9.653299212421032394e+00
-8.073273969128845096e+00 -3.206985030540477677e+00
3.318421072320460130e+00 -6.024443787780178639e+00
-6.707748174438235012e+00 -5.059555236101767051e+00
2.805922911462903180e+00 1.101920332626871613e+01
-1.727193188338580265e+00 8.294914385143558277e+00
8.154081664456970913e+00 6.160662400702849872e+00
6.660573891003112479e+00 7.762956189115137740e+00
-7.412063906582163852e+00 -9.162896946800749731e+00
1.574720459783180537e+00 -3.269418981763400289e+00
-7.597273640594099930e-01 -3.000156449706821604e+00
-1.959127765600885640e+00 -2.285720406683595218e+00
-2.213529823589607037e+00 7.865466754348902079e+00
6.747962048853764827e+00 8.700676321694903237e+00
7.489617169685399922e+00 -1.956154522439613075e+00
4.407968154019044960e+00 1.100678822138607593e+01
-1.105007086710437036e+01 -7.493510586326621592e+00
6.167518866679142953e+00 -2.835333707989438068e-01
-1.172814616054507653e+00 4.847162567543943368e+00
-9.660741954661764552e+00 -6.372253355332237135e+00
7.705014589274231440e+00 -2.124506952477684063e+00
-2.855947158837720767e+00 -3.745281222767133045e+00
7.116004887089874664e+00 -1.320857863714919533e+00
-8.865798525637691441e+00 -4.605933393630236239e+00
-1.115756075933223457e+01 7.164354613630557367e+00
-1.993349655824429689e+00 -7.335106842559737217e+00
8.156435853498416932e+00 1.044456318602299838e+01
6.169834167614888010e+00 -3.373299125169376467e+00
2.091252598048468858e+00 9.125497574314691107e+00
7.037732866543612076e+00 -5.504321083718714647e+00
4.209952740303069874e+00 4.803716108545373231e+00
5.264613850991281652e+00 8.432942594863321872e+00
-3.547684420021194107e+00 9.282489445318686805e+00
-1.016068955745398128e+01 -2.374717466539599364e+00
1.128856313326403793e+00 -7.564968755197394756e+00
3.697344727538879994e+00 -7.703070703310914702e-01
4.526955724487070398e+00 4.520050234693960611e+00
-9.449578274741028849e+00 7.636813759027444526e+00
-9.524777047384285211e+00 -5.705073470011892134e+00
-9.909330840843303179e+00 8.781685077498124770e+00
4.617307368374206966e+00 -6.690392877182138598e-01
3.061741391988283212e+00 -5.444611047725798514e+00
8.470023646553331176e+00 7.943132919412252413e+00
-7.874316280816168856e+00 8.468022219977980214e+00
6.192780303296712141e+00 3.644692467725948681e+00
3.754362930071390991e+00 9.386506190689539508e+00
-1.540085501919103983e+00 9.379265337674324243e+00
-8.127277068114914016e+00 8.339586642769328151e+00
-2.182898859796010171e+00 4.689137649806426111e+00
4.749700626173625650e+00 -5.425206716305000398e+00
-2.218723089796841741e+00 5.568534829592652002e+00
-9.864180890909082677e+00 6.564834071735083043e+00
-3.478193759483152014e+00 -4.058646288226564813e+00
3.973688397801155681e+00 -6.211630118545706125e+00
-8.510864597696571110e+00 2.800434329924945676e-01
-9.384526891589569431e+00 7.019362060685904403e+00
1.861970971736112812e+00 3.181309196829638974e+00
-3.252279440210177786e+00 -4.552500619601111964e-01
2.810821335736960247e+00 -4.804798404310562709e+00
-9.084098636194718468e-01 3.085692517227169862e+00
1.178642282021438170e-01 -1.003881836430827690e+01
1.021415704915472489e+01 8.308039559277405672e+00
3.995444498837549485e+00 7.854701863109658788e+00
-1.452415920334168442e+00 -6.421741672352801800e+00
3.532602242840308104e+00 -5.129380210414106855e+00
3.944749434422957890e+00 3.293155149591748376e+00
-3.338730061813687033e+00 6.884203817436493011e+00
3.609558949879539291e+00 7.053883658131372414e+00
9.047624590594853800e+00 8.901040567431685702e+00
-1.728889260466746070e+00 8.957990646477208330e+00
-2.659596015943232583e+00 8.816606865857764319e+00
-3.340945381027608185e+00 6.501401720796166295e+00
3.296797551915037872e+00 9.947711989778728281e+00
1.143173135231791537e+00 -3.749446005628949585e+00
-5.708999072520875018e-01 -5.060088422820513188e+00
-4.963248192389713154e+00 -1.428729501049982975e+00
-1.876776217996885820e-01 2.975834613215661228e+00
-2.940655091648901376e+00 -4.322771920442369797e+00
-1.190415317585943988e+00 5.810335810269520174e+00
1.900869571956458781e+00 -8.072786678578152575e+00
1.062286922442538106e+01 1.536698595764077080e+00
-6.539738865737617424e+00 1.023055420642964641e+01
-1.053268310005965880e+01 -6.821863175203112917e+00
1.407411957567454852e+00 1.821744509713857596e+00
-1.899487462091222323e+00 8.118384299102638479e+00
4.845813350554630361e+00 2.929931893113739250e+00
-2.471767164919040916e+00 -1.071925735300182980e+00
8.757344518605987282e-01 -2.513263329175848160e+00
-8.515486748516957860e+00 -2.914564955092340259e+00
-7.516916181642317341e+00 -7.387204860716742871e+00
1.559249240050241125e+00 3.337264363666982980e+00
1.730270441857959529e-01 -1.093192222275901138e+01
1.531462334550031557e+00 -2.772917324224567270e+00
-6.121474727882340261e+00 8.983176266279201627e+00
2.933623272080928768e+00 7.681658567513165892e+00
-2.032088122281134446e+00 -5.927068494509112107e+00
9.245718854227664707e-01 -1.393879864130773472e+00
1.894738108109919938e+00 4.549433248348556447e+00
4.875215698696331756e+00 -2.775347803776243349e+00
-4.229506657112322543e+00 -2.827727125467458968e+00
1.876549106192811012e+00 -7.991000020675921078e+00
7.787363379450243928e-01 2.386659657121424694e+00
2.498434428234320936e+00 -8.566785517139649642e+00
3.947487436535599858e+00 2.979291641099514276e+00
-9.264761640676587362e+00 -6.221779446193709262e+00
2.110351189574469988e+00 -6.957721388947521568e+00
-2.800502347199328224e+00 9.118861964171484757e+00
3.256313383855570898e+00 -3.188094893174525435e+00
-8.133098190748183853e+00 -3.570382334437123717e+00
-7.672810522590049587e+00 -4.831041515317015644e+00
8.235733925723788929e+00 1.925025372614148189e+00
4.054710534288342494e+00 4.891902966687915466e+00
-3.527291752570238970e+00 9.966818957571502935e+00
-8.600461138391665372e+00 -4.172434523897305070e+00
4.603381136766903303e+00 9.013135180047894934e+00
-3.126080463296998957e+00 5.384217902121907429e+00
1.019490661478914006e+01 2.281951665200402157e+00
3.113708977164556746e+00 -2.157436829329326233e+00
-3.599690202317296528e+00 5.522313328277024702e+00
-8.885513820732903412e+00 -4.846456162553792524e+00
7.987963129761510572e-01 3.958934054638786559e+00
2.972314287600574367e+00 4.749771813631382678e-01
1.679093252954208859e+00 8.572007142971176386e-01
2.802779198837889729e-01 5.827829576025198577e-01
4.788187249873071316e+00 -2.341163565234906319e+00
-5.684413011614432243e+00 8.957962257811141527e+00
-3.128794804134471086e+00 7.501924695577184998e+00
6.232632035725965913e+00 -1.952411746805844395e+00
6.522949829657767040e-01 -7.301337179837389613e+00
-1.206676830181268256e+00 -6.373660796316942267e+00
-1.179492994985852050e+01 -9.148704896246014684e+00
-1.230156362150054505e+01 -7.568857071902303169e+00
1.036539704413582896e+00 3.375981576249669658e+00
-7.618715409034359176e+00 1.004522130051285700e+01
-6.727392976510837563e+00 -1.921772612826921245e+00
-9.707360340732942294e-01 -1.073534691936333019e+01
7.356475345545728572e+00 1.707781936373393705e+00
2.270788172291760887e+00 -6.254713453705011972e+00
6.971601766098304509e+00 7.521182766402046305e+00
-5.358581369193339938e+00 -2.440367341128191647e+00
7.082013415921178279e+00 -1.507519501512393001e+00
-9.227453754755631010e+00 -7.006620835652851653e+00
6.627333085557491898e+00 -4.559383370549980441e+00
5.445017317545461921e+00 -8.523838169691833055e-01
5.160956998375591631e+00 -2.964103097023243816e+00
-3.053408629480480307e+00 5.977354869436753759e+00
-1.435105309955848174e+00 -5.087329280335708859e+00
-1.814739113091004885e+00 -8.414831718825805495e+00
-7.606837832248833919e+00 6.757848957118961053e+00
-7.804390022849748476e+00 7.276264881969067844e+00
-7.864367967761976885e+00 9.602360146699966847e+00
-3.051863651071279548e+00 7.709279938375067864e+00
7.136223985098580691e+00 9.206371158065159932e+00
3.151873088763814668e-01 -5.952869808484148706e+00
6.057962003077655977e-01 2.487079265125370142e+00
-5.374714171541003616e+00 -1.361917258726239810e+00
-8.828753026118269176e+00 -3.891285685230345237e+00
-2.342068303818396924e+00 -5.761389251066587391e+00
1.986671677591455687e+00 4.512997601476335774e+00
-1.217729708605871153e+01 -6.962651101316793323e+00
-1.019254996743717179e+01 8.915874308940136217e+00
2.488740667025422848e+00 -3.129736988948527365e+00
-2.916722229345767747e+00 -2.096176403373764874e+00
-9.651383850892244709e+00 7.691182985220054391e+00
-5.751455603621243640e+00 7.050907238322684734e+00
-1.143569771730949469e+01 -6.078567082682168277e+00
2.285906495337019617e+00 -6.881100850243278444e+00
4.779114863662974777e+00 1.033414877016490507e+01
-6.123515144075592609e+00 -4.408490502237668807e+00
4.215848621559731058e+00 2.345388217130468078e+00
-5.830180103776784861e+00 -1.208543992086204444e+00
-8.662354024842804368e-01 -7.783337618971243543e+00
3.869070638802988960e+00 -7.816024708636431839e+00
7.757680395528314676e+00 9.054956211760762486e+00
4.048242337275402392e+00 -1.990272665762505611e+00
7.977130848290861387e+00 1.394777145096019133e+00
-1.630806732939220183e+00 -5.883547820583162391e+00
4.452832405432784135e+00 9.997399512039285341e+00
-5.019276639743246449e+00 8.431949527557719648e+00
6.739170136494295527e+00 -9.351377263196700707e-01
-1.399874391733303636e+00 -3.762231138381921802e+00
7.756146964864354842e+00 7.155449963691980386e+00
-7.205381730183489708e+00 7.932988991494734243e+00
6.040638606802422039e+00 7.939902673419276802e+00
7.731604580637625901e+00 -1.879483601904988976e+00
9.289333230487827109e+00 -1.159858072679329943e+00
8.380507763120128573e+00 6.538467513751680116e+00
-3.006143157323066806e-01 -6.742398323323807396e+00
1.800344960675820172e+00 -6.800242450654041981e+00
-3.768428611964394381e+00 3.120720730851899383e+00
1.944180507602220054e-01 1.430661523805585311e+00
6.539116685533283846e-01 4.743213454900971016e+00
-3.486784828874044617e+00 -8.914731620473392848e-01
-7.626478946440355955e+00 6.644457386316409142e-01
8.529428329797486441e+00 3.036190775751317794e+00
3.079846012792488263e+00 -1.385300581425181088e+00
3.744673324171808648e+00 -2.737961756471302355e+00
-7.264027524606031072e+00 -2.415331352590909919e+00
-9.481634971255399336e+00 8.216703680999032144e+00
-7.099626141672172430e+00 -1.446219497982530910e+00
3.003266229705092716e+00 -5.290754107329918909e+00
7.056662393483761342e+00 8.196373992145747911e-01
7.109626113857242302e+00 5.434457797003981128e+00
-9.183565051262309709e+00 -2.934236677830540874e+00
4.046971585508856606e+00 -2.586349135166892577e+00
1.155279044064997152e+01 3.687324771991630890e+00
-2.036272064536977844e+00 6.167829549036742520e+00
8.075689485223970010e+00 8.165450946737900395e+00
8.298641696282768265e+00 1.058724002963774780e+00
8.147073258472708801e+00 7.614273789615458199e+00
-1.146285280691416197e+01 9.127901125937853521e+00
-1.084711302364039121e+00 -5.529991867714307396e+00
-4.161862852706410543e-02 1.746667096702378741e+00
-5.859770949747177049e+00 7.179678900302389088e+00
6.003155959010999076e+00 9.176491722276855612e+00
1.391806386331941425e+00 2.938403207650849502e+00
8.559342198734782414e+00 2.020234016507163055e+00
8.589098356839592885e-01 3.244499571152188899e+00
2.770944581287991149e+00 -5.857551207333083099e+00
-9.370589991670788876e+00 5.063000107906432845e+00
6.205691282506276885e+00 1.286238920861380031e+01
-9.950454208075326434e+00 8.562537171135581104e+00
-5.717131830209468468e+00 9.081337850539465961e+00
-4.333383600362824772e+00 5.969637791304059249e+00
-4.476323026859001075e+00 -9.365067788745065069e-01
-1.397896976963486804e+00 -9.387407332934426307e+00
2.168682980230757451e+00 -1.103858420399725260e+00
5.732298070471029128e+00 1.129019090501693157e+01
1.136466314310783154e+00 -4.504427748864726411e+00
1.412732986682287972e+00 -5.093878910751460154e+00
-2.215492650355352033e+00 -1.316353057079158173e+00
1.909254999919596907e+00 -8.074154980562299855e+00
9.409639215291646153e+00 9.583137166171427079e-01
6.708286433063803678e+00 1.122942767249275775e+01
3.185301761640042528e-01 8.745228496726912937e+00
-1.025699351089415856e+01 -1.053870564323815273e+01
-1.265650307039765465e+01 -8.414428345534293641e+00
4.152657577782456144e+00 -7.230918642254995810e+00
-1.149173178684868724e+01 -7.655254292610817579e+00
-6.546208938990539572e+00 -9.425268496287253939e+00
-1.099251870881465365e+00 -7.421387869303531559e+00
-7.270324419640578739e+00 -1.030399769065230053e+01
-1.526568205146132229e+00 -4.367163201021416974e+00
-7.290899650924092867e+00 8.573154866117775441e+00
-1.639974338113519836e-01 3.048159116898821797e+00
-4.433837873528264417e+00 -1.754722668322934664e+00
-9.209854832314660067e-01 4.035598591148968239e+00
-1.910616915423870577e+00 1.826572712277297672e+00
2.942920155180972053e+00 6.383286999187647304e-01
-9.768755690605359643e-01 9.477028045935519174e+00
-6.544639796733207504e+00 8.855058987906600620e+00
1.842534987702399096e+00 -8.769928086907894382e+00
-5.922879710397036312e+00 4.086979019682630998e+00
4.849950773057003950e+00 -9.758389349498043375e-01
1.016813068971607237e+01 2.059226544056098174e+00
-5.939510773394368393e+00 1.617132668156872732e+00
-2.298311494224901441e+00 9.748725187576773976e+00
-6.258512338909066663e+00 9.261857670151611543e+00
-6.773116430676018318e+00 8.371485364055441636e+00
3.660340056304247192e+00 -3.288611741932533583e+00
4.357442308263417274e+00 -4.307608712676492146e+00
-2.042044680599979234e+00 1.020510696737907352e+01
-9.118507727166017318e+00 -6.208299472046947542e+00
-5.872985942436911522e+00 -1.254153221027893839e+00
-1.187746825909869575e+00 1.085727448151549268e+01
-4.405447331617131645e+00 -2.669907966194982052e+00
2.993014877794301754e+00 -1.660792691450128089e+00
-2.895732998800506497e-01 1.648726961664371604e+00
3.984009471479372344e+00 -1.983806944706132835e+00
-8.140623913767338848e+00 -6.830670743672266898e-01
1.688622115425991499e+00 -2.632220336531301275e+00
2.967117511286380349e+00 -6.176633194584458586e+00
-8.540616475317084344e-01 -3.384306411902659129e+00
-9.600518871288472589e-01 5.882202020389988739e+00
8.247966789589870729e+00 -6.426321520735664983e-01
1.023915596970086028e+01 -1.572483017731185484e-02
-6.726778141056708016e+00 9.470242118061184655e+00
-1.134326014749930067e+01 -1.030027031553202477e+01
-5.089521602206577455e+00 1.599170903381996744e-01
1.635419461707132704e-02 -5.005025425800632810e+00
-3.846501190996958641e+00 -8.854810401517768881e+00
-8.336327888238393768e+00 -2.263406762712509401e+00
-1.130151228941144304e+01 -1.140108910761574812e+01
-9.362116138055590397e+00 1.007562005266418481e+01
-7.319309077078161252e+00 -2.986892702837248947e+00
3.136439938144201633e+00 -8.074474203095656222e+00
2.968813905987452983e-01 8.919540297496284964e+00
9.861341811502624122e-01 -4.517394437947577224e+00
-4.866269933980577278e+00 -1.550691003072561358e+00
-1.448045588398447325e+00 -2.170096965810602185e+00
8.445511571171344656e+00 -1.878277917307346723e+00
-1.364728167232641454e+00 8.177342615755236466e+00
-8.744093147934696830e+00 -5.647177124440611706e+00
5.910934209615552604e+00 -2.307345031431116578e+00
-5.173541855285002100e+00 7.535245103000274725e+00
4.127232577625880694e+00 -5.847336942456454523e+00
1.776221564675378506e+00 3.958189798542102622e+00
8.738956853087564980e-01 1.889317979462055597e+00
-1.117866872098431941e-01 4.808228039575957347e+00
3.184497832963261832e+00 -1.906337307965853878e+00
9.139558590428965346e+00 8.927290947517995789e+00
1.093505777563520276e+01 1.433277851851118001e+00
-8.429937666826582188e+00 1.142639218479788177e+01
-3.298635575265367326e-01 -2.223044928203609327e+00
-1.097639006266824424e+00 8.329691324397929364e+00
-1.992551502082100745e+00 -3.099445058961578514e+00
1.533388844927111805e+00 1.019192723471464923e+01
-2.006408993343738789e+00 -8.547288794621827890e+00
-2.768905140014831900e+00 7.893670963988899558e+00
6.703480583213272226e+00 8.217620476405389951e+00
3.485895125250908499e+00 -6.058802241854888138e+00
4.919521093292784641e+00 2.795296518416052756e-01
6.227539414333196355e+00 -2.299891081851073160e+00
4.977326183267374304e+00 -2.325397456158464493e+00
3.718818190888453667e+00 -2.736310040392814447e+00
-4.513174010485158760e+00 -3.130317493197209533e+00
-7.390929222344572169e-02 4.086908601477359682e+00
3.881717589608677965e+00 -3.750246101809174615e+00
-2.171519851858537908e+00 8.429384046800114660e+00
-9.208598434401121580e+00 -4.928928663906721575e+00
-2.640268709880893461e+00 -2.145593320700513562e+00
7.230928329624670248e+00 7.457826391300979019e-01
-7.615783153549405604e+00 -4.596488218845088625e+00
-5.334544187256457626e+00 1.080363645381190274e+01
-3.283864618888433728e+00 5.431402220712574724e+00
3.629920741973528653e+00 -1.885809233566828613e+00
-4.862778191840182451e+00 -1.913806470626712830e+00
-1.678561176153448464e+00 -1.166288167263986963e+01
2.940749403528063466e-01 3.358178781017455261e+00
-2.924591640105777213e+00 -5.573056346260820249e+00
6.110082168187338958e+00 -3.540163584941991903e+00
-1.601356818438394169e+00 1.074900894046419531e+01
-4.778397247069575471e+00 -1.979328543557204778e+00
-1.280627436836975974e+01 -6.871573677199905639e+00
7.410256407841522730e+00 7.788195468058697557e+00
5.637945842987119427e+00 -2.553257327955998246e+00
8.773287037031018087e+00 1.697150981666124769e+00
-6.328527208860172060e+00 8.355671715374763053e+00
4.251720355368034276e+00 -1.299512410772982740e+00
-2.175679423303424009e+00 -9.218765903090771374e+00
-5.086253766369299711e-01 -1.093493204454003376e+01
-4.615775070553089776e+00 4.449211741301398959e+00
-8.417513399463246060e+00 -3.360683710353789433e+00
1.425980150021043613e+00 2.987909804163987104e+00
-3.801979571053407891e+00 -3.899215559744729553e+00
-2.655436105341715258e-01 -3.822682893513970281e+00
-1.197371008185364261e+01 -6.194679685807811254e+00
-6.980629809830462662e+00 2.147711451752609690e-02
7.036922756713456906e+00 9.695434148351800729e+00
3.613272878101588592e+00 -2.511514940933226914e+00
4.093038594072364589e+00 6.758402353951122876e+00
1.631331276114465823e+00 -7.648193609033790530e+00
-1.000870983988828478e+01 6.025774463288657401e+00
-1.210940165391167778e-01 -1.049518763072392336e+00
2.479708062208902497e+00 -5.000042628757391583e+00
-2.281457027662654458e-01 -4.825582159507418645e+00
8.013892128497838385e+00 1.083167641533258729e+00
7.043040016588625107e+00 8.810624737573164111e+00
-1.222265417186048087e+00 -6.890920295274407081e+00
-8.329252289071922277e+00 9.196000993778229216e+00
2.142335800745460705e+00 -6.447304514426249966e+00
-8.130759517884422749e+00 -1.763104371148257687e+00
-2.493912122718899838e-01 -5.448194359175775325e+00
4.977045750837318039e+00 -2.140823237296688220e+00
3.253510804709283555e+00 -5.723640879283201421e+00
-5.128067292091293083e+00 -3.172442915374257488e+00
-4.877141436694302001e+00 -4.265795274204141840e+00
8.869036447309643911e-01 -7.611430121145794203e+00
-4.436435622222834496e+00 -2.234810952267356043e+00
-5.478241329176762875e+00 -1.261774104232624705e+00
1.109256481371931446e+00 3.226072356789612794e+00
-9.535531874162604282e+00 -7.018882503772284842e+00
-1.890378767044456954e+00 -1.106805262762112996e+01
-1.847461809382409781e+00 3.394427056691523337e+00
4.615051386302750913e+00 -7.258167612233770605e+00
-1.005112590992852972e+01 -6.166818069217367970e+00
-4.123701283458840905e+00 9.651049825881688804e+00
-1.886560423081635740e+00 9.850940006709929975e+00
-7.382461715416999137e-01 3.732019597768748032e+00
2.379046233244318742e+00 1.061481591019043336e+01
-2.934162465001843412e+00 2.033829539095230565e+00
7.502143340012387362e+00 -4.729094782335945268e-01
-1.065378249266730748e+00 -2.080006490660517571e+00
-3.655959552226863973e-01 -2.782917903431258555e+00
4.403127974313896686e+00 -2.074446258709929491e+00
4.704496423560908802e+00 -2.458482919773342878e+00
6.901062346430974159e+00 7.517185612295168795e+00
4.294992261386614274e+00 -1.268752854989927847e+00
6.267262913798075097e+00 -2.542692428196952292e+00
4.970369724848785253e+00 -6.883257985140411872e-01
3.677534894485478212e+00 -1.022031635899256496e+00
-2.056227012720813541e+00 -2.903583228870862065e+00
-3.292751103837570970e+00 -8.414994392829408199e+00
2.194343915963379743e+00 2.586268998152310150e+00
1.626228527168099625e+00 -6.147644941305046906e+00
-1.447025274949570006e+00 8.698449768523804693e+00
1.860369624477202555e+00 -6.873926931077755320e+00
2.909281531085346373e+00 -4.029073052112765119e+00
-2.557837208209384983e+00 3.625372831177902100e+00
-6.086036813945606028e+00 7.343675283600085812e+00
-9.566775493289199517e+00 -7.351513399827527273e+00
4.875342944494892805e+00 1.030120516763868110e+01
-2.747087574233149976e+00 1.423072796057768930e+00
-4.244500536008287916e+00 -3.789814776560341159e+00
-5.785451829377925570e-01 -4.672462806345033748e+00
1.176327251453258560e+00 -6.265977612223526449e+00
-6.845864151662478747e+00 2.099825850493906021e-01
-4.437013472199493158e+00 5.302323103070260224e+00
2.304023219962852309e+00 1.276119642372781371e+01
3.436871735868350930e-01 1.435388285464932689e+00
-3.989268116209173876e+00 -7.965055655073075336e+00
2.917253872405178861e-01 -9.287403416725435790e+00
-2.524847737052590801e+00 -1.028146596634461929e+01
-1.189218497059394419e+00 -3.100022770680650908e+00
-1.104585170616465817e+01 7.454255465994181762e+00
3.716007364151806769e+00 -3.115557869793843970e+00
-9.754296928480563622e+00 -4.407434636282154372e+00
3.753705709207875607e+00 -3.193383273610792994e+00
2.048432439749273470e+00 -7.120971730004935552e+00
3.809279037186569905e+00 8.838477745667811192e+00
-6.862148777299577063e+00 6.744791873501831070e+00
-1.019368026383418613e+00 -9.461563162878366740e+00
-1.581346819802119441e+00 -1.532096187876751614e+00
6.845853907290130991e+00 9.097830631355057207e+00
-6.796638741416893836e+00 -3.968247060072318977e+00
8.226640521596728206e+00 8.503469114000537843e+00
-1.101366809306371097e+00 5.048166568917213937e+00
-1.182144138425738689e+01 5.787491259066824156e+00
-6.916230972352160222e+00 -3.456279440508120082e+00
-6.463113550679855379e+00 -3.300232379900068125e+00
7.187985865759043413e-01 -6.834416895436225659e+00
-2.116923662886333268e+00 -8.613340723559906209e+00
9.626805266863255328e-01 -6.556656596798903891e+00
9.896439974034256792e+00 1.826595290361052726e+00
3.439120266574092089e+00 -2.851830344960674779e+00
1.400888692894515231e+00 -7.609837660399986881e+00
8.178129337109254493e+00 8.906621907262055160e+00
-8.776499598780272970e-01 -5.556488734284211084e+00
3.388121057395260927e+00 -6.236279554668817227e+00
-7.071885270345294572e+00 8.250743931881142856e+00
-1.101842440579267546e+01 6.285658762687097223e+00
2.026209701409456887e+00 -5.297198881021427219e+00
3.862167419438714333e+00 5.697923787293167841e+00
4.863139436507671221e+00 -2.447494935603756971e+00
5.275000698335492899e+00 1.704351023492968409e+00
8.456358931242927923e+00 8.325023704235643418e-01
-8.100858246355786108e+00 9.319543349546311362e+00
4.369301274250728007e+00 -5.183001083271623344e+00
2.241066991862908253e+00 8.251554862322425521e-01
-3.906715179076690081e+00 9.397121183567147540e-02
-1.005680518408737534e+01 9.181551333513198188e+00
-6.149476886580979240e+00 -3.479194150877490621e+00
-1.388990638992779481e+01 -5.779328334626408825e+00
1.578362209785216130e+00 9.697076272844965317e+00
3.003054847466633870e+00 -3.112063446733995598e+00
-2.421784099223880382e+00 -2.878259636592933823e+00
6.928067744283793239e+00 8.194585535216488026e+00
-1.425848403837119527e+00 -4.660919078952789896e+00
-1.006246767491417415e+01 9.239310369706945636e+00
7.591876308239993598e+00 8.275301176580235563e+00
-4.523628473546452256e+00 -3.411918432334986484e+00
-8.160859102523648545e+00 -5.717162764303200362e+00
5.736794099262019664e+00 -1.819838274635509734e+00
-1.844599190632142616e+00 -1.085870741801923600e+01
-6.443705210631644142e+00 -1.529056342080120867e+00
1.357042078287617581e+00 -7.571445737969992429e+00
7.088041155303445251e+00 8.142351737199016171e+00
3.575524601758599097e+00 2.250176195846200322e+00
-5.846841020629800489e-02 -6.156777595977112938e+00
-5.775694718064142918e+00 6.835694555999576316e+00
-9.691796650061011320e+00 -5.354898533703185137e+00
4.634434067354663789e+00 1.125500170505614239e+00
4.154005788407521216e+00 -2.973246627564906763e+00
-7.131190491266034215e+00 -1.845157640025386181e+00
4.469439530186482656e+00 -3.510138767030535512e+00
-1.323223769476159051e+00 5.250648084600404886e+00
5.827944251683568666e+00 1.579352877431822844e+00
-6.566940121463081148e+00 1.050522484451803251e+01
-3.986014061962867672e+00 -4.819013309690317826e+00
-8.301386048400793527e+00 8.449211333066562801e+00
1.134191336697862429e+00 2.602627587299468637e-01
-6.258174272988578757e+00 8.594044157883436341e+00
4.872886199642952221e+00 -3.092364244289681263e+00
9.714098034877284960e+00 2.233122492105400703e+00
-5.642635247104225371e+00 5.722024177299942060e+00
-3.309938229903821583e-01 4.898708046413856820e+00
3.954017117604494036e+00 -1.726081018711322912e+00
-4.387395038538388192e+00 -2.163202493202713850e+00
-8.949653454822342979e+00 -3.460724876553197937e+00
-3.888818290557797486e+00 3.728121895904604521e+00
6.022534707248673458e-01 -4.533198691233621069e+00
-6.731380593833529158e-01 1.040541595414044895e+00
3.062477020722025323e+00 9.672971948352248717e+00
-5.666817349135917503e+00 1.066790809104858440e+01
-3.529821470635043923e+00 9.339733091609021542e+00
6.096170721707661500e+00 6.694602754449259230e+00
-6.788069938914928159e+00 -4.916931878559711144e+00
5.168876090317717775e-01 -4.578996087085668520e+00
-6.549545112511712119e-02 -7.485308534340543218e+00
-2.317031750389210387e+00 6.652554759875795476e+00
-6.491794659581223037e+00 7.643583483500012932e+00
5.833100246730104743e+00 -1.286848294044347085e+00
6.788844496861825561e+00 4.878292937212449942e+00
-2.657825626581439060e+00 -3.165845172977565625e+00
3.612465708205784054e+00 -3.224686668725404104e+00
-5.276011878589269344e+00 6.752875747403555451e+00
2.391951527334646332e+00 -8.438014101476099427e+00
4.069635122496979562e+00 -2.207202267154077635e+00
1.828142398551072523e+00 3.812975230285124972e+00
5.494317172686914219e+00 -3.109558114343522472e+00
1.035041697073831379e+01 4.044797129402592617e+00
2.219084213559341934e-01 3.830153300010849193e+00
-6.295659306679929124e+00 -3.875250551836772139e+00
-3.657640197546373706e+00 5.890078338280194892e+00
-8.179226020250791152e+00 6.547128559941258530e+00
3.495050188344023812e-01 2.926908315421141271e+00
-2.114706511901243147e+00 -4.209951189023274587e+00
5.873663678969579749e+00 -2.375205823897479362e+00
-1.073912015816195620e+01 -6.479872099471347902e+00
-1.920076772475949323e+00 -5.359815257011466549e+00
-9.567606693463886813e+00 8.427920030248944983e+00
2.146655414797068229e+00 -6.564223410227447708e+00
-6.478744810488468175e+00 1.040496422289896650e+01
-8.826229879427929248e+00 -3.332620062930174765e+00
-2.687176099279813712e+00 1.834088352939655664e+00
-8.209596478575226897e+00 -7.341545880677109004e+00
2.032608388737409122e+00 -2.616991674530937395e-01
-7.379192247889574396e+00 8.230901670441046036e+00
-8.071615434297440217e+00 8.971986923693668459e+00
5.802186386915682448e+00 -3.179236649407416460e-01
5.043351088756676148e+00 -2.294687369529381016e+00
-7.929790399382898869e+00 8.532199076329741061e+00
6.159053185324943946e+00 8.683105847198810956e-01
6.631483024074665167e+00 1.827042917954396772e+00
-5.562532788543598228e-01 -9.790252222617059630e+00
-8.812846831462474384e+00 -7.113014270714348442e+00
5.258795796976490244e+00 -2.179957643044223126e+00
-1.211712907763556402e+01 8.679389088916535044e+00
-1.807297270757480145e+00 -8.038536044218613341e+00
-5.755531483631749268e+00 9.231877797318515988e+00
-6.257096001385215267e+00 -1.114902347559291185e-01
9.048056641088468410e+00 7.446404673038981237e+00
-3.282017460155946420e+00 5.401053271633757369e+00
-7.484084845671051589e+00 -2.706983888510227310e+00
-2.918858434212228570e+00 6.568645106862033956e+00
-2.126786655575370499e+00 6.877631345991963130e+00
-8.001056268540527316e-01 -1.029371804043417882e+01
-1.772579434997330949e+00 -6.922015195119919362e+00
-6.655764039552153122e+00 -2.125577754394152308e+00
-2.487129345871684105e+00 5.663451916701736977e+00
-1.889463274327803699e+00 7.291460089476785811e+00
-3.077882713566569173e+00 -2.083048820443054616e+00
5.018203534424073631e+00 -5.528062434416177950e+00
4.586727691752606972e+00 4.755722899920212576e+00
-9.647166487874146767e+00 7.931009434907281275e+00
-8.868851784539407035e+00 -5.955499858683963588e+00
-4.596290855301017331e+00 -1.872523401268316512e+00
5.026392383143638121e+00 -2.604192431080880610e+00
-8.244265041293125762e+00 -5.513634185816178146e+00
-6.805400175292297682e-01 2.208894625752922281e+00
1.637806058074569249e+00 4.629341530189450715e+00
-1.013599474865420547e+01 -4.194217643951447805e+00
7.342579958708929766e+00 7.507012835904177450e+00
-1.736781619671323051e+00 -4.058096670652678206e+00
-3.134234216584318666e+00 8.083800858596383421e+00
3.515173381405110931e+00 -6.136003980498412780e+00
3.252956856529167329e+00 -4.358098497242620439e+00
-1.636982777275673540e+00 -9.680537791924793467e+00
-8.698676969593768238e-01 -2.350096240661811109e+00
7.078799715354566757e-02 -6.553124085914210362e+00
-7.089895269847520609e+00 1.693188636979635397e+00
9.073846735665037855e+00 1.901697107734876324e+00
-5.401893191978828668e+00 7.639434131327931254e+00
4.200334142430061313e+00 -1.015445724232311164e-02
-1.051691853219213435e+01 7.814490047701612596e+00
1.554753369255108542e+00 -7.778035982024392503e+00
-7.462540348775752896e+00 7.646438207084178096e+00
-9.659194698472619578e+00 -5.282203439568083247e+00
2.025699280178897776e+00 4.402212461854477787e+00
6.835520389796596596e+00 -2.806676938855811265e+00
-5.912476821928701831e+00 8.521226544642157563e+00
5.640273771447355422e+00 1.081531591046824303e+01
1.645042076512719387e+00 5.872907865003531569e+00
5.936899421100619634e+00 7.969630775161992808e+00
-5.424853429937697591e+00 5.959131268705091244e+00
-8.965597398774663773e+00 7.834036569561755314e+00
-7.256683413314696907e+00 -1.244764686600586590e+00
2.773610669320351274e+00 3.240161330340024293e+00
-1.555450273261039129e+00 -7.539552561179201362e+00
-1.033210621297491905e+01 7.502312307445467177e+00
6.356415114172224712e+00 -7.550978421711028510e+00
-3.939514318509556912e+00 5.136087062585044549e+00
-5.415292874079474572e+00 -2.464136462834236596e+00
-4.699377758731158039e+00 6.499756695493251080e+00
-7.243318668166512930e-01 2.221416595273266292e+00
-9.803276861649607987e-01 -1.824295863618482727e+00
-1.023740755829100024e+01 -3.488360296988051612e+00
-3.937025780475087444e+00 -1.788022635313538000e+00
3.149475440413747052e+00 -4.904648738664872276e+00
8.076544302538593456e+00 8.417096686442970821e+00
-7.494176178314983616e+00 -5.263429991959933218e+00
3.766531685249747685e+00 -4.141650338451618119e+00
-1.153355634785797967e+01 -6.257346548588390789e+00
-3.005017954123550439e+00 -3.474327425899447430e+00
1.466020729787583354e+00 3.047198722205426868e+00
-7.021368025682989789e+00 6.929513338102702313e+00
-2.832855315113447237e+00 6.999816858363043792e+00
7.088041961766206711e+00 7.277002058707995324e+00
6.867631125573998574e+00 8.405180274733782042e+00
