5.860985704359850779e+00 8.657714084365425222e+00
7.888760306790818078e+00 7.491533441501385227e+00
-7.084686835542452599e+00 -2.389889019066242959e+00
-2.785944717080429456e+00 -3.739308450294143160e+00
-3.127520141520676589e+00 -2.925057112570581985e+00
-1.472145583543151837e+00 5.609813474026639213e+00
5.655894594398754194e+00 -2.535581912120506320e+00
-4.726930873784768394e+00 9.351938225405049820e+00
2.398546388784294603e+00 -6.747905189895468503e+00
5.268681911142599539e+00 4.260503889525533161e-01
3.859931530821943735e+00 2.880199713873316192e+00
7.312804495670692795e+00 8.914889194771479453e+00
-7.114742723814174719e-01 -2.645413879800279311e+00
2.479121419567523077e+00 8.138311282522078471e+00
-3.887620624514149359e+00 6.199325934827099260e+00
1.727754583768308816e+00 -5.667536971284230951e+00
-1.089666370134749984e+00 8.574413014852499515e+00
-7.229282447040779047e+00 -1.349423987483827414e+00
5.441815544582065733e+00 -7.504003117554782776e-01
-1.210887996090026064e+00 1.700145637086381667e+00
1.174134183556096112e+00 -7.257162295525660056e+00
2.108878759409293924e+00 -5.653199681810684218e+00
-7.077069412178266461e+00 1.428452444960261136e+00
4.086282660881234818e+00 -4.221655793856861294e+00
3.880132923476860007e+00 -3.143193549756347238e+00
-2.984960260603954918e-01 2.971545934557591195e+00
-2.666266341506842164e+00 5.626220841268634310e+00
-7.570644070318205188e+00 9.625204383524579299e+00
-8.831463802371434468e+00 6.968388605636401500e+00
6.688320407435188741e-02 7.394849701151591681e+00
-9.299937709684405363e+00 -4.112849804405859899e+00
-3.755343257015473668e+00 1.056415338402665149e+01
-1.726438107970049485e+00 1.009425642579236637e+01
-6.801498389023423741e-01 8.961670948369439671e+00
-1.436321285401891412e+00 2.688102219037044271e+00
9.954505150281461212e+00 4.172028319654101924e-01
-1.010564909087905416e+00 -1.447381748587126538e+00
-3.709614697036056619e+00 -3.761233946951364260e+00
-8.670971661663553931e+00 9.003382316356670856e+00
-2.962749829690080716e+00 -4.475562018827628386e+00
-3.530741362466287114e+00 -1.811135356583898126e+00
-1.148144450480699419e+01 1.222718565887185349e+01
-9.444434106589820743e-01 -6.239275868506352296e+00
1.022333940917620865e+01 1.877213305895475193e+00
4.753098373911517349e+00 2.097900936509549119e-01
2.949223191181962633e+00 -1.227012518352756931e-01
-1.065161253342488301e+01 7.960888471890159579e+00
-5.447736437177381319e+00 9.437216513053654054e+00
1.058768998731993172e+01 1.731472890946389231e+00
-8.073935593459832916e+00 -1.822558086392519261e+00
-4.232941750655912827e+00 6.083958784479481796e-01
7.798166961550391241e-01 -5.716427355183789416e+00
6.591528194729446177e+00 8.974089549353090334e+00
-7.190281993515501568e+00 1.105099497640299688e+01
5.624019818194510911e+00 -6.766592179264675266e+00
-9.682684958143660481e+00 -6.440650960710934569e+00
-7.239370592091727730e+00 -7.913968707229510624e-01
5.074897139473229402e+00 1.240683611637772188e+01
-6.110479891526926721e+00 5.120839861363886136e+00
-8.612156486587812410e+00 -4.726168726384100793e+00
5.179948613329097284e-01 -9.388507666410140118e+00
-3.531375586436987124e+00 -2.407326532600524427e+00
-3.287465673060553151e+00 -3.190742892000216102e+00
-7.366664425046876907e+00 -5.516567258858673384e+00
2.176887043865958660e+00 -1.227195149061714119e+00
-5.805465047524238642e+00 -1.802518279909557153e+00
2.630146838990630176e+00 4.616860811257055275e-01
-1.047319979499994957e+01 -8.718257766613209725e+00
4.253234226171560550e-01 2.638616479013101479e+00
-5.481413795825375246e+00 -8.703718276576434265e-01
-1.044467704682629261e+01 -6.680829446625006440e+00
-9.728103096358859503e+00 -9.784845175231076553e+00
-2.041215213619158142e+00 -6.585229963148437449e+00
9.141595027228323289e+00 1.396763017629559567e+00
5.457553312255210010e+00 -3.340545518524777435e+00
-1.261338334023951013e+00 -3.130977065795218728e+00
-9.288394943574566298e+00 9.301436243267440673e+00
3.900732149610762090e+00 9.816395686459570058e+00
1.513697267780733380e-01 2.124649103206784240e+00
1.402693461815903930e+00 -9.965798348544218754e+00
4.979492659404128219e+00 -1.268074984796281335e-01
-1.408224862117419818e+00 6.680887222154495042e+00
6.130190522610925896e+00 8.831373635857723059e+00
-4.583578477079720770e+00 -2.887110188083196860e+00
-3.569932151956964006e+00 -4.046578930024105958e+00
1.911115462977565072e+00 -6.940534808159233293e+00
-6.627153714595650946e+00 8.844602380422717403e+00
-2.726999569787958988e-01 -2.783105181090821389e-01
-6.162142800955940913e+00 1.001650049633273198e+01
2.532626059021496623e+00 -1.300753550139364112e+00
-1.191616909871633645e+01 6.372278759969285389e+00
-1.011447656921512994e+01 -6.891263990066208045e+00
4.672252113080259228e+00 -5.990749566468165366e-01
-7.756372859832987743e+00 8.087929265719839833e+00
5.062016008974285164e+00 8.871521394392864579e+00
-3.567031559857440470e+00 -3.078063123256083777e+00
-1.599502942702313302e-01 -4.461987422724477348e+00
-5.641189876275483073e-01 5.227541680706545790e+00
1.029044080238007730e+01 3.535629721060888908e+00
-9.780960294948410905e+00 7.006199078988432305e+00
2.303257272957305091e+00 1.506928281417441173e+00
3.582017122924819219e+00 -6.114161165714717683e+00
-8.262271153097724863e+00 6.328635159770978014e+00
-1.372318526916624926e+00 -5.379067782149099308e+00
-3.411496869637661966e+00 6.523029540142162297e+00
-6.673229511289644478e+00 9.447908008666766833e+00
-9.723735969462943274e+00 -4.427582148043259558e+00
-1.158674220425546686e+00 9.664385633161906242e+00
4.094921256143090993e+00 5.911311300239312949e+00
-8.970801895722685160e+00 1.158302881585231248e+01
6.052949558007897579e+00 -4.442444762123286539e-01
-2.712256610287131942e+00 -9.049852227876089117e+00
2.323636454028101817e+00 3.981426659874792495e+00
4.986996022638027881e+00 1.046271528030546882e+01
-3.718078322181512352e+00 -1.151707706303618961e+00
-8.284689552684161740e+00 -2.940930274146241530e+00
3.567968396207578774e+00 9.518612289106046731e+00
-1.069560080881174891e+01 -6.695453919304975798e+00
-1.274228734123326490e+00 9.740470846800160842e+00
9.181197102130605359e+00 9.093651951539150957e+00
-1.931310352089616877e+00 -1.006055473537752754e+01
4.361430750832026249e+00 -1.882888630757821424e+00
-9.782635682692728096e+00 -5.855749896514110375e+00
4.302652893862815020e+00 -1.576602714539043770e+00
3.144951254790258499e+00 9.577198843996594491e+00
-3.043707242992351070e+00 -4.530432812807384302e+00
4.012010443074353283e+00 -4.956335055709615744e+00
-9.230352221221940212e+00 -4.008031794480467980e+00
-1.698927292821642121e+00 7.425418864321377654e+00
-7.163616106682789919e+00 -7.858871122748122495e+00
-1.930278938085607798e+00 -3.625811146336807234e+00
2.430095295588167392e+00 4.436351871328812813e+00
-1.032975857630909289e+01 -6.000742857357189486e+00
9.652927248891501222e+00 2.415403777661750961e-01
9.520160096713526698e+00 6.714842382301446921e-01
4.677954213708309439e+00 9.797973076860778008e+00
3.813276083321207377e+00 2.702056148857811202e+00
3.341367673028583951e+00 -4.173742870334428368e+00
-8.599773263919828992e+00 1.167291954889550354e+01
1.005935060026965111e+01 1.578694808801660576e+00
9.467868232092859770e+00 -2.366643545840496188e+00
-6.942133759683656535e+00 5.056092101141826944e+00
-2.375329687821636782e+00 -1.820848673283961272e+00
7.012533035535464698e+00 -2.921871624628914255e+00
-1.493059828931229127e+00 -4.776519292031996322e+00
2.438458145037821101e+00 -4.139672532193431564e+00
-3.109046358167333324e+00 5.359783324605240651e+00
1.087236432142987042e+00 1.509054940523655963e+00
-2.994883666594482463e+00 -1.775323477418989881e+00
-1.101387367712375287e+01 7.168692113931164123e+00
-1.336133848226091381e+00 -3.106076420061297583e+00
-1.332599389263779521e+00 5.115919730082425509e+00
-1.782311105070088608e+00 1.062607942419501939e+01
1.359263536454006438e+00 3.630400783350820948e+00
3.310152610113680005e+00 -2.726001539783396321e+00
4.154263253247694188e+00 8.620546730574986327e+00
6.109003737717828564e+00 -1.183904628370841206e+00
8.800212876536708251e+00 3.046454244491179075e+00
-6.981950000529153044e+00 1.560475786770590290e+00
-1.873667291307452576e+00 8.799879218335950881e+00
-1.336586363320825299e+01 -7.098422393258335461e+00
9.148915004324789990e+00 9.276244953123446990e+00
3.573261661922548349e+00 -1.762145518046324133e+00
-9.697047038116521023e+00 -8.839831911736206749e+00
-2.835725518067019113e+00 -1.800842580011825955e+00
-6.917748327667784025e+00 -2.571944713962430740e-01
1.725040267185028231e+00 -3.550819870751023011e+00
5.463269706974194229e+00 -2.059055001213508262e+00
-8.481365994138979403e+00 1.150406430845669981e+01
3.296299221374489719e+00 -1.007013560116246875e+00
1.297144167422068728e+00 -4.802043104849897048e+00
-7.042985712304510315e+00 -4.101620591466405230e+00
-6.536766480710392457e+00 -3.766307574696122540e+00
-8.626428040853024726e+00 1.499049230387651033e+00
-4.536451301348978227e-01 -7.842317113935087569e+00
-8.239704579764193682e+00 -7.839320936259934314e+00
-5.309689477123510137e+00 9.101500763143349104e+00
-8.113459911781539802e-01 9.472103997839170120e+00
-9.532375730047089490e+00 -4.528557008226848701e+00
-5.909906465218911720e+00 9.541990796930708285e+00
4.326876766144545527e+00 -4.816778499315129913e+00
4.782335978980403191e-01 -9.497089808940124556e+00
-6.862104757521466425e+00 -3.832564735715839888e+00
3.596933228378927705e+00 -2.841754293877402304e+00
-1.981704826751061077e+00 3.582870759011411277e+00
4.931022160537266608e+00 1.061809322395786737e+01
1.260542575072746807e+00 7.706358526535807663e+00
3.963274768393664438e+00 -2.060135658456929697e+00
-7.368545872475914749e+00 -2.359460302956950528e+00
-8.636679624623015528e+00 8.853630166337326912e+00
4.564165276847349517e-01 -4.288919977645817561e+00
-3.871971724525507863e+00 -2.697654547620247811e+00
-1.596773254275008380e+00 -2.481668728017971226e+00
3.666471639082409695e+00 -6.110156194255069728e+00
-5.767575931586758742e+00 -2.138745609443403417e+00
-5.371281391992236642e+00 4.390005246646501824e+00
-9.906163892070331656e+00 9.821711776103075664e+00
-7.993529785026921353e+00 -5.656305418497974635e+00
-2.122555893809406680e+00 8.736001074591655424e+00
7.950741678103201870e+00 8.739711687408307839e+00
1.872537893723926317e+00 -6.875888574682557319e+00
-2.476434478039504228e+00 -4.301886455329275272e+00
6.370459195018372434e+00 7.534165945203882941e+00
4.703780055183984565e+00 3.954902683951849518e+00
-4.792511963118510465e+00 -3.039947381523830039e+00
-8.168522473674937334e-01 9.703504768713610673e+00
5.969213983363458098e+00 4.827485577877532741e+00
-8.263346412515350181e+00 1.079018299184128082e+01
-3.857405566176406730e-01 3.139121470136378544e+00
-3.226595617252880466e+00 5.883979403940005071e+00
5.013395188945780623e-01 2.375058946489261302e-02
5.098000320095723126e+00 -3.480305511398904983e+00
-2.526826368541812418e-01 2.696119847482469467e+00
-1.844610466306734198e+00 -8.391201357350761114e+00
-3.270046813681884323e+00 9.504148319379481791e+00
2.800116837527760527e+00 -2.934517741758952525e+00
-1.942316709446392675e+00 9.584993452348713916e+00
3.642534942227606098e+00 -4.605403156002762621e+00
3.603639698913254197e+00 -2.977193677285252971e+00
-1.288637045630243616e+00 -3.704797185382698199e+00
4.051963505650743258e+00 8.731606172505554042e+00
4.596114586441318650e+00 -7.250369438578088577e+00
-7.459042977381114881e+00 8.205607786924899116e+00
6.627248935826516529e+00 1.258580734599315143e+01
7.612372816860355940e+00 1.445696761440745215e+00
1.092403567975239964e+00 1.593452681802242754e+00
5.207022050066067109e+00 -3.365704255965530578e+00
3.356386752812487551e+00 -5.060617308040988860e+00
3.264425230256897237e+00 -5.313080772410557984e+00
5.892174466943860267e-01 -7.231742411745358368e+00
-1.910378497198639280e+00 8.305159263192450680e+00
-7.450270381946128673e+00 -2.238725754633271059e+00
-9.476567520867536842e+00 -4.245051290245486442e+00
5.241753297722033800e+00 -2.974630941519256222e+00
4.737544802334896943e+00 -3.276708823057045805e+00
1.842562771195451976e+00 -6.688756002580841020e+00
-9.759867423846920076e+00 -6.150921913159434595e+00
-1.580845456604071275e+00 2.791350509345861486e+00
-3.954075274400990381e+00 -1.534121281813310755e+00
3.636587000468275654e+00 3.901982318484890300e+00
4.336689026090746246e+00 -3.666261404247218358e+00
-1.010683883267541816e+01 9.394625460251599947e+00
3.770180584899112564e+00 -1.566952434117091508e+00
6.235509001650277661e+00 -4.817497631975853345e-01
3.811322674267783484e+00 -6.991618764446917211e+00
6.102996819490147828e+00 3.677497747691179875e+00
2.266359138882153346e+00 9.486688071888710994e+00
6.216375346435516036e+00 8.411523082689868147e+00
4.218132099359016784e+00 -3.147598624755153729e+00
-1.881661274080173030e-01 -8.980117519168940632e+00
-3.785902857952305745e+00 -1.088510376591847262e+01
3.471947244617818118e+00 -4.339089846925046956e+00
-6.517634108756908518e+00 -2.081065217169021153e+00
-5.206835904182499419e+00 7.236319466212051132e+00
-1.037008128690767972e+00 -1.002290899150709791e+01
-2.432529308978446547e+00 -3.414104867212834016e+00
5.639885318956880056e+00 -1.817923043896719548e+00
-1.580288990126119009e+00 -3.323600036763000087e+00
7.401946855825837446e+00 -1.185030912215979004e+00
-2.756483707025572105e+00 9.899556825827431794e+00
-2.441542132797336340e+00 -2.296731285713424775e+00
-8.727955493469620407e+00 9.528126130575234498e+00
-6.285920262170312078e+00 8.952789676070413094e+00
4.170244764950901128e-01 -5.710803245796008731e+00
2.860264016314764124e+00 1.814555150819080698e+00
4.994535124809736715e+00 -3.727622744036640512e+00
5.183549029442223066e+00 7.684821282085761318e+00
2.094229842082044435e+00 1.854250798089311925e+00
-1.482898013851763341e+00 8.133024315288684747e+00
-1.113465016554466391e+00 8.772782905179340673e+00
-5.639650511628303775e+00 -2.149227752763694266e+00
-4.493833974186336455e-01 -4.324423437540621862e+00
5.839512511359226110e+00 -1.762742175602396877e+00
6.590910383547154971e+00 1.290975517837235564e+01
-2.122890126181830261e+00 8.929368049607063540e+00
4.843423394954444738e+00 9.272319921619798677e+00
-1.560038866259791268e+00 1.027061828563557455e+01
-7.447571598440848817e+00 1.272259760249096150e+00
-2.550001674807889085e+00 6.100172706927721400e+00
3.946581770298162262e+00 -3.565859897989589911e+00
-4.946402464833420609e+00 7.045126446610213478e+00
8.242273623859475151e+00 7.057724587646519998e-01
8.078515836843756404e+00 2.866987859761384705e+00
-3.104713283112797928e+00 -1.953859638096830498e+00
8.444299581498393437e+00 1.148977955213484670e+00
4.061012870131369468e+00 -1.598047021981592763e+00
-1.071263636008350595e+01 6.368456442226112735e+00
-9.205352803794051297e+00 9.308446529985543449e+00
-4.712527337855901166e+00 -2.016057527508560820e+00
-8.711900656506399443e+00 -3.573230658285308614e+00
-3.574376036858268435e+00 -2.916020657294929652e+00
3.089714429309478483e+00 -6.117341610822665920e+00
2.406515313361482722e+00 5.195312719754954678e+00
9.285412809894655339e+00 1.272130514725459127e+00
-7.810425368297997828e+00 -3.784099514208593362e+00
6.068512368283856873e+00 -2.606748711883692948e+00
-1.040631790311331173e+01 -5.081478138917702836e+00
3.833404111548130544e+00 -5.997854319338991935e+00
-3.514013173341410390e+00 -2.709716152751249219e+00
2.963492665758527878e+00 8.230625066245467636e+00
-5.680088076962084287e+00 9.273677715498410024e+00
3.380858485146916337e+00 -4.763451962776152016e+00
-3.550300363256791325e+00 7.845791831582388021e+00
-9.210636151834247443e+00 -9.912981130862574375e+00
6.186162856313849545e+00 -2.504634148225931334e+00
-5.115754334921879476e+00 4.850935989623004652e+00
4.470566265443196574e-01 -7.244118683924821056e+00
-1.103733851477426775e+01 -8.053894780155593125e+00
-1.298647522420388167e+00 -3.295493758957722008e+00
-2.279004387001595688e+00 -7.758414673463621014e+00
3.577224958994493775e+00 -8.063446984651376326e+00
-8.336632755252638916e+00 -3.624127183515563289e+00
-9.005100234881000532e+00 -4.278459645410054080e+00
5.749217448676667175e+00 8.584361050023675332e+00
-5.517359909569437448e+00 9.542559204816832619e+00
-3.369885427189942995e+00 -5.575816346184652161e+00
9.738062748578066419e+00 1.298378598840674192e+00
-1.038387976118730904e+01 -6.994094059088973303e+00
8.356498123510915477e+00 1.407694939694869252e+00
1.532471151475816029e-01 -1.111849056326692775e+01
-1.047730081892465037e+01 -7.029997580116074118e+00
-3.634888431327631952e-01 -3.175957307262642804e+00
3.254839203502829292e+00 -5.275152325814098653e+00
-1.056554422771001356e+01 -1.104287512337791277e+01
-8.291507138596429627e+00 -4.589818426323087230e+00
6.865918939701770585e-01 2.882434264053522543e+00
-2.733361685277468922e-02 -5.043987043671879000e+00
-9.385356831317276161e+00 -4.074540785246085761e+00
6.222761554838912801e+00 -2.372536597543096093e+00
-8.637008487508492038e+00 9.199816148479015965e+00
-6.363772116527018241e+00 1.067810343754858948e+01
-8.276070881335609641e+00 8.432352217864210076e+00
5.708068496849325157e+00 -2.334843767747554200e-01
-7.146904656588481508e+00 -5.124870284354981820e+00
1.518465188429005464e+00 4.934201921703055049e+00
-1.019869705349714772e+00 -3.412223392686925649e+00
-8.519834149725733496e+00 -4.573995976976267919e+00
2.323676682391426773e+00 4.094748919344555205e+00
1.793038471541492873e+00 -4.565306211302758932e+00
-8.101286543088081160e+00 -3.311572291654954370e+00
-1.319960639091294130e+00 -1.093548626545090130e+01
-3.846924792612815835e+00 6.012726764915831801e+00
4.377617658568144776e+00 -1.021948864664672385e+00
4.196102596847019583e+00 8.991934727641694991e+00
-3.237861090332116998e+00 -1.220371382813593808e+00
-1.004543498157671699e+01 -6.967538988091579455e+00
2.596554963981027253e+00 2.544416102273523883e+00
-1.904496216955912313e+00 -4.710395577166353931e+00
-1.082990717392246793e+01 -6.562491977668026166e+00
-4.591087716301452737e+00 8.304458799283466419e+00
-2.813604637220544102e+00 1.111125437191616783e+01
-2.984893395689245388e-01 8.787754700036426669e+00
1.146030584412720543e+00 -4.337029200450714050e+00
-2.389541326266203747e+00 -3.684184229281223022e+00
4.609536942291420303e+00 3.861354482927795040e+00
-7.810738936015027001e+00 9.476035228932659038e+00
-5.145126529824386452e+00 6.553453749800595141e+00
-1.156141758210463166e+01 9.140285885556265200e+00
-8.512167916070431772e+00 7.637572820071127921e+00
-3.823061361714110706e+00 -9.112799868440097484e+00
4.542342343821799133e+00 9.389336095948864980e+00
6.150439769140121804e+00 -1.869208549123774432e+00
1.887664090528760719e+00 2.497058992831738156e+00
1.008461206770705765e+01 8.353922749473590148e-01
2.853459250520016255e-01 -5.439492827077518022e+00
6.438174122405806443e+00 8.363947208418537116e+00
-8.588385438605746103e+00 -3.328060918162270010e+00
8.243512779200610652e+00 6.555796863256229123e+00
3.213114714227769397e+00 5.388234445507178449e+00
5.925485850636415641e+00 8.975741850296063973e+00
1.064247087080876231e+00 -4.494466869780538332e+00
4.561558171604757739e+00 3.535301569207044192e+00
-5.032148952168499223e-01 1.200602116260625962e+00
-6.218654523522561206e+00 8.978971680015245482e+00
1.695471941082899558e+00 -7.896049256471030731e+00
-1.137113343584045744e+01 -7.052439237006469241e+00
4.047528683861179033e+00 -2.412455158913208830e+00
-1.435582853388184255e-01 3.568729389723338308e+00
3.991634818837453302e+00 -8.191395490242875610e+00
7.274548040945009397e+00 1.341138645928443562e-01
5.224527550553729860e+00 1.984884265154680527e-01
9.924952517657807505e+00 3.673642797183997999e-01
-8.999503917079099580e+00 1.058371124667513286e+01
-2.739943009418653652e+00 -2.897208422440268549e+00
2.847123832723442938e+00 -3.730209738700989597e+00
-8.599129241195418771e+00 5.548124524751327336e+00
-8.395246507582225792e-01 3.463026928056571752e+00
1.035329514923482463e+01 1.816109251231981414e+00
-1.649263027769025003e+00 -9.126285864173931728e+00
-2.913595289997768845e+00 4.824701225394116832e+00
-8.919026931864717511e+00 -2.558196223819738879e+00
6.545413490018709979e+00 6.096963532747427195e+00
-8.965570305468961720e+00 7.542187525627667810e+00
-4.471422529216985353e+00 8.705549008264995337e+00
8.100364376908792963e-01 2.097150340269832824e+00
-3.073264378256714391e+00 6.193559213109748107e+00
-5.845549263669612472e+00 1.070565718451285875e+01
6.750738679502713779e+00 7.397768475408550870e+00
1.269339196745856491e+00 -4.562576670003109847e+00
-4.126180394826055142e+00 7.306166098912006746e+00
5.521391696785497238e+00 -4.441869130617386752e+00
-9.909182768521412887e-01 -5.292702596607001375e+00
-1.835366771383225348e+00 -8.090723832960074802e+00
-5.776056466283126412e+00 -2.067387888527720818e+00
2.663610339395061644e-01 5.246252173542860220e-01
8.489949504971654903e+00 8.775193485605013777e+00
-9.423469366846031647e+00 -5.333702973097413924e+00
3.484477128438669524e+00 1.099218726620659936e+01
5.672162466517141510e+00 -3.959036855744271666e+00
-2.609766571905510979e+00 -2.077175099603901565e+00
-6.673795585302260136e+00 -3.815851488440788142e+00
7.411916534378205412e+00 9.638174405904418762e+00
-8.070468997156311275e+00 2.494821666292195150e-01
-1.115705206541803385e+00 1.649968637679513073e+00
3.167685452670337742e+00 -3.281341165075425614e+00
-4.954006634597750924e+00 -2.684937801558406889e+00
6.062163589377141726e+00 7.038567879570798880e+00
-9.350616288080958682e+00 6.848942861737024046e+00
-5.525924933210816903e+00 -4.832155469458286334e-01
3.583900528873937841e+00 -7.079914779833325511e+00
-5.171455931791219207e+00 -1.894198529701329958e+00
-3.875952514103225166e+00 -4.444334144965932154e+00
-6.056111861744982505e+00 8.894112335837956351e+00
7.152525406623697179e+00 -3.439368610295061579e+00
-7.442523534925162387e+00 8.009817294284573563e+00
-2.453071058510889912e+00 1.024619702426440249e+01
6.375357544603581061e+00 -2.597741398784618738e+00
4.615756016860674826e-01 -5.689466706870814683e+00
4.329343136189659269e+00 2.497331345218298804e-01
-1.064224716454028830e+00 2.757284823684340136e+00
-8.689997756428784470e+00 -9.046130994033461548e+00
-3.058677879689471357e+00 8.356057063000879026e+00
-1.691043371423015085e+00 9.251136170355694688e+00
-1.060637627976259045e+00 -3.613071524744885021e+00
-1.075864632921190811e+01 -7.801108136749142830e+00
8.829977335597987143e-01 4.556395060017353060e+00
8.078892555050211755e+00 1.490289482869172621e+00
6.107314625357892490e-01 2.937995950510468912e+00
5.358847970207862410e+00 6.969328881842090873e+00
1.335749143281108831e+00 2.816581750991717037e+00
-3.297435109420961741e+00 -2.923620657135347578e+00
5.116612135451735099e+00 -1.525805122805918845e+00
-1.072019836511902646e+01 9.368452903051020186e+00
2.513704322431149496e+00 2.842362753897546224e+00
-9.502688295851932310e+00 7.178898047335922072e+00
-8.105328443064345745e-01 8.685244152781484317e+00
-6.845403817017946757e+00 9.896421342292859080e+00
-4.909968541839357936e-01 -2.914186510880983683e+00
-1.042936353467540656e+01 -6.488624771051734186e+00
-3.294625759400083176e+00 5.176945802050099132e-01
-4.356371221362343782e+00 -1.581040502293812988e+00
7.785280845262424476e-01 3.510840701900169947e+00
4.731726345044216409e+00 -2.186085173792719161e+00
1.432123382074236506e+00 4.911884372374278662e+00
-2.275608450623097134e+00 -5.324969752855819749e+00
-8.920807204702050797e+00 -4.132715525326455364e+00
1.530953854270340031e+00 -3.782755067586085929e+00
-9.188786267445101075e+00 1.016486662869337643e+01
-5.201244355312574896e+00 9.266378247731559270e+00
3.078572861028186836e+00 -1.111751039224336157e+00
3.015697043203692473e+00 -6.036470312633523960e+00
5.180079336954031888e+00 -1.934931476924762528e+00
-6.956168105627158482e+00 8.108722735402873028e+00
8.537991488856675915e+00 2.726717597377462887e+00
5.020938408381564244e+00 -3.099467766362679733e+00
3.805655096951544802e+00 2.693753151439906457e+00
-1.300465194464423657e+00 5.724328394363863204e+00
-5.986184459704402272e+00 -5.270130854919141683e-01
6.522285309197092817e-02 5.482616458053479747e+00
-8.388096018289981082e-02 -2.722547891713724244e+00
7.368413319585561005e+00 7.146530129747426408e+00
3.897794975769527603e+00 6.821714287294562418e-01
-8.449779089193368620e+00 -3.386534894637635240e+00
5.509944751818575348e+00 -1.869071003288805599e+00
-1.321039021809777836e+00 5.290971043661838458e-01
9.002727038310188945e+00 1.888623137520625495e+00
-2.480192404560616765e-02 2.412416830917495147e+00
7.536141584421417683e+00 1.830758720172287468e-01
-9.113216647723652031e+00 -8.445455379526213946e+00
4.147535616872990438e+00 -3.525921534581885286e+00
-4.386018408513591815e+00 5.576367791014071429e+00
5.217922522969351107e+00 8.953246766849254357e-01
-9.386207488220403405e+00 6.848370705967763428e+00
-4.759900737439532570e+00 -8.061662954972945272e+00
-1.675060765441036770e+00 1.096789892844735093e+01
3.835621657687893205e+00 9.339680117318390984e+00
5.052711249161967011e+00 -3.203460169040565297e+00
-1.100500610408566970e+01 6.978592425230007557e+00
5.402200376421426586e-01 -8.264331776140718233e+00
-3.152874970380806108e+00 9.691613618900762006e+00
-1.542759335271286503e+00 8.267077109679988212e+00
5.337011850632165100e-01 -8.526241490766583553e+00
-8.197426126762051624e+00 -6.234679493962065777e+00
-8.721379929953871013e+00 -3.636712142771139078e+00
-7.827673521038297721e+00 -5.634692823844646092e+00
2.177260582166539393e+00 8.840199833583918476e+00
5.463922637447283570e+00 2.014833857233107040e-01
-3.757954153794307750e+00 -4.013742909761523592e+00
-1.618486016723530430e-01 -5.128705552431472192e+00
3.565856913478402390e-01 -1.165625852225157022e+00
7.263636309145414138e+00 8.063343612316870690e+00
-7.534549107135695145e+00 -1.714901877819309028e+00
-4.268790626182329184e+00 -9.464157701422371005e-01
6.460818254239597991e+00 9.257998273243702059e+00
3.429177960262359548e-01 -8.019860642528229278e+00
-4.104839423494119899e+00 3.550022398005321822e+00
2.393427776142596830e+00 -8.672761177009494560e+00
3.720096779363859962e+00 1.781763724083597289e+00
-3.549764119897660830e+00 7.275310659048813022e+00
3.970004456813352789e+00 -3.109444364157927243e+00
4.960153080268561610e+00 -5.364704892034847461e+00
-1.038538397957926129e+00 -8.132238396973011874e+00
-8.371184420054145647e+00 1.028258019005906476e+01
2.899251403361153390e+00 9.561427216695582487e+00
-7.940771465089651926e+00 -7.640654397026026778e+00
7.331447437781823062e+00 1.746629241244415320e+00
4.340519910321121166e-01 -5.842408613346362856e+00
-3.758372384793700949e+00 4.346051885382077984e+00
-7.868426086380475581e+00 7.873552529002456168e+00
2.897341534040074773e+00 -4.925979992045947498e+00
-3.910142442067046531e+00 -4.234507741280999049e+00
-2.953601775040330502e+00 -3.660145866497523048e+00
1.545192367516640131e+00 -4.475752087567977711e+00
-2.762253729143866465e+00 -9.213909062529742400e+00
-8.259058032027549956e+00 -3.730182790792720304e+00
5.527192747684449792e+00 -3.630228197487556319e+00
-2.620597911884606113e+00 1.013623726394824054e+01
-3.257885386267560524e-01 -4.890708833014241641e+00
4.439165263472229839e+00 1.025603776038287407e+01
4.637631235810987462e+00 -3.242503054325429623e+00
8.237531397902396080e+00 -3.778702555345406999e+00
-8.227897219117229710e+00 8.102427798612895415e+00
-7.262611184838615230e+00 -2.950045133600873726e-01
8.143274814789668525e+00 -2.107347134041536840e+00
5.577249370410310547e+00 8.332973327385399642e+00
-2.247765300650896858e+00 7.789408977820619029e+00
2.737243954575500737e+00 -2.419730937699613893e+00
-8.773437886598021151e+00 -1.605475109585897009e+00
-5.733267479820059798e+00 -3.019773871314175739e+00
-6.227184785610329065e+00 6.507769401971029488e+00
-2.471359526469055101e+00 1.223194528240725720e+00
8.216630567058539114e+00 2.690713700893217819e+00
5.586126083308732504e+00 8.997021631257833718e+00
-6.160801690811237297e-01 4.102889918529379898e+00
4.208893777730722263e+00 -6.597276408823242733e-01
4.454041115923899063e+00 -4.623153533296957995e+00
-1.341025415870621629e+00 9.727651679708410271e+00
-1.020592637003736414e+01 -7.732910749498946856e+00
-7.183468769204647053e+00 -4.730540335343122571e+00
-3.655189952892788252e+00 -2.961654620108221891e+00
-2.358301002261783186e+00 5.744581229573777037e+00
-6.106858996308611509e+00 -4.611424016822494920e+00
-1.576256939129475176e+00 2.559920473885847869e+00
1.051444907976690324e+00 -7.756477371368676543e+00
2.772143008363535444e+00 -6.756576290015215314e+00
3.855337144214439071e+00 -4.161777301017095532e+00
-6.631202678659768424e+00 6.852779659257861589e-01
-5.375964682013970375e+00 8.044764668153751686e+00
-8.655706103823666453e+00 -4.531970354282148783e+00
-9.775379361685738289e+00 9.071177120128130156e+00
2.003396126072276129e+00 -5.877945318057824942e+00
-7.326370434392709186e+00 1.004439423301509748e+01
-6.440370750748902751e-01 -3.288895672687322858e+00
9.217934861526327239e+00 7.426592222074321903e-01
3.979799680287503083e+00 -1.245917519375589366e+00
4.722252734313633127e+00 -2.920122087514489095e+00
5.650962780935118168e+00 -3.021255267591082649e+00
3.594499578522803440e-01 2.083059854094174490e+00
2.820588228532834751e+00 -4.340195570488076804e+00
5.589160237696857436e+00 8.496453877839625690e+00
-7.831006495941635670e+00 -2.085951563673443587e+00
-9.161918737980570882e+00 -1.778464608701245231e+00
8.206264188118539415e-02 -7.628257292328703976e+00
-9.831782092604415269e+00 7.438040995144119982e+00
3.245420066761655509e+00 -2.466002330776158047e+00
2.209255566459637166e+00 -8.705334127910107966e+00
8.732738200843250809e-01 -7.882563631860483255e+00
-7.164485163421271396e-01 2.444366556903260435e+00
1.790346071358954960e+00 -5.508083292678633391e+00
-1.109455132391043719e+01 -6.756332899053481889e+00
-2.050906147458459561e+00 8.671501171992790802e+00
1.814463709135063496e+00 1.094108338033549899e+01
-4.480549831373464187e+00 5.043793719023620170e+00
1.090185937295088969e+01 5.184965855039873617e-01
-7.858711587601906245e+00 9.452543989716577499e+00
5.406506723853949925e-01 -7.974823268929982056e+00
5.666639692989983601e+00 7.182434616355482859e+00
7.173989453040638509e+00 6.760044859787302407e+00
-3.115534506388060620e+00 -1.687961425413208261e+00
-9.070403435264260850e+00 -4.855702688974511183e+00
5.482973554068289346e+00 1.027408104349147244e+01
-2.789143309447220886e+00 -2.144135237213079304e+00
-7.924172792204744908e+00 7.247163475108489017e+00
-4.829410286608779579e+00 3.949310634801723729e-01
2.441774579720498828e+00 -1.669203506659030722e+00
3.327029840117883275e+00 -7.263924428556680191e+00
5.226797421344236305e+00 7.914472950975445009e+00
-2.243537101361360087e+00 -7.312901382038698994e-01
-4.372601506290627604e+00 -8.603284670982772608e-01
1.838942455769546402e+00 1.005085348411711266e+01
-1.000976489521610091e+01 9.011246861025659527e+00
-2.538416263104442905e+00 7.067933358299497648e+00
-6.685706395011640879e+00 -8.461024274900140085e+00
-4.032032027397329799e-01 9.295787597624658005e+00
-7.273583106279840393e+00 8.147219421089147318e+00
-7.431841234137857910e+00 6.990822972514829203e+00
5.242214529064013639e+00 -3.402461135421920968e+00
-8.860739914514962123e+00 6.766039423528518171e+00
-7.337656596945002718e+00 -8.517983276432477879e+00
-1.217084984905857681e+01 -7.224641699964340802e+00
-1.150909620698655544e+00 -1.103697500472025084e+01
2.716842516098959270e-02 3.272116318624251896e-01
-1.353825162110302571e+00 8.115633971171979155e+00
-1.037547821417893257e+00 8.239336011196231269e+00
5.378188222575868593e+00 -9.981411876322690002e-01
-2.164694335417442161e+00 -2.118394777930676209e+00
1.667207071516849215e+00 -3.818573431942051677e+00
1.057944026321783859e+01 -6.837435016334802995e-02
7.189313995476053876e+00 -1.091248865225537434e+00
-1.008836025685302218e+01 8.633196891079331081e+00
-1.137630128154146902e+01 9.104063967236641020e+00
9.855483838979048894e-01 5.500507162341427225e+00
5.682280766331619049e+00 9.544641467125144274e+00
-9.470634670619974216e+00 -9.444661949617891850e+00
-2.210600188383859965e+00 7.260080451268553503e+00
-7.399501134954048709e+00 1.045053907896721235e+01
1.820583117454610989e+00 -8.315487804553090001e+00
-8.772826476712332067e+00 -4.895363896591204522e+00
-9.143559330298430154e+00 -7.511067613470733484e+00
-3.545228109727295962e+00 -1.998416315355665329e+00
-4.896455599564854211e+00 1.323775224817619556e+00
-8.989152234891850668e+00 -6.076461555038868312e+00
5.276942023974782181e+00 -1.825522111384642265e+00
7.465590132693167291e+00 -2.385777259887372992e+00
6.618677181445722368e-01 3.431364319529142115e+00
-9.252847637654276980e+00 -1.981998766500681075e-01
6.285862476328097692e+00 5.156568881440524166e-01
2.872928064486378830e+00 -5.932813720688500325e+00
-1.039405278948314226e+01 9.893439138187936521e+00
-3.647380106703124625e+00 -1.933409571524099313e+00
7.303427812847638201e-01 -5.371697052580405085e+00
-8.238008825870295482e+00 -7.030063725629395854e+00
-7.189652825407129910e+00 2.256162527048052313e-01
-9.697564173619509731e+00 -4.608562433443202266e+00
-3.667685660731932806e+00 -1.462943335507401077e+00
5.087149716615211315e-01 -5.967421630860573423e+00
-1.698202157770445586e+00 9.156639854344971852e+00
-4.749436020536745851e-01 7.635432698422027542e+00
-6.871847802815468143e+00 -1.765957638390548201e+00
1.234562680657876221e+00 -6.805251583848918706e+00
-5.353294415227590086e+00 -1.030085260000159986e+00
-1.122401534390909816e+01 -7.913132754372133704e+00
3.567192104281872833e+00 9.392372215795250057e+00
-8.341645136348542877e+00 8.899070440571106744e+00
-3.575631141575187577e+00 1.031381875572393447e+01
-2.222374706543911671e+00 -3.628928888062865177e+00
-2.508768428316461296e-01 3.890946039151058855e+00
6.044227103770039022e+00 -4.334887543347276662e+00
3.973335696443347942e+00 -6.029024340748954103e-01
-9.417263374881052584e+00 -8.255750912733338609e+00
8.367736694563358668e+00 7.666072855687208865e+00
3.789273513500653223e+00 -6.999673348185202482e-01
-4.258801882469104960e+00 7.621386532033930017e+00
9.820944882197777392e-01 -9.505162556556678410e+00
4.086880453769805577e-01 2.475629063395080820e+00
-1.714896161166707955e-01 5.969624897931256946e+00
-6.623882190642333967e+00 -7.805592908986866085e+00
-1.768223109573238583e+00 5.891802640509337330e+00
-2.741024893277924868e+00 8.444661886311642718e+00
1.354203627453522685e-01 3.600890358771236865e+00
3.915383525214543248e+00 -2.652702775487081333e-01
9.028782687500758186e+00 5.746308117830666085e+00
3.311520160715264893e+00 -6.472085223608893934e+00
6.377756653364031081e+00 6.870220280128167545e+00
-1.858914101502573857e+00 -2.372746636695337585e+00
5.164463632865735399e+00 8.724792680799414057e+00
-3.480932231989299908e+00 9.324647055616697600e+00
-6.761628039198636309e+00 -3.734628192332461794e+00
1.663283169533184447e+00 5.693882517804187415e-01
3.881389806801887499e+00 4.526046911387303417e+00
-1.042776845593626334e+01 -8.072166583799333495e+00
9.926440192124029949e+00 2.173771157581988245e+00
2.472679528513663794e+00 -4.769981603024572081e+00
7.437392610216809530e+00 2.601501854784477707e+00
4.483605474053060647e+00 2.455470208496404183e+00
5.971615369718562327e+00 -2.526569670282174052e+00
3.729597740329667843e+00 -6.039970378120107064e+00
-2.182783301932062159e+00 -2.558274816062280799e+00
-1.693101640775360739e+00 4.039549619674085434e+00
8.570736793860332270e+00 1.460345435271033665e+00
-9.248048734579144892e+00 -7.594289596111285512e+00
8.606263126474484437e+00 2.990218340239511718e+00
4.791183655190287105e+00 6.782864287749505117e+00
1.943496949220602676e+00 2.336027728298819994e+00
-9.741708824023467272e+00 9.841472609103826485e+00
-4.389897075422930506e+00 6.410496374600439751e+00
-8.558776451628679283e+00 -3.078682750698428450e+00
-9.983785935400899092e+00 7.619698537522721971e+00
-1.716730820034640281e+00 9.495220599235304704e+00
9.638515504262590738e+00 -3.473134615933455294e-01
4.041866072294440393e+00 -1.696978836313305372e-01
5.816547477528631660e+00 6.837819551873822732e-01
4.010191489318270186e+00 -2.555458959361114335e+00
-7.682554491128977148e+00 9.391267108120381124e+00
5.716081133140131776e+00 7.718504447120706047e+00
6.053679990922797849e+00 -6.826051099173913173e-02
9.130547335389028518e+00 7.854031791530481144e+00
-4.828608668554796424e+00 -1.565972020964708555e+00
-1.253006379985355245e+00 -1.000928347370028426e+01
9.995399506409454737e-01 -1.091022667728821460e+01
-1.300863666445591171e+01 8.138807157725654662e+00
-3.866681197945670334e+00 -1.425506251107686140e+00
5.836363319592360099e+00 -2.175505383332160925e+00
-1.000195630007560865e+01 -6.403849881210314621e+00
-8.483314122941711943e+00 -7.174104629585474235e+00
6.462821012508060292e+00 1.159458420340177121e+01
-3.377172736818117471e+00 -6.653670176693799121e+00
1.747234856767615474e+00 -8.258081725174875487e+00
-5.716619137394491901e+00 -3.207309456915028445e+00
-2.899046847668902416e+00 -9.111802618825111111e+00
3.810583883144616379e+00 -2.985253559427591075e+00
3.235121654825507509e+00 4.008026457190656977e+00
5.711436597936639714e+00 -2.226105011884670581e+00
-5.780030613503477355e+00 -2.922595676703986456e+00
1.024443841609182471e+01 1.460534239924580202e+00
3.009386930335639754e+00 -2.834901071981474452e+00
6.139250479566332075e+00 -7.387340776167313550e+00
-6.518445857973827806e+00 -8.575121712374304650e+00
-2.074163010117674233e+00 -5.411667757994613304e+00
-8.698170606950313299e+00 -4.081695845019170932e+00
3.151235168643164997e+00 -4.111397994990419136e+00
3.921508154370325183e+00 4.177056433935020685e+00
4.080334713965950044e+00 -5.087442226049222249e+00
4.351036205885778330e+00 1.003717638639193055e+01
2.153652351931596876e+00 -2.043031324753277200e+00
1.821360467685534390e+00 2.919610362234777767e+00
-9.847754495763854976e+00 -5.506980380496859340e+00
-8.429178714376992509e-01 -4.419610281439996236e+00
7.048575956466710757e+00 7.072095310553160097e+00
-9.129914008007887105e+00 -9.002820353229115113e+00
-2.124967481521787160e+00 -4.994773903295953055e+00
7.397501093541358763e+00 8.733592493044840310e+00
5.098691290616935490e+00 -3.402073481389818355e+00
-9.056062957516369138e+00 -6.925773051922382351e+00
6.618761930658384252e+00 -2.110566148524788410e-01
1.133691067290664156e+00 -4.647732406670114003e+00
3.962331020263230030e+00 -2.192558470029037476e+00
3.061246363508638435e+00 -2.966443077439969489e+00
9.486534151548969618e+00 1.704780169203932827e+00
1.772355705832084460e+00 2.040232079644117569e-01
2.747423660235831733e+00 -6.356325219693564677e+00
2.287484492888001597e+00 1.789564070109494143e+00
-8.678672374716516202e+00 1.121185794173996975e+01
-7.467802705661704010e+00 8.370608388097771524e+00
1.069740488710450954e+01 -6.577864077173050106e-01
-3.161084151669171227e+00 7.581562440698549565e+00
8.209091456437619172e+00 9.267467393999478276e+00
2.025732164316952577e+00 -5.071920955604269921e+00
4.105050291887762270e+00 -3.762117518338881528e+00
3.276230470132932560e+00 -1.087123155358077575e+00
-1.138391892738057631e+00 1.484931684525079065e+00
5.350153097065963870e+00 -8.396367514330165704e+00
-4.517342080607813948e+00 -2.347403038032618738e+00
-7.937133909162055190e+00 -5.419154277980143597e+00
2.452648317603451034e+00 -7.718678150458899268e+00
-2.919001546494285115e+00 -7.361725635532334167e+00
3.726341869776844007e+00 -7.781622879151812722e-01
-6.840682845576431248e+00 -6.556654504525389449e+00
-9.071226869072198440e+00 9.268413911389863813e+00
7.886573025126719649e+00 2.066109203095948921e+00
-2.504317420775237224e+00 -4.035229687736284987e+00
-1.093164085427789800e+01 -8.230763687094597714e+00
-9.906882053899009222e+00 9.684259366787733470e+00
5.753536305644184168e+00 -2.380802381800115164e+00
-3.810879962484559069e+00 4.311325725836905320e+00
-3.469207034554842473e+00 -2.511035513609192193e+00
-3.758165926357567077e+00 -1.508315615530591236e+00
4.868425783705087717e+00 3.650513453390908936e+00
6.948600340927050922e+00 -4.007869039165239400e-01
-7.455868844009382101e+00 -4.387776573151298543e+00
6.015575274725785127e-01 -6.043325972492695541e+00
-9.647736512944620202e+00 -5.420929347716253233e+00
-2.517625739232044246e+00 -2.624073252543714929e+00
-4.154370118215055641e+00 -5.002858294779800374e+00
3.669109813098926143e+00 -2.507671615744508919e+00
6.513975965597653683e+00 -4.829461036705398058e+00
-6.662917329836213209e-01 1.048691128941844797e+00
-1.335670494593185431e+00 1.014613763232252452e+01
-4.096331660015883003e+00 -9.455406918124209525e-01
-7.662628759153375491e+00 -3.919840123537130960e+00
-4.296551242954476102e+00 -2.673473643591577353e+00
-8.353040784207584224e+00 9.388198257531854551e+00
-1.551360939611340584e+00 8.341551067073858405e+00
2.951077309851013020e+00 -3.695964683381295579e+00
-1.480773538673991752e-01 -9.669426203954799348e+00
-1.034825134801811863e+01 8.853713093492348918e+00
-6.291850643294035983e+00 -2.291590361165228851e-01
-2.463539721000011173e+00 4.058205475291597253e+00
5.123509720835333070e+00 -3.645951202365421029e+00
3.122535893193330025e+00 -2.801938699957403411e+00
-1.191922240721750015e+01 -1.129429142459689928e+01
2.944573785381719766e+00 -5.529393453883479026e+00
-1.817887448019188890e+00 -4.113066154707778921e+00
-5.857923684251162832e+00 7.154314412137846801e+00
-1.467877287764909333e+00 3.820609495997905114e+00
3.207688432626319752e+00 -6.295348169906693769e+00
8.341563231036161596e+00 1.328404292726625302e+00
-1.774960051814190032e-01 4.565575541662099113e-01
1.495101538206214720e+00 -6.493335188169262473e+00
-6.992112830273182755e-01 3.432612597446209612e+00
7.310282353084323059e-01 -3.802779217280320090e+00
-5.152533893441659352e+00 2.711697847969614106e-01
-1.271034483999985554e+01 7.997703072056487450e+00
3.100571197331620787e+00 -2.319194543636919459e+00
5.484649172511920412e+00 1.030824464813325125e+00
2.295937379312627424e+00 4.774515219100157637e+00
-1.791567504393100307e+00 -4.574321704428538027e+00
-7.401257227489843160e+00 -3.772402931014128047e+00
4.457104544741801178e+00 1.080272741220162480e+01
-1.168843453142777200e+01 9.537165709402538383e+00
-8.022834314311721116e+00 1.037049123552974628e+01
7.943853225997507650e+00 1.434764739263785005e+00
-8.303362244958133687e+00 9.786733955832401577e+00
-3.477965805941154009e+00 -2.525317785268637927e+00
8.629845490697185539e+00 3.375221259175898325e+00
-6.565208714562343673e+00 1.760471448997911192e-01
-7.333316631293842036e+00 1.104472655766191469e+00
-7.514088558714926869e+00 -2.519885182992532613e+00
9.737398839450579047e+00 1.452534749364027489e+00
-9.750659821604582334e+00 7.647023775700570347e+00
-5.627795296387137824e+00 8.680228144514336108e+00
-2.488210712604121966e+00 9.143422372182126168e+00
-9.634296110566287652e+00 -5.206008671405484733e+00
-2.555696702907874318e+00 -7.418404376404952316e+00
5.439541494368000052e+00 1.179296825355523204e+01
-7.167731301365162011e+00 -3.790599387609326687e+00
-1.830017233726789039e+00 4.129374443587249921e+00
2.937887431512196112e+00 1.015064710622229782e+01
1.542839674508914349e+00 -2.505654173938178797e+00
-3.642034835839578655e+00 3.223750545540620127e-01
-1.124562262174804061e+01 1.045595977854842573e+01
9.228622061657610232e+00 1.583341443807823268e+00
3.413994959795587647e+00 -6.785676311712721009e+00
-1.761681651456206366e+00 8.521853475091790031e+00
5.969941457285508513e+00 -1.727331698353225864e+00
2.012191298155419972e+00 5.521593027564339451e+00
-1.246354694571048860e+00 -1.078026138650484578e+00
8.761198780913431960e+00 1.324199376279023621e+00
-1.099241247929422016e+01 -7.790643871782059193e+00
7.577803749841313108e-01 1.999059137146764975e+00
-7.535456473724022608e-01 -4.035458489868590348e+00
-3.481410714154850261e+00 9.155009425727309136e+00
3.207439599436183286e+00 1.010188756988343073e+01
-2.675624924275231020e+00 5.180576143012439516e+00
3.827982834119230127e-01 -7.284670368866668078e+00
1.592561160919416352e+00 -7.456121556376260173e+00
-5.662313749053880407e+00 -3.248394508668646097e+00
5.598098968422840827e+00 -3.218716419065248857e+00
-4.237240136556749803e+00 -4.885606713281720914e+00
-8.776484498779206334e+00 -2.868347473777987489e+00
-1.906815493410476181e+00 7.755547257304709952e+00
-2.696006687849386463e+00 -1.780107543453184338e+00
6.170343973464147425e+00 1.429996525338843583e+00
4.375938262074416940e+00 -7.558786930800829751e+00
3.784642701408612808e+00 -4.969296909996693046e+00
8.273923081552615244e+00 7.836433110572841976e+00
2.537989565693396177e+00 -5.548472780229003476e+00
-5.078031874376787158e+00 7.018333552305765721e+00
4.256618750487674241e+00 1.197890418475180407e+00
-3.905184556692624653e+00 4.726598768018815733e+00
5.062151108634171948e+00 6.933557077773437882e-01
2.464172424111647608e+00 -4.683104992846837789e+00
8.144382277816227145e+00 6.727603703159625859e+00
-7.302132970233590648e+00 -3.899451400835332926e+00
-7.660776379053880980e+00 1.580741635558390534e+00
1.050927821778634197e+00 -5.534054599886930603e+00
-8.358956569191001718e-01 4.095699941610869033e+00
1.143295194118648883e+00 3.716274505719064258e+00
-8.802761516105205075e+00 -1.279398430866200975e-01
-1.956406057050365410e+00 2.909933225607844509e+00
4.355029496087305496e+00 -4.548432011373293449e+00
6.149421769678355965e+00 -2.147550223381598400e+00
-8.807466597840278411e+00 -5.377903356514661226e+00
-2.677706322456232968e+00 -3.024482940524242380e+00
6.986041110976124457e+00 -7.500270882314609144e-01
-1.199733175386652739e+01 7.997944485956379523e+00
2.221733131426613550e+00 -6.833952727476675371e+00
-5.579728751692933031e+00 -3.860650542192436419e-01
7.630419333946480975e+00 8.312517247952486699e+00
-7.799033148853541597e+00 7.497784319975944634e+00
-3.419208448212326612e+00 7.854921930204469049e+00
2.444280913147682810e-01 -6.577857990613587447e+00
7.648953706449074019e+00 1.308217277795173494e+00
-6.480566309829910443e-01 3.987848357582381098e+00
6.630109763040450410e-01 -2.109781943209082744e+00
1.021333185417194223e+01 2.107251055431479170e+00
-5.056227320429703909e+00 9.224704528029324280e+00
-6.242693219271555627e+00 9.578632671787669750e+00
-3.983240194935245615e+00 6.964526613715539938e+00
-2.223131688065921541e+00 1.040475447952324828e+01
-5.526554640787001205e+00 -1.164879900436534887e+00
-1.194993193815016896e+00 -7.370368499178269417e+00
-5.308766551377490650e+00 5.571314576245280925e+00
1.940109163517969915e+00 4.109756323258844546e+00
-5.040594171621618713e+00 6.331472703368852706e+00
3.188274090162693142e+00 -4.899779058884102589e+00
-1.884623357732216897e+00 9.137610887909115576e+00
-5.351032967291997622e-01 2.563688842677028568e+00
-1.070924705044609659e+01 -3.861622825727012653e+00
-9.354890013964041628e+00 7.891702386500593747e+00
2.528931403682028733e-01 -7.220607096675125902e+00
1.990720656374993514e-01 -4.625451263136556079e+00
5.977565055182791909e+00 -5.052720652370350507e+00
1.656165562038575789e+00 -2.599648065359434490e+00
5.212910506046522841e+00 3.127499891006557675e-01
-2.337971688282704186e+00 -4.212626217924894334e+00
-4.174202390313589639e+00 5.764380079350596375e+00
-1.068392905851210983e+01 1.042796675363626591e+01
-2.102342915630253550e+00 -9.532772800680458403e+00
-4.356448312468785833e-01 -3.764888850518921970e+00
1.011840829351869964e+01 3.808961586045985559e+00
-6.499191173822433942e-01 8.455068235604926485e+00
3.783420099618126642e-01 7.565883268836341990e-01
-6.718319563305645836e-01 -3.232722440466638592e+00
-8.532054574240634182e+00 -4.423100524233682940e+00
-7.816072920861386386e+00 8.752989824315443812e+00
4.758391653530371634e+00 -1.370444212867127476e+00
-1.098458792659189776e+01 -5.309325446969103801e+00
5.972346020032382796e+00 1.153582197515486918e+01
-5.574326035198598817e+00 8.345022201809626949e+00
3.351786365237228171e+00 -4.937608664898324839e+00
2.608855670173209518e+00 -7.506075889904619380e+00
-7.129949686298483691e+00 -2.640278788561428946e+00
4.829992537083978910e+00 7.620266520146659062e+00
3.860028095385841684e+00 5.258838264672123231e-01
5.059331593241634728e+00 -2.467809832610096343e+00
-7.064715463757350378e+00 1.183690905242160696e-01
3.990713444451262415e+00 1.553189097827829990e+00
3.787786080604066186e+00 8.486730957188814983e+00
-1.915960637793770349e+00 -4.241877031196527703e+00
-1.824013450414860404e+00 -3.800348081277316492e+00
-1.466446175282070552e+00 -3.748350987149417168e+00
-8.598829467529327530e+00 -5.197560844094025079e+00
5.841127845767687177e+00 -7.951315721868299491e+00
6.030637120569600107e+00 -5.188639860682902061e+00
-8.764525814040521112e+00 -4.203554480378723923e+00
-1.027678703228832369e+01 7.828262624400191605e+00
7.532507192918759920e+00 6.684154469834284740e+00
4.750636990894085976e+00 -1.632348459133322383e+00
-1.079950026736726620e+01 8.950191266961482484e+00
1.563239170044672832e+00 -1.084060402807682166e+01
8.520290204870647699e+00 7.412337061304111074e+00
2.917824601327124512e+00 1.605435902333691711e+00
1.940348163959401129e+00 -3.483850603812672198e+00
3.073884393001031778e+00 -7.116144604584885514e+00
-6.572225863135722435e+00 -6.795201436665014860e+00
-7.751288359245823933e+00 9.392407785326083669e+00
8.473370978330835968e+00 1.571188352902981089e+00
7.179722074132070198e+00 9.107861385617713523e+00
8.540519338415057504e+00 -2.395786242256894294e-01
-9.118258475271616703e+00 -3.691316435965043219e+00
8.621339717360854138e+00 2.030485706107328703e+00
-2.683723492270080779e+00 -2.442750740218707861e+00
-8.098165717173850808e+00 -5.573906128948480365e+00
5.902906864097168693e+00 -2.684979083907417241e-01
8.337399837782287770e-01 3.080121481246839377e+00
-8.232588424311291675e+00 -3.137279679989448677e+00
-1.071047940585561342e+01 7.176786621633057806e+00
5.178048326816847791e+00 9.372487334595103192e-02
9.199707904820348503e+00 2.560082446664079470e+00
-1.139972921391907867e+01 8.969362914736466408e+00
-3.463928086333126544e+00 8.285448862596469510e+00
-1.323337905925556690e+01 -9.671291119254135538e+00
6.598461330501264044e+00 -6.991458078014214372e-01
6.643922594162743778e+00 6.221805872730929998e+00
5.233616920876123402e+00 -7.443756437156192618e+00
8.721443460420481131e+00 7.286151765384373036e+00
4.109545762344126274e+00 -3.022719967976521538e+00
-2.257016447929157898e+00 6.848090840221177089e+00
4.621837362697896801e+00 8.560454880109949372e+00
1.546355577965852657e+00 -8.977436798894071757e+00
-7.168721810551743623e+00 -4.995159844608138222e+00
-6.304592333372156965e+00 9.519630239793269055e+00
2.935175667034961133e+00 8.551151388353819272e+00
-8.073176173786791310e+00 7.751433001989431304e+00
-3.562828323762634142e+00 -3.962349361403171955e+00
8.573621330948316910e+00 7.300624627548466528e+00
3.362966607145418507e+00 1.161227161085598780e+01
9.339578543197402993e+00 2.064866038443521568e+00
-8.880028890560868859e+00 -1.040578093638694668e+01
8.522782706098041672e+00 1.439573604336143564e+00
5.457234141407431238e+00 3.138547264973005735e+00
-4.653909724586909213e+00 9.565464139803112609e-01
2.646437959538069151e+00 -3.933867978960450706e+00
-2.064655196699324069e+00 9.240062292298082625e+00
-3.764513307791856445e+00 -1.964687756131057839e+00
5.089575527276763545e+00 1.250820016215514752e+00
5.174519740983996918e+00 -1.788566597994844853e+00
7.863440917721793433e+00 9.383723164981088161e+00
2.641635371058819182e+00 -2.100239295302553266e+00
-9.757226579650968290e-02 -5.604733618100431691e+00
-7.046064223746919986e+00 -2.639927624153076913e+00
-1.136943406439684345e+01 5.880984402338150119e+00
2.052964047580121854e+00 -4.210445359898948858e+00
-6.601599689829686923e+00 9.139313439450827303e+00
1.467092104452556445e+00 2.791119744215877496e+00
-3.835365361983131827e-01 -1.126052745393827159e+00
9.934498302602847275e+00 1.266716739239983847e+00
1.067365482721302783e+01 9.830920259960574725e+00
2.877739381271396280e+00 5.298574206449861101e+00
3.263598670382336309e+00 -6.486018591008682499e+00
7.026237624600051745e+00 -1.872933488496361765e+00
-8.522027185356780166e+00 -9.605297988737437009e+00
9.806395440908616479e+00 -9.853058528254980963e-01
-5.483449295565056225e+00 -1.488642339037609119e-01
-9.022022126504779749e+00 -5.785543887999578416e+00
-7.931095429710689260e+00 9.724739917320889049e+00
-1.195929673358081757e+00 9.648901130954376626e+00
-4.283919760086199346e+00 3.186480704853380530e+00
-7.796503757662541112e+00 6.601871770426982700e+00
-8.479434727786280490e+00 8.546497684922174543e+00
-2.823009351632637554e+00 8.353194708353710141e+00
2.562033806110174172e+00 -5.086262099855838770e+00
-1.942165912042460585e+00 -1.499555047763025728e+00
5.325873056336674516e+00 -2.596959462484033310e+00
3.323299074948247167e+00 1.099729545336250425e+01
-7.698712351422111411e+00 7.194676931760731087e+00
-2.486505984791678614e+00 -2.665548980382978606e+00
2.627470365521630047e+00 -4.255638593494111888e+00
-2.762955245031975871e+00 -1.844548052951800354e+00
3.286846442922568556e+00 3.107152988757582168e+00
-1.069473269479582456e+01 8.892514907764535792e+00
4.136494688815123055e+00 -2.729021301809666511e+00
5.140436888378562941e+00 -1.318577083780468229e+00
6.502630232152736056e+00 -1.633462521928741307e+00
4.169539931918140319e+00 -3.685650707700575346e+00
9.169456600861163764e+00 8.069563344704192787e+00
-8.531935712424887797e+00 8.073289671377088084e+00
-1.063077825929403453e+01 9.020479049709983599e+00
-5.673634542008866077e+00 1.438775498171683598e+00
-4.166625892656403707e+00 -2.618878478916472741e+00
-8.359244808620932332e+00 -6.427720677291729245e+00
-8.264533195391649656e+00 9.102770169189334126e+00
-3.538499145344935481e+00 -5.760401287145471727e+00
3.128024741872207137e+00 -3.788082632421005513e+00
7.339507413294867888e+00 -2.929526167431341754e+00
2.833813237770074434e+00 -6.971227001388414557e+00
1.431201714954707827e+00 -4.994835307920376444e+00
-3.925760251092886399e+00 8.182098249102171650e+00
3.591664127374573745e+00 -1.772343032576981781e+00
-8.384846822829251423e+00 -6.355798600061183024e+00
8.022178221415011024e+00 4.069364880280179619e-01
-1.760660979558410499e-01 -6.789642265560169143e+00
-1.390187664683635083e+00 4.160362974952730220e+00
-4.480526514072828093e+00 -4.829294012298347205e+00
-9.567313703877873721e+00 -7.001937240047990230e+00
-5.146462189304711110e+00 -6.269996489315688315e+00
-8.190759884267803104e-01 -7.879580621436092613e+00
3.886297100649014347e+00 -1.412583424187054293e+00
-8.242423617828215754e+00 1.024658055049862959e+01
-4.367750688208785981e+00 3.208092652030170022e-01
-4.101527101917167961e+00 7.149087715883367444e+00
-1.958066794535364696e-01 -5.753388363811417605e+00
5.091634080408471874e+00 1.039475270485653091e+01
5.990628079644285897e+00 1.053251863390766019e+01
-9.271703278221146149e+00 -5.747448579101470223e+00
-7.159245306851937940e+00 -2.191110610804099856e+00
8.636559627049845034e+00 2.590758440618920133e+00
1.824106742141268667e+00 2.253045537655272490e+00
7.763769270938018607e+00 1.056172337109805248e+01
-9.855618990546874958e-01 -8.380462036170428064e+00
6.049985953835825825e+00 9.877872870432012675e+00
4.599751535430460336e+00 -4.732067359839252640e-01
-1.708909782708349701e+00 -1.357964404416990511e+00
8.536550743765120686e+00 -1.182598368388726229e+00
6.199606150175682728e+00 5.669243729414384703e+00
9.436357795603553811e+00 8.110225134745825404e-01
8.927630291738280377e+00 2.948717126147304413e-03
-1.011301030188256078e+01 -5.883282332301742912e+00
6.546848749511598342e+00 8.978861282940714617e+00
-2.221945981656868518e+00 -7.964637191414965400e+00
1.235209599163532568e+00 3.150337160751278898e+00
-8.388896214045431066e+00 -1.535305575074404238e+00
-3.783568453871254816e-02 4.492826477103089466e+00
7.220615673355608166e+00 -2.529952155525794666e+00
8.765111730224053321e-01 -4.894100711125290104e+00
2.881565511439777350e+00 -5.415230265930380149e+00
-4.114946178716794023e+00 5.679430563135612786e+00
-5.222775012378357395e+00 -7.844695393231135849e-01
-2.775386790271734849e+00 9.518396193730358945e+00
1.403998456610396905e+00 1.619112407540031606e+00
-1.844977178240362115e+00 -8.411753040696211770e+00
1.344454616260182034e+00 -6.488196789421668775e+00
8.874503007740809579e+00 1.170267331740442174e+00
-6.226936038025088216e-02 -1.042268216679922688e+01
5.822647914151071191e+00 7.694514757244292014e+00
-1.187040145248814849e+00 3.418340537546176172e+00
-5.032083234670540861e+00 9.375267050544389136e+00
-5.424813768186214080e-01 1.001129451376002955e+01
-4.693496892572502688e+00 5.755214007618045358e+00
3.428894957599164961e+00 -1.667229465425891455e+00
-7.164241441978772329e+00 -6.319842870151894054e+00
2.538055066358591461e+00 -3.777778758858471253e+00
-7.729805952308028694e+00 -6.277978395778674781e+00
4.939602851388344540e+00 -4.334475454442267006e-01
5.631099054016329042e+00 -2.481913198328077108e+00
4.318422855479191469e+00 1.664867727440591194e+00
-3.335787438373232217e+00 8.896592662460498957e+00
-9.972417351934284468e+00 -8.541984346640115078e+00
-4.303308825895425294e+00 9.702605010344354852e+00
-8.261833570664315118e+00 9.329403744223252914e+00
5.365107471508568260e+00 -4.873562588447828858e+00
6.962452205173175201e-02 -1.044977002464030669e+01
5.631143459498162862e+00 -3.732046211203750019e+00
-8.523644971785870439e+00 -3.086696870481290489e+00
2.593242077357355235e+00 -2.486903715657877267e+00
3.212159031629217676e+00 -8.641944936785103115e-01
1.056344994985355834e+00 -7.721862326904260776e+00
2.822625313830817717e+00 -5.704355560653942447e+00
4.837063686885178626e+00 -3.342867871625255116e+00
2.049755748597364757e+00 2.852789328563245519e-01
-4.099517601198816585e+00 -3.737465714779209414e+00
1.772542205326970155e+00 -4.569628167285577192e+00
-4.753368819249361721e+00 6.471591361653048935e+00
5.721859948039031529e+00 -5.336830116641521071e-01
-3.535594067367467286e+00 7.067465065895256693e+00
4.317624885929685519e+00 -1.827805529274961760e+00
1.064547557999045324e+00 -1.081760861592729306e+01
2.042632521790184175e+00 2.021229797185204013e+00
-6.534542960491609431e-01 -8.534636426475353588e+00
-9.709968733747452063e+00 -6.075643106779601510e+00
3.797966597424851987e+00 -1.979812499883003785e+00
9.499208566985450020e+00 7.238595646730042965e+00
-2.317732960747892257e+00 2.463987339319186454e+00
-3.328078251209404481e+00 6.325390541810993028e+00
-1.184221403714116549e+00 -5.024149337815356553e+00
6.219135135366490985e+00 -6.453830239917483169e+00
-2.082532494981883975e+00 9.731499473078340401e+00
1.901188066206478400e+00 -1.943124843615119168e+00
5.198665534901317997e+00 2.672182432537230756e+00
6.047286509859570280e+00 8.755307437642146695e+00
-6.333706883809668398e+00 1.038529526223918786e+01
3.596715979155322263e+00 -6.875910324918484307e+00
-1.580505593992305613e+00 -6.926318856669094970e+00
-2.444314227571966480e+00 9.178600509897677284e+00
5.642227848842345850e+00 -4.116619226336324822e+00
-3.990765935964205813e+00 7.690356915867393894e+00
6.242127660243318443e-02 2.708260320751620043e+00
6.963615917770935582e+00 7.968284808609550574e+00
-6.638813579283190158e+00 -6.876515735219197012e+00
8.628381902522200164e+00 6.916345330284143778e+00
-7.519108074654063500e+00 -8.463630613312523865e-01
-3.775671351987071045e+00 9.546324146865773130e+00
-7.633046363782660215e+00 -5.841474728869396671e+00
3.701413416474781393e+00 -5.708205542731814575e-01
6.163678249374772378e+00 2.476444462166169647e-01
6.982690180747556319e+00 8.212299047904533467e+00
6.457782148718735904e+00 7.449718621302218402e+00
4.793170884609913251e+00 -4.463164517249475161e+00
2.229973792272167188e+00 -7.120086777829666147e+00
-2.910481049053856850e+00 6.019832863140451629e+00
-4.115717405364857306e+00 4.949136892237438801e+00
1.590056312551171525e+00 -4.960239084744311633e+00
3.164105178901313042e+00 -5.106801064736046669e+00
-5.920581897779941372e+00 8.092440899401944776e+00
-3.278138811921513351e+00 -1.043857986320943532e+01
-2.966863050828867365e+00 -4.882177366455248801e+00
2.358119505407259897e+00 3.517102156330464524e+00
-5.658191526344998223e+00 -1.720082506832725233e+00
-9.986648595866087774e+00 9.073986756106252827e+00
-2.154153089666710041e+00 -5.754361548705400509e+00
4.256764512512624776e+00 -5.815856887031336520e+00
1.914890544860284871e+00 -5.020651204599752226e+00
5.398911600588377491e-01 2.769104538191923925e+00
-1.431365544982733695e+01 -6.797124681497255239e+00
-1.398892291552676248e+00 2.915530490546237363e+00
2.879366239215607859e+00 -2.202701338231132677e+00
-5.584603366423953830e+00 7.526333558907685628e+00
4.927745276976125410e-02 -5.611923232940440265e+00
-1.015542590712654913e+01 -7.156732421829043567e+00
3.187758098512061267e+00 -3.709788055481477720e-01
1.117192577559290134e+00 -7.410212692301761273e+00
-1.225824439449864478e+01 6.711520027856614945e+00
-7.117403100433935315e+00 1.710374477878168875e+00
-2.147592614810432288e+00 -5.821765630114104972e+00
9.133359987485123455e+00 1.488213495447748169e+00
6.728121719189994465e-02 -1.229434944360753867e+01
-2.838031867544133391e+00 -9.571712868596048196e+00
-3.016335402718437031e+00 -2.650659173319675155e+00
-7.733211523416588129e+00 -4.381711287285976475e+00
3.338657261105151264e-01 -7.952717466128427226e+00
-6.465574245334657633e+00 6.505049039187675852e-01
-7.171904231085795445e+00 1.051573411702982064e+01
-6.275862999061056158e+00 3.535040565271641455e+00
1.087839663834770931e+01 6.497982469474838929e-01
-9.561220025735506667e+00 -4.453119431873356682e+00
-9.324213807915757712e-01 -3.455227110382288913e+00
9.583377497496723407e+00 2.981713420945517612e+00
-4.253483920745059876e+00 -5.969647362380939848e-01
7.493072494760867563e+00 5.572338583888987174e-01
2.174613489351032491e+00 -9.099991644276443026e+00
-1.189884610450406655e+01 8.170986689254718272e+00
-1.069123230227299892e+01 7.178683720640048449e+00
1.012993644060225851e+00 2.832871186872425895e+00
6.034888651830684125e+00 6.122669802578388776e-01
4.626823522491751994e+00 -2.399234712491127297e-02
-5.730592667290627773e+00 9.481147872506573648e+00
2.054362594902074068e+00 -1.513049800528625477e+00
-8.181720918226647044e-01 1.024607829389922742e+01
4.726659076512524926e+00 3.957310019846449478e-03
5.165790183991178175e+00 -3.751558272786821746e+00
2.523046722087181948e+00 3.139633331880300915e+00
-1.722762667460771890e+00 1.044057590560200488e+01
1.009510174076506317e+01 6.302795262762240114e+00
-6.542450505735200927e+00 -2.469295028886715038e+00
-4.291561168672410886e+00 7.357867998134097753e+00
-8.053965941850327326e+00 9.223417530010570076e+00
5.118830298048239191e-01 8.356074701196858356e-01
5.033180017301224218e-01 -6.445745731182618954e+00
-1.093688448011466363e+01 -1.096491115987200793e+01
4.397154413630394387e+00 -1.048589592890294409e+00
-6.213947048910355875e+00 9.762466335744090173e+00
2.683011019554553567e+00 1.084075476686668260e+01
-1.113152440057284309e+01 -7.291498768221544857e+00
-5.501811305387017903e+00 1.027918904254199362e+01
5.676453116498471729e+00 -2.839191340385414097e-01
8.952115395085579408e+00 3.047842717993397343e+00
-5.305328998636016813e+00 -4.762798068696544318e-01
-1.184706380504538714e+01 1.095313570684940885e+01
-2.009382052507325600e+00 1.958699462899349264e+00
-9.937286839735280708e+00 -5.567978069284570175e+00
1.671019644614375466e+00 3.654972609190370036e+00
2.814830255629460876e+00 3.164027894773066230e+00
4.120240973419849517e+00 4.295274604181352096e+00
-2.652213526661335585e+00 7.729634340561021055e+00
2.986300945823592734e+00 3.320850611870861613e+00
4.236637421143039539e+00 -3.315811663032637302e+00
7.693654193484290360e+00 1.256922044794152260e+00
-2.331371297083351113e+00 -8.474290780617680596e+00
-7.697560132287968315e+00 -1.036555076889611460e+00
-4.838385364968004865e+00 8.821698164467962400e+00
-1.056542073270933635e+01 9.330543005309779758e+00
8.688035073100312644e+00 9.297572233253974971e+00
-6.844851371739251178e+00 8.672248445280262175e+00
3.520595482340707960e+00 -4.990139213234644266e+00
-7.304736760666134643e+00 1.133766028304917484e+01
-2.117152299791129622e+00 -5.222280014405913384e+00
8.987107372301232910e-01 -6.763435396924873722e+00
-1.536804384281085234e+00 -1.976899823826874680e+00
7.607806416883637013e+00 -1.199934241338493024e+00
-2.958467438314017262e+00 -9.338821154011737846e+00
-2.058321393587255077e+00 -4.586160998396777266e+00
-1.676736752405621367e+00 -7.849526603559032978e+00
-8.932903980296567070e+00 9.422978331723300016e+00
5.982886058387442141e+00 6.774018713440417727e+00
-5.517667089190807062e+00 -1.079684013207415472e+00
-8.470502080084266083e+00 1.055014772747415464e+01
3.048984233674651989e+00 -6.376848497041105013e+00
1.550801861361100098e+00 1.410355851415936002e+00
5.965865213569064629e+00 -1.748290089627936528e+00
2.371335701534504459e+00 3.108024074437637285e+00
-5.572849574560475361e+00 7.110236273388645500e+00
1.313465448670565694e+00 -5.870764236821833570e+00
-5.690279545193412947e-01 3.064913233819935190e+00
-9.536579137328695666e+00 -8.143348981898935079e+00
-3.072012794230207344e+00 9.193193175974869291e+00
-8.077568957816662731e+00 1.051531433777502800e+00
-1.239772867853439209e-02 -4.345920911781109730e+00
2.062459620578691144e+00 -5.888954558553206375e+00
-2.589266749305807469e-01 -5.014940634210494075e+00
-6.961604436650592476e+00 7.341607417363965382e+00
-5.696374874084535911e+00 9.385071182291291336e+00
1.851060242079954232e+00 -9.294601054276384389e+00
-7.295120181277501281e-01 -4.744241128951412811e+00
-7.071951454663857328e-01 -9.039117882567433426e+00
-2.972127548721885115e-01 4.144068802015981490e+00
-8.464578608201692944e+00 -8.091841392620997553e+00
1.484612709824955967e+00 3.242718591829958807e+00
5.580842996877086293e+00 8.830296237014911398e+00
-6.979340449727043705e+00 2.708046219459794290e-01
5.347570652957358561e+00 -1.568921473996184757e+00
-4.460350549189104896e-01 2.705475675407328584e+00
2.952348513734246005e+00 -5.066983323737734857e+00
3.427403598940518936e+00 1.016971337516592477e+01
6.543361662025671599e+00 7.954992303196119607e+00
-2.115664121957452348e-01 -3.244300048612315024e+00
-3.501740115075351767e+00 5.245726241959358660e+00
-7.908346964890833775e+00 -1.582269196613743434e+00
-5.836856670670760749e+00 3.259947187899430610e+00
-2.394344175505259020e+00 7.179655631512248171e+00
-8.239891990258785270e+00 1.133863598217118529e+01
8.858229149123097557e+00 2.995541474539957782e+00
-7.430546273555059145e+00 -4.163026869002210972e+00
-1.919984474602217661e+00 -9.636507118685759821e+00
1.959316370367373050e+00 3.198686156333095720e+00
-4.067153196610442389e-01 1.021136780050485449e+01
4.884277215749043499e+00 5.971323742014195801e+00
1.035945857933877789e+01 3.562906184251399822e-01
-1.934098416028190881e+00 -2.900786263781103269e+00
5.101297388854492354e+00 -3.326799630991019274e+00
-4.870016381848790488e+00 -5.625890054405414453e+00
-5.813490003250464611e+00 -5.544668832559312754e+00
4.006295212826298524e+00 -7.324548636127767853e-01
9.924639935937522139e+00 8.089730388194068311e+00
-1.002895971667243202e+01 -2.724621743091126369e+00
4.665101409404108779e+00 -4.098270554659189102e+00
5.999474897750829427e+00 -3.485858413365612307e+00
-2.225321218937208911e+00 -4.339968071779252590e+00
3.002707176673241385e+00 -6.083871134437462302e+00
-5.112838335792779798e-01 9.458060687362753072e+00
3.308976391107234072e+00 -3.672909088932662769e+00
6.029766034241347050e+00 -2.831726784308575162e+00
7.357702029808218747e+00 -5.757365828641736183e-01
4.313471118555479045e+00 5.254168834835648560e-02
4.347785152153985422e+00 -1.149289735532441403e+00
-1.614125230616735074e+00 7.146030059872364504e+00
-3.523188519578392963e+00 -9.280939453665344452e-01
-7.521756862602348548e+00 -5.889702635258478480e+00
1.659330413166112628e+00 -1.120254084247631621e+00
2.143512461175098416e+00 3.778019566772267801e+00
2.395575792751873045e+00 2.957379766148449995e+00
-8.728859796848404073e+00 1.050609518597928727e+01
-5.443733615285974103e+00 4.575787415207271280e+00
-9.822049525648596457e+00 -4.804237392546374608e+00
-8.288820743572419047e+00 8.283092295260631843e+00
-3.098338087296029109e+00 -1.160657374175818468e+01
-3.472878471586218652e+00 -2.222029840695121550e+00
-3.761640994801982885e+00 -1.574930771193807200e+00
8.958219408440015741e+00 7.257074228877925748e+00
-8.018304567384639370e+00 9.009072564097994729e+00
-8.135330028602254515e+00 8.554643147351374211e+00
9.506105237679931541e-01 -8.105722781405745536e+00
-4.913500161987270687e+00 -2.561018212730615584e+00
7.539374853649125185e+00 8.186113393694016693e+00
1.035695987561799036e+00 1.736452542576483626e+00
-2.222308041653225263e+00 -1.030710082995249444e+01
-1.000556134937301778e+01 -3.983120239182146527e+00
-2.016444667576097860e+00 7.594561487834143421e+00
-3.018716311220106530e-01 -9.077019386859378258e+00
3.943301873413833203e+00 -7.525202835367761800e+00
-4.187277107686437461e+00 -2.546057294623674583e+00
-1.535721745007232464e-01 -6.126920000229286067e+00
4.591427945317259507e+00 2.058030249781149124e+00
-1.095496592028278648e+01 -7.014709698454727693e+00
-3.937413489643874609e+00 -3.327890215689262021e-01
-1.331159231870880255e+01 -5.917312197233902005e+00
-2.301779498160746673e+00 6.150770097617374255e+00
9.594553733607979140e+00 1.126157610144022936e+00
3.684616952811041735e+00 -3.767591581918461330e-01
9.061286301025699430e+00 8.353432030997334223e+00
6.762527329809640442e+00 -3.787821100677230213e+00
1.554247417804435649e+00 -9.634141302504582782e+00
2.572680800314310012e+00 -5.166454949683264353e+00
-1.075449943424580823e+01 7.328595662612912065e+00
2.869147954779604159e+00 -7.065954920032986308e+00
-1.134000643994081337e+01 -8.598104365363276713e+00
-5.723758826006779543e+00 8.371530211561394097e+00
-8.310608559511191373e+00 -2.096587288088040957e-01
-3.637985590788825441e+00 -2.291047533659033686e+00
-3.673515084328482505e+00 9.210324215184229502e+00
-1.348057931161751766e+00 -1.015147237991685891e+01
-7.250768184680575601e+00 -3.715859788084967086e+00
-3.193237211814841991e+00 -2.544505979375720095e+00
6.532317302362562472e+00 9.689165758698504050e+00
9.543921940030674733e+00 5.461197397524495400e+00
6.859255497621715492e+00 -1.914244903615371474e+00
3.484325759212545393e+00 -4.160605377268351113e+00
-1.237890159106208809e+00 -1.123546557133477819e+01
-3.130200831895318281e+00 -2.482744648386224551e+00
-5.470911976552942591e+00 9.896083147332614516e+00
2.487192582997901358e+00 -6.035092676633775355e+00
-6.299046625941289612e+00 -1.561284730820163391e+00
5.226463234534689306e+00 1.052623240223771361e+01
-7.322206447458108336e-01 1.741654647379226262e+00
4.435443108387481459e+00 -9.110741527424995212e+00
5.211293070356085799e+00 9.839425031910428388e+00
-8.328218201748990523e+00 -5.314951849293985120e+00
3.939663550462614516e+00 -4.069711685134719481e+00
-1.085072380919535284e+01 -3.587108344440609109e+00
6.118839661422246223e+00 -1.662513195100424834e+00
-5.612702490774501562e+00 7.269559015726757778e+00
-3.895283535187614277e+00 8.154845905051155697e-02
-2.848688693545653017e+00 8.305578258985544693e+00
-3.234163673295895158e+00 5.756583693643138488e+00
-2.550350947341267549e+00 -5.364425405267336799e+00
-3.695821552693419054e+00 5.341773977400531059e+00
-1.996747028174514105e+00 -6.979330651275850173e+00
7.728950344805766370e+00 -5.394793967329324369e-01
1.112318310719673775e+01 8.381736792702950689e-01
1.457368552626672198e+00 -4.267532544644760506e+00
4.219918937027103745e+00 9.542919587108750434e+00
6.411453722377003395e+00 -2.526850934811868399e+00
-8.830027878065169755e-01 8.902140716811331345e+00
7.821193767376561468e+00 8.646013704549993406e+00
-6.524514849834812225e+00 8.942431245018154229e+00
1.551227901737649129e+00 4.577944312910669389e+00
-4.127179463337006915e+00 9.867685988326204694e+00
5.883727258969472018e+00 8.042632065476656322e+00
-2.704949395354613095e+00 -8.732917875271029473e+00
-7.423195637254219825e+00 8.058396324797159949e+00
7.119875343759904496e+00 -6.010750534407094392e-02
1.197362429236467296e+00 -6.118257586940852200e+00
-8.768163796648122954e+00 -6.913840856574879901e+00
9.476614397545471746e+00 1.696300054131400170e+00
9.863133199489064751e+00 -2.021392004698978617e-01
-7.389655690531894194e+00 6.756968808901516077e+00
7.665767335215752709e+00 -5.241563472429918491e+00
-9.367094987684408736e+00 9.240870502623710792e+00
2.127794435236461723e+00 -6.554005962215108561e+00
3.853093939412215452e+00 1.152752676400760201e+01
-3.666059046271135102e+00 -1.117362761953108041e+01
1.865565159032835485e+00 -8.486738155362239411e+00
-7.915580365984394184e+00 -4.360395210007628641e+00
-9.337388305369962893e+00 6.585785804615384542e+00
-1.697891949805928169e+00 7.482650969722510759e+00
-4.873189007290536168e+00 -2.592526049350589723e+00
5.735033779216193395e+00 -2.795917642956906590e+00
-8.885300380416614630e+00 -3.785630636885146227e+00
8.413533346115682932e+00 2.414566784650504339e+00
3.617053082073420356e+00 -3.809976949434838556e+00
2.788662479069911715e+00 -1.530289451541156698e+00
3.227426290090870786e+00 -1.405801527957871500e+00
4.661243003878023927e+00 -2.400217257182480246e+00
5.425332329274515253e+00 5.520112640650598479e-01
-8.947860501997137561e+00 -3.149785043149895714e+00
5.295405656454503784e+00 -2.117323670517868628e+00
4.242346745787399342e+00 -2.966154468641494901e+00
6.755933359591263176e+00 7.023373263947727985e+00
3.636644697536103088e+00 3.037508895747108362e+00
3.395540911932131589e+00 1.455962328700287411e+00
3.197011004354151531e+00 -4.951183838453990127e+00
-3.777037458523464508e+00 8.249042495327413960e+00
7.840831275720058002e+00 6.436795707298365699e+00
-1.328603841771834215e+00 -7.808161359808635460e+00
-1.112384380043616616e+01 7.550927538861920141e+00
7.170928858422906060e+00 6.186679964632772588e+00
-9.584558736904716270e+00 -9.448878009043191639e+00
3.319282330533575909e+00 -4.684130308236952089e+00
-7.445136106620030780e+00 1.009039575328956495e+01
-3.625316084305238551e+00 -3.233250306489669601e+00
-9.404563605097711942e+00 -5.637731861094454011e+00
-6.720977463345484182e+00 7.397520902700205347e+00
4.271046021056994491e+00 -3.827356379546050569e+00
-5.838529002720758143e+00 1.031594338005318967e+01
-3.517306681832605086e+00 -3.322019436634340295e-01
1.091714007852823354e+00 -6.571137667691013817e+00
2.622997247719599301e+00 8.749849701215750564e-01
7.690294978033437090e+00 6.021797442280154566e-01
-2.612829813188532135e+00 -1.102118263151185396e+01
-3.089100906548603920e+00 -6.463771710588186448e-01
5.191686603369584319e+00 -9.591807710981321566e-01
1.145246951087952425e+01 -5.610569763772779162e-01
-6.347042705528549433e+00 -4.214985994590718654e+00
-7.087745106479864887e+00 4.894683971088127805e+00
5.092412451936412232e+00 9.126213660709092679e+00
-3.070397542002249569e+00 -2.895939984631743513e+00
-1.103797133661036867e+01 7.876217023074774559e+00
1.176342798460762840e+00 -8.985978072308057563e+00
2.450363611758772819e+00 3.126211732684640587e+00
-8.708614954996896529e+00 9.091696579718355764e+00
6.662152637976297420e+00 6.904896753766486484e+00
7.480853654372891626e+00 1.089413828873307732e+00
2.855689774657167224e+00 2.394401897805840562e+00
-8.500793962699779716e-01 9.539357418267560007e+00
7.063459261341041184e+00 -2.181778307854442822e+00
6.740807352522453222e+00 1.057165996435554334e+01
3.806206280185800761e+00 -2.898351139978482038e+00
-7.063259838674799340e+00 -2.709740270704089404e+00
3.943941357764029654e+00 -2.830913098236456094e+00
2.913765394390999131e+00 -1.295393367005455598e+00
-2.781741683841412183e+00 5.088224554456098225e+00
5.369828694183336637e+00 6.934349498207255991e+00
-5.553357623328392556e+00 7.966060996257693816e+00
-6.804688872467591132e+00 -3.295779877502784672e+00
7.250070926512700353e+00 8.748045225169768457e+00
8.924121009149194705e+00 9.785564651542246750e+00
-7.496707989076742074e+00 1.109611565754155471e+01
-2.150079226055090054e+00 5.530278380579510156e+00
-1.025234623185011529e+01 -7.997948308169363862e+00
5.259389425557113640e+00 8.575800341782928271e+00
-1.030872066626798977e+00 -7.459260406736810012e+00
6.861180824139298196e+00 9.097152073671777472e+00
-1.273364019697619476e+00 -2.809907287335490000e+00
7.985978233022937189e+00 -2.591210320151926538e-01
-2.246791156741215101e+00 9.519200141485844924e+00
-1.156374696652126843e+01 8.411829957757303688e+00
-1.528998404156878710e+00 -4.733615708256754040e+00
-9.036676498275024727e+00 6.923246257268208304e+00
-8.573717643178461856e+00 7.927124481535253508e+00
-1.794021551839965756e-01 2.923274148000324590e+00
-4.695526915767747056e+00 6.316843818309085812e+00
-8.497676576779026547e+00 -6.593620822984545882e+00
-2.619736297247565293e+00 5.646829807057684114e+00
-1.762163604821430862e+00 8.206963976660087923e+00
-5.734838327296044369e+00 9.742783793397904901e+00
-8.210413120383131869e+00 -4.703690728317076797e+00
-2.325532739130216076e-01 -1.053926616676887384e+01
3.254750761618298682e+00 1.420355182701402930e+00
4.863745927365529909e+00 -2.595146819303432828e+00
-2.402991190908637442e+00 -9.485019597083256926e+00
-9.145502408922528303e+00 6.750077964332099612e+00
-9.876886158717914199e+00 7.363002152904628339e+00
-1.017571439129021549e+01 8.610354906263630426e+00
-1.538879622024566407e+00 3.110720475074745917e+00
-2.756493400991214759e+00 4.566458077863313036e+00
6.742807514941666192e+00 8.400213654103334093e+00
-7.506250814727678744e+00 8.917155395689890796e+00
-6.632010826738492071e+00 -3.352964129663291715e+00
5.722315054261925660e+00 8.171045036146120211e+00
-7.972311768936053866e+00 -5.637226617857490574e+00
4.450840135377958084e+00 -2.198336780475022678e+00
4.628256522752694835e+00 -5.265072935670476184e+00
1.725412683333184649e+00 -5.662984948111839500e+00
-3.802297867514672358e+00 -3.044481032547670107e-01
3.481046028937686998e+00 -6.523482997230733105e+00
-2.987651863967148547e+00 8.825028182035788760e+00
-8.322050273162744816e+00 8.152823451110245756e+00
6.400285207297660151e+00 -6.965184711936678319e-02
-1.196227420011720355e+01 9.088866688901871882e+00
-7.809280639324621021e+00 -2.088929818148682838e+00
5.059250997726984167e+00 1.156816173811715487e+01
-2.551157490879604417e+00 8.173767019045408588e+00
4.031993205253107782e+00 -7.037716942642628482e+00
9.327840519289656296e-01 4.527599760172831722e+00
-7.757743388746041191e+00 -1.485372285558345107e-01
-6.634901462855248511e+00 -1.385448442141237635e+00
5.168995423879074735e+00 2.197819882508922795e+00
6.678793975773590352e-01 4.390649279582896192e+00
2.737950323208780734e+00 -4.806617278075902000e-01
5.244483430250543421e+00 9.390862850142992713e+00
-1.543289099987538382e+00 8.492233875496644657e+00
7.845851032036609274e-01 -5.003735743637993671e+00
-2.857076678603129860e+00 -2.565827322350278550e+00
-8.646026533015737314e+00 7.469186319158918508e+00
7.920719297812164328e+00 -2.910038899009296909e+00
4.484882741309346166e+00 -3.599686269703017416e+00
3.623484492831011483e+00 -6.742511251966176289e+00
3.050435554156754936e+00 -7.375315514192518407e+00
5.869193540417958488e-01 -1.022270130326393733e+01
-6.693796021145001163e+00 8.937372099215226129e+00
4.917553500513157871e+00 -5.374318502985809154e+00
-1.081917650289766364e+01 -7.977606857071338986e+00
-7.920823817945085388e+00 8.749796518435163151e+00
-6.228130893447536565e+00 -5.883640947360653239e-01
-2.934591124813856755e-01 -3.542596477898372065e+00
-2.263335487132088542e+00 -1.827369797434875487e+00
-7.359516621725784802e+00 7.599372375896713550e+00
-9.073115612984514300e+00 -8.190328768880640098e+00
-8.739989122884704642e+00 -4.479142446773806796e+00
3.167776466644681932e+00 -6.727609758247448113e+00
9.533742110747173371e+00 1.660175447342926658e+00
5.226980461130365185e+00 3.908010427198916226e+00
-5.902712564499768888e+00 -1.268833875378831300e+00
2.196872953473290035e+00 -2.755979468997834747e+00
-1.120409895952895862e+00 -8.936623612471956690e+00
4.968895353481098454e+00 -5.377559677132873084e+00
5.317034669463037488e+00 -4.588911871124961905e+00
-6.461115706704372741e+00 1.208807034503376787e+00
4.356646242261953184e+00 -2.552899059411714688e+00
-9.598894472343861395e+00 7.201470727045966136e+00
1.335131863862264012e+00 -3.081412349541313489e+00
9.297113214952787530e+00 1.531757763290926277e-01
3.183557330873946434e+00 8.670209773517636442e-01
5.365537520978527652e+00 7.813533228897512117e+00
9.275084003668281341e+00 3.036874283393069085e+00
4.295189838348688838e+00 -2.209311415439896731e+00
-4.573330911455908421e+00 5.267538619215784479e+00
6.491355101135990679e+00 7.190147426481487081e+00
1.047128259174941256e+01 1.241189529737396713e+00
8.160928906763576407e+00 1.425411844678586615e+00
6.013881306507022018e+00 1.575612348990254041e+00
4.350133261419871999e+00 -1.475171794626255695e+00
1.413687055023979289e+00 4.747616316701556372e+00
7.290618819212362212e+00 6.914537061115825445e+00
3.106223355620969073e+00 -4.107528733229825590e+00
3.507506604883207313e+00 -1.938386242853495034e+00
-9.102862339504422806e+00 -5.197284423573415246e+00
-7.624676123820343321e+00 1.019945205456128257e+01
2.100621102194850653e+00 4.838419270175893239e+00
2.394886197649318760e+00 -9.103358543504720402e+00
3.108448394385502134e+00 -2.852084994547146035e+00
-7.422321027598335341e-01 4.684973946912380782e+00
-2.101476673337022483e+00 8.026428690415198020e+00
-2.777093872082503800e+00 -2.590101401845317675e+00
-5.618612388032065752e+00 -3.325293367240029774e+00
-1.006580231855861918e+01 -6.604787208798283515e+00
5.742314529137744650e+00 9.634762445146202836e+00
3.694501636697503866e+00 1.804528376592105632e+00
5.072374346022980873e+00 -2.304974637976112017e+00
3.861149030850622221e+00 3.828589387359759399e+00
-2.537711127027277414e+00 6.191571057253550059e+00
3.177395846318255668e+00 -5.902916469309719361e+00
-8.103572597927762189e+00 -2.535425043421078328e+00
-2.816287917784146000e+00 -5.351423528579209332e+00
-1.392745141861454705e+00 1.053029885845764468e+01
-2.665352711616121972e+00 8.231015601246941316e+00
9.327277505591831108e-01 6.022468870532991403e+00
3.631871530223829581e+00 -3.817460917654099450e+00
-9.651573253410955289e+00 -2.497662030671206956e+00
2.443084721644073642e+00 -8.345549020775100857e+00
