-1.241001008725976851e+00 -4.111812649304193101e+00
-9.689834800057969488e+00 -9.649191213427908309e+00
3.896089483726137281e+00 9.363114647826803250e+00
1.116586944903181777e+00 -4.758035518419612586e+00
2.086896757136370351e+00 -1.280119712269899068e+00
8.538602232848149232e-01 3.263209144345968316e+00
3.847871113726539782e+00 -2.706097339600922247e+00
9.818332420881846545e+00 1.138906549269397495e+00
7.138591558664341363e+00 -3.391074612562237522e+00
3.563657764933260808e+00 -3.607008887488865501e+00
2.020899092505546335e+00 -5.116351288359797245e+00
-1.991825550867230676e+00 4.307052531778220228e+00
-4.681994573276481830e+00 3.362871804916849783e+00
1.505234973421199829e+00 -6.907548796302925176e+00
2.307477128177275461e+00 1.704845156304794607e+00
3.377017411579318118e+00 -1.673696773989107767e+00
-9.082270722475493940e+00 -4.682516305338666029e+00
8.741601423330131126e+00 7.334768721409290926e+00
6.462831319887175852e+00 -1.818168374536899723e+00
3.894977451800943680e+00 -9.223406655911292162e+00
1.638460862151586594e+00 2.876591173341743524e+00
1.177109521348655319e+00 1.494858464786078533e+00
3.265067293565421469e+00 -5.988922473290986481e+00
-3.977163246137175978e+00 -2.005293307300478389e+00
2.451919352040158095e+00 1.030678070067676977e+00
4.979630004315822589e+00 -4.755122849240928318e+00
-2.609909984042713571e+00 -2.908531824471757066e+00
4.100212263712882610e+00 -5.810148818471013499e+00
-5.300087474872677618e+00 -1.532123917486081011e+00
-5.543546155277155663e+00 7.429982578000867477e+00
5.385307077398389097e+00 -7.824770065605073377e-01
-3.157882637054076014e+00 7.298233957770830393e+00
7.601805667769904851e+00 -2.119646183694907648e+00
-1.633082146076505037e+00 9.218842247803367584e+00
-6.753760328194904350e-01 1.192498560726503509e+00
-2.437712110860278614e+00 -2.707953106057895187e+00
5.166365206317326653e+00 -2.735489981022360961e-01
-4.956747358325468866e+00 4.323897462741719266e-01
-7.949819903071198013e-03 -2.877201255433573746e+00
2.316493811254613178e+00 -6.288729123478332461e+00
7.742487923985228448e-01 -7.237279683946974629e+00
-2.281812191406172197e+00 9.025214010882542937e+00
-7.562550059784643786e+00 -4.211683491382151701e+00
4.218495732233296991e+00 -1.988679130583453247e+00
-6.419153625283542386e-01 -3.322725556452934992e+00
-8.248192779792850260e+00 -4.986045690932225050e+00
5.335716972919100520e+00 -2.475247052182473873e+00
-1.970292058001540392e+00 4.851670660384607814e+00
-9.746479038464796185e-02 4.442649106456302732e+00
-8.949185434706962150e-01 -3.983670367438997495e+00
4.095870613812264693e+00 -8.574541469737686938e+00
1.078558642992942573e+00 -9.524296754258335440e+00
5.272870103210355985e+00 8.531988998556251147e+00
7.409547954133808290e+00 -2.537279549158716563e+00
-5.612777902572849698e+00 -3.350109431761232770e+00
-9.984439471851864312e+00 9.084037768282829717e+00
3.310728383749176107e+00 1.482720473775938963e+00
-6.445927653291896320e+00 -2.224294343435192722e+00
2.979602706521372824e+00 -5.520072845976541132e+00
1.057839082058722369e+01 8.729839491046885724e-01
7.174390767342278430e+00 -3.344844489233107065e+00
3.522881496410965596e+00 1.352662542909803367e+00
-5.937351904288814097e+00 -7.428739266078931980e-02
-4.376418130343753710e+00 6.073956789725206917e+00
-6.279362153875037045e+00 7.924732037176664079e+00
9.629992706145882764e+00 8.297005144057337134e+00
-1.034973653146273875e+00 2.024808122996120563e+00
-3.396266050625649235e+00 7.676444262475795810e+00
-9.525454511430521132e-01 -2.255677063219610368e+00
3.380963090909786750e+00 -3.292613127601045075e+00
-9.090725253197623701e+00 -7.011372850075831664e+00
2.120403880668906282e+00 -5.974605214373569062e+00
5.185620374631257690e+00 7.021914067718231678e+00
-1.078544807244929160e+01 5.965331538251605892e+00
6.446976126430986831e+00 7.569729068390901539e+00
-2.466736326024647319e+00 4.422468686851980024e+00
6.395965019734422441e+00 9.466906468539756148e+00
7.291917262065797267e+00 7.679251408704421245e+00
-1.559100442121586383e+00 -9.539016601417376506e+00
-6.698244930480124815e+00 -2.141382552559638608e+00
5.203959988475554965e+00 -2.807123014030167507e+00
-8.890645129191835139e+00 8.965959453898383558e+00
7.492058425750702355e+00 5.919768631976320972e-01
-1.007323642949121412e-01 2.672797876086746349e+00
-5.368423053895365449e+00 -1.722971947821386740e+00
-8.781210666803078269e+00 -3.576737165849787292e+00
-6.375138611576617542e+00 2.413846585550152302e-01
3.882056172011227879e+00 -2.505015073426180017e-01
-2.271830821195573336e+00 -5.422780797876434633e+00
-5.456679517473808971e+00 9.334632485075169406e-01
1.930595295174533987e+00 1.275492900681812092e+00
-1.281838713051068002e+00 -1.092936125917008638e+01
4.849047997922663278e+00 -5.977379143609232059e+00
-1.072076364305856622e+01 -7.286580941500968578e+00
2.043664824099014954e+00 -7.184797008661881534e+00
-6.725600254422670510e+00 8.658475717706787478e+00
-1.014575534866201778e+01 8.220100784844449393e+00
7.211790995821419692e+00 9.433523116474839654e+00
-7.492479564223997635e+00 7.012063210285514714e+00
-4.877549593884840107e+00 5.699657453886180392e+00
4.344779023149050623e+00 -8.151683689843365332e-01
-2.487999181864074316e+00 -2.541198021978186450e+00
2.028916695065425824e+00 -6.487481196558274377e+00
-7.579001683142946533e+00 -7.988817015367044583e-01
-8.188586590476976568e+00 7.428561025117615735e+00
7.678538384141294415e+00 7.108479731008758407e+00
1.116038906943524145e+00 3.412647568869188408e+00
-6.621840550506848722e+00 8.593753175203667993e+00
4.099454134552451556e+00 9.811899692309690835e+00
3.718128041106083082e+00 -3.763947303346048212e+00
1.868289834233251678e+00 9.863396692326043436e+00
7.490619454110629682e+00 9.318403496302599009e+00
-1.478265268391949050e+00 -3.254879277586321340e+00
6.454125757105245498e+00 9.195137010443795944e+00
1.600687866641077761e+00 -3.821239435974143284e+00
6.380415516417647481e+00 -3.052041119203734443e-01
1.713159986355625275e+00 -5.604160182182841510e+00
-1.053156621823301187e+01 4.518022710034111711e+00
-1.143906121229010697e+00 -9.825713484187318159e+00
-5.188843571608816596e-01 -5.733149027262034458e+00
3.665788196788998921e+00 -7.162067070136864722e+00
-1.859926299497068225e+00 8.259194249540325217e+00
3.780382096795180225e+00 8.005398836901994386e+00
-4.606750096650104709e+00 3.796537448475953980e-01
-9.880404285025127242e-01 -4.915034501348277018e+00
8.194358511108086773e+00 7.727716946303379686e+00
-5.728481131697712669e+00 8.348513007639150274e+00
3.132369621127100157e+00 -2.324667934277781622e+00
6.204393822689658222e+00 -1.992882089880704255e+00
-8.091297389081347768e-04 9.574196067410833955e-01
2.039489828486432454e+00 -6.068029725806038943e-01
-9.448354861122677306e+00 -4.777223661996131021e+00
3.302754772617578549e+00 -3.605202624408116563e+00
-4.464199955705624667e+00 5.514497560393444076e+00
7.871755900080399826e+00 1.010907761573194286e+01
-1.168821511646653910e+01 9.369318057705099179e+00
-7.795164372908272910e+00 6.801320257881702247e+00
4.901201072854401986e+00 -1.237492164544554019e+00
1.077874446263086483e+00 -8.391548309395812311e+00
-6.126618097994936285e+00 8.203499488862917133e+00
8.305088096420309540e+00 -1.092332684066089854e+00
9.497707963533395414e+00 2.552703309757272443e+00
-1.119691095164052896e+01 -5.634207856646218815e+00
7.158903216006562431e+00 4.054942937356608823e+00
2.366707234560421202e+00 1.013302822898021205e+01
-1.415053162280547783e+00 8.358953681613277453e+00
-1.563002481772363117e+00 -1.301777015805448912e+00
5.335439584741856756e+00 -1.372435965632967658e+00
-2.141847287061835914e+00 9.415215985427503043e+00
6.223830093398598606e+00 -4.690819270939257990e+00
4.221852723190022694e-02 -9.490214179141633011e+00
7.185632647887416624e+00 7.523093113927781239e+00
-2.453087358469189461e+00 -6.585719322244163010e+00
-3.779914425722281202e+00 -4.088089186176797618e+00
-7.762746361641531756e+00 9.393943956203250067e+00
-1.627583500804996142e+00 -8.338584100426040813e-01
4.757797313387714944e+00 -1.355100449229722726e+00
9.169061138797163224e+00 7.012381333161352703e-01
2.446097943519361273e+00 9.468595021724711458e+00
2.693144069793421025e+00 -7.055484835867325444e+00
-9.332990000267932018e+00 8.992861249994639650e+00
2.955039515283749196e+00 -7.803263559753045087e+00
-1.632346038616671935e+00 -7.541173768493012908e+00
4.874531853233860623e+00 -2.620250297588486710e-01
5.182132441595367567e+00 -4.138603670806975998e+00
6.640032630355934273e+00 -3.490561412571131950e+00
2.430493191181600565e+00 2.457017726117365797e+00
-1.031199348542023486e+01 7.326129683561507733e+00
-1.434562584079793313e+00 3.060700685905887397e+00
-3.124895301389630564e+00 5.475367313254479562e+00
7.433876735201107699e+00 -1.893623280518117902e+00
-9.557811221746364438e+00 -8.066359992167955184e+00
1.840988864134565972e+00 -3.616764290341976107e+00
-9.942290162895210059e+00 6.191597736362742133e+00
-1.093963556968391693e+01 8.659255298453320648e+00
4.159037308526596810e+00 1.005047843891191128e+01
1.772363438197219310e+00 -8.707931845064166509e+00
-8.719810818374885031e+00 6.961773526950761237e+00
-8.054403692088593303e+00 -1.169523772926564620e+00
2.257353345181327131e-01 7.371001263180492202e-01
7.336518025517847263e+00 6.204687092814740623e+00
-1.013789426145871886e+01 -6.813509096983494828e+00
3.804803539315546601e-01 -4.352309575025723909e+00
-2.655510051220294709e+00 -3.184177339758385905e+00
7.147621278971612035e+00 -2.524977236323683094e+00
1.591487285499770143e+00 -5.623302372158431872e+00
6.501658196572893011e+00 7.447241473243421339e+00
-3.852861745122793669e-01 3.141349181358314091e+00
-1.754946383156124723e+00 -5.549659645826990229e+00
6.691080326833509062e+00 8.578083998465217519e+00
-3.946201593086317239e+00 -9.982550019596684976e+00
-7.731063431641471695e+00 4.605618635229196123e-01
4.763768740452571038e+00 -5.284296077300122185e+00
-5.769132455701022621e+00 -1.757374891776226411e+00
-6.822468312855487937e+00 8.021651203742408143e+00
4.326782064399901984e+00 3.377100945115630637e+00
-4.125844420449997330e+00 -3.404017673576630099e+00
-5.071046288028212778e+00 6.414443689655421110e+00
-8.151791405983395578e+00 -6.289087266673095700e-01
5.009262265612843379e+00 -5.187611234866223775e+00
-5.066326407289222011e+00 -8.677022420652988899e-01
-3.275669326633899203e+00 -1.084711148199033737e+01
8.305182263766472062e+00 2.806924136599260766e+00
3.241806012023837447e+00 -6.058163321019131686e+00
-2.379266597021512553e+00 8.501828732190723770e+00
3.611470709500957277e+00 3.258983661719117020e+00
4.569056235798647059e+00 -4.723954121988078292e+00
4.232384252765029053e+00 1.159203228644115846e+01
3.127226049651175899e+00 -5.525097336681557003e+00
-2.431926815685863108e+00 7.366518096451092568e+00
-2.974658303864294862e+00 4.675129380964706982e+00
2.061249721059357221e-01 3.297774803217356610e+00
7.032168348357057397e+00 6.990352324429304431e+00
8.314416728009387469e+00 7.523970086911298871e+00
6.219739752707479141e+00 -1.230278649359982435e+00
1.618316871417625480e+00 2.980749793471360931e+00
8.715191526853480752e+00 1.099340626822971423e+01
4.058799651229509031e+00 -1.772971243737023084e+00
7.052688709224892882e+00 7.245725280395456380e+00
-6.740545080366719510e+00 8.856113920311813104e+00
1.153199641239901041e+00 2.193941000127849428e+00
1.614045251956407245e+00 -7.218325835946519220e+00
-2.714744240729418667e+00 -7.926788700398089915e+00
2.247788063087918786e+00 7.237207764298256407e+00
7.237890296864655681e+00 -1.586500482650159860e+00
6.932506611359649185e+00 7.823230027834868316e+00
7.925155169533846689e+00 4.397466481513812031e-01
6.060168528277786848e+00 8.689936788855312955e+00
-3.671424679564070370e-01 -3.504525374844154939e+00
-6.754035438201017705e+00 9.895709503319821465e+00
5.255423868965809930e+00 -2.220272580908376092e+00
5.564562475240984796e+00 1.007701503191295345e+01
-5.289693911131040593e+00 -2.295479610002192139e+00
9.210289864407718241e+00 3.480457909937685557e+00
1.204094942675494107e+00 -3.107564849231201354e+00
-1.921926085927379013e+00 6.703966140271774954e+00
-1.070774581760941757e+00 -1.076418683603771953e+01
1.776549309219953576e+00 -8.996045931718491317e+00
-9.166303670167279538e-01 -3.327778683878010124e+00
4.665015169870550871e+00 -1.077443570060586886e+00
-1.933273395946984774e+00 8.387756595099947532e+00
-8.052522656464472517e-01 -3.420551531005456170e+00
-5.727818612995670300e+00 5.973732562262759949e+00
-9.059899127352323944e+00 -4.627427469121909720e-01
-2.993515781058199821e+00 -3.446752469353551174e+00
4.722919310817132121e+00 -7.052392918761892560e+00
-9.698483529953696447e-01 9.821171322947169102e+00
-1.926456261377090140e+00 8.780621278463710766e+00
5.825210318422734623e+00 -3.618630788211319782e+00
4.894875792174792295e+00 7.300714630616597312e+00
6.670979611466102632e+00 1.091259574554365308e+01
-1.760979714080750380e+00 7.975571303627961406e+00
9.277082540022885127e+00 3.096355125277528764e+00
-6.022446235950192239e+00 1.447122698802739471e+00
-6.392760131556706860e+00 9.520624161109177308e+00
2.380448915156656575e-01 1.551536393733610852e+00
-6.751556129448190724e+00 -6.597392044920497023e-01
7.042469232320255124e+00 -3.105316671028793607e+00
9.222097751344579208e+00 2.224491974519225757e+00
-4.617020332914422376e+00 8.362779998139206583e+00
-7.719695199130514496e+00 -6.154980795794511295e-01
-7.689099489329006332e+00 -4.489161410617382941e+00
8.441975126188770773e+00 1.503571966323868692e+00
1.303523145109336090e+00 -8.425520631639848546e+00
-8.212621655396489473e+00 -4.904230743715949359e+00
5.540545640224260993e+00 -2.127348237115191498e+00
8.273174469412015952e+00 9.360462699841955114e+00
-1.164605596986756808e+01 9.040207284263862775e+00
2.382487940254589986e+00 2.136344393984901835e+00
-2.096846974782520245e+00 -2.139319516812020261e+00
-5.895780007378588650e+00 1.777192654749605305e-01
-5.037517791026744796e+00 1.182677441608737823e+01
-4.230181198770710971e+00 5.223468852575643417e+00
2.159213867445821222e+00 8.816444933596280009e+00
4.265758046827552441e+00 8.705128102763850961e+00
2.611493593506224009e+00 -2.376260302197594321e+00
4.018039206249700790e+00 -4.206786916165675905e+00
6.684929492581264121e-01 -4.215496304837087926e+00
-9.001099484852289834e+00 -6.141918768436159581e+00
-2.566948726366423905e+00 1.021992195441190354e+01
-2.477764732757509414e+00 -3.035714391809928969e+00
8.115492621991734268e+00 2.187490984081372325e+00
-3.464950813225917692e+00 -2.520905750380080690e+00
5.615525866800097354e+00 -1.705619470489891931e-01
4.796929077229490801e+00 -4.280397827332969918e+00
-8.875251646822703844e-01 -8.604212798251035466e+00
-9.541311528931468722e-01 8.518366627695307614e+00
-7.296704241507590893e+00 9.029125407479964949e+00
-4.889332226708008378e+00 -7.575276269204918034e-01
-8.053465990866515156e+00 -2.653351268506780158e+00
-6.218787604501499366e+00 7.066514459844141172e+00
-1.011529821233548887e+01 1.032968596220000990e+01
-2.815119783118436025e+00 -3.346313394447045120e+00
8.334925697906442110e+00 2.294164485382231611e+00
8.358936843687647666e+00 1.051800622456071466e+01
-3.849617435555243272e+00 -4.605324612588219679e+00
-8.250914087230905025e+00 -6.972681589066640484e+00
1.407953860549103986e+00 6.440030531506351963e+00
1.032926417234832250e+01 3.470534793815456265e-01
8.707131311665484930e+00 9.889544628512100033e+00
-7.022222052821274652e+00 9.041569211396975447e+00
1.098501703243446315e+00 4.256673037808250903e+00
-7.754530138653708882e+00 8.824631565046637149e+00
5.397454076921180288e+00 9.295438584007369442e+00
-2.897547137991310251e+00 9.673008517863874722e-01
7.657732022209994938e+00 6.885969662140578151e+00
-2.896994118235081572e+00 9.095183344003855197e+00
-4.792356040364960990e+00 1.440197174135263491e+00
7.168562024146179823e+00 8.968840699141441775e+00
8.967388261949373884e-01 3.020874837766834187e+00
-8.290068046904064403e+00 3.193400813754052603e+00
4.190208760951495748e+00 -3.029085821483201713e-01
-7.455320955124221882e+00 -2.787582025827605392e+00
4.034405996887295842e+00 -7.126723156340929677e+00
-1.154993127572730849e+01 8.579273471519121230e+00
-9.228892223549959084e+00 1.021015877301900332e+01
-9.525708375567916164e+00 -4.803147139192507353e+00
-6.285861325807595712e-01 -3.675759382083372717e+00
-8.108990905378483660e-01 8.755549528850998797e+00
5.108353669205849101e+00 -5.613829502805510074e+00
1.888371176641501448e+00 -6.614030383689835979e+00
6.189388894334789448e+00 -3.195159843935102106e+00
-6.281918562653419080e+00 7.886045434646674401e+00
7.694618785572716391e+00 9.009672546449181141e+00
-3.141962719506711021e+00 9.328707440483032798e+00
6.851719109702038679e+00 7.491476413682392810e+00
4.097917608455006189e+00 2.315019076948416910e+00
2.247080090729603796e+00 -4.881869551702173737e+00
8.793423837149420663e+00 8.014508931481131526e+00
-4.244012243596674061e+00 -1.303143998185824382e+00
-2.046160159385084221e+00 -5.117355542721522710e+00
-2.372679663585317567e+00 -1.011691010306579486e+00
-7.638783442184780448e+00 6.359018566337066858e+00
-1.295979766678533096e+00 -2.242400907218724093e+00
5.180433661143453605e+00 -3.376853760073555311e+00
-5.054216508553109222e+00 1.727401054805140390e+00
-9.284177232703116900e+00 -3.410374764821906268e+00
8.656884951061478262e+00 8.767591361168094011e+00
-5.938428522063627035e+00 7.102927990739821063e+00
5.482606395240870789e+00 1.130868288169281310e+00
9.344913577244714276e+00 2.920269557417235262e+00
-2.590638518871531293e+00 7.738180184130546202e+00
6.358396439152242507e+00 -1.733861109398246558e+00
2.906254204188593260e+00 -4.232977199444763805e+00
-6.043518821725108126e+00 8.049911660985063833e+00
5.650488801204183176e+00 -5.728885125629661346e+00
-9.398666865769222056e+00 -8.783864946479681635e+00
-1.981463811076997761e+00 -3.494363961205501301e+00
-1.118265458760857312e-01 3.057324641224074213e+00
3.485265772269081630e+00 3.183017660357998491e+00
-2.625947738401436027e+00 -3.035486624771440045e+00
5.782206202914083271e+00 -7.941367534046547272e-01
5.388483883013305054e+00 9.880615061909546526e+00
-3.084398303338811154e+00 -8.088112689606255401e+00
8.975367484306062238e+00 1.037298030598445209e+01
1.520646429732654070e+00 7.932405980690531599e+00
-6.649529495137805668e+00 9.364894005893539486e+00
-4.248441217785974833e-01 3.676765572857473963e+00
8.501383175182848362e+00 6.953740735068852707e+00
-3.598895069916027367e+00 8.364030949108625990e+00
2.100535308879058594e+00 -6.280930098287926810e-01
-2.018252580372449589e+00 1.062638204692147070e+01
-3.840423656245933071e+00 -1.095091631551355249e+00
-4.104443448192311550e+00 -4.661811664213846740e+00
3.018336557573747303e+00 -7.385505584743657259e+00
8.846865665117178423e-01 -1.636638497452323149e+00
-2.249911226029316147e+00 8.867869056513729475e+00
6.915248432097655495e+00 1.773218040128191175e+00
-5.909917361247170042e+00 4.438088705596292982e+00
-1.018290635657433540e+01 6.888679942510920640e+00
-2.879818053145017931e+00 -1.624702432067144819e+00
5.083377161149242873e+00 -6.403266221079062070e+00
5.205409025469219797e-01 3.857993727002753559e+00
7.266132935617449995e+00 8.740525210162546799e+00
-1.120970310194129738e+01 9.313064797448294740e+00
7.386677490992290984e+00 6.857773715179504848e+00
-4.110307732077533416e+00 5.216999871421224455e+00
-2.374050516077085060e+00 -5.097205992423410770e+00
-5.639745308208844676e+00 -2.325654453512411290e+00
3.340968698169574314e+00 -1.814371871713940765e+00
1.045818061969545099e+01 1.085791573754250283e+00
6.406547566691627615e+00 4.775792665552534011e-01
-8.048996195117997132e+00 9.389822506279715597e+00
5.569287537594536097e-01 -6.029581368458132751e+00
3.110304348457702428e+00 -6.847007440680992651e+00
-7.316147835740332006e+00 1.073964277819499813e+01
-8.848083669270145890e+00 1.921377874099185146e+00
-6.710962156916426835e-01 -4.672339163942286433e+00
2.669925106814145632e+00 -3.619294340672551069e+00
-3.027336541824489302e+00 -4.880372744368519644e-01
4.175810611141550055e+00 -5.472724186587374362e+00
-1.129323964276755632e+00 -1.131295040856568512e+01
-9.863406165838162210e+00 -4.974002024389532650e+00
-2.515718889396509894e+00 1.016835745340928021e+01
4.241064468891051931e+00 3.265627849831553409e+00
5.628029926558676621e+00 -1.343351409362206761e+00
-2.557054602474120752e+00 -1.215403952294009216e+01
5.204143805627629682e+00 -1.432186531854532596e+00
3.272731600248097728e+00 -3.494188992359987367e+00
4.320146926499798923e+00 5.066271247896505514e-01
-7.136109545770610296e+00 -2.177842995947735893e+00
-1.996909194571182766e+00 -5.487739390194015243e+00
-1.014259388927373884e+01 8.862431143297650138e+00
-5.839841052011836453e+00 7.306942380876425780e+00
4.126249618288793108e+00 -7.761777903537540269e+00
-1.831912576774302748e+00 2.535731983035374615e+00
6.797111818875143818e+00 2.160418153850924838e-01
2.812330679448992399e+00 3.708308186159611886e+00
-8.113288049323355011e+00 -2.540265760423888963e+00
-5.241821650438065916e+00 -2.177768894922619491e+00
9.869124637135286093e+00 1.083650479805027045e+00
2.965371314831696914e+00 -5.430369347532893798e+00
5.405661647488546606e+00 -6.497805060168059255e-01
-5.175671489169750394e+00 7.462226083222944339e+00
3.564676065177388331e+00 -6.895078895812626563e+00
-5.444793770705473435e+00 -1.055868748490013109e+00
-7.581363548011488263e+00 -6.731385293217822863e+00
1.045014526995202253e+01 2.753566537582533336e+00
-1.655622119364487332e+00 -8.154598154665105625e+00
-8.034711024357964249e+00 -7.449574910921146653e+00
-8.875167627123575542e+00 -7.154659715721907176e+00
-7.646573719763742893e+00 8.797990426511194784e+00
7.539346234958181014e+00 8.642854459689811364e+00
8.614390750532434637e+00 1.225753743760390257e+00
-2.354326747602207615e+00 -4.133551604711628968e+00
5.122603053135844853e+00 8.346407792631879374e+00
-9.687802940879917557e+00 8.508156225720391319e+00
-1.091299405099499964e+00 -7.875196390398664370e+00
5.311723675725092519e+00 -1.842165561008389574e+00
5.325416536303781534e+00 -5.844738343044599826e-01
-7.721302734946180468e-01 -7.804855299792941459e+00
-1.908061221958128328e+00 3.187627533085371390e+00
3.017679803807356897e+00 7.605685053560687692e+00
5.970213792658850771e+00 -3.477097306154852685e+00
-4.017408007218170596e+00 5.334675349699049107e+00
-7.228237599417805193e+00 -4.443971935337270196e+00
1.402462858427404591e-01 -1.032542051133640015e+01
-4.001246169227446359e+00 -8.330153626156036495e+00
-8.671508708659915854e+00 9.682716252641636601e+00
7.622525186649714790e+00 8.881455233143055850e+00
-1.271480256638378936e+00 -1.678708235988365605e+00
-6.371895656693852494e+00 4.873776559655849105e+00
-2.309353927657769034e+00 7.392864597670905979e+00
-2.527031425121773367e+00 -2.503280674041164389e+00
4.006059075236395373e+00 -4.106824454674797842e+00
-9.347645387733294342e+00 -7.270294796416434835e+00
3.141638582300249283e+00 -6.242483879972153815e-01
6.446481258100569711e+00 7.250149528811954625e+00
3.155842606787805593e+00 9.064258886413043115e+00
-4.552655621443082445e-01 -3.305407410806344259e+00
6.522429767333979278e-01 -6.546600222682315895e+00
1.305042863726260993e+00 -2.819240100492211631e+00
-3.405765658359534598e+00 -3.039824124811767447e+00
-4.665425495807816070e+00 -6.613362100563938695e-01
-6.704282215861103289e+00 7.526926476612491257e+00
-3.963415247714952017e-01 -7.413327486341875883e+00
2.188856150218096985e+00 5.056037831706024832e+00
-4.638713500817225999e+00 7.073085806557823929e+00
-5.057364982016121502e+00 -8.381829862795957098e+00
-3.647859823989343830e+00 -4.709555643450322293e+00
-1.061276979441993440e+01 -5.192764129319944466e+00
5.637705462093912878e+00 -1.793447892259036447e+00
-1.973002400802781109e+00 -1.047548172417201329e+01
1.145288060067549907e+00 -6.847939325902723695e+00
-1.026964176476063528e+01 -1.070454353551634874e+01
-6.414006428755147482e+00 -2.702549686623688885e+00
3.728470002492168867e+00 -2.971832241236126215e+00
2.635377808772443764e+00 -7.947627203357892967e+00
2.814445128014696706e+00 -2.924444230396364475e+00
-1.080492351581528077e+01 -7.708215409175551258e+00
2.424915627372195459e+00 -5.867679327465382677e+00
8.664407285326538144e+00 1.416194958488957045e+00
6.650960398739956148e+00 6.768489844805032352e-01
1.488660178922927901e+00 -5.149346843254493322e+00
-3.133004098506289026e+00 4.628332363636634028e+00
-1.807876019691415870e+00 -1.907109182997859032e+00
6.722248609754130300e+00 -1.058933456922103389e+00
-2.793291953179179998e+00 -4.603761015931894462e+00
-4.117425200809273989e+00 7.857681791413240191e+00
3.677283864379088385e-02 -1.145327179801126150e+01
-1.755178315241707532e+00 -7.895820909495755657e+00
3.044915193550883803e+00 -2.348782296653194379e+00
-5.194899454072325007e+00 -6.215169716172225245e-01
1.827919398566288711e+00 -7.738014877390534174e+00
-7.315579081572392894e+00 1.097588422503379491e+01
-1.825209163350229646e+00 -2.903896188770522357e+00
-6.404672410116130976e+00 -3.527415328177013976e+00
-3.812281805019871239e+00 -1.157734288784352472e+00
7.085434120599312990e+00 -3.081594642209465995e+00
6.664497164303853083e+00 7.042541815674708161e+00
-8.165098608964585836e+00 -6.940769738317205118e+00
-6.168618898199589751e+00 7.470969354954996255e+00
-2.716571637875583534e+00 1.022408346342720264e+01
-3.017276222004515951e+00 8.920735189101460350e+00
5.275530506041341994e+00 4.109496602392788134e+00
4.049038468749118103e+00 1.023262691499022381e+01
-7.993402173954216039e-01 -1.891872029921820575e+00
3.112610674577269254e+00 3.100213711451893950e+00
2.451773660799321242e+00 -1.125526274935545246e+00
3.830938087809497627e+00 -2.815457577422148638e+00
-1.093537981290630956e+00 8.379891328774103698e+00
7.012321827654840689e+00 -2.715042781969384755e+00
-7.880276093124118475e+00 -6.208164735084892527e+00
-4.174710629143975282e+00 6.930216982379456603e+00
-6.485146665613849670e+00 8.378124640944751178e+00
-3.481129068272856397e+00 4.570391913845253562e+00
-7.588100020346012720e+00 6.068163277678481293e+00
-3.496808678843969509e-01 3.326530832834310392e+00
3.154570046607841238e+00 2.206825100689263852e+00
-1.637261851921719025e+00 9.415326234947594131e+00
2.422950085822105581e+00 -6.544786981720358554e+00
-8.615994021132440395e-01 -8.548003937094540206e+00
8.284440306429580403e+00 3.097910918233877986e+00
-1.752390624416610088e+00 -8.773817432683008732e+00
7.312677666944224164e+00 -5.381661763005505250e-01
4.781496699889130397e+00 -5.562425750679484970e-01
1.114026298603395082e+00 2.602655874950328130e+00
-2.133580925900596448e+00 1.032195811984744438e+01
-8.974652137020379783e+00 -5.443470415047594990e+00
-1.061395328084274148e+01 -9.798024825372017688e+00
-7.021727420829240174e-01 -4.143988565629084242e+00
-6.285673767504998288e+00 9.314968341828901544e+00
7.479216527207788623e+00 8.354789722785067596e+00
-4.550066177910291332e-01 1.521173937947221555e+00
2.871400534854691156e+00 -5.017794643094158680e+00
-7.790452142167525906e+00 -8.994440530483238661e+00
2.766263919630549406e+00 8.472690191855225095e+00
-2.149820153447170590e+00 9.185158598624107995e+00
-2.659118608088950619e+00 -7.655897170682129271e+00
-4.812224548288563941e-01 -4.281736232411796905e+00
1.916764433868482165e+00 -6.859978488394163243e+00
-6.773899787988908017e+00 9.047524629283525854e+00
-9.481567768138850383e+00 8.228820909356690194e+00
7.443467610027721726e+00 7.354316514641021207e+00
3.453097160617932815e+00 -2.509450835175431660e+00
-7.966601212339285532e+00 9.961074826249726399e+00
9.571459726259414325e+00 7.421305618226474721e+00
7.705779462397121193e+00 8.666495187112019494e+00
1.496255816348400769e+00 -5.555387092594044063e+00
1.929662460908249777e+00 3.815794852326053199e+00
8.649499881912650068e+00 -1.214099050134387348e-02
8.360544791839972234e+00 1.746806819581951498e+00
6.109013840546193563e+00 -1.821139071802632570e+00
3.171477944473658717e+00 9.916078508910731060e+00
-1.141684908816542254e+01 -8.147784071657842020e+00
4.174477339336451820e+00 7.406152029247681234e+00
4.330445887591323206e+00 8.093305963719316765e+00
-8.072612610271690414e+00 -9.186575691052683013e+00
1.630804176808791306e+00 -7.156778388412423197e+00
-4.572267698816366632e+00 6.935492860647872071e+00
8.976931355921726308e+00 3.005248681151538204e+00
5.225523229807074621e+00 1.010045698629990163e+01
-3.153155242124316082e+00 -4.714241650935635519e+00
6.196952308369195528e+00 1.843847115498857825e+00
1.031231667906580363e+01 -1.829299144156082413e-02
-6.752828101998447963e+00 -2.228180811453954746e-01
-4.064074846781574379e+00 6.451173531343652456e+00
-5.951317242790516104e+00 4.984799046029047886e+00
2.163988782932967592e+00 -8.422304120892338375e+00
-2.585562989415522761e+00 7.611846738568361026e+00
4.432451290212954476e+00 -2.249064634927762096e+00
-6.835701986641556260e+00 -4.125609271075657780e+00
-1.270781280701599947e+01 -7.567117615924897400e+00
-1.034115625783210035e+01 8.481359566827171292e+00
8.794732284526373789e+00 7.035897744812208643e+00
-1.170910382233462954e+01 6.918949350548393440e+00
2.814625198712175091e-01 5.865444999764008571e+00
-2.175100875947192591e+00 -7.345683645659173422e+00
7.749992618479913276e+00 2.145791075797796488e+00
-7.855602805691690449e+00 8.890628976849438203e+00
-7.353227574604740191e+00 -5.013925069099543386e+00
9.230237966891692736e+00 2.524152484819874420e+00
3.317428155510149246e+00 -4.090407002882976428e+00
-2.460281178040371941e+00 7.327593638893242556e+00
9.700803289944877505e+00 4.343864480967198460e+00
-6.130541119693664776e+00 -2.491287648276515387e+00
7.182160567055742462e+00 7.032298039641275977e+00
-9.803646673853505078e+00 1.103101575010319024e+01
-1.078607542528365038e+01 -8.992717476046840019e+00
-7.474922268424865734e+00 -1.848333806726820239e+00
4.590305600116066032e+00 6.148605418668604550e-01
8.378958834083753970e+00 8.661619736128628233e+00
-8.283760370443756571e+00 7.861123423314556824e+00
-3.090570899746522660e+00 -2.137557516449807959e+00
-3.519501133188323472e+00 -5.283516924527631886e+00
-4.262730265233638960e+00 6.066311534742273359e+00
2.883227538675030566e+00 4.593586953686199514e-01
-2.423887038415156958e+00 8.132344748764797515e+00
6.813437941670619225e-02 -4.796249657635292429e+00
2.837504086982354234e+00 9.617672713003145191e+00
-8.624792102232023083e+00 -4.349726166483877776e+00
-6.725352245686977426e+00 9.212012582493153801e+00
7.912422651466037848e+00 5.895892922671628344e-01
-1.100225207806648164e+01 -7.682578342899067714e+00
-2.545433612185584948e+00 2.686434120550007520e-02
-5.426155571822593338e+00 -1.628733295365243583e+00
-7.880466765441001442e+00 -6.971567732945249674e-01
-1.442787257564431158e+00 9.878141236105888012e+00
1.494998441469588268e+00 -1.880042949064194779e+00
-3.062785588444482343e+00 -2.047354556146399496e+00
4.700659224735274755e+00 -4.113862023050488537e-01
-8.347184399632912033e+00 -7.005954217802372597e+00
-7.427439429860027253e+00 9.474234100074577114e+00
7.040734481850885018e+00 2.842143976640508996e+00
1.144199367289806091e+00 -8.153120550020419799e+00
2.613688336521700073e+00 -7.783213084101989754e-01
4.347511530075155450e-01 3.481931394792323609e-01
-2.802486530370089657e+00 3.121156340873413537e+00
-2.818942275140586151e+00 -1.713314627394820988e+00
6.367869087647529014e+00 -2.347506699330617508e+00
3.025065509017336840e+00 8.062155114606737172e-01
-8.632591503391068288e-01 -3.696207674734937054e+00
5.132026642091933155e+00 -4.257480038339747530e+00
5.737888093612220963e+00 -5.071064291859901374e-01
-3.919657872529483278e+00 6.603548221039584831e+00
-8.276835826772899196e+00 8.672625410306418203e+00
4.774022002362289463e+00 -4.176007350573687216e-01
4.085344147678648952e+00 4.090833696203827863e+00
-1.246044015860934495e+00 -3.343505456320682079e+00
-7.925681751110615458e+00 -5.783445340705470450e+00
-2.948668904267134128e+00 2.547479074705940594e+00
-1.130531537092722516e+01 -9.942250929259900616e+00
-1.020774978278155309e+01 -4.308118333385064780e+00
-6.316723080969060433e+00 7.459712271592875865e+00
2.639167758577468881e+00 -5.092180903581971840e+00
4.138551771092912723e+00 7.996902043839492435e+00
8.861646212820270208e+00 8.576055327271435047e+00
-2.371933435625787734e+00 -7.757111131849288022e+00
7.199665827400088425e+00 -1.472785125503093928e+00
-1.053722554054528082e-01 -1.171260427975372487e+01
-7.358928076902444992e+00 -3.816448051095942873e+00
-1.043643951671012715e+01 -7.201875350440409385e+00
-6.464843750118917654e-02 2.952346382905005395e+00
4.928559582719888255e+00 3.178343576419455196e+00
4.927104174357168631e+00 -5.518496619885826071e+00
5.439845900465740236e+00 9.963258749017683158e+00
-3.024716197526452710e+00 9.554840991100823189e+00
5.631874408283827904e+00 7.000774598089119394e+00
-4.174554261633220520e+00 9.861077045986329281e+00
-5.294951827470319117e+00 -2.888569747777902652e-01
1.742181855088204667e+00 2.877913712867980145e+00
-8.444346538935466384e+00 1.053904496994358553e+01
-1.726582876308777825e+00 -6.669422454933222610e+00
4.206787676064120518e+00 1.667230386737116099e+00
-2.074462957153333065e+00 8.266001155883717644e+00
5.778981726173241462e+00 -1.274734851292648408e+00
1.252476065718926890e+00 3.193766751314106589e+00
2.775592029930711302e-01 1.031717729352749524e+00
-9.251635187178111508e+00 7.394004576133977658e+00
1.056821396159126181e+01 8.652962395224946812e-01
-7.393999600742839462e+00 -1.749202818976732798e+00
5.695620700896326660e+00 -3.238902395247613253e+00
1.008750120258905092e+00 -2.745222194111606395e+00
-1.157209753504440997e+00 -4.373584837488653676e+00
2.113941158887258531e+00 -3.453789916537028937e+00
-3.122482597095086021e+00 7.221471453790494266e+00
8.598120830098947565e+00 6.190978028571151093e+00
5.783062375432975522e+00 -2.533431553919512247e+00
1.545917118364910303e+00 -7.167958309205090472e+00
9.766745414500006106e+00 1.709162397034116765e+00
4.584283100833642877e+00 1.042136105913080257e+01
-1.199314803041413802e+00 -5.819115382828999650e+00
5.982749144443512357e+00 -4.199717045013153793e+00
-4.348059147442890016e+00 -9.856785465768957977e+00
5.259330776147037589e+00 -1.916191230197064943e+00
-3.214274612129962350e+00 9.368786952548953550e+00
-7.914135574578532228e+00 9.502889081378942393e-01
1.415374670574438554e+00 1.298979520011170763e+01
1.011192708079309632e+01 9.528377875099084404e-01
3.451448593672647114e+00 -6.691584169239974678e+00
1.473165039619026340e+00 -5.503907633708363889e+00
-3.573716895389988935e+00 6.128700772015543308e+00
1.814144270678409221e+00 2.106709508577585765e+00
-1.380163962413354817e+00 3.306524685919431938e+00
-7.945897977857871997e-01 8.884270612669661560e+00
1.822231698353427021e-01 -7.341989730881795850e+00
-2.003957981711716574e+00 -2.660191273386202759e+00
-4.982028501277453003e+00 -1.249151730512473080e+00
2.364342237017413417e+00 6.848304091800494042e+00
9.927991969527072413e+00 2.509561312921445353e+00
-1.231997939443396994e+01 8.479759707326323337e+00
-1.766023796619589081e+00 9.311607952597571014e+00
-2.587848860990737521e+00 -5.874991506133091512e+00
3.958061599982872547e+00 -2.433599205181470548e+00
7.140119298784004975e+00 7.355310604027132548e+00
5.446464095590376253e+00 3.367077293075680267e+00
7.439925811491374219e+00 9.184830995560519185e+00
-1.806111823665537797e+00 -5.719969841330332372e+00
-8.935661097147654885e+00 7.952144244921487193e+00
-2.153315753582211389e+00 1.050119782942224589e+01
4.322294724328147097e+00 8.982720468396630409e+00
-8.213667464480440827e+00 -1.800006858849509728e+00
-4.197698760411809005e+00 -1.292004012757820286e+00
-7.793835758585800022e+00 -4.117926984251421452e+00
-6.858775492930632822e+00 8.090659597467647401e+00
-4.215905851871228904e+00 1.014802648794331752e+01
3.646820114870650720e+00 -6.478929765126930640e+00
-6.962823384808619842e+00 9.567569967388203978e+00
-2.086976414777821365e+00 7.976379084256140395e+00
9.615931294022828979e+00 2.248154726499527190e-01
-8.955877197362145381e+00 -4.401406620772756462e+00
9.268859930676923153e-02 3.096509435385996767e-01
-8.827372298176804577e+00 -8.238328204031189372e+00
-2.023068278232809547e+00 -6.109666513871847116e+00
4.537220624325828844e+00 -4.554676007857170639e+00
3.200981922707041516e+00 9.810832220962920402e+00
3.910385845681391359e+00 2.015175909402723953e+00
-3.989168676812382408e-02 -4.033450030715090229e+00
5.494448460913179844e+00 -3.413791592508636175e+00
-1.144523973806090833e-01 -3.551602189704488932e+00
-8.289262360045858147e-01 -3.206699304943304352e+00
1.683257344592575533e-01 1.218157833683216396e+00
3.449533534241150168e+00 1.075611053186576349e+00
2.244129462284671028e+00 -7.675221786608702246e+00
-5.460324596424981358e-02 -4.151518125366690626e+00
7.088337644112640668e+00 -7.577877901156711005e-01
-1.573360675315099266e+00 -1.039546812298807765e+01
-8.128327271792207043e+00 -2.897409366377120321e+00
7.067514448899141044e+00 7.828020786811747733e+00
8.816496778234910181e+00 2.009523104231351276e+00
7.866227604654332239e+00 3.134230058181922463e+00
2.650010655825508099e+00 -6.924677717380660624e+00
6.807424930484255121e+00 -7.631264033269611335e-01
-8.103596667838126599e-01 -7.280901081401833785e+00
9.397107188462405780e-02 4.543631335218157652e+00
6.361142532258970417e-02 2.686649391451533031e+00
4.199640666091942975e+00 -7.371425622044080583e+00
5.933444249256534242e+00 1.009329096248712965e+01
1.439050861858507835e+00 -5.572514079884900440e+00
-8.613340650777569607e+00 8.164524380231252820e+00
-8.591298304244274320e+00 9.128821865881036501e+00
-9.764215417209656245e-01 7.535032165946166316e+00
-8.161014257091036228e+00 6.615116544066101056e+00
-2.688490897845809080e+00 1.004706067700119121e+01
-8.896547556514327049e-01 3.264084578293251937e+00
4.507387731879074266e+00 7.988647766521776994e+00
-7.117927883546316892e+00 7.398303648793923770e+00
-9.451887803882145889e+00 8.509164537845665066e+00
-1.069001197095374778e+00 2.294709256929030161e+00
1.074571594818944487e+00 -5.389245584563999714e+00
-7.343170252237238849e-01 3.426247788701521912e-01
-5.225957783270143153e+00 -1.471187066103676999e+00
7.446600762531362605e+00 -1.677702951869929571e+00
3.789655672897951355e+00 -2.399366034965489280e+00
6.305245679839128314e+00 -1.681140322592410197e+00
2.067555530784843221e+00 -3.629678403738864745e+00
5.543315460594895328e+00 -1.969094299613457721e+00
-2.297614047977219798e+00 8.913766783646886793e+00
4.479123467498763667e+00 7.953876632433855676e+00
-6.728372927805557069e+00 8.314551969225011163e+00
4.736277784558089898e+00 9.355402433521355476e+00
4.499709371627528043e+00 -1.994190037128531712e+00
-1.927166398861577701e+00 -4.986119311480604388e+00
-2.300781366858087651e+00 9.108889340481109542e+00
-9.894087233315238095e+00 -5.863003248057675698e+00
6.964339902691801143e+00 5.316169485637486147e+00
-1.106483163646186263e+00 1.030339786592075413e+01
-6.161308172799047966e+00 -5.026949541439500457e-01
8.507904564432802630e+00 1.589777997483849292e+00
-1.955316042617958550e+00 8.159871293477397813e+00
-8.369946496559453664e+00 7.133061283394017238e+00
-2.821131426786822161e+00 -4.005921784269210306e+00
-9.758166327240569871e+00 6.687407610807155400e+00
3.319421793256866149e+00 -7.242920147723733493e+00
5.110510335982022312e+00 -2.595467172320093940e-01
-1.025442385315676042e+01 7.492692389523149643e+00
-8.907570612379728914e+00 -7.817928005173779837e+00
-5.477062025260240219e+00 1.071418755662813993e+01
7.644042914625513774e+00 7.449975066178830652e+00
-4.673792381804292795e+00 -3.185972930079077337e+00
-1.783824085565662410e+00 9.914982963769976010e+00
1.693894219467992679e+00 -1.391180575221408811e+00
4.446954143860025077e+00 -1.579360922017687408e+00
-2.495829528586975599e+00 5.618976651034412129e+00
5.065097138855019665e+00 -2.555804947973963515e+00
-1.236255273643953601e+00 -5.469383244977240821e+00
-9.654964090084060757e+00 -3.706182202109641999e+00
-2.211457224265136912e+00 7.109985142015797344e+00
-9.555372958644667847e+00 -6.330406329441135682e+00
-3.610259833621320968e+00 -2.356182055043642087e+00
-9.988808261569799285e+00 -3.941936484934087659e+00
-1.052828382357179393e+01 -6.131239818377627770e+00
1.097912636039619549e+01 3.858512877534751695e+00
-3.344978883253566515e+00 1.110736775563242240e+01
-1.174587904314448217e+01 -6.407755278699187151e+00
4.313993472501028492e+00 -4.419328383585105158e+00
-5.285280311480420323e-01 -4.761377149015096677e+00
-3.029437763961494667e+00 9.676245062198301383e+00
4.557069566845099118e+00 -5.555597654342979475e+00
8.910816828186913341e+00 2.762902977922919057e+00
5.831310389568922226e+00 5.604451257346705351e-01
8.271960138430831222e+00 3.513499412013120438e+00
3.637487754590819300e+00 -2.359911248652729832e+00
6.472720258534648607e+00 -3.165555663494698635e+00
-8.716306897857945657e+00 9.085465612456729900e+00
-7.061535720429515273e+00 -1.341110726185924307e+00
2.403611076587148787e+00 -5.623108963550449424e+00
5.621476704950758574e-01 -4.894602034303172644e+00
3.767789845508601854e+00 -3.055095676395885640e+00
1.634399472009031795e+00 2.224875422531615854e+00
7.850136853115843749e+00 9.786196966421409016e+00
1.823440881569541760e+00 1.245031982569451356e+00
-6.823373138475596900e-01 -6.910798395121890536e+00
-1.807111425508723279e+00 -1.013256500165012852e+01
-1.154956075847880514e+00 8.280677292810048939e+00
-3.159776358976321475e+00 -1.762389790656402999e+00
-1.806115870491526110e+00 9.602124612235646950e+00
-7.103549766120917930e+00 1.075458284620041738e+01
-1.981447554740098260e+00 -7.982455412117936966e-01
-5.592942300710434189e+00 -3.415884123780018045e-01
-9.630467870214030057e-01 -6.479222994837657623e+00
4.640391088099581118e+00 -4.998495683693542802e+00
6.430197101186363895e+00 7.867818479933782250e+00
3.451971619286619664e+00 -5.520509268414254045e+00
-1.396532699092104757e+00 3.693431901061537737e+00
-1.317655335291291863e+00 1.027244587401025910e+01
4.650114252023572092e+00 -2.829148589604330244e+00
-2.461780922627995416e+00 -1.576100465847449783e+00
4.545046428235216318e+00 9.966030069127912228e+00
-6.802636353673328529e+00 6.732629162779613097e+00
-1.183262253979368595e+01 7.167186656897563068e+00
3.067881174540340705e+00 4.192976014592584733e+00
4.775346744108552866e-01 -6.809949653840733141e+00
-5.080355008666815664e+00 5.868356655109496778e-02
-1.238739149235007453e+01 -9.025532050616131841e+00
1.815519032082201445e+00 -3.477394769643287198e+00
3.918133643888241480e+00 1.399468864887399411e+00
6.740902940275788069e+00 -3.024010459890059455e+00
-2.004921004083313640e+00 7.813888541392817189e+00
-7.573584576982261396e+00 -4.766993524212309374e+00
-7.281430521302642234e+00 -2.677520930567013124e+00
-1.949087853688073135e+00 -7.452429237181911859e+00
-5.038223221299228172e+00 -7.400071655846420793e-01
-1.542569165591989089e+00 -1.580191478942032823e+00
-9.235156446692789345e+00 7.116751967130505285e+00
4.406551062524812323e+00 -1.569324891566847846e+00
-8.899067780347362344e+00 1.040979454527200687e+01
-2.224438080923835326e+00 7.778632372741357770e+00
-1.880878372970537171e+00 3.487071441275082062e+00
-4.579993782629530052e-01 -3.929665740180143807e+00
-2.159173933619626951e-01 -3.940607771903334555e+00
4.363472037040137863e+00 -3.415806975065960760e+00
-9.601899153603923764e+00 -6.090812239954696672e+00
-6.236699918035791157e+00 2.267295634365238399e-01
-1.751661043711279175e+00 5.269721423941428284e+00
3.120199593233381030e+00 -5.031277132162789378e+00
6.353385295600291194e+00 -1.041004052816603576e+00
-2.999441270838655083e+00 -3.965842175254113755e+00
1.575972468327853315e+00 -8.434440127883133798e+00
7.377570127953668511e+00 1.014886354236520027e+01
-2.536681058197016725e+00 9.989179326834062067e+00
-2.241040941146207999e+00 -7.948516142699960874e+00
1.001327811150878411e+01 5.689164487105051293e+00
-9.857622548230656534e+00 8.329331698047923283e+00
-1.966869482901290045e+00 -1.428134426154759939e+00
8.241715960146699160e+00 8.833597077837271883e+00
3.940076159743512108e+00 8.168422012989985603e+00
-4.549325365209732297e+00 -4.215677586349417805e-01
5.016675509759101814e+00 -3.410984858227667615e+00
-9.734997543331878944e+00 8.768958715386553138e+00
4.510128628033655218e+00 -5.673200602095779033e+00
-8.950753841727854265e+00 8.335613720367437196e+00
-1.959856955615340679e+00 -1.048215727897295402e+01
-1.680501902803122949e+00 -4.316865335348360588e+00
8.649920499104174709e+00 8.642220426253224730e+00
-9.689468221416266402e+00 8.393376524182203369e+00
2.715770557699240140e+00 2.421150215965850450e-02
-7.935487981954776338e+00 -3.426072721795829334e+00
-5.804084062016535484e+00 6.827146325771617619e+00
8.053223039354458379e+00 8.253967825321925744e+00
3.501282286136690569e+00 2.432915320271805015e+00
-4.868202536483182463e+00 -1.572505445232610155e+00
9.989183844187505823e-01 -4.151458611786675412e+00
1.960097769368811527e+00 4.294499396219761955e-01
-1.025742983242238182e+01 -8.696291297327483960e+00
6.862602674883767406e+00 7.656896962717782529e+00
-7.794615261080680924e+00 1.534499942699549813e+00
1.623804296370243705e+00 2.620163722045216304e+00
3.777615621630353360e+00 1.104215512669529176e+01
-8.244826150706202839e+00 -3.582419547153919304e+00
4.992594543966382581e+00 1.702919950941086391e-01
3.944722222289489100e+00 -2.829379634299644231e+00
2.186901169193779193e+00 4.328537361190265109e+00
-6.017270490805782579e+00 7.146745096475861203e+00
-1.002037915633983367e+01 8.757483782501212843e+00
-1.245694663783201594e+00 -6.246142102364675708e-01
4.503759991510724703e+00 -3.323255755342364282e+00
-2.007076756537297113e-01 3.653054648045431563e+00
6.142996259495287603e+00 -1.626410978740097324e+00
8.161614540609271273e+00 8.086742238395459026e+00
-9.053661648741288204e+00 8.379127954791430355e+00
4.015878647921300448e+00 -1.518973819155523319e+00
3.999468742807170241e+00 7.232179033354491082e+00
-6.616846618593189788e+00 7.683674307643873824e+00
1.544453129266911473e+00 -1.990031403231349305e+00
-6.062255367613566648e+00 -1.356763685269460673e+00
4.199291841007622317e+00 -2.947327463483578214e+00
-1.043388852142288048e+00 -1.512247078250180010e+00
-1.043445665476665596e+01 8.045510140399443344e+00
3.424797767610354704e+00 -6.706010897613029265e+00
8.770379632498908506e+00 8.268257523896000549e+00
-1.241980025608519256e+01 6.863480660488587404e+00
-1.053758716863067768e+01 7.750960956917417377e+00
-3.971153691383408457e+00 6.614771184454611763e+00
-4.828767179722571967e+00 -1.763485208568515983e+00
4.395179166811032268e+00 -4.872331468909516516e+00
8.090049911065678501e+00 8.371780536471092660e+00
-5.551249064354878193e+00 9.674642494046956642e+00
-3.355259833872060948e+00 5.590864701243272172e+00
7.929421539252194506e+00 5.163125549329636854e-01
-1.097049884053451496e+00 -2.341501928543305855e+00
-2.173194257033431498e+00 7.353952942578683150e+00
-6.819685191898787302e+00 -6.974578799028853027e+00
-8.538115466063386449e+00 1.296277259527220505e+00
-9.269761466902787461e+00 9.847451345636461184e+00
-1.030792817170810416e+01 -8.348793771437970079e+00
1.849452536816814652e-01 3.845947324798413725e+00
-8.385664355701981876e+00 7.465592651859168427e+00
4.529027832655154739e+00 4.013026941513883727e+00
-2.118241303859736746e+00 -4.554681972504282861e+00
-1.159346937507324249e+01 -7.585480221673151391e+00
-2.702370206632388250e+00 -4.469227087587904990e+00
2.845039789364838256e+00 3.497313150420091610e-01
-1.969703171913244510e+00 7.627398935117787104e+00
-6.204987282573714680e+00 7.103067529920338075e+00
-5.026650005062174742e+00 3.608853150805131360e+00
7.330194367174396319e-01 -5.209966697856156514e+00
-8.288053909035598465e+00 9.447903618523074698e+00
-9.066908014369696289e+00 6.771503089018975352e+00
5.599763971414290609e+00 -5.132511018948155979e-01
-6.102343524554220799e+00 9.584819650268494584e-01
4.166473056587296497e+00 -8.032675199993841275e+00
-2.996961674761803085e+00 8.535097650767292876e+00
2.566255057838695119e+00 -6.439242776123812462e+00
-4.591381647113882636e+00 4.069929907256037538e+00
6.275072033923775550e+00 -3.562945445532069932e+00
3.269889888062617267e+00 -1.008402348536227455e+00
2.712283258093362459e+00 7.101038248664721664e-01
5.196570354653796464e+00 -1.790618608166163694e+00
-2.841176025400894201e+00 -1.911383592120087460e+00
1.899122770099446633e+00 -6.003755605961514696e+00
-5.713811241896642912e+00 9.217809031650030960e+00
-2.747844894753524336e+00 7.217609015573014375e+00
-1.163652809332831106e+00 -8.908160061225204984e+00
-2.653989925475155776e+00 8.678996092456198852e+00
-9.023907469034989859e+00 7.042719520853831128e+00
-2.132730408749700324e+00 -1.031838091825427917e+01
3.020206767681343774e+00 -5.545737540087314343e+00
-9.765841441115775012e+00 7.436566273085135848e+00
6.862221358964951889e+00 7.381669510963692282e+00
-1.496667730670708352e+00 8.690300933333274358e+00
-2.379782043431223570e+00 -7.310202358199397565e+00
-1.804819359101331955e+00 -3.388452563707616605e+00
-2.874290476780345660e-01 5.172029652347791995e+00
-6.353833757783413638e+00 -1.092318267832563583e+00
-7.771618685765278478e+00 -5.355860695880830136e+00
7.029680075024672625e+00 -4.417212435792399639e+00
-2.644378585225215517e+00 -9.194632023903867690e+00
-3.475797436282357378e-01 -4.712312237838270690e+00
5.095211512411632171e+00 -1.566767821321808585e+00
2.197311262189464376e+00 -5.087457401974754490e+00
-1.175421301833925547e+01 -7.162154718855743951e+00
-1.699583646800041592e+00 8.983040988296240315e+00
-1.637541224121916050e+00 8.796255485937958696e+00
7.568381971558494570e+00 6.770575107114397362e+00
5.421039636048028854e+00 -3.516643293879720744e+00
2.324044854232876212e+00 -8.139446499971150217e+00
-5.139093725313840899e+00 9.432913493323768606e+00
-1.076614915956541729e+01 7.904144421231614537e+00
-1.298972601986336572e+00 -4.941037270675845861e+00
3.912864658671349360e+00 -1.768506390252608806e+00
7.330442891128092775e-01 -1.650349142239438516e+00
5.452926169855775385e+00 2.500265203548829085e+00
3.245286018808408723e+00 -1.643075772330984563e+00
-1.217336250316214574e+01 7.114123144131255572e+00
1.282307938142819292e+00 4.679978208005907803e+00
-1.018471763194865254e+01 -4.243624944462030868e+00
5.235336452534692597e+00 6.488020826725750645e+00
5.554991946636569367e+00 -4.190956695535136944e+00
3.792964669966385483e+00 -7.161567975120163965e+00
-8.265491998146982766e+00 7.236336730283705165e+00
3.260185863263556971e+00 -2.534479620333963013e+00
-7.479791061319118306e+00 9.166556033217228006e+00
-2.083844555782627062e+00 8.712513729574864030e+00
-3.013329897239017896e+00 6.331881350695819144e+00
-2.175188622955224638e+00 7.261599796453622524e+00
-6.583299845176641796e+00 -4.166293640846093105e+00
-5.111389363809184516e+00 -1.680471974531908330e+00
9.490586309083099081e+00 1.416551528750106925e+00
-1.137255491856216416e+01 -6.986925995170066628e+00
-7.136707342563479273e+00 -1.544898846064423292e+00
8.082095383338074868e+00 1.585641267113951480e+00
-1.113667805747122763e+00 1.095518657899286730e+01
-1.083481400317155341e+01 -1.015402243020069406e+01
8.054534562434627176e+00 6.586584190286354890e+00
-4.522679532636240118e+00 3.676677140724575743e-01
-5.851321492907278987e+00 -2.023552483040373939e-01
2.401798263975861047e+00 -1.283077027016799265e+00
-7.378597865885803131e+00 8.656072578491729175e+00
-5.087972184443209755e+00 -1.438377363197819392e+00
2.250575189160799461e+00 3.452514664901209507e+00
-6.464060302910676903e+00 4.320002473095962969e-02
8.120070563031147159e+00 1.640151691253174171e+00
-1.113919305655184377e+00 -1.575015284985305186e+00
5.181425921953528579e-01 -4.955976377986901937e+00
-9.297405735601774524e+00 -5.589664826133231124e+00
1.159687928073051211e+00 8.488444506097220454e+00
1.598656190080232076e+00 1.573314813774631116e+00
-7.589432651171589939e+00 1.125352313153946682e-01
-8.091376145179737023e+00 -3.698465710310161025e+00
-8.006690580066800678e+00 7.653459132691246225e+00
3.750931835170150386e+00 8.607265607199483526e+00
-4.587043289808578450e+00 -4.018693141187043238e+00
3.928926370299874904e+00 -6.382509408528094230e-01
-2.716263582863284398e+00 -7.605757708197732114e+00
9.218336720477171564e-01 -6.988025336477876159e+00
-5.145868963757589398e-01 -8.409347633190842330e+00
-3.955024041096740106e+00 7.108201311781295217e+00
-7.712992095611216570e+00 1.054859966618414635e+00
1.512088812402353044e+00 1.753710647013728696e+00
6.909394251421316469e+00 -1.922762392409099963e+00
-9.577934609202234384e+00 7.225264614200335167e+00
-9.182763028904682656e+00 9.147090582570282180e+00
2.201509468915115342e+00 -2.921084466081219411e+00
-3.281886472800929599e+00 -1.871139909900612297e+00
3.300042053575793055e+00 -8.003101389066401339e+00
6.320484387581652541e+00 -1.142296555165220218e+00
-8.316736050521123857e+00 -3.942879334233368560e+00
-1.222227886913635819e+00 -7.722832769880252357e+00
-4.549779576808587578e+00 7.313900315226751658e+00
4.677662622790577984e+00 1.127472173667302080e+01
-6.072751185871261725e+00 5.311264892474874877e+00
4.201142620203899725e+00 -4.596181305430402375e+00
9.310898594108850901e+00 1.308201564557416985e+00
6.408812970457731240e+00 1.090349086053782557e+01
-2.608541538444740571e+00 -4.987061715716190946e+00
4.676724296612372100e+00 9.543200487025291778e+00
7.312657958206885134e-01 -5.869149157107210080e+00
-2.654132217951404638e+00 -1.800103017133019456e+00
4.463394242098313036e+00 1.025247439183818887e+00
2.093403324009888600e+00 -5.547261129956659431e+00
-9.239440852553157946e-01 -7.857286989158043689e+00
-3.611649574142612895e+00 1.663085868996091232e+00
5.813992563503732391e+00 -4.825213686786548273e+00
4.795400738653614603e-01 -5.608789787495837231e+00
8.357720809454695754e+00 1.151846984960223086e-01
2.724718428829016048e+00 -1.840268028998534255e+00
-1.634549473189151891e-01 4.542465486224968707e+00
-8.730845901462517489e+00 -7.031999517804624844e+00
-1.478761640671501620e+00 -5.027515923914915419e+00
-6.050940117616888436e+00 9.793037157119405478e+00
-5.901749492108453232e+00 6.824127956262064920e+00
-7.848305997905315579e+00 -6.457791116337878279e+00
-9.588837900858086627e+00 -7.329214242055991591e+00
-2.693142684672506171e+00 -1.706906279254931658e+00
-1.297331937112287781e+00 4.262205706373043412e+00
4.305049257991325540e+00 -3.932467454761079839e+00
4.204865048036343644e-01 -5.657751807560513768e+00
7.821386135214766888e+00 9.840046434892084193e+00
-9.689425327675809996e+00 8.221163130405571451e+00
5.846490931483008247e+00 -3.151172249720008978e+00
-9.164113371701382960e+00 -5.310751510546887211e+00
2.717741170414639473e+00 -4.831426106881399285e+00
-6.381182429497031627e+00 1.057535605221356967e+01
-2.662892838410341412e+00 7.246634199833375867e+00
8.696134369403674569e+00 2.875435728540129521e+00
7.013883216406483712e+00 9.652206878660731348e+00
-7.604410703716705910e+00 1.980532857676110314e+00
2.799323842890846681e+00 -1.627331006397898516e+00
-1.649430204122966481e+00 -5.835446136959077101e+00
3.161966326217683587e+00 -6.195938910230134766e+00
-6.205241204549138523e+00 9.000479500129591415e+00
6.556270180489986110e+00 9.642665469342272644e+00
-1.756620950202417042e+00 9.271994452444200618e+00
9.872266642777265844e+00 2.348661605959375009e+00
-1.206719864721898716e+01 5.989727316037452454e+00
3.574948785594511236e+00 -3.522893762330134848e+00
5.301219821416060185e+00 8.227214351643151957e+00
1.452030774639774258e-01 -6.020902674440660185e+00
-1.485883266019328630e+00 4.501599304534225965e+00
-2.570143893930628032e+00 -1.472291909527100984e+00
7.941096006501792814e+00 -1.048332008162481177e+00
4.254477813027835786e+00 -1.913607514559430900e+00
-1.259671176032886697e+00 9.702099063863034445e+00
-2.204834163365693822e+00 -5.394611084886782315e+00
3.490315739731283173e+00 -5.623001393153344907e+00
1.853651197191269695e+00 -5.853878112771856657e+00
-6.518944120513372464e-01 1.825293433022348033e-01
5.205006813687190537e+00 -2.964060416809562781e+00
1.111089708673700294e+01 1.160523360747057531e+00
4.017220999169968998e+00 -2.007118923828935753e+00
3.686290364044392476e+00 -4.006508206081965007e+00
4.770802608713723636e+00 -3.146177782374029785e+00
6.884861710639191834e+00 6.936569676245047944e+00
7.316452743544058279e+00 6.163897380075616717e+00
-7.379013284241072945e+00 9.349659349783669526e+00
-7.680989793893427731e+00 -6.971239356535338771e+00
-8.323401333420743953e+00 -4.202533632392291274e+00
9.994170382664366414e+00 3.478604335635767875e+00
7.053612616515674283e+00 2.071926300124680154e-01
-3.272540553721046130e+00 -3.873012672917285126e+00
2.166418559981738046e+00 8.837105202470812770e+00
8.509087842524385437e+00 1.141405611539002329e+00
-8.239535718024038058e-01 1.111653479007815726e+01
-7.545380134861770394e+00 -1.515742860559204708e+00
4.061282235078086167e+00 -9.121134686228822286e-01
9.617384463186043675e+00 1.068626250162831193e+00
8.671086651500029774e+00 7.481954938732778615e+00
-1.099553651554044365e+01 9.109739236223145298e+00
-2.261561396931637269e-01 6.829338989892992373e+00
-9.214992145469011575e+00 9.504144522408596529e+00
5.359664133669129527e+00 -2.491384482176312254e+00
-1.009876990130309515e+01 -5.059705493788224651e+00
3.290143140590489068e-01 -7.019723754195332788e+00
6.217568287579177344e+00 8.879918344569025734e+00
-2.887027756203957907e+00 8.636044183772405347e+00
-2.689458651721567062e+00 3.128939310087016867e+00
6.321006567974343238e-01 -6.549692391558134652e+00
-5.916191899672778032e-01 -3.999620002514858719e+00
-6.424761789049284744e+00 7.613749637550714766e+00
1.607024734515823727e+00 -8.023565874355124805e+00
-1.874341418562967432e+00 -4.518747087357711578e+00
-6.344138386007390551e+00 -1.422122494461843800e+00
-8.584907165641157967e-01 -2.005867947775360705e+00
-5.876517636374599896e+00 -1.021789860033065489e+00
4.011598560469023411e+00 -7.785691832216020458e+00
3.111626865894523419e-01 -1.608208587281604540e+00
-8.743284706467269629e+00 1.030431650048160819e+01
4.735506680381016409e+00 2.964655904311852552e-01
8.055961911194511771e+00 5.514134478887887880e+00
4.754690832474768314e+00 1.407484550070995599e+00
5.376354214901800432e+00 7.703989416893386455e-02
-8.303299670800829979e-01 8.768196393669599686e+00
6.104229149809501820e+00 6.215539943714869509e+00
-1.491100757599005844e+00 9.885454523731860732e+00
8.439311047778410568e+00 3.156700102182585788e-02
6.421724078070695008e+00 8.957499540481128619e+00
-1.421332921850347430e+00 -8.167291447409237293e+00
-7.665543758321716084e+00 8.728057654737513715e+00
1.680155309991712143e+00 -7.456078036076380755e+00
5.016660292172049118e+00 -3.193418653427613219e-01
-1.053064351574706237e-02 -9.019966461397002533e+00
-1.131088017874689022e+01 5.429336356057255841e+00
-8.025563742158816183e+00 -7.119730622375139539e+00
5.458152632134179782e+00 -3.090523840876008954e+00
-3.228856411394542381e+00 -9.001228368389575518e-01
7.216389118886446852e+00 3.006342603103735911e+00
3.726379224916019250e+00 -6.758909226522259672e+00
-8.205373337773162135e+00 -5.381984060729622321e+00
-3.338198827233274546e+00 -2.372189417420692781e+00
1.904585413493091295e+00 2.641670904748038229e+00
8.941473874847734038e+00 1.375156577327944163e+00
-6.008815144818513421e-01 -6.651800294037170325e+00
5.083130978232279773e+00 1.333853555587295148e+01
7.084203075280721684e+00 6.902319921310044570e+00
6.574826727671637450e+00 -1.180650562741366150e+00
-4.043392606189549987e+00 5.160641269856016677e+00
-1.732203895786193382e+00 3.396648046555412748e+00
-1.078328972056563551e+01 -4.711917538084357204e+00
8.152980798929228001e+00 -1.856169006927387732e+00
-7.587054180147256854e-01 -8.273589273471444017e+00
9.247133531250266714e-01 -4.637801617004202903e+00
4.711878113589867745e+00 9.529288843597331748e+00
-2.106045063559913721e+00 -1.131960179040232717e+01
-9.029652881396655673e+00 -4.350731466934284697e+00
5.179890203551847705e+00 -4.067100245889037957e+00
1.163041706920819429e+00 -4.957183727083526392e+00
-8.002457673044183650e+00 1.324643592669695114e+00
1.683658649210404423e-01 -4.749017633397574656e+00
-1.559112882032657410e+00 5.006916292176964767e+00
6.267744233688087974e+00 -4.110582605254414545e+00
-2.979143193275795021e-01 4.864137472990671895e+00
7.004563458845963986e+00 7.801770904061300360e-01
-1.118473218636022715e+01 -6.870760213963567509e+00
2.102416519291759656e+00 4.072345170583733243e+00
-7.293174475685213487e+00 1.143004088395375106e+01
4.483723884405363513e+00 -1.689527476968849529e+00
2.192279095743999484e+00 -1.976680482232522351e-01
-2.169841434316170936e+00 7.997820347243932204e+00
-7.180492594280471153e+00 1.369737132951700076e+00
-1.534726112965953959e-01 -1.272491472303102000e+01
-5.641976955152637530e+00 8.790394605286557805e+00
2.238262391957344999e+00 3.411510250975672065e+00
1.106492305764997575e+00 1.331891663175159835e-01
4.570649397236129730e+00 2.779011447002742052e+00
-5.575256101371600437e+00 7.993943556353846347e+00
2.623323853293335173e+00 -3.967209699345957574e+00
6.534515834478018981e+00 9.467751797189761120e+00
-9.280256954826285209e+00 -4.426983489630665680e+00
-3.362987893012168605e+00 7.444803685059167009e+00
3.173224182848241703e+00 -8.103955284489710920e+00
-1.014960157632244009e+00 -9.073561049297909520e+00
-7.320714155447570093e+00 -2.671520180262600519e+00
5.936287241411420723e+00 -2.359544910069788948e+00
6.886921078780723349e+00 6.316416716395501396e+00
-1.881517709105991809e+00 9.180656676196635502e+00
-7.142315967240823404e+00 -5.658028296693466075e+00
3.063297381568773847e+00 3.124920648505758791e+00
8.043501583719718795e+00 8.854184539004529952e+00
-8.801911489313486214e+00 -6.006525258923609556e+00
1.022927900059983131e+00 1.715178833734721797e+00
3.363697793933950297e+00 -2.917812924639151984e+00
2.773786042488332715e+00 2.141079972202159176e+00
7.872049706858195606e+00 8.257917459602625243e+00
-2.126612471173916052e+00 9.014583634199857087e+00
-3.182888665238152726e-01 -2.291113621785484611e+00
1.952712338170907724e+00 -3.848255167365554286e+00
4.993115509461011570e+00 -3.032640404996481465e+00
-1.091022442985511987e+00 -9.084663360791084941e+00
-8.812671194273571373e-01 3.351327207843606715e+00
1.019428064787051191e+01 8.494136793514891481e-01
-3.472594561960280046e+00 -2.568322100051353196e+00
-2.074430374399569121e+00 4.394677044873568583e+00
-5.342544361596985425e+00 8.365662065352136523e+00
4.418409485100348810e+00 -1.321084405221142344e+00
-4.200398904340577388e+00 -3.793789342855741209e-01
-1.194160181544754806e+01 -8.990687987182099050e+00
-5.970780669934114826e+00 -3.667914038741139748e+00
-5.474216611234969943e-01 -5.836740384056828823e+00
5.040626373234741386e+00 -9.712848553801740614e-01
-4.754917418649383443e+00 -8.434028475510946254e-01
2.321337498650116071e+00 -1.728853203707302333e+00
2.939871287060839222e+00 -5.344148654862377334e+00
8.462974335158991224e+00 6.839467279341455708e+00
4.594980578225297485e+00 1.183500736601613035e+00
-1.120613268224308356e+01 7.226578092650106200e+00
3.185736167624339643e+00 -3.711221539832735061e+00
-4.267002869449020963e+00 8.477695822384379909e+00
5.472355292531130289e+00 -2.907736835732596781e+00
-1.097190232435088575e+01 8.936732137306327317e+00
-2.907715272397365158e+00 4.776301286589263562e+00
-9.418446363169751478e+00 -7.127735368272356098e+00
4.939449820393094548e+00 -3.828398469722144704e+00
9.324068448492974781e+00 2.266555484306559620e+00
-1.713138361369453300e+00 -9.664066105293132480e+00
-1.415500724924898535e+00 7.869925577489990332e+00
-8.550636888702044303e+00 -2.238399686421210788e+00
1.984954618315159403e+00 -7.340359062990970962e+00
-1.810256722383358552e+00 -2.463271575545365799e+00
8.019077230070745799e+00 2.363451988113203228e+00
6.105845675710644294e+00 6.779936007050086921e+00
2.773414443537619345e+00 -6.491724085709191350e+00
-1.044175382703949051e+00 3.809643321122546222e+00
-1.210352313727575790e+01 6.037349690358972509e+00
-2.499917676772932751e+00 -1.781453827512105903e+00
-3.982660614843944735e+00 5.193055940802948633e+00
-3.105279464489879793e+00 9.214839669079983864e+00
-2.511636783494722636e+00 -7.167910645265051173e+00
2.892527492964413138e+00 -3.899955901343686193e+00
-8.885142394259236909e+00 -8.327862713017688989e+00
-6.428197588695500286e+00 9.876360008162194504e+00
-1.066158561987940345e+00 -3.317127756349803835e+00
6.351113032199499742e+00 -2.120074658457423489e+00
-3.787157527118581335e+00 5.149985415889019258e+00
6.391329486461929221e+00 6.302629380264453296e+00
-8.426412673336689529e-01 -5.847256742018016595e+00
9.431073204119375220e+00 1.088461990362214804e+00
-1.077244718410192270e+01 5.621164237732694247e+00
3.796445491977947562e+00 3.579799787717284687e+00
-6.790946276740480236e+00 8.570937473094035752e+00
-1.924445483493916198e-01 4.403415543653997233e+00
3.531606036857186659e+00 -4.984342451428705800e+00
4.279287590025919741e+00 -4.022868605178051560e+00
4.068347081754788874e+00 -4.533285636436552579e+00
-1.726498798196120177e+00 3.670089554919320207e+00
5.363528489357323181e+00 6.890232794226389679e-01
-4.046252249868071971e+00 -6.770496247385051625e-01
9.754444519623454823e+00 1.262399392751037075e+00
6.776298174354334236e+00 -2.190129617322400080e+00
4.160696695057522376e+00 -2.535565508595530204e+00
5.997718877143638494e+00 -3.425317960596769851e+00
-1.102989921232069470e+01 8.015847622376734094e+00
-7.610170995461940535e+00 -6.502709914777626388e+00
4.689288375001600784e+00 9.229227217790453963e+00
-3.920313961386389101e-01 2.666217981622196476e+00
4.440215227804785059e+00 -9.777146169468560188e-01
-9.223722495643484010e+00 -7.056667630908902034e+00
2.498993810358009160e+00 7.735887055623185127e-01
4.430063425877179384e+00 -6.978283133369312274e+00
-9.964732607160330602e+00 -9.036643028952401124e+00
7.930906394042958496e+00 1.125719609872716909e+01
9.285222089915890820e+00 2.591876407636947377e+00
2.895636949039574581e+00 -4.788154415108508033e+00
3.192690636165899321e+00 -1.466171312864122278e+00
6.141239727249212521e+00 -5.265623932964327736e+00
1.858331064741207683e-01 -5.183470588484444086e+00
7.856266851404229534e+00 8.498626907750537640e+00
-8.416689751523856344e+00 -4.361257269311984430e+00
1.466801217747906616e+00 2.123266055707483169e+00
-2.889707616880878849e+00 -9.595324347798689146e+00
-9.455582459884174895e+00 5.968311955538150748e+00
9.227335217555770797e+00 7.827408075930937237e+00
-1.034084327441883389e+01 7.383326098938082005e+00
4.616434456449214352e+00 4.845112606902836738e+00
3.026462793417374897e+00 -7.420937370541444977e+00
-9.584225381726064086e+00 -7.106563491228713225e+00
7.698911422166547780e-01 -9.230121683456451009e+00
-5.216115246387641236e+00 -1.655353685511246287e+00
-1.483689872227290873e+00 -9.692782927598123877e+00
-7.651558535762291058e+00 -1.420894155212295562e-01
2.156820657127922480e+00 -4.996185202863880903e+00
-2.995819099423121301e+00 9.710934687380101238e+00
2.981332471185777155e+00 -5.692711066227206906e+00
4.408456998229310919e+00 -2.817479829663326552e+00
-1.416822308135721187e-01 -1.019073678493897717e+01
-5.830977702269460217e+00 9.636879748621415942e+00
4.850908155250543530e+00 -4.497048615826923168e+00
-1.894458059021142171e+00 8.996339242828614857e+00
2.019778967202007447e+00 -6.438557946721834568e+00
1.268215043076128090e+00 -5.010038304089134975e+00
7.358118570048671758e-03 1.539281127632202262e+00
-5.062976986366505727e+00 -3.081227055772794099e+00
-8.384657394422713850e+00 -3.253024360114754820e+00
7.343306002785068287e+00 -3.241207253816980938e+00
-4.253563872618349784e+00 1.004913118070627931e+01
8.871351439630577040e-01 -5.662260659874888802e+00
2.709802663515321619e+00 1.041110992016097470e+01
4.927739176373450825e+00 -2.688799718406426287e+00
-9.890653534150565251e-01 -8.065061161362800490e+00
-7.950379694328797875e+00 -6.246316984073730261e+00
3.378555161562780906e+00 3.188391475807722752e+00
-7.616054857236698616e+00 7.252371911813477734e-01
-7.282819330126746316e+00 -3.726046195476411249e+00
-4.818979240455380619e+00 6.680803201552910409e+00
-1.025031177684875949e+01 -6.774246798539599546e+00
1.135233074993864388e+00 4.489661301601319821e-01
6.932435476394910978e+00 1.138395086169780690e+01
-1.190299571302385573e+01 9.790076768479046621e+00
-1.307568840373588115e+00 1.006673021019378389e+01
2.532043294046512294e+00 4.534052035319655616e+00
4.124857956896325284e+00 1.281292360667533048e+00
-1.245436759840575780e-01 3.809008440426910003e+00
-9.869482637139431747e-01 -1.044379870691263079e+01
-7.090050772046210703e+00 7.716702151531598552e+00
-7.499002730093626834e-01 -4.607283296625539037e+00
-1.039955313814279947e+01 -6.316999880184473781e+00
-6.436539417776142358e+00 -9.755649356705653474e-01
-2.122599199836018968e+00 -2.809177130446408821e+00
7.357544701083221783e-01 -7.777389207246129921e+00
7.592479342953146748e+00 -6.490007385188553135e-01
-5.717683701771732352e+00 -3.692367543322502055e+00
-2.300305567471103707e+00 9.303682849690771306e+00
4.831143298563373101e+00 -2.537482993858132030e+00
5.040691056224012812e+00 -5.398079007025335940e+00
-1.041905507391017771e+01 -7.000735703698690138e+00
9.075651699488865631e+00 6.125615130830709409e-01
-8.541044445046033218e+00 9.163772858095461160e+00
-3.915636848679857618e+00 -2.420118029492708267e+00
1.843607128987982069e+00 9.177492980260071320e-01
3.437117872071104863e+00 1.162327125427048102e+01
-6.298145968546640994e+00 -1.870794098707369235e+00
4.899480685814316061e+00 -8.433385386507723513e-01
-1.142906774834695494e-01 -5.933714266469415577e+00
-8.240471612545135827e+00 -5.374869313860571651e+00
-7.624973525659735074e-01 2.933324941241856720e+00
5.509674402014899997e+00 -1.085364835319913901e+00
-8.796593374578588254e+00 -2.361123639221094805e+00
-9.002633759917340939e+00 6.994514797943455875e+00
3.467418569190722444e+00 2.264098356993433203e+00
-1.965731139091207336e+00 8.259038565517428765e+00
4.167784842737607853e+00 -5.688737064094198104e-01
6.523552292174320755e+00 5.327350513475750393e-01
4.261322856151029015e+00 -2.585854386268185312e+00
4.522975212887933694e+00 1.334575900864968023e+00
5.919363540468958185e-01 -7.285334805972456529e+00
-2.729096008131479678e+00 1.053602822852738186e+01
3.797327793684575070e+00 -1.618412696394722960e+00
2.265173715285168088e-01 2.825070970853949426e+00
7.426048090385917178e+00 7.352063771465718212e+00
3.957743283784290078e+00 -2.294784031644340416e+00
2.106811601080799790e+00 -5.867184715332561140e+00
1.843113815399156197e+00 -5.783779276293598670e+00
-8.528624743838373323e-01 9.023681240891010091e+00
-1.122508990912770344e+01 9.339889547561911698e+00
1.080037113652200897e+00 -9.075088214104141127e-01
-6.288886186383892962e-01 -9.168965168196722360e+00
8.696511228432379781e+00 7.591927843099060880e+00
-1.146502857165339684e+01 -5.259045245740031405e+00
-4.862597577051252173e+00 9.197794259247231707e+00
6.764372259493923067e+00 6.864068853348914701e+00
2.392681170200589680e+00 -1.253414033126419191e+00
4.505940930565863312e+00 -2.549568445906082559e+00
6.975488728438284269e+00 6.989244627109112429e+00
3.870695913252847120e+00 9.069039425812764676e+00
7.710874555737694536e-01 -9.173450175185149380e-01
7.727611947593711506e+00 -2.360185943745894299e+00
-1.045491848474744323e+01 1.124839846033258262e+01
-1.904860964486392527e+00 9.459229670097307974e+00
-9.066760743014237178e+00 -2.328079270121844679e+00
-3.532620633487710826e+00 6.179768054312440917e+00
5.273958037327718174e+00 -7.402020629265210871e+00
3.497891892975657946e+00 -7.762651076918375637e+00
9.576046954629628516e+00 3.017446798021173660e+00
7.097988137553013388e+00 -8.975494190311733567e-01
8.475976677453024521e+00 2.650242509316320216e+00
-3.605183658387100643e+00 8.626592867517041796e+00
-3.062656589988402622e+00 5.522202269935654328e+00
2.473955636824503479e+00 -2.779709780292650922e+00
-5.978240986622236797e+00 -3.483315725426969767e-01
5.341456237598801948e+00 -3.008310871848698831e+00
5.473569615007548350e+00 -1.543583100591665591e+00
4.103691532872848491e+00 -1.870098660804847768e+00
-6.210023433762239975e+00 1.049118785926067865e+01
-8.851743863269993184e+00 -6.086416991669722165e+00
-1.089788609533801100e+01 8.874647401593490414e+00
1.306727291349552678e+00 1.892851685362635372e+00
4.162435131929743015e+00 1.099746673968939881e-01
4.608931653285414320e+00 -5.605724091987900337e+00
3.040010350206254763e-01 -9.254813458059020448e+00
3.820600668098198316e+00 -4.849167784960666694e+00
-2.736788152417448217e+00 7.422590352358615640e-01
-2.591907221484355706e+00 -1.082203119966851590e+00
5.634270211052276878e+00 -9.026651512500154517e-01
-2.530025633392193551e+00 -9.712657800166937250e+00
4.965840823769638313e+00 -7.748003214912627667e-01
-3.360886141142117367e+00 -1.914030984029702065e-01
-1.103687317640149068e+01 9.891929984512069396e+00
-6.116296636352812399e+00 7.125810955333641949e+00
-2.263338951917165609e+00 -8.129000590847880403e+00
1.946020476925971909e+00 -8.202485957920268689e+00
-7.050339290705545103e-01 9.184092636184324476e+00
2.779126240001841275e+00 -3.491188176240891394e+00
4.927555623651123540e+00 1.922127444444473587e+00
-1.282491416078195101e+01 -7.215677391272075525e+00
-7.057137604986048807e+00 7.582359696033901919e+00
1.875224697702553289e+00 1.068010963937573443e-01
-5.485183597430435043e+00 7.877494270443003543e+00
4.748211687535693670e+00 8.352092884703807840e+00
9.249707029090073473e-02 5.302844799136025244e+00
9.120225025300348065e+00 3.178189685878945347e+00
6.905135832068105550e+00 -1.690097120570127176e+00
-6.362888139005065113e+00 8.133507267600212032e+00
-2.193065440701382318e+00 1.383063990101728757e+00
-3.762353586645192038e+00 -2.087448374903216664e+00
-3.144041623730171153e+00 -6.576719639822719898e+00
-9.861556331593835267e+00 -3.371468569009809180e+00
-8.203608955025366356e+00 1.012770573953825348e+01
-9.036744024005407994e+00 -5.158643977967060756e+00
-3.749072884709859554e+00 -1.559880406117343465e+00
-4.614747826847698242e+00 6.688420627621528780e+00
3.797313195785893658e+00 1.165433875306313638e+01
-8.514892978241169530e+00 8.606190643022078035e+00
-1.813028262338985952e+00 7.978617560197035274e+00
3.272743234895614250e+00 9.984442885165325521e+00
-8.576138643189134214e+00 1.074961478222446232e+01
-1.045589810282389465e+01 -7.182565077985977986e+00
-3.454087941472653966e+00 -8.926428405089426477e+00
-5.112083471250825184e+00 1.706053856165526961e-01
7.844754138854014514e+00 1.536090879234798257e+00
-8.852262600907700119e+00 -8.642458219906032468e+00
6.451669644302658213e+00 2.585694255435913913e+00
-8.071587165654236173e+00 1.017968496677598012e+01
-6.589898555418805870e+00 -4.242512795230570788e+00
7.100357308286102231e+00 6.711466911829962356e+00
6.735261980932305548e+00 8.294334140218897033e+00
-7.144084739115785787e-01 -8.458941443509614189e+00
-5.039460062887413550e+00 -4.144704407984143302e+00
1.988360625812787275e+00 -6.825071867473470277e+00
-7.506612938075890362e+00 7.885984505753296681e+00
5.606519124745681815e+00 -2.236240050123123879e+00
6.079884339806883808e+00 -1.468557375472438142e+00
8.664033866707864462e+00 1.523516525958144019e+00
3.714396139930504326e+00 -7.959294990036937634e+00
3.280330102454159125e+00 1.040942361008530526e+01
6.573853746366009609e-01 -3.355577900757796161e+00
2.229763963289475570e-01 3.922734604850586670e+00
8.301503052001910632e-01 5.749193717451034580e+00
-1.041427463623721827e+01 8.316880617905093587e+00
7.032234534855970054e+00 8.636373141457925229e+00
3.891223809381813226e+00 4.600733396371926354e+00
-3.610780637849545727e+00 -3.447999247567208325e+00
6.508640931606945124e+00 6.307892270865298467e-01
-7.108809778047198158e-01 1.018491691993597215e+01
5.818195982987750980e+00 7.031047764055376348e+00
5.009766615481781926e+00 9.318837854477376226e+00
-3.522275937249967903e+00 -3.689179277489063491e+00
-5.846620912203271736e+00 9.610835663466509970e+00
-2.268252083163551092e-01 -4.398290901041598033e+00
6.794490960609365970e+00 1.045302724401658878e+01
2.154846205993091068e+00 -3.692387150659512507e+00
-2.490878931907913429e+00 -9.585981718079652936e+00
-2.436232082561316403e+00 8.395918365889963653e+00
5.643504296880362148e+00 4.664823474455117136e+00
4.195971432447125338e+00 -1.947464426882993926e+00
4.436309815858614947e+00 -3.790521127477030738e+00
-1.468990214418965934e+00 9.405654170573239270e+00
3.422223226368714677e-02 9.800195656323301918e+00
-1.157804596757822146e+01 7.158088778251058493e+00
-6.487128977420290710e+00 9.723949186538058953e+00
9.542114242043990835e-01 -1.110100732442136895e+01
-3.587971677165435747e+00 7.377914129331371029e+00
-4.694985791245903428e+00 -1.973261834618148081e+00
-7.281797195443417081e+00 9.887614261077262157e+00
-9.203405675811392683e+00 9.112298729393637942e+00
3.857209559085082340e+00 7.259589845613605874e+00
-5.131022302849279626e+00 4.030539039908113352e+00
-9.249986068261401684e+00 -4.631723584918260528e+00
2.402563466615152965e+00 -7.878186744670691688e+00
5.108235921142318503e+00 9.139285558606745852e+00
-5.745335334741485056e+00 -2.450529238137343357e-01
-9.711057298267348870e+00 -5.106537769288687301e+00
8.238743068637381484e+00 7.689369364686241326e+00
-5.052288606070241883e+00 -4.213560239177358113e+00
1.156671113134694728e+00 -7.014376985237824158e+00
4.035011734361527935e+00 -5.820213930838580296e-01
8.033442227213301479e+00 4.146153042384832510e+00
-1.824123894553585590e+00 -2.538304881662353019e+00
-1.408772727937361857e+00 -3.914490006042328663e+00
-9.556028757107327465e+00 -4.408969511496330540e+00
-1.391332409638831979e+00 -5.834815553198073879e+00
8.402744309633366271e+00 -1.891435427401519931e+00
6.668352950680586311e+00 -1.215501784616014991e+00
-9.254713349324855898e+00 -2.274559377335014787e-01
-1.461963957227690569e+00 8.111118700446802166e+00
3.858504080134720571e+00 4.262017999111487043e+00
-1.205893629250337895e+01 -3.986968198168798772e+00
-6.737954844745494221e+00 -6.703113288315073248e+00
7.449651966928020563e+00 1.537700403938980775e+00
-3.489795310460116706e+00 1.009855317253219908e+01
-2.286727943169818644e+00 -1.097926643091057697e+00
-8.048203067940885802e+00 7.528161942386318195e+00
3.280987619702201208e+00 -4.352297042882350198e+00
7.223415121542020145e+00 1.701804987256947621e+00
1.809339370733054730e+00 -6.724298620962496642e+00
4.046443484430976234e+00 -2.475427986211196085e+00
-2.117496931328783027e+00 1.047874004676231507e+01
-1.500219312811146066e+00 4.245689260986011071e+00
-3.210923646437409129e+00 8.964981526477830087e+00
3.106718375978300806e+00 3.963389838534260967e+00
-9.653079502734483341e+00 7.309820331315520114e+00
5.387610913718777539e+00 -2.461348228124188520e+00
-4.626566970586027949e+00 -6.452243942866275894e-01
-6.765360617643103147e+00 9.320188860416497079e+00
-8.580382406816656982e+00 -6.511548588763290901e+00
-1.913478393966045799e+00 8.084966123826855977e+00
4.579663180297980141e+00 -4.730977089953467996e+00
-5.932144219793909379e+00 1.003156783457027856e+01
-3.691027749092971266e+00 -2.838105147997678213e+00
3.770094271215764792e-01 -1.178283738073267806e+01
6.654999664083749877e+00 -4.218826856890975918e+00
-7.276043257898557215e+00 -2.992885702109553847e+00
-1.055036933383101427e+01 -7.803213895137050216e+00
-9.924785178532259167e+00 1.051591542270198687e+01
-3.105258613539190193e+00 4.150160973119335850e+00
4.461722809222960606e+00 2.897357146022623731e+00
3.659123106547429671e+00 -7.251023560780518018e+00
6.985199055385210798e+00 8.541936819169723805e+00
-3.653195847104171001e+00 5.923825923095958679e+00
8.045064532283197067e-01 -4.389000911941410621e+00
1.968652597149695538e+00 -5.235432527078801357e+00
4.785319987476074566e+00 1.046067195406075889e+01
8.813918732428346559e+00 7.481399264133535842e-01
-1.014038606471167547e+01 -8.671993824402923323e+00
-5.580977099293683352e+00 7.473327028610832201e+00
2.335905771288935728e+00 -7.743001286312477305e+00
-3.104299403963048487e+00 -1.544461820808080921e+00
5.805501248410182669e+00 -3.573562358871934741e+00
-1.200426835900582745e+01 -5.251696860173569625e+00
3.716722461409474043e+00 -6.410237687608813850e+00
4.103163828688765058e+00 -2.005772859942159592e+00
5.331818336841008588e+00 -5.150491350675142854e+00
-9.516511996099904280e+00 5.453671632939308012e+00
2.941167724857788990e+00 -8.030134979328114042e+00
2.633529881394389260e+00 -4.160207801600510180e+00
-1.152553145438386117e+01 8.099064780972049959e+00
7.723971556452705611e-01 3.967904782803249208e+00
-6.649997374654936344e+00 -6.408514141947993181e+00
-1.029859560324546131e+01 8.574901882107736739e+00
7.703798400375619693e+00 -5.339764678508707618e+00
8.663252071058247239e+00 2.382162424165807924e-01
9.300380831843066964e-01 -1.811878714302111781e+00
-1.668832666323721847e+00 1.984477548561996763e+00
5.846532195143050004e+00 -2.065490397177264459e+00
-6.033945890443055404e+00 -1.583347449108923888e+00
8.271651804619041926e+00 6.041706415372990691e+00
6.299509323674312711e+00 -2.122911372740826419e+00
-1.090454598564838662e+01 7.284835069524710605e+00
4.696274599258277505e+00 8.793684536106383121e-02
-1.259156081719904119e+00 -9.881016303885930441e+00
4.523665736137045812e+00 4.215509049811469566e+00
6.781577415225528149e+00 -2.743508960216580750e-01
-6.165656005397352146e+00 -2.143364559550607673e+00
-1.337947522101698428e-02 1.756926001717282526e+00
-1.000028847042491265e+01 -1.001434880055695231e+01
3.357760430774540117e-01 1.500109539123537283e+00
6.958688667427076702e+00 8.272974250146637232e+00
-1.106272547526524086e+01 8.711134831867923367e+00
-8.800717736070962971e+00 -2.673237457660506244e+00
4.867552234853376625e+00 -7.501323928411066433e+00
-7.281108110902600572e+00 -4.314600805151115104e+00
4.373489638242465283e+00 -1.636901960472966433e+00
-9.340931868408716809e+00 9.071776259530658137e+00
-8.612524544760690404e+00 -5.073476770505766176e+00
-9.020930860962552700e+00 -9.785013172037150042e+00
8.061916806090950516e+00 7.241643460156805823e+00
-5.041912259607331137e+00 -2.828895671389926481e+00
-3.204511908193612868e+00 5.656625340631284082e+00
-5.129564058835402562e+00 -1.082885527901650047e+00
-6.512263497740482521e+00 9.645984365657147563e+00
4.069868357989359531e+00 -5.347421971562461351e+00
