-1.364897862254685235e+00 -3.575671564649196554e-02
-6.121384113709927632e+00 -1.773880109012427653e+00
-4.754186690643559032e+00 4.215299050139236670e+00
7.162332012096388922e+00 -3.402302710810830355e+00
-3.564084258429168095e+00 -3.664762231018984462e+00
-1.946326853422227332e+00 -4.735053024063031302e+00
-5.093908373976547388e+00 3.443773280837494344e+00
3.639961259110986003e+00 7.683291533693725306e+00
-9.510419767394736823e+00 -8.289015782477804350e+00
-2.140537365607987130e+00 9.842241483021886950e+00
-5.721548642976777899e+00 -1.424319734806571924e+00
-2.815396548572487667e+00 -3.757594782615041762e+00
-1.097819547784641747e+00 -4.987898141104859739e+00
3.926270089892695214e+00 7.794977391837750069e+00
6.912838912844381234e-01 -1.096136172064226066e+01
4.259297807031359184e+00 -2.949274777124099689e+00
-5.672409910004079237e+00 1.015280767926093120e+01
-2.241248576494450084e+00 1.030178392291300327e+01
8.096628695753000926e+00 7.963785627817650870e+00
-9.993792438447416160e+00 -3.704768714344431668e+00
6.665074153379184629e+00 7.380415797455763816e-01
-8.575579787822679378e+00 -4.274633798615768754e+00
-3.662930113166517287e+00 -1.034222270601313109e+00
2.590675453320909760e+00 -3.893528126843910808e+00
6.427857136082449685e+00 2.144654799705197679e+00
-8.108760791396763423e+00 8.004151356683957275e+00
-4.374358556034168899e+00 -3.511089698440081897e+00
1.369390366575903961e+00 -8.131090239594602309e+00
4.928648664126331624e+00 6.873233800220670986e+00
-2.942220811840666528e+00 8.100627528089470175e+00
3.147778386439310516e+00 3.563273615932117444e+00
-3.231010076829561761e+00 -3.413086348054661379e+00
-1.886386314959630051e+00 -3.319486424589369378e+00
8.222788254097389782e+00 1.517996595022539141e+00
-2.942872071896931896e+00 -2.371662507012132881e+00
-1.615496464350258732e+00 -4.046658381571528906e+00
3.791772160038001438e+00 -4.704443535301939150e+00
-4.474310525517696924e+00 9.461488360858067992e+00
-3.592596034093297752e-01 7.042430130742776129e-01
-4.801997023074180859e+00 -3.552111999800704467e+00
5.296403731067789167e+00 7.261387053581653817e+00
8.513950149393556543e+00 2.211706121382356116e+00
5.299841849174729447e+00 1.082214577126683608e+01
8.167698068849922777e+00 7.410267463853236869e+00
4.635908532323076869e+00 8.341387471592355496e+00
-8.926827671498520189e+00 -5.001623962719127015e+00
-7.766155842195836101e+00 5.036693619144001488e-01
-3.328678373946102553e+00 9.394280174477943390e+00
3.366448598506499579e+00 -3.486497755169240431e+00
-1.152207979532701287e+01 -8.198277883557654633e+00
-1.639280181789724233e+00 1.332918980803865949e+00
-3.387758743344558621e+00 -1.579866776317613075e+00
2.452089522231569951e+00 -5.641102594151055527e+00
-1.240458355360581066e+01 -7.647666527707570161e+00
-6.883253554467366087e+00 9.612186136819889093e-01
-3.895985999317681525e-01 -5.455992687329743518e+00
6.551581704485943902e+00 7.450413842822351640e+00
-7.094872143006918819e+00 9.471061247276377770e+00
5.309695610937009924e+00 1.012120116501380807e+01
3.889939223776040400e+00 -1.185536002501702102e+00
-9.166320042974163584e+00 8.318695678162892904e+00
-6.652887070556268156e+00 -3.050023767642884742e+00
-7.113302275996840507e+00 8.606962314099972033e+00
-3.067332146237982116e+00 8.407494187572240207e+00
5.356414695854423869e+00 2.728176325188584883e-01
5.596690956305280906e+00 -9.654625573973654173e-01
-4.658561429513808250e+00 -1.319775057983290312e+00
-8.181054686489531491e+00 8.073053828943749011e+00
-7.431010623068870835e+00 8.377060753524798287e+00
-1.298753889514869808e+00 -5.614824441043379188e+00
-7.859835152270425951e+00 -4.525092597020285545e+00
-1.679884307964797596e+00 -6.768013499256675392e-01
-3.734218222335715875e+00 4.932693308523874443e-01
-9.602682069557536337e+00 -5.222558835719668835e+00
-1.094033513451527817e+01 -8.107228044264077838e+00
4.308299246397031546e-01 -4.777658168421813123e+00
-1.676455388474211716e+00 -6.261867910083937616e+00
-2.939902767372530867e+00 -1.856182552252037876e+00
-1.077423321970078618e+01 8.404862675645517811e+00
8.073396942046047187e+00 6.282515392469149695e+00
-9.918221609284531004e-01 -2.179487764031542874e+00
1.544125882892943391e+00 2.591701341658284363e+00
4.491789359847710550e+00 -6.088208877597094393e+00
8.489411927417707560e+00 6.794445118723222432e-01
-5.505046173347969418e-01 -5.610356347577677205e+00
8.620319838562086057e-01 4.203844194153252722e+00
3.043149143467225759e+00 -5.174997161581609717e+00
-5.131848485797572579e+00 -2.306634014880330152e+00
5.519816912793206187e-01 2.776452255908777200e+00
9.862891125364354750e+00 5.877923133893819818e-01
2.682932382359083157e+00 -1.549960108831700323e+00
-2.386444698454747826e+00 -6.302553114089147535e+00
-7.237537420341990213e+00 -5.509420507490760954e-01
-1.280824707201674073e+00 -7.249830192088905889e+00
-7.417686459008204558e+00 9.132595576905943702e+00
2.597442143050064378e-01 2.448961560005273874e+00
-1.315130626431354921e+00 4.012502844148901460e+00
2.502577962012031421e+00 -6.153435728492243406e+00
-6.931673687379319659e+00 -1.171836584503233913e+00
-3.134475156897170489e+00 8.339402339760649596e+00
-2.092962730466317200e+00 8.900655044151385198e+00
-3.675690027538671689e+00 9.732932802305928277e+00
-1.146376031168430742e+01 -6.368156637237347262e+00
1.892488754725118794e+00 -7.589564875637728747e+00
7.613693990467656825e+00 1.473632441971461260e+00
-1.049301153868942649e+01 -8.627819441065444295e+00
2.316736847737758787e+00 -8.085392262471900793e+00
-3.576040472186992503e+00 -2.880875460032943813e+00
-1.249161969022876661e+01 7.635780857825341883e+00
4.667505071264925753e+00 -2.049179179794986538e+00
-1.225766011529672017e+00 1.561512945306755107e+00
6.192802217030989986e+00 1.039105777742324221e+01
3.590722167315337554e+00 -1.725656464182663719e+00
-7.910226448141698619e+00 8.922532658189304300e+00
7.905742959530615011e-01 -7.510100839540010398e+00
4.805053263702458999e+00 -2.612310931260051206e+00
-2.969755215603346876e-01 -9.404703909690388386e+00
-9.373652652872310753e+00 6.371280711132023100e+00
-7.526436537035058549e+00 -4.135471259523128218e+00
1.444152665678299030e+00 -6.515751265380490764e+00
-1.107596380807221692e+01 -4.637349222196963439e+00
-1.026348318792205383e+01 -8.485851512839655442e+00
-1.689050994154378094e+00 1.652526869352268779e+00
-2.562221290936387064e+00 8.582208342704829462e+00
9.372567791870565657e+00 2.981673029017684051e+00
2.446328427151228890e+00 4.798938808743656637e+00
5.577911288035839021e+00 7.624066655403192172e+00
7.844057505475160674e+00 -2.768333672229939424e+00
5.200162473753527692e+00 1.039703394203550957e+01
-6.515570837328638731e+00 6.729344143138641599e+00
6.073460090538678635e+00 -3.783362126139696358e+00
4.647844069488358265e-01 -5.496046021095444267e+00
-7.832006908842314985e+00 -2.040386171817802463e+00
-1.417636312197078308e+00 -5.038977766206718556e+00
-3.929243114389146196e+00 -7.015248144222111293e+00
1.441931483182325557e+00 -1.019157100757208312e+01
-8.391863602628573560e+00 -8.106808810546013433e+00
-6.392081053285288306e+00 -3.320132388263320244e+00
-5.146584643250005087e+00 8.561545529419069211e+00
-4.885035403474152105e+00 1.572373609101510583e-01
-7.798163667653741804e+00 -4.133149216946048199e+00
1.701589908277493457e+00 -7.827640125093432211e+00
-7.273955334875115142e+00 1.583955973273195372e+00
8.349487736331958843e+00 8.252100077880472284e+00
-8.556490113212850801e+00 -4.481196862363500344e+00
-3.146313929522071895e+00 5.863575847524297835e+00
-7.003979165132315110e+00 9.471894293747892490e+00
6.099954642017775264e+00 9.226106967229963374e+00
6.971129902252878097e+00 -3.088075834002542486e+00
5.378464973914176994e+00 -2.128057307435257339e+00
3.993144378072520873e+00 6.529186202888745072e+00
6.866164307056566329e+00 -8.559718278524930390e-01
4.442332881316286119e+00 -6.877593916268636143e+00
3.449568158616397540e+00 -3.086598769779500095e+00
6.871454693431791050e-01 5.879177339999347218e+00
-1.054742689442236703e+01 -6.364362260038699759e+00
4.186235434484872009e+00 -5.826513220357321110e+00
-3.673491306836063508e+00 7.148276468204553424e+00
-1.189785402355794730e+01 -6.892558326120312273e+00
6.831825406883107021e+00 -1.422281728994051031e+00
8.536847080427013568e-01 -6.436811267134660675e+00
2.108536338421664880e+00 8.425086730078048092e+00
-1.195777336499924015e+00 -1.066886638817959998e+01
1.457591152406103152e+00 1.224284791777404457e+00
3.863092424459120267e+00 2.298533573218312753e+00
-4.329971466990588880e+00 8.262438017822359981e-01
-4.612906366583453099e+00 6.447868411791880305e+00
4.807814613435081874e+00 1.180616324019866958e+01
5.959037145224128196e+00 -5.141321265865703261e+00
3.533559586303034017e+00 -5.568898630710156894e+00
-3.847847193681623867e+00 -4.797299077787651633e+00
3.799677398760342939e+00 -4.104393007776131697e+00
2.384925685548221708e+00 -4.532303160346543791e+00
-1.379011589726442999e+00 -3.732673793675465479e+00
1.622023023742866110e+00 -8.514873897383475665e+00
-1.341873958469237316e+01 -7.816471556914999397e+00
1.103184500442555560e-01 -5.592174762846004121e+00
9.276899659534546316e+00 1.972661763135081348e+00
-2.716099306476276620e+00 -2.767941755000622894e+00
6.602803659927952040e+00 8.191906007788107402e+00
-9.002798644903576175e+00 -1.763966003204549438e+00
-9.743961213536614707e+00 -2.207291512149281321e+00
-5.920728213770402704e+00 -1.459110750225875552e+00
3.384403806779200607e+00 -3.007284009298062610e+00
-1.008329768386998637e+01 -2.453610019640857676e+00
3.498633266717298351e+00 8.136930129741902107e+00
4.421941772713726237e+00 -2.023929129717775943e+00
3.134981978102580946e+00 -3.490518174809767338e+00
3.761573819691126364e+00 -4.753326589384768042e+00
3.122219797285414433e+00 -3.780536427360157159e+00
3.990726780940467844e+00 6.310038528360242260e-01
3.721705531779782916e+00 1.160239261101381913e+01
-4.087168424162769043e+00 -1.327386050422974861e+00
4.199044753449467926e-01 -5.671769489872653836e+00
-1.034322829545974542e+01 9.379520943679873213e+00
-7.580386019158908972e-01 8.721314774765877686e+00
9.923796424065134403e-02 -1.019203191688339061e+01
-9.566923748490928858e+00 8.355289460699117043e+00
-1.015409271945551062e+01 -5.584023935328774613e+00
4.571434321189860484e+00 -2.241743978512222846e+00
-9.126806397522535974e+00 -8.766961873155389995e+00
-3.692812735950698144e+00 2.617639129716964330e+00
-1.012938463439469494e+01 -2.340453167114682209e+00
-8.078828520636196941e+00 8.724182315963952661e+00
-1.069895678050494503e+01 -8.404498568631831645e+00
-3.432513027923845161e+00 7.827630786271884133e+00
-2.390679878300481231e+00 8.763849526158590919e+00
-3.841699893240770880e+00 -2.743251928282399277e+00
1.561476082415625077e+00 4.001912530483605401e+00
-1.080000152687043524e+01 -3.581648560677640702e+00
-6.239640547818033234e+00 -1.164344497859125527e-01
3.211219580822189279e+00 -8.468149840032058506e+00
-6.748666755623654590e-01 3.407237559518538461e+00
-6.754937412578879474e+00 -5.878802519172578123e+00
8.023102193686192152e+00 2.050734760356053954e+00
5.989342863687188157e+00 8.716287389728435642e+00
1.969449278207906495e+00 -5.438436664791763242e+00
2.128396194404214459e+00 -6.376627863186593359e+00
4.898853942676463236e-01 2.923785690296186068e+00
-1.858115236074941112e+00 -2.837992162761975301e+00
4.835737491293623513e+00 -2.724042166519792030e+00
3.596042104748283563e+00 -1.881764331569909743e+00
-1.041913796537315307e+01 9.184328152576423321e+00
9.672261665432367650e+00 1.657387888992559066e+00
-9.499436873701847972e+00 -6.084224500787399847e+00
8.929948869194937799e+00 7.974053492526507192e-01
-7.582788443152924884e+00 -4.171501516574618762e+00
-1.323113184166340828e+00 2.663054250269631051e+00
-4.883470149131550642e+00 3.192185062801768947e-01
-1.230488851327041555e+00 -4.608768244447825069e+00
-2.032893084733622846e+00 -4.661999307360161104e+00
-8.008948158576650656e+00 7.700067802699003927e+00
3.280275052765105670e+00 2.922118006248256350e+00
4.910885506835881209e+00 -4.329444042576543694e+00
1.467279354048772522e+00 -5.548216604903644544e+00
-8.007366349017495111e+00 -5.185702706107367277e+00
4.009718485917197484e-01 -4.318402345028165001e+00
4.754252514908216654e+00 4.733342426344991694e+00
2.325044820990374905e+00 5.688699616319791375e+00
-1.949941385009340000e-01 1.306744013621351508e+00
-1.218067600028055431e+01 -6.350065717283074562e+00
-2.232985281890250917e+00 9.368977100888352894e+00
-1.038931943269639824e+01 -6.185843678244929755e+00
2.894829847079106067e+00 -7.303540588573090631e+00
4.279872908005831533e+00 4.067159566525221592e+00
-3.929466136586970748e+00 -1.064019773425910742e+01
-3.220991429196937261e+00 -5.788836556783623521e+00
2.475138855885003153e+00 -4.189475697881315241e+00
-8.395862998929342069e+00 8.888014484549659144e+00
-1.099136016840777330e+01 -6.364179068145398688e+00
-6.748017366132474493e+00 -4.992901424727791415e-02
4.658006076811791907e+00 9.638601859858409782e+00
1.602050090090334500e+00 -5.526328636067597166e+00
3.010989139345984889e+00 -8.085232156558013195e-01
6.842719784172577313e-01 4.638970272147648899e+00
-1.003736702157795868e+01 -6.167743527897187050e+00
-1.461051360329792992e+00 6.708431727116558996e+00
-1.242081750227042036e-02 4.349194142307097444e+00
-3.205821468436822919e+00 -1.961053251229804006e+00
3.320033029718604034e+00 -2.702579198730525878e+00
4.031853337668581894e+00 7.020075283016238288e+00
-9.829780315266306800e+00 9.902511231363682498e+00
-8.576501677437310178e+00 7.932931520178123641e+00
-6.505883933704023292e+00 -4.574794190356364254e+00
-8.437299503041815640e+00 -2.704873246680349563e+00
-1.281120449268018824e+00 7.335312370062714749e+00
-1.117926411044787471e+01 6.306481520871537683e+00
-1.781133637618549814e+00 8.234471601793247331e+00
-1.334394825214804037e+01 -7.493564646878719593e+00
1.242914368511328860e+00 -8.751489333631306877e+00
8.688228270389750207e+00 9.192257526412113577e+00
-8.653389944411838286e+00 9.595273164853814762e+00
-8.956822050283859582e+00 -1.225309419317146098e+00
3.870796752066664848e+00 -6.386499795636491505e+00
3.259338159132547652e+00 -7.874021329313896977e+00
2.590044476500695247e-01 2.207325845640419004e+00
1.727813776623751352e+00 4.503052612593609894e+00
-3.008292282366150427e+00 -6.437331862862453180e-01
3.509624958285538998e+00 -3.947567417027939563e+00
-8.269985667403565444e+00 -6.530054044565638982e+00
-5.562646708918356886e+00 -3.691080598192173934e+00
2.156687452432216823e+00 -5.574116426380267164e+00
4.664532005951666171e+00 -3.510269521691086858e+00
5.018221340054128454e+00 8.379418848175456347e+00
9.133024643177369839e+00 -7.889947902776794919e-02
-1.534841225161085454e-01 -8.593760381363562573e+00
-3.370075769467793858e+00 4.651540512536644911e+00
-4.590205863837292455e+00 -1.041914219707277267e+00
-4.394050273467336787e+00 -9.911191364564500006e-01
-2.019205280525511625e+00 -6.193016900881446851e+00
8.428833305239038509e+00 8.430031079271619987e+00
-1.941024702243371092e+00 -9.607890352912274778e+00
-9.025917464304399118e+00 8.400781160206539866e+00
-7.831939793940930095e+00 -2.774248590929786928e+00
-7.081626409515907383e+00 1.139564543842294242e+01
9.156778961045745291e+00 2.122042593468558280e+00
1.270024373154715613e+00 -2.566598377531629005e+00
-1.041552959849799365e+01 -5.406783162626972228e+00
2.891422507206917292e+00 -6.892306210890125406e+00
-4.403836137730250400e+00 -1.096161777144091243e+00
4.012139483745651880e+00 -2.902484177716078584e+00
3.312588287785438901e+00 7.075410838666794433e+00
-5.599868517882442553e-01 9.887011416078962611e+00
1.019984882350739497e+01 6.272435153865895785e+00
1.290268022202787357e-01 1.488985253266228881e+00
-7.088493234623999939e+00 1.456671586350518854e+00
-4.669085721781497611e+00 7.864039898662805506e+00
1.359475419578206890e-01 5.062580764920431520e+00
3.369237778571226194e+00 -4.064869440593941619e+00
8.185135126430020946e+00 1.151970698711837215e+00
-8.372462264932446274e+00 4.844567089418283956e+00
-9.548749964642027521e+00 8.249012346376799698e+00
1.138804775348281240e+01 3.790148758055767786e+00
6.379201676278789535e-02 1.318616678569146217e+00
-2.002384293754050137e+00 -8.704689596951014963e+00
1.053954411420945814e+00 -5.260890158494603064e+00
-1.761101018205355473e+00 -1.203495721713596822e+01
2.383602018637127173e+00 -7.089822674509997924e+00
3.862939252986063998e+00 3.632176290197674184e+00
-5.012370389897906620e+00 8.122871603198010604e+00
-6.547907341164900252e-01 -4.469977264699632968e+00
6.652855689741385525e+00 -3.028195199255069525e+00
-9.253772806165963871e+00 -8.602247654763733209e+00
-7.871315074481563201e+00 9.483853432396289307e+00
-3.820093939217736434e+00 -2.647908218110931688e+00
4.391371751547852753e+00 -3.625447598578662056e+00
2.334644326174986073e+00 -6.365965214888329449e+00
4.198307616252058061e+00 -6.924053698405360002e+00
5.416422520094879012e+00 -1.569859772232381490e+00
2.010362303542744478e+00 -4.499907167331941515e+00
-9.935469745439919897e-01 -2.236517291208793168e+00
-1.033664905996798034e+01 7.621513191165783851e+00
4.418590538867668727e+00 8.579127432936498820e+00
-1.007183199436170185e+01 8.217091791521713873e+00
-6.826283725432539917e+00 -5.414530534683369645e+00
3.451137754105584765e+00 1.008661939006919717e+01
7.346113976690755720e+00 3.803466436617473967e+00
-1.022064177964604603e+01 -8.552896059587661526e+00
4.018854896502709328e-01 2.514481015661722996e+00
-8.556341105666493974e+00 8.156715523512758637e+00
1.001415142187591734e+01 2.468835998298203105e+00
-2.286302753747844196e-01 -7.469818008338616089e+00
8.425639592882156137e+00 4.908078512720562614e+00
1.049750317780048015e+00 -7.899282194464895213e+00
-1.928384286649479806e+00 8.532459719183178137e+00
-3.744975555218302610e+00 6.055862861744511605e+00
1.113705824260359378e+01 2.137423265289951857e+00
6.316824814716722081e+00 8.211169811613498126e+00
4.572582192643384502e+00 -6.052607408617298290e+00
-5.402375704133222101e+00 -1.034800775267065154e-01
-7.754331986036433477e-01 4.344641320982755239e+00
3.655190354078712289e+00 -2.262620627438860055e+00
8.356139918106231690e+00 2.505149726552285294e+00
1.338853164818597286e+00 4.173108198749398312e+00
-1.061003928443378186e+01 -5.632823245189626071e+00
-1.766936379262348478e+00 2.324715283022197099e+00
-3.734305129549474689e+00 -3.990599748636507016e+00
1.248950428709509008e+00 3.572141579251784549e+00
9.086294348758016781e+00 6.764957758551339850e+00
-5.050025835876796876e-01 2.300919509814785879e+00
1.047295994490398208e+01 -8.101329476173848576e-01
-8.788024793816973101e+00 -4.588958053904820034e+00
2.110794814166127686e+00 1.129172877370466921e+01
5.671538197205271636e+00 -7.630902316341490188e-01
5.875669408200837829e+00 9.619619258241119297e+00
-5.896736865104941216e-01 -3.903296982532901804e+00
-6.910797898481252588e+00 -5.417179254695485113e+00
-9.183875209713253440e+00 -4.134005026362306268e+00
-8.372061026518686777e-01 7.742088908022177307e+00
2.188692662592355731e+00 9.526973806727312422e+00
-2.267290648934299657e+00 -1.274996011494506920e+00
-1.159307834696824457e+01 8.520880593178082663e+00
-8.165829378961124263e+00 -7.674048232709054673e+00
6.744069620362175499e+00 7.203855589281173977e+00
-1.116160221456981638e+01 8.745652411679188276e+00
5.830825996396361788e+00 -2.567190653479578533e+00
3.745853692738194241e+00 -5.066790606493286830e+00
-7.351889249796108139e+00 -2.647837638039286734e+00
-2.380170809756931405e+00 9.617037611023883770e+00
-9.317364312570799001e+00 1.018729986669483978e+01
6.574914803917028649e+00 -2.204749706508493556e+00
-5.896424024849383549e+00 2.755193520400534002e-01
-8.987255543825405368e+00 -4.511059270016290590e+00
7.296198232257367522e+00 8.664752722765927118e+00
-5.957888983731599808e+00 -1.527975304349103336e+00
5.256961120334270099e+00 7.400246834782793215e-01
-5.206032676285551553e+00 -1.204095229761277253e+00
9.891423056987699303e-01 -8.477240790300262674e+00
8.091976550038395999e+00 9.718953451818892475e+00
-3.605285556687027326e-01 2.151976556825149434e+00
7.252299320375997560e+00 1.170958653916405545e+01
5.337313788332919806e+00 7.473334507647562575e+00
2.549626209972591262e+00 -2.195445670776222880e+00
-4.797644517587860591e+00 1.130734686711298842e-01
-2.017579172004955179e+00 -2.920744805919039067e+00
-6.477832253030491927e+00 7.312581410634242829e+00
-4.987888767560324510e+00 -2.576028520673431021e+00
1.867266006108265319e+00 -5.373253852309866296e+00
-8.628403873134301350e+00 -3.494127504652351668e+00
-1.111885381446722221e+01 -7.245839387314090274e+00
-6.070596052845848689e+00 6.112043770963088818e+00
-4.033956637238345078e-01 -3.189927672409480941e+00
6.979754090252288989e+00 7.764364583100230810e+00
-2.426587561133364712e+00 1.015163450947364865e+01
6.506136370204904651e-01 -4.890930146404230072e+00
1.247099427172556840e+00 4.964418022902741257e+00
-4.120170099294539590e+00 4.290493658338193406e+00
5.240051242617301597e+00 -1.158958562142188065e+00
-9.399272651574541726e+00 1.007439877372904746e+01
4.795795418132458465e+00 1.049043592513916323e+01
4.602316567667463332e+00 1.126140928470161207e+01
3.234236010012516260e+00 -9.332632171714150271e-01
-3.552245607476139710e+00 7.068103550180811823e+00
-7.432194382166523283e+00 -4.735412546883135398e+00
3.366778474935694376e+00 -3.710727182176823735e+00
-2.007745588209945975e+00 9.975531007072140355e+00
-7.914365348465852712e+00 8.230842919578140737e+00
6.716721869945484258e+00 9.517900705971246822e+00
-3.172125005121703367e+00 -3.276161829515040758e+00
2.672146283043933312e+00 -4.007081985576191663e+00
-3.994848594109578155e+00 -3.605020080586990971e+00
1.387488809685000213e-02 -5.980887156629165702e+00
2.862298741299732718e+00 -5.549755698841360108e+00
-1.045674741595850499e+00 3.916997924317150215e+00
-1.936254544695284796e+00 -1.066767831842972747e+01
3.806967268723640441e+00 -4.190050378665670650e+00
-3.762940945550802496e+00 -3.405182331178698618e+00
5.839263192298504990e-02 -5.223204689132819212e+00
-9.160962448964360405e+00 -9.243768258508417546e+00
-3.965067497848074662e+00 -1.012254609527222726e+01
-8.697907248816370895e+00 -4.145255739366636050e+00
-9.668249578100404307e+00 9.265501621672381560e+00
-9.723895175070998320e+00 6.526164835083047677e+00
-1.923309260194811632e+00 -6.983750137334541197e-01
-6.390589387355752216e+00 8.951482085455154447e+00
-9.222618161592730956e+00 7.580716140969690819e+00
-6.156011095204417138e+00 -2.950796099887949886e+00
-1.541861141205103092e+00 3.878393921880567419e-01
3.617641033289773489e+00 -5.585190332731338358e+00
1.903485894962322345e-01 4.557225096126783725e+00
3.039290438313657194e+00 -4.316457404458880376e+00
2.096873068512171034e+00 7.016268036017762277e+00
5.842652099637339447e+00 -1.529647571455590160e+00
-1.027942178481624946e+00 -1.447088192305073573e+00
-5.117109005008119382e+00 -1.983209763710237938e+00
8.609697088260697129e+00 8.691347160600534139e+00
9.268534736393231555e+00 2.948934730423619310e+00
1.735136536527513096e+00 -1.022887605781272580e+00
-8.633481127710226133e+00 -3.925030492033557028e+00
3.064579491582541504e+00 1.762101744006258963e+00
8.666804371757610426e+00 1.073788302240150649e-01
-9.656956880697839196e+00 7.643160276874765735e+00
-5.210696834396104649e+00 -6.949893311547694630e-02
6.518006007775415611e+00 -1.455410879707186078e+00
-1.680759294126852321e+00 -5.558758745319132721e+00
-1.096643852852827195e+01 -7.545829923234276038e+00
6.556997314955057554e+00 8.993781682514118359e+00
4.197692200000678220e+00 -6.923688337581670460e+00
3.738761038730293418e+00 -4.446066714086549965e+00
5.799575806099663389e+00 9.041975422047009658e+00
-1.074731451487300049e+01 6.205974171269003747e+00
4.181266071659945460e+00 -9.496877002690935488e-01
-8.882210401954202084e+00 7.449510487741084042e+00
3.738698328591196329e+00 -1.737478100017344040e+00
1.487072368451648252e+00 -6.689266549321120081e+00
8.971750005839748354e+00 3.373254818009427947e-01
-2.621090779017670513e+00 -4.547624844110580433e+00
-2.997434357684086947e+00 9.833404833320122052e+00
-4.476547629160027242e+00 -2.341746712671650688e-01
3.253174325839443437e+00 -1.847555853453073382e+00
5.039383876855283440e+00 1.076478193808497608e+01
-1.030322046562406690e+01 7.593154423929576069e+00
-9.759845222710167301e-01 -9.173944005126434931e+00
5.476260770597117578e+00 -8.261625791308264688e-01
-3.728744973463351986e+00 4.884560907771744453e+00
1.050119326213001969e+00 2.091806224662200897e+00
6.301299545306673799e+00 1.032966238956775662e+01
1.298419017825982680e+00 2.666101826622100823e+00
-4.395386789306899189e+00 -1.407414439523299921e+00
5.303848303859172830e+00 -5.295595718142539710e+00
-8.403955638664873717e+00 -3.542775375744360300e+00
-1.001993083033514331e+01 -8.625508390852576923e+00
4.135056185012386365e+00 -4.059032277458520799e-01
5.419350566307583605e+00 3.378109630850852696e+00
5.774625578193401054e+00 9.101780379593908066e+00
4.162011527628826535e+00 -7.911533152842952887e+00
-7.826165841455491545e+00 -1.380468661726426571e+00
-1.083179779318036662e+00 -1.058524453287637357e+01
4.708418640512849862e+00 -4.095112952121997552e+00
9.466168240853001237e+00 1.530352954064501336e+00
-8.383150972164386872e+00 9.867738299932053536e+00
-8.463406940067896844e-01 -9.935660488048513983e+00
-3.124995299444091046e-01 -1.050802988320835674e+01
6.379522533195501666e+00 -1.298997039023927602e+00
6.937196510748051104e+00 -2.419351825596487870e+00
5.505037163260992905e+00 9.556875269015611352e+00
2.360369755983613427e+00 -4.386598935589059778e+00
-4.097752718830038887e+00 7.341785566943388464e-01
5.438005998780011119e+00 -2.572369631686968194e-01
8.551241992467128128e+00 2.818659748651356267e+00
5.938627741331303334e+00 8.390810315727593505e+00
-1.972434900017183912e+00 -1.097244744390471149e+00
4.193006367182728233e+00 1.172865584477983525e+01
-9.340512958910483832e+00 -5.696792563425931988e+00
-6.784403847624812300e+00 -2.357159495699136187e+00
-8.629146393171188700e-01 -4.245383231411648417e+00
-9.450661472962130105e+00 -7.102070769920457494e+00
-3.006192661428768176e+00 2.839373631124555875e+00
2.567660601887093996e+00 -1.150724967986819891e+00
5.245526997587299789e-01 -8.420662200405423903e+00
1.209731123583653645e+00 2.548238147709001034e+00
-2.277086949907655367e+00 -7.268008929291730702e+00
-9.909634374883941277e+00 -2.605456509577011026e-01
4.538937553802102620e-01 -1.514417939791744772e+00
6.202849114605421654e+00 -2.757352612836464267e+00
2.589495128906760257e-02 3.377448888749823297e-02
-3.563668163045933923e+00 1.044186002273900549e+01
3.376965054363369134e+00 3.044915639255503681e+00
-7.878808413756929419e+00 -3.394762749179956351e+00
4.342086938377899052e+00 -4.039006104890368931e+00
-8.681488138264453980e+00 -4.298857210281348706e+00
-2.398587124153908956e+00 9.513411400429127696e+00
1.380130640147082755e+00 5.662425868082854308e+00
1.456367400082022368e+00 1.363697049394905214e+00
-1.865687300471675414e+00 9.402306426457869293e+00
5.358904450707191458e+00 6.534686215082698979e+00
-5.574899607859444828e-01 -6.269076667839408756e+00
-4.151040249940649574e+00 -7.821362586652397475e+00
3.510848179014280923e-02 -8.162488755253876960e+00
4.195070780957571799e+00 -4.334473125695108564e+00
5.402924445990286983e-01 6.520787096811710981e-01
7.159156846594954438e+00 -1.988424677464067258e+00
3.004293494574541867e+00 -6.216153842786438233e+00
-9.164147602450373853e+00 -2.384412168975175383e+00
-1.382832096789573084e+00 -8.087409800049117692e+00
7.224961953247356128e+00 9.564299651350859577e+00
6.411034191568758089e+00 -5.648997701076872158e-01
1.020879259128764316e+00 4.132553399267026251e+00
1.091142493222487886e+01 2.174344182164981820e+00
-9.234699547235768691e+00 7.371386533378763595e+00
4.131462134915931728e+00 -1.006861649528956182e-01
1.267391889825028484e+00 3.440041019090682273e+00
6.360036339808609718e+00 7.810635624508685204e+00
4.124396403300155001e+00 -3.707537520546643872e+00
-2.395467378102861922e+00 -2.214521607759076360e+00
7.051815903016256826e+00 8.470781731451431540e+00
1.479650182965935645e+00 4.966886561038290182e+00
-3.089818857657240514e+00 6.108894620973889467e+00
7.585751475869072280e+00 8.504386983796306865e+00
-8.840227371114949051e+00 7.654306490389431339e+00
3.443581442479056509e+00 -2.357186179833090645e+00
-1.252488423879302593e+00 -7.802188398667606606e+00
7.321691369328720889e+00 8.669320498326808178e+00
6.618247517303251115e+00 8.329339295849605307e+00
-9.156567862628113730e+00 6.199257213421101476e+00
-6.270504287797853848e+00 9.910674167465092665e+00
-8.071784176324333870e+00 9.478181729003122058e+00
-8.338080970254452495e+00 -3.619866879560727391e+00
-6.314707127102372475e+00 -3.646864565051812335e+00
4.730228643446769965e+00 -7.414506744346037515e+00
7.539214440259082828e+00 9.804347644358697877e+00
5.153895326879712080e+00 -2.190497345995273459e+00
4.687138091183888911e+00 -3.606188453958345530e+00
8.898619950072482965e+00 7.314058949717578528e+00
-1.366297489781025831e+00 7.527651948765733181e+00
-1.319184360739307227e+00 -8.608960222989272992e+00
-9.984956514300446173e+00 -8.509595877037050116e+00
-4.223587984345196666e+00 -2.836383240943887607e+00
-7.857678081589649643e-01 1.744579925414111443e-01
-7.753332150291452507e+00 -1.954531994721198984e+00
-7.496400684236679268e+00 9.111956571831548501e+00
-5.070950880347684375e+00 8.884172644316228329e+00
7.095085302440393704e+00 9.054894666658441338e+00
2.572529385751796571e+00 3.074988374262169533e+00
-2.624259012484912557e+00 -8.867453004981797449e+00
3.226663742523309786e+00 -2.192588488572522643e+00
-2.241052393939819254e+00 8.326505254213701690e+00
2.571186108355495659e+00 -2.896171299645287078e-01
-5.322703643018795283e+00 1.177752221468247651e+00
1.027881296464354399e+01 2.165727830613170646e+00
4.539943971718511939e+00 -3.485016781835327482e+00
1.591012633099671003e+00 -5.859146414727677943e+00
-9.260754398644069241e+00 -2.112856877216073848e+00
9.747099630667602099e+00 2.627583888739607687e+00
7.984412185134877937e+00 6.922701574047278150e+00
-9.866626037164174079e+00 -4.886892538917784634e+00
-4.520674519306376204e+00 -1.143099517335469439e+00
4.331124232100160398e+00 1.088019117547954906e+01
-6.474426411327341313e+00 -4.470807859956258845e+00
-5.512745654972047049e+00 -3.269481954419988234e+00
-5.033667497470680097e+00 -2.478241368474543460e+00
-2.199010053512178597e+00 7.222887873187325170e+00
1.880252046591014414e-01 1.703155023856192107e+00
-2.649141745432150863e+00 -9.763582200746110829e+00
-4.024818998476744625e+00 5.503265619338838732e+00
-7.437228628250351914e-01 1.052020719944681160e+00
-2.109972334873666533e+00 -3.049646364863478176e+00
4.234134644377959944e+00 -2.725091011060767787e+00
-8.322915738971163435e+00 1.021206075975008432e+01
4.605106935621798847e-01 -3.573077007140320838e+00
-7.840694289558609142e+00 -1.994897543918263683e+00
-3.264857052135667903e+00 9.848338747923140346e+00
-1.133338393966214142e+01 -6.978271598898697192e+00
-8.607298842057430122e+00 -7.213480995450280098e+00
3.015775416310128243e+00 -6.669014605054103484e+00
1.032374360582711681e+01 1.301445546587697066e+00
-9.095267359536029161e+00 -3.132274497803276603e+00
6.035720606064082894e+00 1.256531718609662285e+01
1.745618138962393040e+00 -9.023971826759426662e+00
-1.676351496030006771e+00 -1.771111150948526447e+00
-4.478035913965275228e+00 -3.447572842436293250e+00
-1.223916685716522235e+00 -9.352744801852317380e+00
1.652163040899657709e+00 3.452759002031267066e+00
-2.701788111201255838e+00 -1.614043645894841728e+00
-1.057541841499120849e+01 -6.423109501320077186e+00
-8.796213313381645582e-01 1.866139515625535594e+00
1.053715138430056264e+01 1.299579760759418390e+00
-2.009885009561749314e-01 9.274009952333601703e+00
3.572575558512038896e+00 1.005718817684626032e+01
7.571024497043756796e+00 7.492291466310160075e+00
4.381109959275426569e+00 1.028609865667464973e+01
-1.006964702021165259e+01 8.471912187106836356e+00
3.184133482522764069e-01 -5.599551128625416929e+00
-4.245750941432338443e+00 9.211901540180814862e+00
3.314340108588925027e+00 3.777659928857139082e+00
8.410086789845875543e+00 -1.622562857289056026e-02
-7.526422469775535973e+00 7.661169380152848873e+00
1.890355689452960952e+00 -2.197880650225485510e+00
-9.624612563520168251e+00 9.233146638167390563e+00
-3.149007569708480503e+00 -9.300006121752213417e+00
1.707195746262257785e-02 -6.388768539098888866e+00
4.870618027574743714e+00 -1.876057704662929204e+00
-7.301760380272142470e+00 -1.501843850216915133e+00
-7.115137004623761641e+00 -4.815235534761798775e+00
-3.229427711830259007e+00 5.347622987113394011e+00
-9.702056223909979238e+00 6.027351204160554587e+00
7.677329423001282294e-01 -3.195000862714661771e+00
-1.485142915510374806e+00 -2.582139400479622982e+00
-5.360823324039914795e+00 4.636124427886753274e+00
4.794193538044767777e+00 2.194128381272382633e+00
-1.189044121894082018e+01 -7.570220422731446241e+00
-1.728242054477173273e+00 4.354196127981221132e+00
4.870644854099849930e+00 1.060102827195962050e+01
5.737900723161367011e+00 -1.713260015803816483e+00
3.044574865193381275e+00 -4.601044948545958135e-01
3.074261550533157639e+00 -6.531412619558945032e+00
-8.582098025450443757e+00 8.816653018642394812e+00
8.520229709837870757e+00 8.492261659015637676e+00
7.090673119371990296e+00 -3.491919649999966513e+00
-1.325037130295822152e+00 8.469664121011970082e+00
-1.025772674016366537e+01 -8.440187086403039274e+00
2.938721132485296650e+00 -3.855138117167774325e+00
5.243382713986354027e+00 -3.674829820951587944e+00
-1.063671886781763654e+01 -6.535998089394319699e+00
-6.959970954044250036e+00 5.587598429552119939e+00
3.421068100808624557e+00 -8.155604866797019348e-01
-9.816090743480993197e+00 9.243719162868849537e+00
-1.130637997757520496e+00 -8.184679404391641100e+00
-8.616461661847547582e-01 -6.813316218264282575e+00
3.875106051512375416e+00 -5.318352318925415823e+00
-7.851844248339721943e+00 -3.737406674945025653e+00
-6.342038309155498155e+00 -4.831922679031276147e+00
5.423623233783126274e+00 3.044507485757357301e-01
6.684948860880229660e+00 6.267233809005389844e+00
-1.474789326870772577e+00 9.201526955610912495e+00
-8.311269047074114624e+00 -9.083132335470448737e+00
-3.769468523846646324e+00 -2.159177382858581407e+00
-9.691302222159762891e+00 -6.126845803391997691e+00
-4.606445032353025049e+00 6.199023823901788077e-01
-2.743911744236754657e+00 -5.113036756014819773e+00
-8.855039163308250139e+00 1.062881679405547963e+01
-4.948610116743090703e-01 1.014959120048902541e+01
-8.479633880578283822e+00 1.146265172860912429e+01
-2.533304608773880862e+00 -1.079311720064613844e+01
4.080675963939706108e+00 2.572317680110181026e+00
-6.455451311622995014e-01 -9.957710638135488068e+00
1.663706561216926838e+00 1.549238293270568612e+00
3.545429467025221992e+00 -5.397760302362332396e+00
5.050380991672247077e+00 8.172390466846112034e+00
1.239061918001553186e+00 2.508505107656658684e+00
-8.227941564622128112e+00 7.944365129569963102e+00
-3.082790203805019225e+00 -1.084005364742073318e+00
-1.572876439232976153e+00 -6.885156537374257368e+00
2.092619207722294039e+00 -5.141951740165291440e+00
-6.950046278532013844e+00 7.033655484683766446e+00
-4.117655959092462403e+00 9.014848276648294245e+00
-2.334324194519043605e+00 -1.238623510996153865e+00
6.017216812088898692e+00 9.170206490638419083e+00
-1.861247796425361534e+00 -1.402105166405116954e+00
2.456545576386388152e+00 -2.312418080764067518e+00
4.860539500723595197e+00 -1.114629784415039015e+00
-8.916197588025330134e+00 1.052271385463166453e+01
9.964938188839601807e+00 2.564414503391706290e+00
-5.639996090546747887e+00 8.097223959241800273e+00
8.903734796289402453e+00 2.458340207474400518e+00
6.682758941358369897e-01 3.118137495443641161e+00
2.715484915831205548e+00 -8.164368473587172659e+00
-1.161432642696238027e+00 9.301197671450413651e+00
9.063615666587452324e+00 2.807946964999980644e+00
-4.678257668769951749e+00 -2.949496054365383202e+00
-4.965881189944587604e+00 -2.833881970947644824e+00
-7.749039319056498343e+00 -4.173044989074597311e+00
1.365393386505743489e+00 -1.657436756638235087e+00
3.828100222604490455e+00 -1.920637293734932971e+00
-4.868503914765463847e+00 -4.969783326050460026e+00
-6.846622401035120653e+00 -2.043207953341004135e+00
6.770145257046644716e-02 -4.234003734502524985e+00
-4.016429795863062147e+00 -1.623801487356684170e+00
-1.020656478107650322e+01 -7.244915512537723146e+00
-7.688684630953254384e+00 -3.484528863892079276e+00
5.311844349278995736e+00 9.811432452447622410e+00
-8.308953699082755051e+00 -6.746912337543305327e+00
4.159826718002600288e+00 -3.571460730177443477e+00
3.646387003785535708e+00 7.890604541105798120e+00
-8.524313248177701752e+00 9.887791552473654377e+00
2.636068869820711758e+00 2.342194115693629897e+00
-3.265407153290230013e+00 5.616756262571449554e+00
5.622601047560814358e+00 9.588464566496558206e+00
4.606811684059035628e-01 -8.033728272366751355e+00
5.850060892290025016e+00 9.515460818909332374e+00
3.403409605595669518e+00 8.090108783805966652e+00
4.298847348131476842e+00 -5.422623414155172128e+00
8.484090292403351441e+00 9.225755675373607190e+00
-7.350269791029055977e-01 -2.881998378384659887e+00
-9.229892228850431479e+00 -3.579660295609121690e+00
-3.608764652274445428e-01 -8.886416302222594155e+00
-1.142432719070486513e+01 -6.676370489729862356e+00
-1.380810785269250385e+00 -4.373661012936550740e+00
-3.141391690698619232e+00 -3.313175222077054727e+00
2.150450786268445658e+00 8.000169801001268510e+00
3.056328850975752243e+00 -2.041848797772212620e+00
6.162075558346264970e+00 8.035983787559532132e+00
1.802187479924786118e-01 3.778526866448715271e+00
4.186322940211499422e+00 -4.480321448716324539e+00
-8.983927723712206159e+00 -9.607497135090612872e+00
5.488284345281122967e+00 1.056950167913628391e+00
-3.816249824362826892e+00 -1.079353860079523608e+00
7.868604102794756194e+00 4.343626788597655164e+00
-2.091303080880646981e+00 -1.508743974996329840e+00
8.614715517277526047e+00 9.311749515754091933e-01
5.466785119817895833e+00 -4.475177312577697464e+00
1.113139265707041403e+01 -2.081631514600899013e-01
-2.228319648065215208e+00 8.772397225098474749e+00
2.882265886741358418e+00 -4.843241737200987274e+00
-1.007571015331843256e+01 8.617891883472957204e+00
7.539175113317602595e+00 9.683080576039287735e+00
-1.467562672445880567e+00 -5.318696723798566950e+00
5.367550244381231295e+00 -1.496312882998373395e+00
1.450257053510666694e+00 -7.982585589214925115e+00
6.650737262322883758e+00 7.009123923217872587e+00
2.406873731748379264e+00 -7.309545995671715701e+00
3.004985295730112416e+00 -2.085470191756861880e-01
-4.404937191984909184e+00 -9.252833878855024619e-01
3.300851279522761139e+00 -7.891094478644227195e+00
-4.272504752964819907e+00 6.414760209056424856e-01
-7.155810999480168633e+00 -4.202834860729892874e+00
1.488057751590040834e+00 -5.958954716429353482e+00
-1.615274470878355295e+00 -6.315036704389694222e+00
-8.164798128348493833e+00 -4.510704690339673917e+00
5.835323454604708360e-01 -5.089855708598295614e+00
-2.203354588746483600e+00 -3.995791815045038664e+00
1.895935833445334229e+00 -7.161525328982870420e+00
4.671303168943243378e+00 4.697760040828789840e+00
1.033087166992697981e+01 1.354650430934837058e+00
6.171572862235424894e-01 3.916097522778649864e+00
1.208405786155785311e+00 1.921092074699591645e+00
-4.983782706511893146e+00 -9.631242661125567039e+00
-4.372586985381412994e+00 4.719969540139171471e+00
3.944253294387066511e+00 1.106374059001867849e+01
6.720839064548512098e+00 -1.166582768811495585e+00
2.764279452833712014e+00 -1.462730547106489531e+00
-3.455836726706900563e+00 -4.897035285607288735e+00
3.941716931639219990e+00 -6.109340729408833326e+00
-4.376154117378411534e+00 -3.941040420377613707e+00
3.992064769533390400e+00 -3.348760861926645127e+00
-5.290015286510002746e+00 5.706104466544147158e+00
8.826279342761923274e+00 1.254224364481295595e+00
-6.448187542487715085e+00 8.189444405028982743e+00
-1.474582016614445434e+00 3.842509782651530870e+00
-7.683445840380646874e-02 1.379007042346214185e-01
-5.783141718651586771e+00 -7.481805200972664327e-01
-1.031245295791617878e+01 1.049709562847657551e+01
2.434503103636953547e+00 -5.705584452287233432e+00
9.204879576253709672e+00 -2.116016521968961506e+00
3.983161969896626076e+00 -3.493357700630942198e+00
-1.206921419657386707e+01 7.913989976726228726e+00
7.002583350283419605e+00 -2.984865755744454674e+00
7.564215826180459290e-01 -8.850643829184983602e+00
-6.185342125257699664e+00 6.413988023953204554e+00
-1.383329927034786522e+00 8.858978056294812831e+00
-1.078821246975858017e+01 -4.507850529959823049e+00
7.755092737285306903e+00 8.793287746386866388e+00
-3.895187872477952951e+00 -9.851750509396989486e+00
-3.025811804779873437e+00 7.505756537298207576e+00
4.659858718219832774e+00 5.383959789517829719e+00
-2.245879147646780538e+00 -9.264630641824897594e+00
-7.780317734951132991e+00 -4.816764464608821683e+00
3.981459293263089894e-01 -4.964312270723434395e+00
-6.161289522831877363e+00 -1.604523008786650218e+00
-8.474964520803480283e+00 7.070834748093677291e+00
4.941591161578616109e+00 -9.492840005900884393e-01
4.769401840818314753e+00 7.261259078406281375e-01
1.792328461299276476e+00 -1.657469306274628851e+00
-1.409887153979633601e+00 -2.030200012018398503e+00
-6.230264059531029908e-01 -6.428756021938976772e+00
-3.949037951604113861e+00 -1.033296172559658999e+00
8.650337063634406576e+00 6.790985135845663656e+00
-4.799745026524366409e+00 -2.891432275865476242e+00
-5.525348208521711157e+00 9.582175118531210956e-03
5.634484899040856476e+00 1.316611489874736751e+00
-1.633612782299662669e-01 -8.367791068100652652e+00
4.467864400955870785e+00 -2.378091470588699963e+00
-1.029457952790792774e+01 -8.576047894960131757e+00
-1.973544160541599535e+00 5.237296749246215022e+00
7.957488825478083783e+00 -1.403465416048086389e-01
7.080772378946580403e+00 -4.213412910906334297e+00
5.913749067146037319e+00 -2.405857735305063638e+00
5.086546172200705485e-01 -5.841196088488578297e+00
3.377897398143364427e+00 -6.255074540765307667e+00
4.835953653269376318e+00 -2.500199094704804281e+00
9.344852065095194504e+00 8.441660380247682838e+00
-9.689152636557841092e+00 -7.254968057085848798e+00
-1.118071711774238608e+01 -4.717695271813312274e+00
-2.319384768947393205e+00 -8.902961036986457799e+00
-2.825308662167032026e-01 1.025919342732537487e+01
-6.675513653753545995e+00 -3.260901267732221331e+00
4.311233123317515847e+00 -5.442902655268616385e+00
-3.624461773452106073e+00 -5.910567829291870634e-01
3.225179940797815892e+00 -6.007052539856077011e+00
-1.616490452037034009e+00 -9.231880032823815974e-01
-9.336326288318387512e+00 -7.523758381252434457e-01
-1.040227473604396025e+01 -1.026238295230417208e+01
-6.738361556619876680e+00 -5.146488405740935690e+00
9.385074515142139973e+00 2.784812758110635222e+00
2.206222169751008710e+00 -5.805807212324051392e+00
2.138517845238518511e+00 -6.938100684431444343e+00
1.338154766162306331e+00 -6.320351230732215164e+00
-1.326171342738715064e-01 4.857260011389566756e+00
4.733412007936189880e+00 -1.401061317791106431e+00
-1.010211633106109019e+01 -4.015016397337550780e-01
8.300244902417357906e+00 1.849055992727032915e+00
-1.605094101760508707e+00 -9.229133076551720549e+00
6.249993886256839382e+00 8.751302909691716536e+00
-7.009897628026679151e+00 -2.702094733757460787e+00
-1.113740846787110605e+00 -3.241622434753234749e+00
-8.565980645418104444e+00 -5.532605546221095238e+00
-9.070759597458614820e+00 -3.105303061707960666e+00
5.434572604204118917e+00 9.352230839190713851e+00
5.867002568679344776e+00 -2.253835942375133516e+00
4.317382716673023424e+00 -6.948374756538675534e+00
-1.092402825195596172e+00 -9.743810750365897277e+00
-2.899247845370168886e+00 5.265704751872684497e+00
-4.849478785729531616e+00 3.801374958483312305e-01
5.162658961439286820e+00 -4.135251038002885515e+00
7.926023735395677505e+00 3.603697876535956635e+00
-3.157462992998876672e+00 -9.915223309618717451e+00
-7.432265368228678781e-01 -8.551387516727764648e+00
-1.745003849080895009e-01 3.134405611775302081e+00
-4.684095655890294196e+00 -2.366723531098377187e+00
8.243339314799403184e+00 1.015449453470827823e+00
-1.002012791878101972e+01 8.527659471319175566e+00
-1.018871499446604822e+01 9.051273292357240763e+00
7.625893072222453384e+00 1.860411960490754080e+00
-6.527619150851001528e+00 8.578821575173313008e+00
-6.982141342905915593e+00 6.697412365841678650e+00
5.512684634100791570e+00 1.125455259863238133e+01
-1.053845499321510282e+01 8.079538154822309082e+00
-3.271644398157897426e-01 4.456320978415409861e+00
7.591674501061181246e+00 -1.139877480239787744e+00
4.608885652891414608e+00 -3.363966607416661869e+00
-9.238087241820108986e+00 8.290604936424685434e+00
3.967359968768023659e+00 -3.009903772464189942e+00
-2.868319322752123313e+00 9.911204865094909167e+00
4.988212872343032345e+00 -5.749212919350812356e+00
3.787311996025265248e+00 -2.328710177961542893e+00
6.307176976501721377e+00 -2.856233536481197266e+00
-1.685289829792656402e+00 9.747566085972657390e+00
-8.563883584291723139e+00 8.734541196637016114e+00
5.724681632481718907e+00 7.476378160278507323e-01
-7.888352048879356815e-01 -9.745031196148106645e+00
1.764006911623699381e+00 -5.553921395889046764e+00
-8.149148189858608227e-01 -2.467789808575832744e+00
7.761272342202369501e+00 9.376312687977012672e+00
-6.866699782993501699e+00 -6.839097798801944350e+00
-1.391987784076935242e+00 -6.133052747028211904e+00
-7.305963083366567190e+00 6.736622708717232122e+00
8.602984864049039615e+00 1.509330221360256186e+00
6.892216030485640132e+00 1.031697719420747816e+01
-1.213880461377153108e-01 6.978168158015979117e+00
-1.100105095125708132e+01 9.137698785916105848e+00
3.401152460872628680e+00 -3.942611551567182460e+00
-1.035920097773895421e+01 6.337055433673756788e+00
1.438843489686571164e+00 2.438532418011268188e+00
8.707223422810351110e+00 3.066428639739182671e-01
-4.006995659215339955e-01 -9.279331676117296368e+00
7.662755845610846883e+00 9.613220749635285500e+00
6.755312319881759286e+00 7.773671685405859400e+00
7.658310497805500106e+00 -1.233850744059831417e+00
5.634803602339404804e+00 -4.401283652575024519e+00
8.307212812205662544e+00 6.807134822888746051e+00
-7.746514036462397890e+00 -7.647552610423168140e+00
9.609085602756142208e-01 -4.351784233675034308e+00
-1.079500381771837247e+01 7.250195202033753894e+00
1.921774661107272797e+00 2.727818383469074348e+00
3.338353156000129829e+00 -4.695888253360534392e+00
6.654469217667789316e+00 -1.118997889958800673e+00
-4.230386569074672920e+00 3.723956132805295027e-02
-3.118185565741248499e+00 9.675133223630845158e-01
2.701728293151790528e+00 -5.563792154779535259e+00
-4.471061396445180414e+00 -1.883414803723783670e+00
-1.114424500650976668e+01 -7.900857193660207223e+00
4.860454080633203944e+00 3.106427713159280568e+00
4.566007504232660885e+00 -3.773384992241879843e+00
5.697490308305984463e+00 -2.172965650589645747e+00
-1.468859826270740854e+00 5.628702799892236541e+00
8.406415255186740154e+00 9.459914906927238576e+00
-2.007703561991107666e-01 -8.505923338498753594e+00
3.208305758364047744e+00 2.241367848877902524e+00
-7.622962469619562142e+00 3.301480844907134227e-01
5.830377421487858980e-01 2.277273257961700104e+00
2.763233852673783630e+00 -7.283614618232165938e+00
-2.235461196922467586e+00 -3.294064360569617822e+00
-5.246247569665039023e+00 2.486327733173272492e-01
-1.003261688195058454e+01 9.123301639958462772e+00
-3.465679435567323274e+00 -1.713741414198666435e+00
1.029275329398359773e+01 -1.470024186636540442e-01
-3.711974980925047962e+00 -1.064614591426827239e+00
3.721303809691326236e+00 -4.820588224104595199e+00
-4.423527148880834758e+00 -9.405050637984009310e-01
-8.444541026730010280e-01 4.248180193127063298e+00
-2.845463428988495913e+00 -1.915281080232722033e+00
-3.904082991192377783e+00 7.532544969685952552e+00
-2.088528919124742700e+00 -2.077705925722216573e+00
9.898483992714641744e+00 1.578443122429159295e+00
-4.068327989451566928e+00 8.505292016110145070e+00
-2.682187752095615885e+00 -2.428083054519596384e+00
6.927758965471711328e+00 1.004829734399353214e+01
9.069623177854280627e+00 1.929583875461011511e+00
-1.042310428169447789e+01 8.277804748567135107e+00
-1.118613632315427431e+01 8.983287743535113279e+00
1.049055149225743477e+01 1.529106202118944768e+00
-9.398923848070469544e-01 -1.111808291654850223e+01
-7.975502724055236747e+00 -3.063103528119740737e+00
-7.422757273466641159e+00 -9.248432288887332930e+00
9.670211204152903139e-01 6.026124602340299674e+00
3.166917017376615906e-01 -4.222355502529601345e+00
4.224963704454598457e+00 -5.898853887376043659e+00
-5.904351516992435656e+00 1.039937272765027210e+01
-7.766418853570103309e+00 -1.172481256885852297e+01
7.645092997690055014e+00 2.552825193012369098e+00
-8.898418711577726015e+00 -6.350243133058568468e+00
3.511980025159073815e-01 -7.106858638122491634e+00
-1.085189128984328377e+01 -4.786264858973726000e+00
-7.679619684090158716e-01 -3.820485035121528039e+00
-8.283315199624659897e+00 8.948334415422664279e+00
6.084552137920722359e-01 -4.629952957256446844e+00
2.348999533660646399e+00 -3.909307381060914910e+00
-5.297492126506256227e+00 8.028629333209170937e+00
-1.040514723306272948e+01 8.917045382574812606e+00
1.692639753343890607e+00 -4.027891092475274881e+00
-1.504205596502036224e+00 8.131175236084631663e+00
1.340483407742450450e-01 2.325897055896971821e+00
7.732226207416188934e+00 8.615010564682155092e+00
-4.799644053538945077e-01 -9.057945275584247113e+00
3.046667010679241727e+00 8.823456996634424954e+00
3.512360907665711629e+00 -1.918984763567004315e+00
-9.781656007576646772e+00 9.228273005870297752e+00
-2.899499252823842355e+00 1.048609665841403604e+01
-1.845466023331803429e+00 -4.171248288368799351e+00
2.249191554734945697e+00 -6.352166542281120876e+00
5.251980616109724664e+00 5.141494347456394998e+00
-1.619740203750178242e+00 1.010793394561630976e+01
1.308830120303355882e+00 -5.866393627530110066e+00
9.692433074564736906e-01 -8.668708111798871130e+00
-1.198535143935414560e+01 -4.157617423087338615e+00
3.714729131149275609e+00 -6.691346739219525830e+00
2.567559303131638604e+00 -4.981208192389410705e+00
1.067912814070138694e+01 2.037211634765697443e+00
3.894086008076886873e+00 8.678647582505750080e+00
3.358164047127670582e+00 -5.539896048914212834e+00
-4.923044305125054976e+00 6.500804599690519936e+00
-2.752544417258377507e+00 -2.349410664116202696e+00
3.285355079258172939e+00 -6.272407274865089200e+00
6.989619585407951696e+00 5.183321391533144418e-01
2.685889936480966966e+00 -6.127675352996561742e+00
1.375488739254854487e+00 -6.321107727703848767e+00
2.281553659291496672e+00 -5.630488980323185899e+00
8.285219141344786209e+00 8.300721045060981851e+00
-1.109123781226161931e+01 -4.586288326651335900e+00
4.688685874663432784e+00 -2.077705851276578919e+00
-6.906915105555061274e+00 8.568638570863887693e+00
-2.972469309441686747e+00 5.606960352916600776e+00
-6.585966752021121806e+00 -7.718967686278001672e+00
9.054557976153388310e+00 2.115845672477314032e+00
1.559809785921308922e-01 -2.563590731559824754e+00
2.516130927033036091e+00 -6.960819029223205945e+00
4.614316712562835932e+00 1.155509005850707638e+01
4.346445183640600618e+00 -1.485161907071699261e+00
-1.466605803770310024e-01 3.490619341705024858e+00
-4.274898986887085250e+00 4.017139293953420065e+00
-4.009134797354437119e+00 -1.300105613615192723e+00
8.319173031117172101e+00 1.852841205008376013e+00
2.723092657985700882e+00 4.934157716053141129e+00
-1.569405203958710526e+00 8.895304515548698276e+00
-8.316812879241664902e+00 7.845562036741005052e+00
-5.392968643607986223e+00 9.939207961296915528e+00
6.969794270631725297e+00 8.973031038108393531e+00
1.977650680149700690e+00 2.593441993528744494e+00
4.012324330671917849e+00 -2.883486563294745508e+00
5.072555096830507537e+00 -4.333997085504004865e+00
2.430392253391045809e+00 -2.978150920953112291e+00
-7.278996476325616527e+00 -6.575709841099786956e+00
8.319812085751072672e-01 -5.862680411850416107e+00
9.020112212377961569e+00 7.755256306961380908e+00
-6.063617911697162022e+00 9.009453143621581006e+00
2.825063454860788692e+00 -6.591555995674803548e+00
-4.086122961234530671e-01 8.354995070245468725e+00
-3.080148638548260820e+00 5.607539220036934502e+00
5.251809212198645049e+00 2.005831320937359497e+00
-3.666257380957036460e+00 -4.085010446822266772e+00
4.769116330554042271e+00 8.037846769187872553e+00
4.203002812598771953e+00 -6.511272140913943574e+00
-1.182024273035196238e+01 -5.319749693516076405e+00
7.232659743329627133e+00 6.288616383644213492e+00
4.784375727701717373e+00 -2.925916401321341453e+00
-6.299166757529071070e+00 3.761211963145120407e+00
-8.171766778624618865e+00 -7.047433644092511607e+00
-8.962519552123753286e-01 -7.739771534501707961e+00
9.715373528540721892e+00 1.079237760558396708e+00
-8.850724308925526529e+00 7.978072410922569802e+00
-9.479311145870166655e+00 -3.876329848598452532e+00
5.227264828738219293e+00 -6.704750482116977883e-01
-6.860871318604482738e+00 8.788281312206827067e+00
-7.139184480245496900e+00 8.996582445736203582e+00
7.905710422140584726e+00 1.230192488991667688e+01
8.964199910327952381e+00 -1.930314615505779319e-01
8.558295863995115660e-01 -3.751479640347074707e+00
-5.973936604283245355e-01 -9.153490887462554682e+00
-8.048410320921998817e+00 9.647403535044400513e+00
2.843330897158165893e+00 -6.768032842454518416e+00
3.385280483571516008e+00 -1.472951302654328831e+00
-8.714435308690848814e+00 -6.988943330157587397e+00
4.925073441178104972e+00 1.113201649397527859e+01
7.376529740370785682e+00 7.516973206714282263e+00
-6.769023595857573738e+00 1.033580299010160175e+01
7.641543605902876291e-01 2.406695113116003704e+00
-2.407376866390380954e+00 9.705859964592963962e+00
-3.222740631943190159e+00 8.480461179301590491e+00
2.089216549167959514e+00 3.429969031303960136e+00
-1.969061470492808885e+00 9.055859199304308049e-01
-6.616529715068077522e+00 -2.761630548484983017e+00
5.987218163792941361e+00 -3.106243655825096095e+00
2.579707497454853726e+00 3.157946742583813915e+00
6.470414384356578452e+00 -5.337161345782653887e-01
-8.951044623449378790e+00 6.590733774461265071e+00
-8.949777413434294004e+00 1.061767360621388967e+01
-8.542393607709636072e+00 -7.357998662855426808e+00
6.353990576124790124e+00 7.068718223979686854e+00
-4.579995757431697179e+00 7.615103224244807123e+00
-9.713277273774744813e+00 8.653616345114741648e+00
3.383518720208518182e+00 3.544635127082989445e+00
5.412587871117356286e+00 -4.623628659995607570e+00
8.779820343459343590e+00 8.254953770319680473e+00
-8.009631688271950267e+00 9.751928365141901978e+00
-7.270948770321270516e+00 7.047814876483972313e+00
5.394491945342121397e+00 -6.183795038702756486e+00
6.660093734548615529e-01 1.299511196401275370e+01
-1.253980275690676383e+00 1.013101151835458680e+01
-2.688275191972058664e+00 4.312799474620861773e+00
-1.055043680689396091e+01 -8.477601958790110359e+00
8.174827379715811304e+00 8.030577964307965999e+00
2.169065484013404710e+00 -7.306528513171688388e+00
3.588153827211029157e+00 -1.169375631398861248e+00
2.153945796850765149e+00 7.102285870011694868e+00
-7.950291110855568277e+00 1.043507842930632279e+01
-1.249686065228520659e+00 -9.341038763804110800e+00
-7.359140227176295124e-01 1.025614768061151416e+01
6.874036472207450288e+00 -3.170303931542448606e+00
-8.189197979102656788e+00 -2.675931209388198617e+00
1.603723365577378379e+00 -6.235807851781816957e+00
4.958936907137764472e+00 -3.945418005016051666e+00
9.063284938412202507e+00 9.541641108818383898e+00
4.169547768266268939e+00 1.095636946566336078e+01
2.275214281304036135e+00 -1.962771863449104259e+00
3.407183155433445965e+00 -2.492789939979334068e+00
9.332903999980597831e+00 6.565807913429915210e-01
-8.620201683001802451e+00 -3.106026043951932269e+00
-3.358426015669825127e+00 -1.294649680865393337e+00
-9.484449392539362478e+00 9.206455976892838677e+00
7.920876877646215952e+00 7.586895153160948979e+00
-2.991207234845252305e+00 5.563298037607379953e+00
8.633022254835061027e-01 -3.585714947291553489e+00
8.670170604103731193e+00 1.182316904761632426e+00
3.464740389087423544e+00 -7.450250064262530003e+00
6.554343491231106711e+00 -3.803885442190247934e-01
4.680348087631188037e+00 -4.945998526912729787e+00
-1.378590813024013428e+00 -4.310529726357097857e+00
-1.342114650512940655e+00 -9.786201495550427509e+00
6.940339762552454772e+00 9.309577640002784094e+00
9.932393616823640414e-01 3.817436793578718124e+00
-3.130625201591303863e+00 5.855150493783971122e+00
-9.954556324341343299e+00 -8.500433008214866248e+00
9.476998352112099511e+00 4.781625662047825909e-01
8.185387606629129564e+00 8.262809581172039231e+00
6.286819062431019844e+00 -4.255744275224277118e+00
-5.788977493220330395e+00 8.350493770015996020e+00
-2.380876624318270185e+00 1.027185784544977842e+01
-3.952979149190980479e-01 9.445756690504017783e+00
6.229098078602183008e+00 -1.596977913651731695e+00
-1.667264765470267029e+00 5.449912494504282279e+00
4.401855000686525798e+00 9.219811337349929303e+00
-9.769861660087434174e+00 7.190499668511641573e+00
-4.044501858698537511e+00 -2.186277610082969503e+00
7.306229035834654439e+00 -8.610781708476906715e-01
-5.095198077778029244e-01 -3.724020663734466385e+00
-9.305910592960586314e+00 8.729968758564268683e+00
-7.743624325108689810e+00 -2.984590886138378529e+00
2.317788740284624449e+00 -3.149337870915720039e+00
3.397981932448183251e+00 3.765567960142337078e+00
-8.484650464804333936e+00 1.047301379746857819e+01
-1.093707697998192963e+01 -6.505751781173714221e+00
-1.154245211510987446e+01 9.250523636650447301e+00
6.944264067460365730e+00 -2.263893391295634050e+00
-1.047344910484663316e+01 9.869004188535372535e+00
3.768725295073118708e-01 -5.958581644855851955e+00
5.312580556316055969e+00 5.749035764798788861e-01
4.357379282879913163e+00 -2.763804226446840762e+00
4.087684442315869582e+00 8.327529756305503739e+00
-3.271162254275708392e+00 -3.441099207800224491e-03
3.935714079864976789e+00 1.822774927310310433e+00
-5.150189217031333477e+00 8.878456479482640162e+00
-1.229726518166295302e+00 -9.644938055326026216e+00
1.009279583660702784e+01 8.823897688239701331e-01
-8.667330871524310254e+00 -6.565291270649332489e+00
2.563118624958734770e+00 2.204542683086970545e+00
1.823813906763793291e+00 -2.993996259938908722e+00
-1.255413843815188724e+00 -3.560656694991450433e+00
3.172270040372943800e+00 -2.743191860607591348e+00
-9.102381482238618426e-01 -3.615259972936982091e+00
3.550377985530127400e+00 1.028012564437291942e+01
-8.362584773686958073e+00 6.201640002916092520e+00
-9.759414292903530352e+00 -4.413514751831604244e+00
1.581848161062267444e+00 -3.551737607387545737e+00
-1.285320434165406756e+00 -1.083573158145158466e+01
4.006846406986738884e+00 -1.021893804990414933e+00
1.082900628811069232e+01 2.346591220298718472e+00
3.663573633352836367e+00 -3.631134862775946548e-01
1.438234926601968056e+00 -6.672562412873606519e+00
-1.390696335123444527e+01 -8.480062136031136788e+00
8.242807821887394581e+00 5.900370964177562350e+00
-6.204643322393537108e-01 -4.460051775824798170e+00
-8.367028889490917720e+00 -2.436915487323155771e-01
5.612960784218582688e+00 -1.250833034594714510e+00
2.631468836854816473e+00 -7.446654925717421492e+00
6.492668501909109935e+00 -1.049866316610607919e+00
8.754199499812421736e-01 3.785280349198008487e+00
5.689998095782520693e+00 -2.168937467831087318e+00
-4.937555577709078491e-01 -5.015000977385250636e+00
4.437540176900703237e+00 -5.131618863233160965e+00
7.159599052916997053e+00 2.240157554762692182e+00
5.758492404893238437e+00 -2.006292141385419114e+00
-7.326097462675053684e+00 -5.566142735165365174e+00
5.331464115202940945e+00 -8.387945209584972694e-01
9.519833280051409830e+00 -6.233362922734726475e-01
5.214351473135869774e-02 -8.338150262208726460e+00
-7.706479424721310423e+00 9.564235732853051175e+00
9.032185377211924049e+00 1.353182109984055526e+00
-4.278845826662728946e+00 -1.049710205278863029e+01
7.951920096071315669e+00 6.790877441556489202e+00
-4.092343500054042238e+00 -3.514991012510724211e+00
-9.244209499625325677e+00 6.963999367253205008e+00
3.195163076405211910e+00 -8.883849418288969346e+00
2.756485373600887634e-01 2.160325410499011944e+00
-7.256972712679933935e+00 -3.167161504732527888e+00
-2.130500320508898593e+00 -3.063262792081672181e+00
2.910997622037983845e+00 -2.529382472059797493e+00
8.543266672830108988e+00 6.862334100828554329e-01
-7.924016835192600361e+00 -3.271560812366785420e+00
-1.092905021427216106e+01 7.643864533949153106e+00
3.153538416734495975e+00 1.317507367419532116e+01
-5.454378466630811495e+00 9.301718921416419761e+00
1.083586993257226405e+00 -6.098271126499497541e+00
1.800934448701227986e-01 -1.195806057144345402e+01
-2.030099750547724291e+00 -3.772892564928792325e+00
1.049054307659983198e+00 -8.610797917726772610e+00
8.864831682692077663e+00 7.054962625334648685e+00
-1.059292611692965203e+01 -8.783571652108722816e+00
-7.867880906945828201e+00 3.216788982066471014e+00
-1.273009661071611065e+00 -4.367590387800088791e+00
-1.682695066996255040e+00 -7.634018066260525259e+00
-6.407883546390577223e+00 1.033472658745009198e+01
-6.346355043628321368e+00 1.096090142656321831e+01
1.624384399783692423e+00 -3.668680661997274939e+00
-3.011612221033018066e+00 -2.412310055121553276e+00
9.403132558622628423e+00 6.161661611022687390e-01
7.167516718669624254e-01 1.454819437354532896e+00
2.755610402934887126e+00 -5.900515830481007029e+00
3.676636076491838434e+00 -2.416843197327760429e+00
-9.178833618346084577e+00 6.624714565049643511e+00
-6.009053200577756826e+00 7.499882560731117920e+00
-3.106765119886323756e+00 -1.539000592024176939e+00
-5.155181748040922329e+00 -2.214749684752590042e+00
7.008534519486552483e+00 1.154328809102995912e+01
-1.000569166012755140e+00 -8.267209384698336549e+00
-2.109990071553816904e+00 -8.970612154397247906e+00
-6.309998792792157474e+00 -4.061359896624643362e+00
-7.613604425359659089e+00 -5.407067754322488540e+00
-4.338812170298030679e+00 -1.002825378459848515e+01
4.203359247720183767e+00 -3.710745207804273527e+00
2.602106216981110887e+00 -5.950452914749723377e+00
6.417299347028626144e+00 7.652322678302402537e+00
-1.015364367971924153e+01 -4.902733836383960764e+00
-9.608166756180629875e+00 -6.885017743518943689e+00
-1.834711572717140360e-01 -7.576768623213971487e+00
-2.865720261659203683e-01 -7.681968445683565072e+00
3.994500207420114801e+00 -4.581468161546666806e+00
3.547077429795329362e+00 -5.019339517296666386e+00
-7.658857666692314714e-01 -2.679819969331441953e+00
1.872533362697330395e+00 1.924931227127460787e+00
-7.437677761147073241e+00 -4.051466992232774622e+00
-8.157128521627811324e+00 -5.041969100918977098e+00
-7.482688051866916989e-01 -6.490780673759963371e+00
2.138715638331047941e-01 3.445375341892764176e+00
-1.088191580011499049e+01 -7.472837681978754532e+00
-1.129333186551092716e+00 6.128414545529228263e+00
4.833638994930034904e+00 -4.444301389164994731e+00
-6.049716723119892059e+00 1.216514601877333623e+00
4.023639612239804819e+00 4.646451825797951685e+00
-2.004918685238818110e+00 8.393794230697110947e+00
-6.881787207396183881e+00 9.459433611810656117e+00
-9.632773008998753994e-01 -6.947665839073551730e+00
9.917786303374382939e+00 1.839382921686018912e+00
-2.035058158404741135e+00 9.536655498618976878e+00
2.993617885383264898e+00 -1.003049572620771102e+01
-5.338920393704789547e+00 -2.144253579925683884e+00
4.556214080535126776e+00 1.605233899277577869e+00
-6.746097862320678651e+00 -1.012844710368909773e+00
-9.460598324276036308e+00 -2.913747687863037505e+00
-6.519448824219091776e+00 5.846899556115454644e-01
2.179263027779072548e+00 -6.541390054639202312e+00
2.783733030222403926e+00 2.886840841298790927e+00
-4.722178706245517610e+00 9.760078623562632671e+00
-3.395594641834903005e+00 -1.540146820463219601e+00
9.015223376892947726e+00 1.542143313426346918e+00
-6.214815512799550135e+00 9.264728231959718840e+00
2.301704411199565481e+00 3.402031370085804696e+00
-3.752579422462869463e+00 -5.491438040239851048e-01
-8.142914022673275909e+00 -3.953380846585223818e+00
1.000078303437643701e-01 1.165052053544262334e+00
2.928023458059978879e+00 1.001558290361940440e+00
1.199524714680239024e-01 -1.730870713882945999e-01
-5.598383329899922600e+00 -1.616752416835891548e-01
4.459307760050437608e+00 3.037426676708290252e+00
-3.040940506746782734e+00 6.421526039401965313e+00
-1.843440729277865398e+00 3.930304613951355552e+00
-3.028273620292896151e+00 -3.816508276142204892e+00
8.603759690397691173e+00 7.574893420398214339e+00
-1.425961227227913852e+00 1.012677386457922957e+01
-2.545337033890099576e+00 -3.592620970758797050e+00
1.412303236859401068e+00 -8.295376465084796536e+00
-7.474057584161264423e+00 -4.659348010337553525e+00
6.139813483623733248e+00 -1.361979627058867104e+00
7.154109803229251163e+00 1.819890146848110790e+00
-9.678278791343693399e+00 6.730041967338326714e+00
-4.746375123883229463e+00 -9.316074480052243700e+00
2.356518776308010210e+00 5.726843820949722996e-02
2.836279334836725674e+00 -4.589589514907425283e+00
1.688650057516903225e+00 2.032980457495113136e+00
-9.714426497578122266e+00 9.325626066365526157e+00
2.164425198632178304e+00 -5.457913153953556140e+00
7.724240071244538264e+00 -6.038284584800209798e-01
-1.083639856133800095e+00 -5.557564008408244938e+00
-8.711853309005022084e-01 -9.473469804678051887e+00
-8.448487936195700598e+00 -1.024723943592812248e+01
3.020857367530843440e+00 -3.473861379620542422e+00
1.856884844583356120e+00 8.924949360773792861e-02
4.929813666325342680e+00 -1.221089178712486678e+00
6.094607244807977331e+00 -9.653605558747608839e-01
-3.698059260671852755e+00 8.209874954545798076e+00
9.465117352638873882e+00 5.964774884943255806e+00
5.517692281236968199e+00 9.341252902926054702e+00
7.220199026058942593e+00 6.640520639901911437e+00
4.818550147883256862e+00 8.868536443283069559e+00
-5.056634334697182709e+00 6.730413058746447241e+00
4.952766306589856171e+00 4.121305340663505845e-01
-6.347645128782941626e+00 9.510294097820169767e+00
6.768314573356664532e+00 7.542765883761481938e+00
5.219316266124352843e+00 -4.080840199126289036e+00
-4.556645964387899816e+00 -5.757948590170191006e-01
-6.839081120905682099e+00 8.476352048431854413e+00
3.118418814571061848e+00 2.465786458497249534e+00
-9.967197824685850804e+00 -6.661372250119427463e+00
1.993655922600375829e+00 2.615675396175770828e+00
1.132439769021498677e+00 -1.147820707335101176e+01
1.249913995503777908e+00 -1.035061171674183456e+01
-1.114859092777217953e+01 8.420984036414056462e+00
-4.729484867163571415e+00 -2.541449545987267467e+00
-3.603307427786084371e+00 -2.099973733062727277e+00
-6.671749367124467867e+00 -8.360929700866737146e-02
5.673620179175787648e+00 9.186997493800356906e+00
8.313112063687165820e-01 -5.464812932692858283e+00
-7.395317068780670411e+00 -9.579227044642124600e-02
4.963427343103164802e+00 1.058992129233803858e+01
9.092663723873064541e+00 1.856963870170968534e+00
-3.186573809174778060e-01 5.136575457692618585e+00
1.079300028042810666e+00 -4.805892417177315856e+00
-7.992712466387519754e+00 -4.537792270919286608e+00
8.873299893574220221e+00 -1.423017499781333850e-01
9.042708205132695909e+00 1.511590966908737732e+00
-1.783327220181236239e+00 3.034905228018265788e+00
-7.892508058082540856e+00 -4.135909485070069280e+00
8.272948714489688271e+00 6.777138884314643619e+00
5.864945423975120864e-01 -8.148663932284071265e+00
-7.668335976251054120e+00 -1.422281988761958216e+00
-3.550398383839076466e+00 8.713700575768633882e+00
-7.577540154057016419e-01 -3.480431601638438011e+00
2.910001255602126413e+00 -9.648545562076837001e+00
7.810632913198773508e+00 -3.944157802367600940e+00
6.191984943755452164e+00 9.322410242170505512e+00
-2.547518998205819063e+00 -2.629963584572901247e+00
-9.470013194249165878e+00 8.442911205819884302e+00
3.146774705242513015e+00 -4.780268466696533380e+00
4.787119145243989848e-01 -4.470215265519795977e+00
-2.281105948776481096e+00 8.173145859268446500e+00
4.049182975105393822e+00 8.672570515229182320e+00
-2.714130080415642077e+00 -9.386734941295525658e+00
-9.156874527409776476e+00 6.295165864791406385e+00
-1.729735943311352608e+00 -3.625360155798366790e+00
2.048746534500270666e+00 4.885759891468623550e+00
-1.187181901962546249e+01 -8.547932585407242101e+00
-4.021590283195060955e+00 6.539415068756101235e+00
-2.345843183256967723e+00 -2.464177422075138679e+00
-3.097611019780809549e+00 9.867999347634457408e+00
-7.958606746110525876e+00 8.587275896559821931e+00
-4.276907156876364802e+00 5.317727168233717272e+00
-1.767039033193221753e+00 5.547707481536624741e+00
6.035219774689747574e+00 7.437784032959861236e+00
-1.637599599896891300e+00 -8.696379435554238313e+00
6.245980744656783656e+00 -1.241968554274292647e+00
-5.808628532451008297e+00 -3.961412955135279468e+00
5.902606000674145648e+00 3.645339897511837179e+00
-5.685410162807496448e+00 -2.197719298095581308e+00
-1.037927366370374571e+01 -6.723082125201365500e+00
5.200457432874148189e+00 -3.330457779724324663e+00
-3.875452765020408030e+00 9.726624294046910535e+00
-1.703618784300295674e+00 -6.960845085173332336e+00
5.494392461286709661e+00 -3.061214255666323325e+00
-1.705543019651014180e+00 4.371571033489319191e+00
-2.082170100671019597e+00 -3.722056355646520487e+00
3.546437695458458439e+00 -6.714304675954678281e+00
2.035575140052765963e+00 8.098849373740225843e+00
8.944143818906288956e+00 7.111997753388259014e+00
-2.436208650506852091e+00 9.952803518371192482e+00
-2.671208066238054624e+00 -9.493188104555024154e+00
-5.196910259811670763e+00 7.971177824561673120e+00
6.825404764458168572e+00 -2.552060969846836613e+00
-2.346940403214336168e+00 5.978839451440000730e+00
-8.478421281862395631e+00 1.032697764293363107e+01
-5.569444951499114005e-01 -9.552060207157394345e+00
-1.029570930088071812e+01 7.609130355178126415e+00
-2.000306746604060049e+00 1.022964969553268588e+01
-7.818175878742534834e+00 8.669202599331063297e+00
-9.639244469649677072e+00 -6.114677302415113758e+00
3.682093234127996606e+00 -5.719534936510655143e+00
2.639422067073656564e+00 9.745214677517225255e+00
5.604324518369213415e+00 -4.633210814280021239e+00
-4.064495869207877810e-02 7.705612801316545912e-01
-2.682786592276466653e+00 -1.006181719607554825e+01
1.387813839231190283e+00 -1.588761654883497743e+00
2.434195113971787006e+00 3.699092775798047850e+00
4.291656828145435476e+00 -4.340590507704842338e+00
3.334513258970527971e+00 -3.131436943807147433e+00
1.986884197555765841e+00 9.636364171961018243e-01
-3.335221924008919814e+00 -2.733464215709374034e+00
-7.501494259852735880e+00 -1.216872888792692953e+00
-7.301024820426972539e+00 4.416118522648337930e-03
-1.104407801707954562e+01 -7.273634630679836732e+00
-2.290031652975016652e+00 -8.651931099659485369e+00
6.555901945443045165e+00 4.752864357244668270e-02
9.263341389286670058e-01 2.119133488865759585e+00
5.354286688133437444e+00 -1.523678720473849113e+00
2.941890045688072775e+00 -3.498632883557633022e+00
3.117445614885003824e+00 -5.957708461383743881e+00
-5.777506174429427155e+00 -2.868069181052641969e+00
3.112150338721754395e+00 -6.560878163244265870e+00
1.207724698589519585e+00 -8.335848078603678601e+00
9.407836601336708182e-02 2.359655677014884212e+00
-1.219868041802637926e+01 6.852567434975094685e+00
5.644755980217507130e+00 6.710102824807242072e+00
-6.314242865850076214e+00 -3.086963284247820294e+00
-5.925256997922190294e+00 6.493143462845613278e+00
3.369801721628792546e+00 9.182826137481113093e+00
9.297521357322656499e+00 5.384811978988700787e+00
-7.939228251230214362e+00 9.269259268660274387e+00
-1.816021248130295085e-02 -6.931356009361775428e+00
5.260344009132001730e+00 -8.330054741107595362e-03
-2.379913283250714606e+00 -8.992343188172080559e+00
-8.045729202736483288e+00 -2.797649179204758862e+00
-6.488474941265194751e+00 -4.685973963665563957e+00
4.635931271737191217e+00 6.954858953247628151e+00
-8.291356612559038552e+00 -4.937785157296925576e+00
4.196180468548204701e+00 2.882730763934177709e+00
-6.351682606152423638e+00 -2.695235371690468007e+00
-4.672997169348967361e+00 -3.606090214860271370e-01
6.058722544666266252e+00 -3.079968823770718789e+00
1.827256520352129376e+00 3.807686439849242710e-01
2.869628139653985777e+00 -7.545569692794420469e-01
1.604084892589784150e+00 -5.891927499401517387e+00
3.862156799122057116e+00 3.639404915152042896e+00
2.840665287404914086e+00 -9.845902935948998014e-01
3.803106641484044204e+00 3.079036833926882100e+00
2.250525352699863202e+00 -5.453120390991528232e+00
-9.359998659745787819e+00 1.060129695114654602e+01
-3.797650519381741141e+00 9.183066910389825921e+00
-4.416404039200384268e+00 -6.694948878740442089e-01
7.377855041534494340e+00 8.406877558802374750e+00
-5.963050413245656323e+00 -1.370298608490591707e+00
-2.424773160255141669e+00 -7.536847773043918508e+00
-6.597908951775923292e+00 8.932937141343440857e+00
-9.369752301469235434e+00 9.905522355096813669e+00
3.543280291423015260e+00 -5.706831273535738269e+00
3.032107418445863622e+00 -9.296652410815815504e-01
-1.937645319927404408e+00 -9.741793844094670973e+00
-9.544099456448495999e+00 -1.009976371791793071e+01
8.614811584856186144e+00 1.585037462015575604e+00
2.852311335961402516e+00 8.313194784144927851e+00
-9.224074155460600721e+00 -6.731821025130859226e+00
-5.832148121885307290e+00 3.626135800787375629e+00
9.102515317725735855e+00 3.153520332055764985e+00
-6.797841063405780648e-01 -2.890833342499111502e+00
-1.003524934171319316e+01 -3.412647983135415508e+00
-1.739007107891093140e+00 3.671295971648080858e+00
-4.899451114739936664e-01 2.624315023263203539e+00
7.415361626365646330e+00 8.654144231380495711e+00
-9.232184536578737166e+00 -2.894450535923617895e+00
-8.320456184067152705e+00 -4.796614771136819222e+00
3.291181557595979079e+00 -5.224234947364019277e+00
4.968170510235335513e+00 -5.533391399371993202e+00
-5.814471721458564168e+00 -1.918255782645171159e+00
-1.268069389513854972e+01 9.709146337810590666e+00
4.437352407549691513e+00 -6.075903374003684299e+00
2.353522086609465713e+00 -5.588205189541382012e+00
2.621618219598061739e+00 8.551250214864346333e+00
-3.452464148670713939e+00 7.981721698621590200e+00
-6.607410258226495969e+00 3.051710369705067372e-01
9.985506242077826222e-01 -9.633170851839368609e+00
4.025432893068099371e-01 -6.201336592031179151e+00
-5.492347799991188495e+00 2.095402519394967911e+00
-8.258710054908119602e+00 -8.670688414831767332e+00
8.482839853133310015e+00 7.493148695385521307e+00
-4.355887549361521671e+00 -3.721350055912063581e+00
4.242395992806215155e+00 2.295581944369030403e+00
-3.490335572631673600e+00 -1.448631557621740562e+00
-2.328236888830815143e+00 8.314968858492205683e+00
-3.409810595086275153e+00 -3.339170727834996022e+00
-8.310362948803595273e+00 9.844366616277211435e+00
7.186899898573615886e+00 2.450543045827206612e+00
-3.529926830559462214e+00 8.313256609291363119e+00
4.084964049854005630e+00 4.485384864224690737e-01
9.504256217911424276e-01 1.512015658010921859e+00
-1.638305213280096595e+00 -9.289667304183854668e+00
-1.856564351952102232e+00 8.871428165166964419e+00
-6.231733404170043400e+00 1.107457467365826886e+01
-3.340124870454171280e+00 -9.019485756173024171e+00
8.174157536784587563e-02 8.903001783288081228e+00
-5.667117710220272997e+00 -2.395150826168984892e+00
9.334773280302766096e-02 5.641792465170372139e-01
7.694038137132585220e+00 2.881842576576485015e+00
-4.954413185542527742e+00 -5.764946593523335716e-01
1.070868519966336141e+00 3.498790639257019830e+00
5.526198311095509297e+00 1.059000876485376530e+01
-2.599810215148877113e+00 4.147779146394764638e+00
-2.267650260425561726e+00 8.396072764882381634e+00
3.531056507000777778e+00 -1.611074536681378566e+00
1.221212148650256735e+00 1.586620754654324061e+00
6.732510315197156814e+00 -2.833362549035657540e+00
-8.369534495753949699e+00 -3.289314871741578106e+00
3.218985209907848422e+00 -7.023396391963571794e+00
2.660256801875141797e+00 1.769551523562257866e+00
6.383106980427325716e+00 -3.183189300963208179e+00
-9.706957181504821008e+00 9.317788625943398628e+00
-6.182391267473466456e+00 -4.616153943263419990e+00
4.433635620787762299e+00 -2.643767445498365731e+00
-1.443005614054543084e+00 -9.882583840210235948e+00
1.014811883186721886e+01 1.107057751449046279e+00
1.820617166441052426e+00 -6.005904255244116641e-01
-8.438083394409879645e+00 -1.379314128190548772e+00
-9.170279848833910563e+00 7.718730449419642703e+00
-1.333063174148410024e+00 9.134255130006657453e+00
3.961075558166203603e+00 9.115420832982788824e+00
5.103985227458998075e-01 -3.515790128628750733e+00
-4.048594606436382470e+00 -3.655169760094181264e+00
5.829610237298524567e+00 9.122314085985145482e+00
6.705981974838274517e+00 8.528490488262137958e+00
-7.952419563912956235e+00 -6.136793703376469011e+00
7.436560034248181239e+00 8.273595004055845692e+00
8.738197239991466247e+00 4.046270898494248591e-01
3.972340774513703821e+00 -2.856098981119623126e+00
-1.762860248139443975e+00 8.562969579579458923e+00
-1.856221058306694927e+00 1.442788126061122389e+00
-8.982110016499628813e+00 7.497285852930676064e+00
-6.140623925140723749e+00 -4.204357294395454581e+00
2.688759015382320428e+00 9.249828353590427987e-01
4.516836258438534202e+00 -1.902673293247158393e+00
-1.159094428883258532e+00 9.264889877993937262e+00
2.312141303133232739e+00 -6.600559120621713127e+00
4.148612668826718419e+00 -8.992767534306675969e+00
-4.219210303423809094e+00 6.710821355221747275e+00
-3.557242999196186695e+00 -2.222541967067691360e+00
8.270931242679106177e+00 3.339255956899214617e+00
-3.413462223208203028e+00 6.922453676052035654e+00
-2.568700455064608423e+00 7.838863739527283769e+00
-6.042647678057972982e+00 -4.375324258603113803e-01
5.364892146803680317e-01 -6.325423815546904471e-01
-1.656464846166916027e+00 -9.304603417986889724e+00
-8.349665553087472603e+00 -3.359615861465734543e+00
-7.584844906416963184e+00 -3.091697511655849162e+00
7.720616296040982540e+00 9.082536671769352310e+00
-7.127184617647484899e+00 -3.024304976062611949e+00
-3.520345844723736128e+00 -1.590788333266071275e+00
-1.017192525328131936e+01 8.092738243666746101e+00
-8.838673245750914731e+00 8.636890202238360459e+00
-8.911444259087351938e+00 -4.421137089100318218e-01
-3.361077411364078671e+00 1.018685624374889542e+01
1.432945804978746906e-01 1.372182019828883659e+00
3.730930288280721818e+00 5.362965403590309599e+00
-8.722328190428559225e+00 -6.536408660768057821e+00
-5.122463989553682762e-01 9.534371647504631397e+00
6.926375746799672939e+00 -5.187892503565052493e-01
-7.689547095394512866e+00 8.958197743490554643e+00
-5.510492174025591883e-01 9.570093145135258439e+00
-3.339914950074724942e-01 -8.593271754977720889e+00
-8.721454932705810847e+00 -3.949628134044401939e+00
8.745670148695092294e+00 3.727656022462086938e-01
-9.002717690483653001e+00 -4.474816275438866953e+00
4.464067854031314120e+00 1.039207318652258039e+01
4.791579233433958862e+00 -2.960641415826033018e+00
8.029634763153778110e+00 -1.565793872765243400e+00
2.012336537960548011e+00 -9.848992199507968337e+00
2.091581588526865598e+00 -5.788005960070264244e+00
-6.186465985062117312e-01 8.128815152818818390e+00
-4.087267281359692639e+00 4.433383368972524607e+00
5.046902731519068652e+00 7.508380663401456268e+00
8.941157405525032686e+00 3.088934845625015413e+00
5.657919078334523455e+00 1.174741639715185038e+01
5.426175816062984936e+00 5.602896082104320552e-01
8.178221725934604613e-01 -6.888952393331778445e+00
-7.131638541928978725e+00 -4.795201652475604703e+00
3.410048505363307392e+00 1.710507552249787011e+00
-1.066236697825253898e+01 -6.961185471638636990e+00
8.040150306687660064e-01 4.526170513125973294e+00
2.624529457239406227e+00 -5.099288225433422639e+00
-1.965241168677910988e+00 -9.777394789349697746e+00
4.725909241933165639e+00 9.212971173208716280e+00
-8.382045338005420732e+00 -8.429488808535971600e+00
-2.581355523823623876e+00 -3.672649373340544088e-01
9.560814563458453819e+00 8.819816232929442723e-01
2.296202681347243146e+00 2.730978574317608487e+00
9.544982038883510711e+00 7.080951517891666214e+00
1.499919578365002115e+00 -7.715841558193400118e+00
2.394436787402414168e-01 8.052721783081983276e+00
-1.046288761541808832e+01 -7.287900522851788132e+00
-2.413073180511651650e+00 -3.887710515135238687e+00
4.476171880112906898e+00 4.638400904373698452e+00
2.261994240032337622e+00 2.744368203802836970e+00
7.632325161417572446e+00 9.933378117262281037e+00
4.403389101814647155e+00 1.156711236794430953e+01
4.838312949197240087e+00 -1.930729738010521945e+00
-7.458134951376457877e+00 7.045523798082252931e+00
-8.784277260975169810e+00 -6.895016832885498381e+00
-2.030252425144822848e+00 8.287055376332974177e+00
9.760221176190841064e+00 2.653955113860767767e+00
-2.839208605723823720e+00 -2.976879828040684295e+00
-1.498386630556779675e+00 9.971955104342891119e+00
-3.411827380770642293e+00 -2.194709885371365354e-01
6.189769664603417709e+00 8.705839464870885891e+00
-7.501770101593753459e+00 -3.744209980828417272e+00
-8.026265871890837289e+00 -3.381367285215719498e+00
-9.035118518288236089e+00 -3.970308243506771806e+00
3.355851232296840791e+00 9.586269927731054352e+00
-9.145208045324148216e+00 -4.832965739275078221e+00
-2.722249255097677789e+00 -2.187318630055941071e+00
5.939008953010162628e+00 4.262329535668394342e+00
-4.905178713390638379e+00 -8.259907165858501044e-01
1.152012028624313400e+00 -5.383140143834149072e+00
4.673832392301268790e+00 1.187514174174937942e+01
-8.531469731993115424e-01 6.601094130613242683e+00
-1.036548379880127868e+01 9.097393998637626211e+00
1.261194939588022645e+00 4.244059936169876757e+00
-1.610041670458496554e+00 6.893422910863183262e+00
6.058252938429827594e+00 -3.866526514269575721e+00
4.358985479267669660e+00 1.039639188972992123e+01
7.372958410309354171e+00 -2.647941495325092376e+00
-3.774577948439635566e+00 4.542665349184499490e+00
9.763514356619586110e+00 2.055270243055857371e+00
-6.786419003097656777e-01 -5.434976169811085001e+00
-7.943051503463872898e+00 1.014277246015375056e+01
4.436307459936223552e+00 6.076849615096818980e+00
9.307519972313807344e+00 5.583172801938149910e+00
2.285572440382034554e+00 1.453542663571187887e-01
