2.681832304225264529e+00 -6.210642552727819954e+00
-3.956319924323637771e+00 -4.554720076000637441e+00
-3.968193824074629283e+00 5.908219883527110916e+00
4.347783148236144868e+00 -5.003712029974688669e+00
7.869909125461003185e+00 2.417274961170529757e+00
-4.854336760352939706e+00 5.712465534203054141e+00
3.007931357175732678e+00 -4.327006935457802683e+00
5.112514957419337591e+00 -1.546330635394750797e+00
-1.052727833933108981e+00 -5.179787077747864288e+00
-2.680903212543911618e+00 -6.241735403859612674e+00
1.455738850574272547e+00 -8.891534826482926590e+00
2.145695695757542598e+00 -4.288213693902148904e+00
-7.117300242395568688e+00 -4.397325355960798987e+00
-4.979362503868787648e+00 3.755138870769758164e+00
-3.672424859256461893e+00 -4.718679555861649000e+00
-8.458417143752614553e-01 -2.835477375538401290e+00
8.672341697173001407e+00 7.260846955896375077e-01
-4.061166638566680476e+00 5.342520579790235757e+00
-5.623326171872273793e-01 -5.422601601423114204e+00
3.683988109881068507e+00 -8.285647433338201751e+00
1.561600431417202728e-01 -8.527863347381504866e+00
-8.511896124542907671e+00 -4.851927213806374262e+00
-4.225881004324879342e+00 5.610321424264946621e+00
-3.211057685107344906e+00 6.559432188818047571e+00
-6.061259397682539962e+00 -2.138017553245421976e+00
3.030367963913076501e+00 -2.728011001910487732e+00
5.560458403424374474e+00 -7.498148573415962526e-01
9.049182827525475981e-02 -3.295859368774834319e+00
-1.037871574653290940e+00 7.372157576819621916e+00
-3.309102611395924320e+00 -2.939285570978743323e+00
6.773576399398310244e+00 4.981051696636633608e-01
-5.139320167296423936e-01 -1.856081353656775068e+00
-5.307716577291622606e+00 -5.502693738612094876e+00
5.376901397137642924e+00 -9.677059777272061680e+00
-2.767817161870885556e+00 5.844579055427445269e+00
3.792454340755448960e+00 -4.589500929895336867e+00
-7.772112180545928339e+00 9.284611023539124375e+00
7.427544963916909992e+00 2.111170194041415371e+00
-3.135417275189808617e+00 -2.279014419577206407e+00
-1.419285173355339991e+00 4.419209751959341403e+00
-4.726132172517029773e+00 3.376072233055164240e+00
-2.370627895650162742e+00 -5.030071747663982684e+00
3.423901362301207563e+00 -1.004314648432586310e+01
-7.234451351244032935e+00 -4.097070462423855197e+00
-1.482244034440124203e+00 -6.412292955905842362e+00
2.438073495102300592e-01 -3.373089692426515906e+00
-1.487722834294307406e+00 -3.782637729456573172e+00
-5.613865064773879254e+00 6.516810870527381283e+00
-2.265734465473663306e+00 -5.163485782458954176e+00
6.421148067213892752e+00 -3.474312092610211344e+00
4.172820222150948055e+00 5.282422863651072831e-01
-2.725398577400772737e+00 9.355084569713818965e+00
4.124918670371523710e+00 -8.181280780259173824e+00
-3.986871927620518008e+00 4.764399154449582952e+00
3.664100590862870099e+00 -9.979352151072157895e+00
-6.824881006081971790e+00 -3.025629798886185995e+00
-4.625457094421587811e+00 3.164090222057018842e+00
6.412305315011148643e+00 -5.737368974719355919e+00
2.173568210387538002e+00 -9.867298030568186107e+00
-3.910815345814883326e+00 4.999706167236970700e+00
-6.565514989558971948e+00 -6.394974308866570922e+00
-3.855457782620874241e+00 -5.446063046017897591e+00
5.115994391764751015e+00 -3.821239424131978701e+00
2.975341326244371309e+00 -8.986656572601141590e+00
-4.227762246597964513e+00 4.335968648547947168e+00
8.561518877805978089e-01 -4.216519611235233000e+00
-3.533026847123792002e+00 5.537680049384688274e+00
1.811886027221276008e+00 -8.118377294415372702e+00
3.399062653424476999e+00 -1.108344368250918421e+01
5.935643211476525849e+00 -7.781429345906857975e+00
4.175474624639532450e+00 2.417235004732876114e-01
-2.554229075541997851e+00 -3.935697427882728139e+00
7.083283158769470234e+00 1.289315705903393061e+00
5.692047175843118367e+00 -1.050047495886198279e+00
7.677786580882314027e+00 -5.584323356445217712e+00
-1.844114416721018390e+00 -3.874914557670074089e+00
8.675817687467906048e-01 -7.917999711057721157e+00
-2.997142372358219120e+00 -3.084042198861275175e+00
-6.270981389365195113e+00 -5.364095152777657027e-01
-7.224648112356518936e+00 -4.283504737835228227e+00
4.928814362483857181e+00 -1.950977206833143685e+00
4.771189867490734038e+00 -9.913753335400627975e+00
-2.906592209502291801e+00 -3.937312245114142684e+00
-2.507346350965470982e+00 7.218902385177045744e+00
-3.596548813466930117e+00 -2.373844109628094667e+00
-6.678237508928184241e+00 9.225217190111658638e+00
-8.629820816174868625e+00 -1.980808024676801171e+00
2.578227716724367014e+00 -9.776995730736766532e+00
6.248677622050312408e+00 1.954140037700454302e+00
4.774099081030237279e+00 -4.278206597148355717e-01
-2.045098800788153870e+00 5.118004445073483843e+00
2.060924828628056815e+00 -8.846441251151315299e+00
4.304412098107537332e+00 -1.093136441263414227e+01
4.560065215137192318e+00 1.790790862362756863e+00
-4.352355373778853398e+00 5.988627701716003671e+00
-3.180605209763593511e+00 -5.376434111100699020e+00
-2.977991528469481342e+00 -4.496796234179432084e+00
6.209510403777418475e+00 1.675823818847796964e+00
-4.992797551304736459e+00 -1.607223096139925200e+00
-7.479585297407322031e+00 -1.550280922481688917e+00
5.139467419650413760e+00 -2.874569758544452291e+00
-4.131001884265110391e+00 1.984389456522088757e+00
6.332468088028604392e+00 -8.351238711253969882e+00
-8.079871400099989387e+00 -3.044927080820013288e+00
-6.193519619706725265e+00 8.621629966735641304e+00
-4.337754563788395856e+00 -5.574246935661191671e+00
-3.969286219026284979e+00 6.027372668942920342e+00
-4.041944683103580793e+00 -2.385137315564431759e+00
1.099599886991505571e+00 6.853390485524317732e+00
-8.132616465133750694e+00 -2.639469891469987672e+00
-1.775666082185007433e+00 -3.364704527104208864e+00
-2.215178346438899215e+00 -3.360831638060942872e+00
-5.518862234352274854e+00 -2.318243479292924292e+00
4.688598736287013402e+00 -4.864848811590391620e+00
-3.640548544832736599e+00 -3.325920195533019985e+00
4.764230729157384658e+00 -5.862947059240187109e+00
-3.810511320208325614e+00 -5.454631388865027297e+00
-2.224506385628632010e+00 -6.813682742393590175e+00
4.252287545787444500e+00 -2.937846892972495461e+00
-4.368034783477387606e+00 -3.201164026426873477e+00
-7.378305999455569086e+00 9.852303445528690418e+00
6.422344400433344092e+00 6.881228188499910470e-01
5.037131696850098983e+00 -3.837506999772449134e+00
-2.950493970758540030e+00 7.491318655042041641e+00
-7.891849381906196115e+00 7.949836919658903156e+00
3.302478024701179571e+00 -7.520365925330000145e+00
5.892248554833866336e+00 -1.081642100102723214e+00
2.441563022896912294e+00 -3.224460404919385237e+00
7.489464357450746235e+00 -1.585804199185598673e+00
-5.252351425716806688e+00 4.868045914322518541e+00
-7.163600742707043612e-02 -2.639859527561752017e+00
-7.192919748914646583e+00 -2.432746701898684361e+00
4.038514832834887436e+00 -6.026374166335690674e-02
-2.732754968275625806e+00 4.412034932426974088e+00
-6.655693525097635899e+00 -2.812314841354504047e+00
-7.686483018609042261e+00 -2.293317427940551489e+00
-5.273318553260505581e+00 3.908726506275594481e+00
-8.360073197453049332e+00 1.060055794773527005e+01
4.302898143505260897e+00 -1.290613722661362872e-01
-4.851494250045223389e+00 4.984421578759452132e+00
4.803922691824220159e+00 -5.377177500751228578e+00
3.474830598378748192e+00 1.570547752496479710e+00
-7.268114953805485889e+00 -3.611724711242865649e+00
-2.946185438109603094e+00 2.706569950425492532e+00
-1.430967314652666689e+00 -4.212285751055617311e+00
1.224078170009846422e+00 -5.544140043632404868e+00
-6.014079981387594032e+00 -2.695987600784703897e+00
1.569280204892218977e+00 -8.957380643312296442e+00
-5.863556248823293515e+00 -2.640787246217482398e+00
4.682415988795765038e+00 -5.349793815010636777e+00
-4.206150170444349357e+00 4.474032386781260584e+00
1.041759071967504724e+00 -3.556453740622697701e+00
6.415764291991818524e+00 -4.190824624824642797e+00
-7.840171651815902365e+00 9.941073726095272178e+00
6.431868380446964295e+00 -1.796755386239769381e+00
4.707802503099865810e+00 -6.096452409181717158e+00
6.174102419852414592e+00 -6.059867538453930003e+00
-3.229007835666871440e+00 5.703873788520975374e+00
-3.289210790902881154e+00 -5.394919331874990398e+00
-6.666602548130796002e+00 7.732064799820196122e+00
6.619372240628607074e+00 1.137624159915188171e+00
8.413664960676497939e-01 -4.478220990140652447e+00
1.488458159810229553e+00 -1.309114842726245520e+01
-6.930184688393532966e+00 -5.746350181837647675e+00
-3.660047791437483156e+00 -3.290754962086701596e+00
-5.393170099197860168e+00 4.339523764461265642e+00
5.917246435855902043e+00 -6.544129432259145673e+00
-5.235301695285513368e+00 -2.645143102190273154e+00
-5.299282966284689422e+00 -1.488970677012205313e+00
5.249835736233464445e+00 -5.980175090300700269e+00
4.417597390014489811e+00 -3.070082062960469038e+00
9.389458306020781464e+00 4.598484577230674830e-01
-1.868356215108046170e+00 -2.013760427875020298e+00
-4.247146030778473857e+00 4.278924152663005742e+00
-8.201199346951014491e+00 -3.029369021925286010e+00
-5.722928098975573974e+00 5.764422197911663659e+00
8.014076462752845131e+00 1.503521578532280190e+00
5.570625107536084641e+00 9.374490946068980701e-02
6.753335609784211435e+00 1.545890633260214475e+00
-7.876496957466839532e+00 -1.991226235197292249e+00
-5.323680228790776958e+00 4.821814169834815367e+00
-4.699499489069742353e+00 -4.923858988465404707e+00
-8.140826980183563322e+00 -5.812231570733052965e-01
-2.817185427342301818e+00 -2.180164076098268566e+00
1.958642508664134141e+00 -4.784265009827613824e+00
-8.388661314765409216e+00 -9.316367690186312389e-01
-7.501859173604739084e+00 -1.352903985410147447e+00
-4.288986255828394434e+00 6.249687080033893949e+00
3.437776979998534266e+00 -5.082288144138795261e+00
-6.883964560458930571e+00 -3.153589104844869873e+00
6.647058558834066933e-01 -9.307194248818115412e+00
7.851390223674036939e+00 -6.593069367537793823e+00
4.329487476420947445e+00 -1.261714081282254973e+01
-3.900955265570047459e+00 -3.888451113382544122e+00
-5.606501689325187776e+00 -2.040538197322148584e+00
-1.937475832154649913e+00 -5.430890359382239296e+00
1.806205393702639661e+00 -5.508751282412958084e+00
4.488043544569920940e+00 8.830018875645495591e-03
5.031346200534868807e+00 -9.330723434032538677e+00
-2.634625666363162200e+00 3.861057626704263779e+00
-6.706049206102224325e+00 9.559307934869751833e+00
-2.752679325041685665e+00 -4.857947163550765168e+00
-2.343616010260437310e+00 5.812821974131080260e+00
-5.594330115464407172e+00 8.181258160804304680e+00
-8.676757464556493105e+00 -2.040576275454669464e+00
-3.732463113486184536e+00 4.199397517975194560e+00
3.462731533776513881e+00 -5.631688042387106741e+00
-7.810326445176720256e+00 1.014026274943831751e+01
-4.538937185037945632e+00 4.511845673100125076e+00
-5.409381489366398732e+00 4.614676293378540350e+00
-2.913491340987617306e+00 4.920459298264811210e+00
-8.458261326812552827e-01 -3.393898278566410909e+00
3.248232707600205993e-01 -4.752788676575375071e+00
-6.384245412549121923e+00 9.332542588692982477e+00
2.241989355500728642e+00 -2.103026733914855839e+00
-2.655030161075078610e+00 5.831956928018772857e+00
5.332193576187317596e+00 -7.270647289949044634e+00
6.135071005499775687e+00 -4.853744505079035099e-01
-5.785392810513798167e+00 -4.748073902753647602e+00
-8.846981450634391564e+00 -1.063968661183390285e+00
-2.243879846129563926e+00 -5.645837579355072577e+00
-1.383925801644142251e+00 5.445533081427968547e+00
-3.088767341736105898e+00 7.523622606173749894e+00
-6.399489059164118032e+00 2.162935893111545660e+00
1.189863127300533563e+00 3.599590090556767485e+00
5.359578059552629448e+00 -6.493250251665573458e+00
4.063027451668054901e+00 -6.007917942800508726e+00
-5.238072136740518303e+00 6.464491886201201076e+00
-6.054421044450749356e+00 -2.657116613866138621e+00
2.764507897951715698e+00 -1.148570470755887740e+01
-2.687035749446444743e+00 -7.679720094907578343e+00
-6.987817577027710669e+00 3.625653758697573004e+00
-5.882283604254437748e+00 -1.766296044511355579e+00
3.673679366488856068e+00 -8.360458688886149403e+00
1.016005180927260554e+00 -5.156108373493301755e+00
3.173595925545942720e+00 -3.127826666582628423e+00
-1.501549115148006486e+00 7.038039334438222383e+00
7.778785223384978131e+00 8.563928967979012041e-01
6.698990582991814158e+00 1.390175849208608483e+00
5.792658254477721869e+00 -1.993058130141125872e+00
4.047132437986178388e+00 -1.438249492321882261e+00
-3.220645669642763220e+00 5.457736906367832042e+00
-9.890371924718839303e-01 3.565227229165742528e+00
2.853779181997123437e+00 -1.147809487048793464e+01
6.274967477481044220e+00 2.126346784920897015e+00
5.848829080087022625e+00 7.201668330839239296e-03
6.647038692495215173e-01 -7.113062408942356640e+00
-5.547766798491462481e+00 2.276573674761624311e+00
-2.212314471641887437e-01 4.181703962038156419e+00
6.689741755574040383e+00 1.047788115434463041e+00
-6.015108797752649394e+00 8.538495594221293672e+00
-2.326654752730952680e+00 5.241989612613243033e+00
-4.711599268096923865e+00 8.617159725923874802e+00
-6.217060313541124650e+00 -3.336815693812037686e+00
-7.241682399850289720e+00 8.696326137860298289e+00
-3.368368208829050303e+00 -4.333231053046846526e+00
-7.677593138332886369e+00 -3.664942342934818242e-01
-5.694110052536712985e+00 5.211763029171009975e+00
6.675625770405722470e+00 7.005993241717939357e-01
7.564130738761395634e+00 -6.695489801453421208e+00
6.902174660745346024e+00 1.811999757201768091e+00
-2.545376494255767064e+00 6.221374274243529179e+00
-3.355067625594454483e-03 4.124560887351237604e+00
3.601574030030417539e+00 -1.755684080937441216e+00
-4.324849479881492265e+00 2.896714119045685543e+00
-5.275784169986670769e+00 3.811106354373051897e+00
-2.589064539625326677e+00 -4.573690128545352174e+00
-7.597772419702913282e+00 9.436550637897180849e+00
4.311665759634888850e+00 -5.652471013365723884e+00
2.122024604926647573e+00 -6.786203068639448333e+00
-3.449871488008536158e+00 -3.306154653603683435e+00
4.551423608798022435e+00 7.135676427214592277e-01
6.224282417220545760e+00 -1.779236911646785213e+00
-5.286147765147166666e-01 -3.167285211658628086e+00
1.038892986761393855e-01 -2.756073021897576858e+00
-2.295603036600187163e+00 -3.577808170427903889e+00
-3.816591994193792026e-01 -4.039142960673306249e+00
-6.304461320586705497e+00 -4.601344010985114252e+00
-6.246598801402157619e+00 4.462119286420899833e+00
-1.724551401009604135e+00 3.012738565271576796e+00
-1.912846090707227331e+00 4.366322995722368816e+00
4.938540395599319233e+00 -4.287858973281428177e-01
4.857931490728840451e+00 1.834745050426956237e+00
-2.476402267236433197e+00 3.110768219853050631e+00
4.201048357188557958e+00 3.046306708433194288e+00
4.576827501819322741e+00 -9.543937932032369176e+00
-7.863092918235035533e+00 9.041685712492672167e+00
6.935938431678239979e+00 -6.893434486143002360e+00
4.198765925047219127e+00 -2.314146887618748205e-01
-2.516454670815211347e+00 6.638817350017552243e+00
6.526532094711578580e+00 -1.074166420854613779e+00
-4.266457166072957996e+00 4.736824984250166182e+00
4.817957501848364466e+00 -6.847781377938773062e-01
2.919682999856218597e+00 -5.847181901369480350e+00
4.474152540171691506e+00 -1.091148860697976630e+01
6.040695077112610889e+00 2.968421469499137544e+00
-4.023924851315585194e+00 5.484502637582291840e+00
2.076237222797347126e+00 -8.297691522807731701e+00
3.162335511097698060e+00 -7.971364148301331554e+00
5.341169900285008154e+00 -6.819038960357784340e+00
7.408989156476473603e+00 -7.026787908823823869e+00
7.659637807911530594e+00 -2.221990880473303065e+00
-4.880753576616017497e+00 2.372686243807173412e+00
-6.351044538684482710e+00 -3.074127256317054524e+00
-3.709987812676799557e+00 -4.241350302314129905e+00
-6.070782123007068876e+00 8.624011840028236620e+00
-6.992943587540683126e+00 8.728409860516388008e+00
3.790960078683063728e+00 -5.046902657355794908e+00
8.613656631300992572e+00 3.267253356938146780e-01
-8.508352042004666771e+00 4.288250447019544609e+00
-9.118650195972521910e-03 -1.722451431159822022e+00
4.422811390072851623e+00 -3.348104588315743868e+00
5.309488436866643291e+00 -8.300974694430967027e-01
-7.789957847971644700e-01 4.827420752471064169e+00
-3.468526206320354799e+00 6.618261467166717260e+00
8.030224150109921410e+00 1.611198958705359896e+00
-3.215719671707728100e+00 5.180931334212475647e+00
4.420116194348544525e+00 4.436275635738307077e-02
2.984909874829373422e+00 -9.614714983169204032e+00
-6.041711306100419954e+00 9.164760344839782746e+00
-8.248574951727160709e+00 -2.162825583485139980e+00
-7.824212181133011867e+00 8.851886769370544528e+00
4.711993322824346464e+00 -8.616447498444564701e+00
6.227278498248920435e+00 5.351974976515408988e-01
4.382722509838581360e+00 1.104438485966018568e+00
3.847633566144910144e+00 -9.091172317724296903e+00
4.180762699966261486e+00 -1.025175854104529805e+01
-7.372165308392231609e+00 -3.457550604043181597e+00
6.338321280634685584e-01 -3.830735178357061343e+00
-4.608857195973238952e+00 -5.690771916736729885e+00
5.268900441725618222e+00 -1.081212573051177550e+01
-7.560021162830244279e+00 -1.427529799272378996e+00
1.636200648919428291e+00 -9.108936914173254351e+00
1.735729425162396478e+00 -8.814547600305333575e+00
6.232829344241552327e+00 -5.907299966893072352e+00
-3.867320745424349671e+00 6.808202145951998574e+00
-6.816426637427296598e+00 9.423711317013154343e+00
4.521264848711055606e+00 -1.844542501428382941e+00
-2.848840160571939784e+00 -3.882176296965544893e+00
-2.083767003535752949e+00 5.265644804075010121e+00
-2.267312782711927266e+00 5.560462750406205856e+00
-2.410971274555888222e+00 7.595931879249274488e+00
1.201265468361313093e+00 -4.089272439475999832e+00
-7.896936404145987964e+00 8.872047954428305516e+00
-1.036985169958624775e+00 -3.844921718280534861e+00
-9.843124760408052509e+00 7.139161524172981110e-01
-1.996603825373845176e+00 2.765731796407969512e+00
-7.426630147648966229e+00 -1.760701372729098768e-01
5.470887464891196039e+00 5.470472338797494061e-01
4.901987601110648463e+00 -5.638350996378230784e-01
-7.214849454321218047e+00 7.875991067143562674e+00
3.553412389598122001e+00 -1.174988432701740493e+01
-5.234586944912799744e+00 6.149157033343001899e+00
4.613464690104647659e+00 -9.808110568465259860e+00
-7.259979964279436260e+00 9.990931137752543378e+00
4.043464330916664018e+00 -1.193614083605702980e+01
4.159160687802640588e+00 -1.236022799850801412e+01
3.126885557670725291e+00 -8.297241669668517616e+00
-3.811651067219139932e+00 -4.094009278927967621e+00
-3.000663923458508631e+00 -4.067668243661874072e+00
-5.821901739280612276e+00 5.567553706750121734e+00
-4.974624983880987728e+00 3.029655557132454824e+00
5.446864125279471835e+00 2.016038934865398868e+00
1.295240920536837148e+00 -4.749654616056714573e+00
-7.259878372147186454e+00 -3.914945547389460767e+00
-2.807533655587178156e+00 -6.123893448603535461e+00
-4.919589328404828876e+00 -4.471115731919403480e+00
-3.484057007231050385e+00 6.932451962640141296e+00
-8.125009504274391503e+00 -2.682656305580203515e+00
-1.551345664565933591e+00 -3.169281529826942112e+00
7.006215645628220301e+00 2.423920782213004443e+00
2.048209570464382345e+00 -1.002162434202267249e+01
-2.504584268676151027e+00 6.808809245632842178e+00
-1.122884541045880091e+00 7.215438650600656700e+00
-5.219730894911058350e+00 1.074546403115160587e+00
6.599636431135421866e+00 1.654816581417809518e-01
-1.474640566313284440e+00 5.761162009718693078e+00
-8.560943144783458081e+00 1.049197689006848222e+01
9.074231900339033707e-01 -8.939287619524222350e+00
-6.700299205264750313e-01 4.268025927906913708e+00
-4.354794594428595289e+00 4.061425574983452691e+00
-2.911410846151733622e+00 5.502048822753065060e+00
4.871703803548420808e+00 -9.717378310793682417e+00
-7.974773208280525605e-01 6.509976437193189192e+00
4.723540642570157821e+00 -5.932603805255308949e+00
-3.442462948263632416e+00 5.250512132791605779e+00
-7.376018883530123915e+00 3.493236532966197849e+00
-2.853478770889649407e+00 6.231209468854832956e+00
-2.556836315789445813e+00 -2.375492252118705849e+00
-7.602069378137077393e+00 -1.584970077490756024e+00
-3.520516444263794398e+00 -3.783542655976213975e+00
5.739934800828924821e+00 -7.118199252119163933e-01
-1.519573390603607965e+00 -8.483837872272388836e+00
-7.619396240776411311e+00 9.499778133382623224e+00
-3.313775216249982059e+00 3.812134589321400036e+00
-5.138142190056266934e+00 9.913553735136908074e+00
7.857179193660623895e+00 3.070424045213991704e+00
-6.564179139600631707e+00 5.213185038110655256e+00
4.880705065835371670e+00 -4.074927865026800156e+00
-1.124894706754664853e+00 5.879046674552313334e+00
5.784947516061530237e+00 2.098208493999572433e+00
-7.580295555538290486e+00 -2.037259490213878976e+00
3.042382885838000650e+00 -1.651121897775844838e+00
4.702028713069758226e+00 -7.760931414460218392e+00
-4.597887055662370770e+00 6.702642841155354247e+00
-7.495304122236746025e+00 8.012627543493392679e+00
3.487500389999037775e+00 -1.084784864229651902e+01
-2.968177931305642225e+00 5.933912190967880029e+00
-6.491498820226985877e+00 6.655500643339247624e+00
-6.902649525641380457e+00 -2.934188215744788497e+00
-5.427373436068542389e+00 3.203775233292019742e+00
1.340637168726360962e+00 -7.176204171919154717e+00
5.220007941534595908e+00 -5.116940076356088163e+00
-1.784556217252889265e+00 -3.577626843589242434e+00
-6.681275597683476342e+00 8.154347999933309055e+00
-5.852714638596150820e+00 8.912720014675269198e+00
-4.234943067051920806e+00 -4.880200532957974069e+00
-4.810660357251515862e+00 7.164258888766889655e+00
-4.508244272330272473e+00 -5.144920944280483077e+00
2.541226415894625834e+00 -1.248302590205282225e+00
-5.028086694730314221e+00 2.808978453613448778e+00
-1.145466804561428464e+00 -3.984587973045304210e+00
6.781793202607535598e+00 9.149725378762838535e-01
-1.316840057834022915e+00 -3.486208206759673800e+00
-4.496790971118349134e+00 6.437179241473794278e+00
-5.501295341924241633e+00 -3.510502272968721638e+00
-3.156206983408760269e+00 6.563105054197275301e+00
6.252156594043695392e+00 -4.009346660063533463e+00
1.715248094859964878e+00 -7.961653893696672313e+00
-6.460538577331993437e+00 3.218626388801705485e+00
4.637179169756278085e+00 -4.597648366713817047e+00
-6.838172012962744351e-01 -4.642342775979220626e+00
-2.053606343018313130e+00 -4.201823508037128008e+00
5.444725232992844610e+00 -9.049018189582125338e-02
-4.711519242470881608e+00 4.905289605580328782e+00
-3.293357052097228177e+00 -6.140876313806899134e+00
-5.072799583642667365e+00 -3.525786181080732717e+00
-7.099812689770172991e-01 -4.268326408931148563e+00
2.284060885733858015e+00 -9.335327509076499553e+00
5.076072525443521499e+00 -5.111151571397180682e+00
3.846922873235673279e+00 -9.377330989109854187e+00
6.899930475752006132e+00 -5.423243522222605861e+00
-3.888395110149369227e+00 3.993744229992825634e+00
-6.590532739032350484e+00 -1.662987720285301396e+00
3.406821826936118569e+00 6.840834314517680870e-01
-5.810821653491523797e+00 -3.447446877601850090e+00
-5.516819964019378908e+00 -4.220670034053807029e+00
7.828729946985734323e+00 1.971609730967675667e+00
4.659098809813864150e+00 -5.857610039720375639e+00
-1.087138360302801754e+00 -3.085808188045223499e+00
-3.174199429382957849e+00 5.158393068539579573e+00
-6.209717539318766910e+00 8.932920983294550865e+00
-2.759378050054207776e+00 7.817040726920432725e+00
1.878859584932290661e+00 -6.914168711969627346e+00
4.136816867617288729e+00 -7.267141783712316894e+00
7.051848956936312085e+00 2.379448526550409948e+00
-7.754905191238280260e+00 9.179199204149746549e+00
6.673753027117225400e+00 1.309293056099875008e+00
-2.999932455271054010e+00 -3.274119486125488088e+00
-2.865909231463330542e+00 -5.487078876103566927e+00
-7.844155423651432812e+00 -3.651692783115366936e+00
-5.309348979749841213e+00 9.020699242020009834e+00
5.938876620476399637e+00 3.667151514234986420e-01
-7.046978796486521368e+00 5.336416856652795637e+00
-6.709947047699482248e+00 -8.067356906205596090e-01
-2.207513289076454832e-01 -3.033266352051681380e+00
-6.790211246263642586e+00 8.838890975702124564e+00
-6.889851860839161901e+00 9.619691008832070622e+00
-2.223223499012489945e+00 -3.811028928833369633e+00
-1.333778514138584725e+00 2.100254371137851184e+00
1.800564181956052279e+00 -6.372212044111813967e+00
-6.177424588539458306e+00 -6.338358219701335505e-01
3.935248514134013220e+00 -9.333430373410553926e+00
6.738849230500872700e+00 -6.955242965405665778e+00
-1.146477362464784822e+00 3.995556299106926890e+00
-7.025299107809566124e+00 4.650567734660691954e+00
-9.520261805830037005e-01 -5.147858551023688278e+00
-5.184451908927211861e+00 3.451531798018145025e+00
-7.109244524346137517e+00 -2.490613863119457427e+00
-5.809737994677274919e+00 6.767422780865718579e+00
8.083067520138936146e+00 -7.558215980921223043e+00
-5.178420378138733682e+00 -4.764343301563059185e+00
5.647398206991946168e+00 -3.269175529416762593e+00
6.662857356387369201e+00 6.958645787330786092e-01
-3.213980858358701287e+00 -3.485808658481354794e+00
-1.948864921195821109e+00 -2.766314013854486387e+00
-4.510398638973067698e-01 -5.600181416987683569e+00
-1.459076503379974188e+00 6.980051505400467704e+00
-6.153049071563162720e+00 -1.987907445802007622e+00
3.731009711417330177e+00 -1.053416545248744818e+01
-3.100104180570877777e+00 -4.897315953222207696e+00
-7.247437883452571228e+00 9.078865622290154036e+00
5.138515407120663347e+00 -5.042545321629346766e+00
-4.034875801728936118e+00 6.078541189547307155e+00
7.166191843841490439e+00 -7.505264765951200623e+00
-2.366917716430704477e+00 -3.836140881505239353e+00
6.027307771849751639e+00 -1.363588288374518953e+00
1.172765480729335286e+00 -3.464895570795382351e+00
1.423160092320508330e+00 -5.471096104567413576e+00
-6.946632412617796959e+00 -1.122429922789782264e+00
-5.232314150165885636e+00 3.927657875320163861e+00
-3.607922203427591512e+00 -6.860952848714509500e+00
-2.076253613074209525e+00 -4.483554603433343999e+00
-7.466529802417518624e+00 -2.292693823082838200e+00
5.550827308923026671e+00 -6.793516066550281174e+00
5.749128510234338130e+00 -3.626481411968689450e+00
-2.660528009059337062e+00 6.097869015861182795e+00
-8.641131526415797737e+00 -6.108965844974046933e-01
1.981211091622070875e+00 -8.772082990700473815e+00
-4.658089257965048802e+00 -5.901875908394011994e+00
4.001190437947107270e+00 -9.049587453640668855e+00
-7.498635464118490468e+00 -2.554127442253692593e+00
-6.552256741766171455e-02 -2.317084754250261280e+00
5.511762229237143984e+00 -1.762268773792962762e+00
6.076986380265320342e+00 -4.254363604790910358e+00
2.467074594585921155e+00 -8.734532522774012264e-01
7.025554021859783838e+00 1.716843769255884000e+00
-5.670716193319332632e+00 3.077543244907795739e+00
1.667646119187053522e+00 -1.004288818926766957e+01
-2.188452293655704928e+00 4.962110476408978066e+00
-5.369796362322987626e+00 -5.312833075084926193e+00
-6.913661695492412385e+00 9.815603111362388944e+00
-3.099134359997592902e+00 5.848690828479660375e+00
-4.931779583607799999e+00 5.224596654029868503e+00
3.758769811000107097e+00 -8.022215193911192088e+00
-5.355636750351177255e+00 -4.530102292616660087e-01
4.844704985478320403e+00 -5.289901575189281502e+00
4.720520224534529241e+00 -3.314010774335416354e+00
-2.032029827909276332e+00 -5.395683924066979387e+00
-5.045035172836682236e+00 -4.637029233919349736e+00
3.584114159464522942e+00 -9.322660477264550494e+00
-4.362545138946387624e+00 3.515402033360347289e+00
-7.685975229937843878e+00 -5.975962217942390353e+00
-4.371331657979624197e+00 5.696746115217864670e+00
-7.239141345270022398e+00 -2.120530886258996439e+00
-6.035525358352193948e+00 1.055658703084768568e+01
-6.529066563919855959e+00 -2.849852634731203427e+00
-1.967825996975333336e+00 6.181129890719998521e+00
4.660947432421795877e-01 -8.421236694525903843e+00
7.692560639725393168e-01 -2.728925259552183125e+00
-5.191159880504496726e+00 -4.382751188193444669e+00
-3.166161974697981663e+00 -5.290170679092115691e+00
-6.566654514088568817e+00 1.055553544599371740e+01
-7.112195388065352120e+00 8.906074668791372773e+00
3.372089945861474369e+00 -8.854541617237440931e+00
-1.859119256756597505e+00 -5.519812511478910722e+00
4.247270429905842803e+00 -1.113968347686771665e+00
-4.923025335557024817e+00 6.044569382133837543e+00
-7.218083444025014117e+00 2.164233683099268113e+00
4.645396870160253933e+00 -6.870186185281717428e+00
4.812647285275909459e-01 -4.775625686696582051e+00
-3.204480426468856002e+00 -7.032787755650341310e+00
-7.507680327469067549e+00 4.654748652140908938e+00
3.967266217517735782e+00 -5.845348249249037842e+00
-5.769314443384187641e+00 5.139386017435933596e+00
-2.358286695035301417e+00 -4.330258934642668756e+00
-5.221177180139017437e+00 -5.109007013547386400e+00
-1.036390337674771844e+00 -5.626957330922802036e+00
6.711600823135255744e+00 -4.453128241066497406e-01
-6.072776014014150014e+00 3.378640209356142954e-02
-7.343657944354579747e+00 9.212851017278884669e+00
7.188682897913106551e+00 1.897319383351294686e+00
-6.221498537136551654e+00 -2.380454721684741592e+00
-2.792455592184417412e-01 -4.284580418921976275e+00
-2.981897111685137602e+00 -4.063920490169067534e+00
-7.837795576798242791e+00 -2.446913377474650986e+00
-5.088166338532613686e+00 6.847797957105048461e+00
4.819103124611650024e+00 -2.490328034854009331e+00
-8.038112313719910418e+00 8.635669253168522630e+00
-1.192001870705030608e+00 5.965929251484737961e+00
6.071103408603096163e+00 1.809277484913320855e+00
5.222978906452858006e+00 -2.082336499968721277e+00
6.896028800700447547e+00 2.559288646335630801e+00
5.910465340563951564e+00 -4.380823084398266509e-01
-5.173681705559491029e+00 3.371567885919218632e+00
5.261156251952076701e+00 1.216617456829691468e+00
2.858172831602525665e+00 -9.695470179471325167e+00
-5.748785622526926709e+00 -4.368674542261264726e+00
-2.860373037963902298e+00 -6.107708453028426021e+00
-6.772595348680192195e+00 9.760301206519251593e+00
3.440613941236807971e+00 -9.323270765626562095e+00
-2.237382923841707782e+00 6.197026452423491705e+00
1.036596709682616080e+00 -2.715792326850327676e+00
-4.803673061815922907e+00 5.335030430516276567e+00
-4.114681685643845732e+00 -5.524092925013558641e+00
1.973625206217644035e-02 -4.366083773727868156e+00
-1.740434728980527979e+00 -3.155362744902430183e+00
-3.368219495955592002e+00 4.975664373123165340e+00
-2.167959170594783824e+00 -3.863360287808915050e+00
-1.831234067356011908e+00 -5.160912642056801225e+00
-3.074964154689132645e+00 -1.960209905939554798e+00
3.581306282796672846e+00 -4.235579705448349941e+00
7.289529831767294077e-01 -4.242080681440134171e+00
3.346508582341116700e+00 -8.309590654529319664e-01
-6.345262992616175879e+00 3.006302485792238244e+00
7.929226677884167351e+00 -9.243074760246217103e-01
-1.218518962473445377e+00 -4.582335778821025052e+00
-5.739374998349840773e+00 1.950129708381318050e+00
-2.474563387390411595e+00 7.495791103357341001e+00
-6.970817725821687461e+00 6.340449956842797441e+00
4.465979113535324174e+00 -4.908402357203351052e+00
-6.316839609271037936e+00 -1.164303057375371653e+00
-2.479590517696931506e+00 -6.295057807935938499e+00
-7.912382843940866550e+00 9.642122723672157392e+00
-4.928957544121255197e+00 5.051061844210246399e+00
4.425011630907674132e+00 -3.992870757765514256e-01
4.190477474534131552e+00 -7.957514798884530727e+00
5.615260521716335163e+00 -5.772251261710638737e+00
-2.994964090581396565e+00 4.621424821878228784e+00
-6.420930136470270888e+00 1.927165640941059133e+00
-6.867675402166715237e+00 8.781369840184311215e+00
8.921801850469645245e+00 -6.073050091625913360e+00
5.140677551912104626e+00 -4.202979342090946702e+00
7.005571572750125320e+00 -4.815221552776005609e+00
2.404104202433541726e+00 -6.665664157854935823e+00
6.383679498984035305e+00 -6.878805965532540867e+00
7.906987891495031562e+00 -9.081924942279728796e+00
-7.250564127613391641e+00 8.695166987558815563e+00
-4.148207743008070381e+00 -4.780272723951622282e+00
-6.659522438174638737e+00 -7.199448681438894715e-01
-1.306918469458697496e+00 3.425193803523316927e+00
-2.701293475824698476e+00 8.184510558504669575e+00
5.371350055464599649e+00 -6.306608256160389780e-01
-5.605893921151968939e+00 -3.877759590949104052e+00
-7.708551860047876403e+00 -2.403014483422857950e+00
-7.047878247428383425e+00 -5.056703248381613669e+00
-8.227063984838927979e+00 -1.486721034655017926e+00
-7.401492293168879577e+00 2.524951127882137936e-01
-3.171506995960569952e+00 -4.171117757803921577e+00
1.929654455840524641e+00 -8.925397480296592079e+00
-1.567224905565164583e+00 -4.059656280102404757e+00
8.083770949257248262e+00 8.459563282160436071e-01
2.443821831440817771e+00 -8.552997121879323927e+00
4.740711333714331843e+00 -1.116654845623146741e+01
3.191877708059885688e+00 -7.904453829829392042e-01
-8.597093689348545453e+00 -1.797841441790032357e+00
-2.920742800203378398e+00 4.682944239562673694e+00
-3.382519553868397644e+00 -5.089795078343289703e+00
5.790659945780863183e+00 -8.404792818203890903e+00
-7.029860236705158805e+00 -2.429783065864502767e+00
-7.669874442178385543e+00 9.880925999192221809e+00
-3.486663903191759672e+00 -3.694577294823216729e+00
7.839119420566056373e-01 -2.703554159550360936e+00
5.048927718674415033e+00 -4.396612122273063861e+00
-2.676987404748855326e+00 4.957492785660514656e+00
-3.215578895073129218e+00 2.955614916376539725e+00
-3.874948185531022382e+00 -2.982598394560563193e+00
5.427053386314953265e+00 -6.057298378240563608e+00
7.182051574021421914e+00 2.464223576222971168e+00
3.442548671101108404e+00 -1.114250212722040700e+01
-2.499118810257714873e+00 5.170495362429291752e+00
-7.084547201498899049e+00 -1.153464571941251737e+00
-3.331775031764521167e+00 6.377452380865285875e+00
2.331227659792112217e+00 -9.478242110564842449e+00
-2.580062938372481351e+00 -6.916861642604679616e+00
-7.008562172707859528e-01 -4.557325005184345912e+00
4.362646928401569646e+00 -6.467224291389021218e+00
-7.383994637025693031e+00 -3.503924171060019965e+00
-8.712231441320836822e+00 9.054821492727283427e+00
-4.774499588234664138e+00 -3.563782767802435192e+00
3.003716719389612155e+00 -8.241027039524455589e-01
4.467122110357879983e+00 -7.151666233529274663e-01
6.693917303806860453e+00 7.695596951346992398e-01
4.520066811676748841e+00 -8.489102671050442694e+00
4.438425287369447858e+00 -7.155453593690731751e+00
-2.806452945687343714e+00 -5.810410213522401612e+00
7.567542904096136169e+00 8.638871970807404654e-01
7.163100834385009108e+00 3.522418366361933284e+00
1.281659058749446078e+00 3.712563090742015071e+00
2.063682431421602903e+00 -3.703381855496542308e+00
7.237141949613656422e+00 2.630532240557497126e+00
-2.711258400097221966e+00 7.041015567472117098e+00
-1.347173126823202338e+00 -3.412815921016114196e+00
-3.542628386272555385e+00 -5.694137595850493838e+00
-6.714250788896719335e+00 -1.206424017999398135e+00
-5.748256637939855196e+00 2.364570872399976764e+00
7.249465747452484621e+00 -5.833339130894851898e+00
-3.280436209357695532e-01 -3.577257777852569376e+00
-2.230875825882975949e+00 -5.702777089376201758e+00
6.013974646105294752e+00 -6.889822603275147728e+00
-7.126875495989942522e+00 -6.741406817836009813e-01
-1.421583547092842625e+00 -6.599134331913472096e+00
-3.922516954507686116e+00 5.433198558576084025e+00
1.696678465022592786e+00 -5.073282612899870259e+00
-2.026326595821072551e+00 7.304545414580426943e+00
-8.655972729692599898e+00 -4.371579530225158550e+00
-6.207704978055206269e-02 -3.785669050079587095e+00
-4.612441967655536601e+00 5.432531452298619001e+00
-4.700888070974975186e+00 4.278240775148705488e+00
1.023927414984884710e+00 -7.780077673278812611e+00
6.124317467338312504e+00 -5.929437099743704920e+00
-3.555586607210346362e+00 1.070711611704916599e+01
-2.232656724978214768e-01 -7.583631584300344564e+00
-3.677391056551797099e+00 5.520622752877718753e+00
6.091731577762947936e+00 -6.953799375362430091e+00
-3.352074732947226021e+00 7.839198424752019001e+00
4.054824833350259894e+00 4.945185478311882044e-01
-3.434692311781440299e+00 5.009805722643337234e+00
6.381036140176384208e+00 -7.496831469457852393e+00
-3.205243792116988732e+00 7.535917579990307757e+00
1.676465201391144744e+00 -7.365614855774598624e+00
-7.229920140937239559e+00 3.290819570429378782e+00
5.689677396013219202e+00 -8.056898953749779935e+00
4.595106054314825883e+00 -4.343479195038127294e+00
-2.713901091070971106e+00 3.789928792189098505e+00
-4.636632259606035866e+00 7.935192517837958093e+00
6.743513034424554853e+00 -5.786982289049150019e+00
4.189538226967785661e+00 2.107592582003525283e+00
3.553167109835138948e+00 -9.868930771643289468e-01
-5.882850339213206325e+00 -4.594956053627132775e+00
-4.069930700758449760e+00 5.991127837350173735e+00
-8.265900501833705505e+00 9.001181927982743858e+00
-5.288056980449704625e+00 -3.615004976312914842e+00
-7.791021363034499991e+00 9.027299300989515274e+00
-3.471312944880496687e+00 -4.829822947526568377e+00
6.557450770306682664e+00 1.325848576386535083e+00
-7.374209270109745695e+00 -9.462545506998070177e-01
6.972436367585930217e-01 -4.528549005340499534e+00
7.846348224650535608e-01 -2.061910153394780565e+00
-1.539774973936986591e+00 4.540597728296187796e+00
2.367260244192464391e+00 -9.595843817547416776e+00
4.445464721718241918e+00 -2.750653386404724010e+00
-2.201257213008935398e+00 -4.557795087099035136e+00
-4.578502721366807471e+00 5.460867952931685920e+00
5.892346535589446432e+00 -6.413857135104282570e+00
-5.771982158629198167e+00 4.109116879732319205e+00
-6.167385604991733494e+00 4.508061118601465189e+00
-8.137786098548067670e+00 -4.237300483000011830e+00
-4.257254998007720559e+00 5.736063442947364699e+00
-3.987290856272336370e+00 -3.932231446446393885e+00
-5.860599647752096075e+00 -3.489302509492234972e+00
-5.913561597341690401e+00 2.860278383691515103e+00
-3.824842386665027849e+00 7.118327004656924473e+00
-3.403559468602370686e+00 -7.807208699561961396e+00
3.159201047296295251e+00 -8.642546932908333090e+00
3.781500080952056031e+00 -1.075304927530669552e+01
-2.831123500991420627e+00 -5.467807030750659436e+00
2.915978496314061807e+00 -8.281838745985551142e+00
-6.994948957742971984e+00 4.618142551364403658e+00
-5.267850075448175851e+00 -2.434301413884785159e-01
-4.879785969631224241e+00 4.347335304382134780e+00
-2.920294646198330124e+00 4.844551935766210349e+00
-5.020404416590986685e+00 -2.148402808904167571e+00
7.148509763594965705e+00 8.874933396460706891e-01
6.534499310086165025e+00 -4.765361204013899510e+00
-2.614351458434218234e+00 6.647535220761042751e+00
2.558723564972287257e-02 -4.690621909747629381e+00
4.654037889798227745e+00 -4.418065415201462010e+00
-1.163710117296284041e+00 -4.534626473243601907e+00
1.454524192105691172e-01 -2.223195023851973762e+00
5.743659685214645094e+00 -3.275091235082980834e+00
5.984974163513775203e+00 -3.336802600301123078e-01
-4.139204065153622381e+00 1.567330829439375073e+00
5.477570070436205363e+00 -2.221415107143760004e+00
-3.393576016275399621e+00 -4.102974953305182026e+00
1.775841448097196462e+00 -8.458754082513647576e-01
-2.722658932180578972e+00 4.247681710775157882e+00
-7.224247611020055082e+00 9.254502565926165047e+00
-1.770392174744092939e+00 5.864657884167766788e+00
-6.637789241356002456e+00 -1.721915731036075314e+00
5.615769900443036811e+00 -2.100633417685574322e+00
-6.079843246892698616e+00 5.767624329820153939e+00
-1.275129484770454180e+00 7.331038650138812507e+00
-9.146807310609169406e+00 -4.710118531177363010e-01
6.381589373433159018e+00 -8.840228965210084056e-04
-8.463679023449515171e+00 8.433599380831211079e+00
-1.954640354843730110e+00 6.318513390093906779e+00
-7.889254063405203965e+00 8.733057566326147381e+00
4.895607457746409708e+00 -8.975021475431072204e+00
4.764509372556661404e+00 1.280621965609408663e+00
4.634191448960335080e+00 -5.708103381899447548e+00
-3.149443997911707704e+00 -6.035370256442146086e+00
-4.101287213788867625e+00 4.633105780541820096e+00
7.782907705602616133e+00 -5.015622873031416518e+00
6.237187081398743338e+00 1.418289646508904323e+00
5.256894730837998964e+00 -9.501409014216508631e-01
-7.626721744524362911e+00 8.032412102745345450e+00
4.678881548501379939e+00 -9.890182009988103928e+00
-5.166044840587864506e+00 3.688923874221180732e+00
6.128876592926120637e+00 -3.707202030139606030e+00
1.723282665340699404e+00 -9.161663147711154309e+00
5.170246488054125678e+00 8.030594224456928387e-01
-4.421461835659420636e+00 -5.284678192635170468e+00
-6.902437976631206062e-01 -4.733116031047910788e+00
-1.857997802182544067e+00 7.186053003796349259e+00
8.923513842209828795e+00 2.264762285690162358e+00
5.462761821312539290e+00 -6.816191906023770564e+00
-2.064143665257784477e+00 -4.969069997725148902e+00
5.745882482108015665e+00 -4.571697417398935537e-01
3.440011594451122257e+00 -1.337976731290745125e+00
4.321109921493111017e+00 -2.171680769974776659e+00
-7.737940259495154294e+00 8.078131727387189542e+00
-2.507045287187914084e+00 -6.955119022645190441e+00
-4.476993241076685948e+00 4.269102218913141122e+00
1.081711465204596490e+00 -9.192469374419783179e+00
-5.590196871190292960e+00 -2.201202374167837483e+00
2.995364300960352111e+00 -4.269942867449133317e+00
2.248596464179335008e+00 -9.101662589266602765e+00
-4.841560379957288163e+00 -4.201041266771184723e+00
-3.748439109681871884e+00 6.914694803667793543e+00
-7.181295533349339344e+00 7.686053046678638090e+00
5.116667570809444676e+00 -8.863541790610693027e+00
-2.259424332566232430e+00 5.047430046483811772e+00
-5.793932150437083983e+00 9.592834205134696646e+00
-4.622766125242296908e-01 -5.154936576339919085e+00
-4.476171761788443781e+00 -2.956113404462759497e+00
-6.644782830574935240e+00 5.194390246669615685e+00
-4.819663503484567180e+00 3.424722282843850607e+00
-3.030545523084019255e+00 -4.417461577629882896e+00
5.339690938695355271e+00 8.980479760399504574e-01
4.247347238516811174e+00 -9.702929029370015002e+00
3.547870026664688758e+00 -9.026544174225298534e+00
-4.015359263445844817e+00 -5.544021522960351334e+00
-4.213308607528153615e+00 -5.659032868139298955e+00
3.529587568350265769e+00 -7.951173694889630994e+00
-2.205328076411123384e+00 -3.678071554638533414e+00
2.785188792290994808e+00 -1.004067423660728409e+01
3.937492410326920211e+00 -2.194499889399305292e+00
-4.089915441525224793e+00 3.877806332544901480e+00
-4.886354054558336379e+00 4.676750824343544721e+00
-4.675689106463580380e+00 6.755724017722159580e+00
-4.346239675822539894e+00 6.418152630122076374e+00
3.357815197275120678e+00 -7.573610121472924561e+00
-7.463743155258886652e+00 3.083932964245241770e-01
-5.558803451478259383e+00 4.345462281109971237e+00
2.623215838026405233e+00 -1.874739153414838877e-01
-6.520223712247364745e+00 2.886634421826000718e+00
-3.123916276198306807e+00 5.628661249339495853e+00
6.265899584715941550e+00 -5.043406233723766618e+00
6.951652257349336672e-01 -4.084213767629074177e+00
-6.907923874020072130e-01 -4.599320478791380395e+00
-2.485220515451654677e+00 5.597408529175400105e+00
-3.867320691687540446e+00 6.520313860530707828e+00
