-4.917143071926614262e+00 -3.878117514317261705e+00
-5.047532030461788999e+00 9.001938002325637456e+00
-6.238460812721895010e+00 -4.611773679610034371e+00
-6.761095257216942933e+00 -4.844121561741706827e+00
2.698925985210143264e+00 2.564367982414620162e+00
5.103927821381288865e+00 -6.334234208639470509e+00
2.397429346369070124e+00 -8.094708850200635908e+00
-1.712838497959897621e+00 -6.199892551686104092e+00
-9.720907344194100741e-01 -4.926226825823354361e+00
4.013303214747502956e+00 -7.260308013209268552e+00
-2.228221442692812637e+00 7.214586601954272815e+00
-3.164581636642613383e+00 -5.127250459710631425e+00
-6.218527986284719589e+00 -5.925449368884002865e+00
5.599838293514322274e+00 1.772461978491447487e-01
4.732072493093077981e+00 -1.091996021243027215e+01
6.678228060657441567e+00 2.016339341524335804e+00
4.086917765553928383e+00 -1.014747878709187034e+01
-7.272284422685543426e+00 8.089931844259803384e+00
-7.998724860362601774e+00 1.068776272483932921e+01
-5.531456930109339254e+00 6.602643406015443972e+00
4.021800824489914383e+00 -7.919711931415198691e-01
-3.728609470009728533e+00 8.045357356034241292e+00
8.372938482292864748e+00 -8.516247168934432565e+00
-3.996895103485236245e+00 -3.327366212692524527e+00
-7.819404753701684641e+00 8.896598051817178998e+00
-6.479528968698779146e+00 -5.763579775008979666e+00
-1.402580324393654321e+00 -5.085718603855622355e+00
3.828281722501248652e+00 -4.863043209037348547e+00
6.795859634703824703e-01 -2.023569566012283438e+00
4.999479826434122032e+00 -1.955444224247759877e-03
2.549707872017894061e+00 -4.715986129909237157e+00
4.799161886477309125e+00 -9.700361833396499378e+00
-2.746283274969747890e+00 -3.631148219085055029e+00
4.455231047041542602e+00 -1.092279832916386439e+01
6.059012656244382455e+00 -1.806644203813611016e+00
2.064659942390455249e+00 -9.054657318950383171e+00
6.070476506411138118e+00 -5.057455262143277785e+00
-2.731678382491266266e+00 -4.290531233593864791e+00
-3.245006452414488152e+00 5.431902417825300589e+00
-3.959520846841821040e+00 5.322870785878736299e+00
-6.487854803502490775e-01 -4.278644415774390808e+00
8.712980314678608895e-01 -2.942399598534965577e+00
6.260943621831862593e+00 9.038365703493194125e-01
3.214647813267307974e+00 -9.667051885283054702e+00
-5.920384055868043838e+00 -2.503270069267671705e+00
3.219712198900224642e+00 -8.211732431415489586e+00
-6.460715269152045970e+00 -4.011494045579472534e+00
-1.918776634337540976e+00 5.613385833334467279e+00
-5.017799675316965136e-01 4.141925374756140421e+00
-7.335935208161949106e+00 9.054422822353428657e+00
-4.558755780686582604e+00 4.362088326572473029e+00
-7.070171536585403871e+00 5.234697585599511704e+00
-2.577155863710720141e+00 8.825466402631853668e+00
1.440608671173577937e+00 -9.076507541337653251e+00
-6.044673173237722352e+00 -2.422746323438894400e+00
1.538587154711145599e+00 -8.579739780902373880e+00
-9.208801418786642046e+00 -1.139678106570300553e+00
5.312775563195581086e+00 5.263765533512365646e-02
-1.825208536803135662e-02 -4.257498769610097433e+00
-5.390047343983864536e+00 4.036601644065284766e+00
-7.421222484356646554e+00 -3.575096686576562099e-02
-5.017040499883956173e+00 8.872923556348677465e+00
-7.939301013678264241e+00 1.002501750795547686e+01
5.975889071725803525e+00 1.045845570350333986e+00
-7.523891278042023067e-01 5.714456985377147191e+00
-6.904669472729208834e+00 1.159931482516621415e+01
-5.329963980599089268e+00 3.728073142314519028e+00
7.548447609316488283e+00 3.358013546167404328e+00
3.822171180880568730e+00 -8.748600435450105905e+00
-7.667315142152561158e+00 9.636722637843906369e+00
-3.426133492148243587e+00 -4.245695930634200366e+00
1.441313025901931555e+00 -9.551899099625867251e+00
-1.598243980713378587e+00 4.322350151682566199e+00
-2.352284124045020963e+00 -4.075076311593599954e+00
2.304015304771704020e+00 -4.087116098681385701e+00
-4.179634419938880185e+00 4.759374113097655012e+00
-4.256834373802844240e+00 -5.451891219425738733e+00
-6.474914253766479888e+00 3.567681850940389587e-01
-2.171405139825085318e+00 5.112441485681714859e+00
-2.016020585326981251e+00 3.936537522182474547e+00
-4.815545289966169484e+00 1.088621677196067594e+01
6.088971172040907653e+00 8.042634132020677340e-01
-1.534322287007400920e+00 3.217332939233833677e+00
-3.425288706256460092e+00 7.425928175940798681e+00
-7.459613050968843417e+00 9.200618130718378751e+00
4.538017312291964700e+00 -9.995098031923705051e+00
-2.083061439053407238e+00 -3.674086595989946691e+00
3.004294420425710932e+00 -5.859071757723660623e-02
-8.244761291991986596e+00 1.097139646622347087e+01
-4.065896450772141790e+00 -1.941845647208135794e-01
-1.980383939648988623e+00 -6.266213979664648548e+00
1.072009679447338826e-01 -8.279487286547182023e+00
3.023706808911961197e+00 -1.016136695771186460e+01
6.906110308758591110e+00 7.158342876003986888e-02
-6.825869309024588993e+00 9.650732986396070245e+00
5.357300549044761162e+00 3.400289218855458984e+00
3.707724119874228563e+00 9.423383799734355026e-01
-7.175123165625957533e+00 -5.150395632500989862e+00
4.374439379541771977e+00 -5.214412241822099503e+00
4.451711177143283571e+00 -4.508356381101256360e+00
5.832588668339433902e+00 2.795678772253904043e+00
5.546567842151096883e+00 -2.754648891359380292e-01
-5.674073298203818005e+00 9.471540533443235432e+00
-1.475911712178356705e+00 4.463523268967579227e+00
-1.239821047996179981e+00 5.829337904085637234e+00
5.472301608805935302e+00 -2.227508218305246146e+00
-1.836197694693862514e+00 3.809764216692914651e+00
6.607667838907828717e+00 1.078053487463980442e+00
4.604262497848869096e+00 -1.475797989941318722e-02
-4.384876443410814950e+00 3.427763209280114243e+00
-7.064853178664121991e+00 9.362110074043723529e+00
5.541020401441710597e+00 -9.937515763057117368e+00
-7.218555619119325861e+00 -6.668051257219422823e-01
-1.763898031388732024e+00 5.378899279053919180e+00
-6.221363654780830643e+00 -3.608634882024235768e+00
1.470873241225946870e+00 -9.373250953124522056e+00
-5.341665231861814966e+00 4.998652966953384791e+00
7.019164870107108989e+00 2.649314510526722177e+00
2.896201567271706523e+00 1.328196699524173408e-01
6.898721478071927926e+00 -6.840509840892686100e+00
-8.201052921766720516e+00 -2.830906677433759455e+00
-7.563334270436953943e+00 -1.661254737728319775e+00
7.623213451497034221e+00 3.569619621382982277e+00
-6.313818578349742694e+00 -1.087375795101082065e-01
-3.425952014255589262e+00 -2.432548099447766621e+00
-5.795301739318260204e+00 2.606351614818436246e+00
-3.123335427357896155e+00 2.890109108887556566e+00
-4.290719697390413145e+00 -5.180073086356546952e+00
-3.260304348633243254e+00 -5.030245928073405537e+00
-8.017088804854669348e+00 -2.419581950231004974e+00
-1.143038323482767682e+00 -4.322684518042953172e+00
-3.649798800475059668e+00 -4.329078832119454212e+00
-5.504518020612149343e+00 -1.846843156216685378e+00
8.532982573347135613e+00 -6.564271159166681358e+00
-6.452611245845697674e+00 9.068423380437000247e+00
-3.791728401861167441e+00 6.199465704087672613e+00
-5.776518355017317141e+00 3.118020888107146948e+00
5.986926700314297634e+00 -9.331891478882394786e-01
5.477975816010405730e+00 9.689699860263203401e-01
-6.001018818277288780e+00 -3.002855394050802040e+00
4.062020465760358690e-01 -5.648762463691069158e+00
6.091947248853867514e+00 -5.127535124169887659e+00
5.048969322622671285e+00 -7.412792766715272208e+00
2.393063775954082928e-01 -8.884672170900822508e+00
-7.549799326146807488e+00 -5.419600677734673688e+00
1.636155767332830191e+00 -2.834983964610390039e+00
-2.272054951667316081e-01 -2.011883641732250094e+00
-1.520998534083889631e+00 4.457064517366868373e+00
-1.673660013506645505e+00 -5.770128521884236861e+00
6.455892192717437972e+00 -5.694936009405584088e+00
-3.793434630358831328e+00 -3.846462086022288673e+00
6.045660670657870384e+00 -3.328181923449451851e+00
5.146758933222041144e+00 -1.015207814447530055e+00
-2.832817769832793431e+00 -6.983968708283437188e+00
2.405943218441658704e+00 -8.170149846059217680e+00
6.273934144627219212e+00 2.031461737139182766e+00
5.278452509383822822e+00 -1.327725120361923916e-01
-2.066034907191145464e+00 -4.269741709553969145e+00
3.881427160965891687e+00 -8.590424117122006820e+00
-5.460660209251839703e+00 -4.393548061312183783e+00
-2.131431152207413859e+00 -6.154093118022685438e+00
-5.134287090950107491e+00 -1.215459165205067915e+00
3.276323406309749053e+00 -1.045554497945243000e+01
-1.177069064402468612e+00 7.342392222862613060e+00
3.466581273356420745e+00 -8.641610200074884673e+00
-3.929853411996042212e+00 6.286889050851542926e+00
-7.517308112962193256e-01 -3.686810458679690150e+00
-1.011135888304888875e+00 -4.020189804319248772e+00
5.601286952501608241e+00 -6.181348350191737673e+00
4.229604312310323522e+00 -1.117136462972045230e+01
-4.862318230096972727e+00 1.049951315142224839e+00
-1.585190707250075492e+00 4.018608175969511365e+00
-7.292628228678078806e+00 -5.927535412467379139e+00
4.489929081147929324e+00 -5.604791184695117501e+00
1.983065630881215125e+00 -9.455275881264299187e+00
-6.772913910804938986e+00 7.774779656718588505e+00
-4.086599267100261557e+00 -4.278953687694381003e+00
6.925991385813923262e-01 -6.788621180803887434e+00
7.134891629182371631e+00 -1.232032288404125708e+00
-2.578039547156361078e+00 -6.976557620372494384e+00
3.712437769062691295e+00 -2.631202691297917617e+00
-4.658991789963835117e+00 -4.560940611705205150e+00
-3.467339607582887062e+00 6.873161968236667363e+00
-5.371668679748002440e+00 -1.396132503028037597e+00
-7.468579589562520660e+00 7.526071758275527657e+00
-5.446437113865251867e+00 2.927770906200285683e+00
3.686702480908233603e+00 -1.076435432883245280e+00
6.592476758304041340e+00 8.686235027781479268e-01
-1.760810690007474255e+00 -4.008094876390883243e+00
-5.969590190914622951e+00 7.736106170633116008e+00
5.142475195175606473e+00 -3.083656585991554788e+00
-5.355563170281468999e+00 2.673568777635555449e+00
-1.255736927708754003e+00 -4.643652002172189874e+00
6.724631116052314894e+00 2.475720418224716113e+00
-4.747012602406934789e-01 3.756040203717459836e+00
-4.455949017154882341e+00 5.915677619279964716e+00
-3.017358883400344638e+00 3.894466097737202759e+00
5.560241514484248526e+00 7.373927602030516670e-02
9.702300840560074136e-01 -1.177740215624943509e+01
-5.121157139263398328e+00 -4.629863793287233520e+00
-1.384916750164493671e+00 -2.764586205431428301e+00
3.799183355304198706e-01 -8.049193937486686323e+00
-6.684084709426507231e+00 1.022187434979162646e+01
-3.263591073955440347e+00 -5.639311770726566309e+00
-4.764474111558784308e+00 -2.335721250667278426e+00
-5.635477503326167259e+00 3.354091829457939156e+00
-6.602075613524207576e+00 -3.444945580962573750e+00
-5.258028156621117333e-01 3.272340441415652723e+00
-2.871731046152522282e+00 7.276133620545964575e+00
-2.389958939941465133e+00 4.999181737838979345e+00
-6.357890586857795512e+00 -2.573582115651682045e+00
-5.699461790405999650e+00 9.135156124660136712e+00
-8.864238223004750949e+00 -2.539605802873067475e+00
-3.517165656917644601e+00 -3.836958635987603117e+00
1.755285391375118298e+00 -5.094966094584772343e+00
-5.734731123022021038e-01 -5.667567500490592991e+00
2.850386960292674576e+00 -2.170413266034183941e+00
4.626227001092233060e+00 -9.976238497757577761e+00
-4.398445161713779861e+00 3.433626316427290437e+00
-2.299507262849216804e+00 -3.410978545509504745e+00
3.685643304087417249e+00 2.316537746293311217e-01
-1.060390916220513180e+00 6.160618638893353705e+00
-2.173966095879843241e+00 -3.782682123242552485e+00
-2.959301378475648114e+00 4.598653475152720382e+00
-1.201776354794978907e-01 -7.545005584385807040e+00
-6.241428791905012652e-02 -9.028487070124754155e+00
-3.434652891328858537e+00 5.424944239725767225e+00
4.871000790289870430e+00 -4.514821090521587976e+00
-5.652710120456202247e+00 9.631153021536318803e+00
6.819990514013427152e+00 -6.568011804937952114e-01
4.521241539303080259e+00 -9.861550135101243342e+00
-6.083668781353551935e+00 -2.679961215903293059e+00
-9.390031424988105613e-01 -3.268501515612837860e+00
-3.301416089980656832e+00 -3.024863646163474584e+00
-2.239706307841248911e+00 4.437540650718601043e+00
-4.292579571364685265e+00 -4.004843397848444120e+00
-5.607644649372444334e+00 -6.103017206368537728e+00
-6.679438558949947868e+00 3.928416867578263805e+00
6.915542570961314972e+00 -3.666041006007848546e-01
-6.336115011671274999e+00 -3.034463016750732045e+00
-1.319192250198489180e+00 8.356533938416090379e+00
1.432290381503506183e+00 -8.931868259680651789e+00
-5.411080059672107367e+00 8.295552995427197374e+00
3.740997471634561755e+00 -2.188179731604928069e+00
2.932365807923367207e+00 -9.206949104207577506e+00
1.294114427218845620e+00 -6.531940706874959091e+00
1.269590638169295183e+00 -3.922909870220173456e+00
8.029672559813205268e+00 -3.077068646291227783e-01
7.641153698773260672e+00 -6.691397702007027881e+00
-4.872639333256412186e+00 -1.568989773147649647e+00
3.541452894323801281e+00 -1.059239776430729307e+01
4.724802327184137951e+00 -1.033893700133495663e+01
-6.145352927080852012e+00 4.376865204713714874e+00
-2.074654599179014181e+00 -4.718188199872814792e+00
-2.547918046858769436e+00 -4.621806748144457799e+00
2.860425071728030399e+00 -7.394192674667176668e+00
-6.795573176806212423e+00 9.515397906354404967e+00
-6.981260124980654069e+00 -1.077064288478691179e+00
2.231515843861680892e+00 -4.072255002425386294e+00
-1.149267111086893056e+00 -3.836946565352055583e+00
-8.670403338161071005e+00 -3.670600436850592896e-01
-2.041904450730695153e+00 7.688406759342909957e+00
1.498783204711979344e+00 -8.377852249010159014e+00
5.043115157345165578e+00 -2.830855267602344405e+00
-5.722451053392985543e+00 -4.028088220431539135e+00
8.223971263599678672e-01 -8.175507293440848144e+00
-1.263219281413342943e+00 4.707065131725194362e+00
3.558971153567274115e+00 -1.050309860335273981e+01
2.206576861279912816e+00 -4.861137341910538368e+00
-2.090492484472692869e+00 -4.622920019838255179e+00
-3.266993489640315218e+00 3.941824792861818860e+00
-5.219709294579157444e+00 4.657249533681640408e+00
-3.469513965619769547e+00 4.080539459699892291e+00
-5.863041645369262866e+00 -3.020497344897958847e+00
-5.966333303978810676e+00 7.593692451855826420e+00
6.335634604939378356e+00 -9.649205054579267360e-01
-2.783985022105845530e+00 -3.696267168594412844e+00
-4.884279708241429319e+00 -4.124189506254637649e+00
-3.831609510595807677e+00 4.705108071805104153e+00
7.674234534941347441e+00 -5.614028229968615946e+00
-7.733496860117014648e+00 -3.483263526204265048e+00
-7.639336359905080087e+00 -2.080441677640236797e+00
-3.088570457866515628e+00 -5.782585350406014513e+00
4.190723398397662613e+00 -5.351667323694925038e+00
5.652362622222369737e+00 -5.096317177866322545e+00
-4.591304881382062497e+00 -3.025135775046254860e-01
-7.194270574218169401e+00 9.879505582860351964e+00
2.130529950248669646e-01 -2.950711079814357873e+00
-7.019659019802078959e+00 6.525233865875592620e-01
9.164469306572501139e+00 6.683107837210963131e-01
-5.690202417876534469e+00 -1.985630321291895761e+00
2.795250503400503739e-01 -2.699445872028470195e+00
4.083948738284510327e+00 -5.006938351838872592e+00
3.799141442545610481e-01 -5.007785760822246246e+00
-5.043822812460831528e+00 6.346957078693646004e+00
-2.895695474029496896e+00 -6.658338793254586108e+00
4.516268648127060636e+00 -8.869455369460281347e+00
4.466461618910695819e+00 -3.188844715333995605e+00
-6.969149988825718012e+00 8.448163681632879118e+00
-3.357824493090738827e+00 2.362947569189189245e+00
-7.220535677788387119e+00 -2.548614357839384947e+00
-2.585734692224100684e+00 -4.147104599389455082e+00
-3.684488634951272878e+00 -3.917054254484863662e+00
3.008123389617680665e-01 -1.547037907322537986e+00
6.620725433192125031e+00 1.168491521479744222e-01
-1.025703382475793290e+00 -3.420787484562833214e+00
1.965635208592297900e-01 -1.083002663636775864e+01
5.824003112378051128e-01 -4.210531766571747880e+00
2.909796183739390418e+00 -8.034644656784882599e+00
4.938597172185018813e+00 -3.160219653717223132e+00
8.287319181842677907e+00 5.092193937725449926e-01
5.999115722718737498e-01 -5.132914298677242471e+00
-1.615675165361328824e-01 -4.146856072699685924e+00
7.804831585793078119e+00 1.384423412591735625e+00
-1.756813564202086342e+00 5.208772659551033080e+00
6.432804066456817793e+00 -6.751113970597010017e+00
-2.083015626950289523e+00 -4.408368147819128779e+00
-3.689565402419894724e+00 -3.687226847761080784e+00
3.982439100637373386e+00 -4.089377701765124051e+00
6.032889886211985520e+00 -3.107238157450432858e+00
-4.811210028693736263e+00 -6.235565137367242272e+00
-7.430759614654403045e-01 4.680552722681351696e+00
2.274017808588976841e+00 -4.903759897665667111e+00
-5.689067053675559649e+00 -3.152922793174655069e+00
-2.289256723864122378e+00 4.039308835636324702e+00
-8.871788189450788842e-01 7.067675689871909306e+00
-8.925074886990978840e+00 -9.788480012225705407e-01
1.455856619898224791e+00 -9.547262994467814679e+00
2.767869496956342434e+00 -9.512074775156079909e+00
-3.601933731374447500e+00 6.712038557358125601e+00
-5.748191118057202065e-01 -4.400966239473583563e+00
-6.326169975491936270e+00 8.614534759230888739e+00
-6.906420282416091183e+00 3.608196847139231167e+00
-3.621847728821199208e+00 -2.456234807588814295e+00
-5.958490281449622117e-01 -2.648927853081657346e+00
-6.672997316897878228e+00 -2.708215086801819993e+00
-6.875505299499074852e+00 -3.575324717102057903e+00
2.892989131011440396e+00 -9.077847853805332434e+00
-6.073094687331806796e+00 5.003976147795821561e+00
-4.042020189629357496e+00 -4.667397085615244023e+00
8.041414960269081647e+00 1.449371629832978847e+00
4.193355282821628727e+00 -5.135698590620424220e+00
6.740575852000528556e+00 -5.821846953116261325e+00
-7.410121473400309355e+00 -5.108655166979489959e-01
3.901834769269656000e+00 7.975304993938017173e-01
5.341523120696814786e+00 1.619565868414206466e+00
5.505271299884685554e+00 -5.769467987420977551e+00
7.458719226439918248e-01 -9.552441871177197896e+00
-7.669897659015179059e+00 1.348054810597896669e+00
-9.467225780951344927e-01 -3.682564319541747899e+00
5.413134163619596206e-01 -4.228131339484828999e+00
-5.279386395342533511e+00 2.327287377818640479e+00
-4.285093883810803028e+00 5.321364601932114802e+00
-1.502340074724730190e+00 -3.502817734794276383e+00
1.565905351366935427e+00 -7.673132946328244941e+00
-2.552387811108240978e+00 -3.371394983140053814e+00
-6.190921147993378781e+00 4.456125048850817727e+00
-4.247849527877965770e+00 6.524717940854721121e+00
5.591023823203315146e+00 -4.277456051034678630e+00
6.983168124489713691e-01 6.436290364944309950e+00
4.514031297329093029e+00 -7.345993348090491537e+00
-6.591543427669831701e+00 -2.557265694587965932e+00
-3.225571281196880413e+00 -3.434612121796699391e+00
3.777467758904190731e+00 -3.960565636103366316e+00
-8.433429367604039939e+00 1.003935890805234799e+01
-8.752485416695754417e-01 -5.238717567165287470e+00
5.722534707053704928e+00 1.921602439798441697e+00
-7.466147393279575439e+00 -4.432287007940192147e+00
5.627959494484290559e+00 -3.726450206671580556e+00
4.154737093492850697e+00 -9.523570213499549908e+00
-6.194101831215982124e+00 -7.156404508533932285e-01
4.979186361248783221e+00 -4.564893615236862989e-01
-4.229363305926459482e+00 -2.745277064235306597e+00
1.585367850612722229e+00 -8.912619531188568089e+00
8.157215377259689149e+00 6.506899429809431812e-01
3.417922355313729010e+00 -5.659986759247013666e+00
2.103303573124768455e+00 -4.616135385707057281e+00
-3.021775779549834784e+00 7.772171162765932451e+00
5.597667703623594448e-01 -3.636669067021081947e+00
-5.205420809049632780e+00 -3.824001620694538861e+00
-6.486546827778099100e+00 9.857939272913373685e+00
2.858932210674935970e-02 -4.063247337197600118e+00
5.252806269439564524e+00 -4.948485502066040098e+00
-4.393532631672682598e+00 4.996487104107162125e+00
-4.671143568750313335e+00 -4.641927589409100108e+00
-4.050951584929277871e+00 4.538597975561984299e+00
-3.644837157907669489e+00 4.687059610115798414e+00
7.819519085583871210e+00 -5.479794365862978189e+00
7.236721256632824284e-01 -6.082296822089000798e+00
5.153128353783388960e+00 1.734023733561059766e-01
3.569751044973394016e+00 -1.425471781604630284e+00
2.060303009256616136e+00 -2.387558496508400907e+00
-8.122516828637232678e+00 4.403778532319935657e+00
-5.934095483538081695e+00 -4.173262725226745573e+00
-1.147171660831258766e+00 -2.306549828104355271e+00
5.116890743876526315e+00 -1.510466293592950482e+00
-7.207724773950115349e+00 -5.945351825612963381e+00
3.743008780267973457e+00 -8.208165316798636368e+00
-7.139857117317245816e+00 9.015215740213413653e+00
4.825847065240023603e+00 -4.497764487044966231e+00
-6.666415399335892111e+00 3.320312557958683186e+00
-5.963158421077981330e+00 8.818250292107958188e+00
1.249637402157498745e+00 -6.715075747275388807e+00
-6.597179301788792749e+00 -4.761950255891179040e+00
3.735306712270979879e-01 -2.759282756436765016e+00
-3.148091357688766134e+00 4.957873435634858161e+00
8.104759085079823677e+00 2.476048910909985246e+00
-7.911960562955811405e+00 4.318156185712020978e-01
-5.532300525740490471e+00 -8.687267271490387577e-01
-5.981227589023334623e+00 -3.260304341603297296e+00
-8.127082378179947497e+00 9.605504119932200879e+00
3.328618323011321323e+00 -4.923044522310670246e+00
-2.409140119902961175e+00 4.360051136064871713e+00
-5.105632015192099082e+00 -4.510480666511028858e+00
5.736572128354331390e+00 2.032018277220861702e-01
4.708428146175971385e-01 4.407824393047904188e+00
-4.229251889733328440e+00 -8.208527930834429442e-01
-6.659081643353329305e+00 -4.130576516461417214e+00
7.168181998624993945e+00 8.176275529077047244e-01
-1.358103918151286171e+00 -4.694400698124732152e+00
-4.725099119680648663e+00 7.291804397104908020e+00
3.078635559519204090e+00 -8.937705200216306878e+00
5.116032526865156527e+00 -5.399140091242496942e-01
-8.369392959852529401e+00 -1.673145651438475712e+00
7.990255839300238527e+00 1.660813415237520463e+00
3.650011292831079501e+00 -9.442957261859454832e+00
-5.530118970932048406e+00 -4.578496809085444319e+00
3.565178279671830985e+00 -5.223300916058375432e-01
-8.677121520795575194e+00 8.282779292205171728e+00
2.487455192251918135e+00 -4.873166958825798645e+00
-6.134962847071641079e+00 -5.625018953545317224e+00
-2.792916239341519002e+00 -4.398356233053901221e+00
-3.686366604033011196e+00 8.003864658507827912e+00
-7.052764604848499097e+00 -2.406423688888801315e+00
-2.081598742433348193e+00 7.809763526525649091e+00
-6.765213297631550660e+00 -9.694965520004991122e-01
-6.781134833270987983e+00 8.335312433391003140e+00
-2.824862371491992263e+00 6.427261284587571843e+00
4.990082783521216037e+00 7.081622804569298602e-01
8.666935225606049897e+00 1.449640939225100844e+00
7.670196635143623709e+00 -6.190580894540465451e+00
2.487578916333013979e+00 -7.696765386142624621e+00
-5.565965159870194690e+00 4.241587017514488522e+00
2.578384740114590734e+00 -8.341374608450351502e+00
-3.286578986925848156e+00 -4.270082536971097298e+00
1.548314893553016103e-01 -3.726644936619926352e+00
-6.452998554186695657e+00 4.236326495881296061e+00
-5.113550369374782356e+00 4.123546379146745267e+00
-3.638507666570141019e+00 -4.142987130907606286e+00
-6.414398379503928105e+00 9.157315632384095849e+00
-5.900597052261467468e+00 -3.476555072348505249e+00
-3.656925575775357817e+00 -5.589748307752033796e+00
5.255420580543002984e+00 -8.238205648193453356e+00
-3.849373649592380708e+00 -4.647135607245751032e+00
9.610411862642437297e-01 -5.328116254674445607e+00
7.113884038359660877e+00 3.989023360286456210e+00
2.041959755527364972e-01 -7.567031495858818069e+00
4.987578171173471020e+00 -8.748651272609393459e+00
6.753297148806847616e+00 -4.769730282650284536e+00
-1.773575527747021319e+00 -3.811995750590075005e+00
2.759828514979970393e+00 -9.738834829257447367e+00
1.437907184292725793e+00 -1.287141103440990086e+00
3.119700264073729912e+00 -3.873484601767834157e+00
6.545831172125366137e+00 -4.189429171134641194e+00
8.981317146112934857e-01 5.735550100916829486e+00
-2.979869515792544554e+00 6.018027594524389734e+00
-6.485316864541196935e+00 3.314336701740734803e+00
1.241729873877496670e+00 -7.919672664942989826e+00
-6.404995860944318942e+00 9.559180195888460574e+00
-3.221416995798249694e-01 3.761287742876966433e+00
6.935286902944548082e+00 -6.543280934164312779e-01
-6.337385181994289240e+00 4.125219672857483921e+00
-3.703835817706377487e+00 5.086457405955068900e+00
-1.198511177153024132e+00 -3.032716787545256309e+00
3.096648431546502600e+00 -1.019186626149023311e+01
7.986568411597588790e-02 -6.525090270908128431e+00
1.077571305259836798e+00 -4.248589004652155943e+00
8.403471275959428777e-01 -3.227138579457682788e+00
-2.426248772270943377e+00 -4.460605067860397455e+00
5.499818901646236213e-02 -5.529977991276386895e+00
-6.080351216698044681e+00 8.366031593622974327e+00
-3.397210503264374459e+00 6.054955012258512959e+00
-6.439956712835845920e-01 -3.663073669382540754e+00
4.840909873050216028e+00 -2.825274502929865594e+00
-3.149221671393298116e+00 -3.643425097667480461e+00
-4.816147689055833681e+00 -1.446863797926585704e+00
5.607522931981046455e+00 1.702531359096076002e+00
-1.910654702916307901e+00 8.033625257348305126e+00
5.299361704502560499e+00 -6.479104409667879594e-01
-8.300496626683395718e-02 -7.145695223742277946e+00
-5.980457415444799807e-01 -3.542595718657721271e+00
-2.066769991851372001e+00 5.054246730295922418e+00
6.033088461284268789e+00 6.571785230196139915e-01
-2.088496598791306003e+00 -2.985950016414294694e+00
2.598401970550519025e+00 -9.536732180045046192e+00
5.672414354638348755e+00 -3.621988607540708394e+00
-6.583163914999619060e+00 9.508954128549003570e+00
5.346183492214892752e+00 -6.860712506803291477e-01
-3.643783650540087571e+00 2.165498282783210549e+00
-2.558740707546009574e+00 5.753819600051221173e+00
7.139313890496107540e+00 -5.576851217160748497e+00
5.539124179378283053e-01 4.738477646327570625e+00
6.947086842937109985e+00 -7.293564287546601577e+00
-6.172333694506814794e+00 4.518639318799464455e+00
2.928604159463615630e+00 -7.757819479393652351e+00
-2.455958667647445637e+00 4.446683384564489749e+00
1.563938459388542590e+00 -7.038427709576568603e+00
2.613904661869416834e+00 -9.909837754049240388e+00
-6.626835455008854403e+00 9.125445172380398873e+00
2.249428079689619331e-01 3.896576364089107791e+00
7.108329930797025575e+00 2.766518734254701517e-01
3.104989080527150058e+00 -8.000670479780634281e+00
-3.806434607580424512e+00 -5.451227872293069154e+00
-5.695630111718708477e+00 -6.272529629647610960e+00
-7.410108832168710968e+00 8.463427409778674360e+00
-3.170299876851705001e+00 -3.153824207430055537e+00
2.774386457562672437e+00 -1.208733584787393589e+01
-6.764842203633067541e+00 -1.841207074357587015e-01
6.323642588441331647e+00 2.254914580232131094e+00
-6.755237192002725877e+00 1.140806305582553826e+01
1.467134347712676590e+00 -2.314638561075825773e+00
-1.157648951775299917e+00 -3.626001795619204326e+00
-3.347921170805627344e+00 -5.521779136909488628e+00
-3.022160879788807542e+00 -5.138890519479706320e+00
2.894732912942558745e+00 -8.158007093498152784e+00
5.611139254895376460e+00 -3.424264388826305794e+00
-2.618736085217048704e+00 -4.933153331911865003e+00
-3.010413163157639183e+00 -5.643311803818436445e+00
1.829831321596605553e+00 -6.544596033081239383e+00
7.928119425319839486e-01 -6.424665172396156976e+00
8.319242281336675759e+00 2.564281718107216168e+00
5.756085420897552041e+00 -1.003643577403259357e+01
5.515188256165564518e+00 -7.731964844435327500e+00
-9.849693364576281862e-01 -5.373241319753651268e+00
5.301637968571057513e+00 -5.859433212215918729e+00
-1.004006373244219263e+00 6.265456960119748508e+00
-7.593702532685560058e+00 -2.628993463064877023e+00
-7.499037279718960392e+00 -1.950660731399986414e+00
-2.670635122847332177e+00 4.121407653492846990e+00
-2.126253492243260546e+00 -4.610734511482251108e+00
-5.750579889991863425e+00 -3.447434078179433481e+00
-7.780092742890295732e+00 1.080451276879275291e+01
-8.414993874621618630e+00 -2.649443421228699247e+00
-1.282414381107153334e+00 -6.394520070672707668e+00
8.137780978157920231e-01 -5.038612733786623110e+00
-5.756817822949648722e+00 3.300651131388783632e+00
5.591161634922853452e+00 -5.751519907054527536e+00
5.615309888219123025e+00 -4.508490276118063633e+00
-7.617486394232403590e+00 -1.054662901429907595e+00
-7.173937604316556360e+00 8.864013710856804451e+00
-1.839946773104644384e+00 -4.533688112175676466e+00
1.667516152418140774e+00 -7.684109763494930689e+00
5.696320719685004974e+00 -2.785163626907303791e-01
-6.821349717692958059e+00 -4.193569135417343219e-01
-6.683522935698339218e+00 -3.931642511417360542e+00
1.018856334027454480e+01 6.023458846702441916e-01
2.182530178712882130e+00 -8.356026260102241920e+00
-7.396538846055820571e+00 -9.090766392157089149e-01
-2.770182789842203785e+00 -3.204272027881591711e+00
-6.199499395543897506e+00 -4.356618082494130739e+00
-7.025850815811610417e+00 -2.223614221488696252e+00
5.403888077588942629e+00 -7.777444333813103405e+00
1.724003674879420078e+00 -7.441061937824174244e+00
5.270594905165009614e+00 1.271223424175547123e+00
5.112725114025128192e+00 8.967735342516895969e-01
5.664473565634259522e+00 2.290120948045165861e+00
-6.748003237757827399e+00 6.322191790664993150e+00
-7.809465023795212346e+00 8.108292436720454077e+00
3.977638204066784589e+00 -9.087223152945679061e+00
-5.952774734733595530e+00 4.394757908448378103e+00
2.576006458439140889e+00 -6.065227146277571535e+00
-2.363247748593767295e+00 -4.334638907785566708e+00
-8.378771015596093719e+00 -2.420217606472496730e+00
-6.466745463683504447e+00 9.194306873590686990e+00
4.047280306235981229e+00 -2.953362103375838821e+00
5.058282934846879186e+00 -2.883630282635915698e+00
-4.550273821936654528e+00 -5.049925591728138485e+00
-6.671865801940011664e+00 -1.380285761262605826e+00
-5.659604523984563151e+00 -4.212496578104845568e+00
6.739501203584846722e-01 -2.951266734128463298e+00
1.762292282203540505e+00 -7.552080595174518685e+00
2.739706013999960277e+00 -3.585994057105646338e+00
-6.724571957413767898e+00 -6.289539126151840742e-01
5.898372626992051337e+00 -8.560052301633724881e+00
-2.156911558430248954e-01 -4.222062315160993506e+00
-3.482300130743404942e+00 -6.378190644665848730e+00
-1.072221468102197761e+00 5.823380236739097882e+00
-3.151718029876728888e+00 4.717222086214388099e+00
-5.221554647084447609e+00 9.893057625385313969e+00
-6.371002544776541043e+00 -3.514649446686914924e+00
4.902694506274187347e+00 -6.030878157183488852e+00
-2.897336674810806478e+00 4.789540956792896154e+00
-4.000361036315549512e+00 5.414201054472023600e+00
7.651654391224629315e+00 2.029187960691994697e+00
-5.718218952848082459e+00 8.106775344183292376e+00
3.782748309801112097e+00 2.828047891293683058e+00
5.330444276408169202e+00 -6.462149733608679725e+00
-5.161525831578445356e+00 -4.061921009612023958e+00
-1.532695889661158439e+00 -3.284262244868847880e+00
-2.002549101372088192e+00 -5.563901449229246232e+00
-8.181307679618434747e+00 8.846576990175091026e+00
2.799310166861782356e+00 -9.141743765575537140e+00
6.831800721271657828e+00 2.974936977801156957e-02
4.078833416854417138e+00 -4.850315537332843263e+00
1.739762218722542553e-01 -6.378586293442218391e+00
-6.269878565132631643e-01 -8.008935805823577780e+00
-5.137324003420079777e+00 2.606373960206934903e+00
6.919355523488514237e+00 -7.022322010067734155e+00
-2.992360846543439479e+00 -4.155456812626434626e+00
-3.433633174894120454e+00 -4.287061440987144145e+00
3.748581353303816144e+00 -2.977138097741643397e-01
-1.939315238263681795e+00 3.482238765306683526e+00
-1.851047874226380952e+00 -4.186609434899701832e+00
-3.875564183931420104e+00 -4.602620540140898164e+00
5.706828722794885067e+00 -5.154515707998680085e+00
-4.838990454121049112e+00 1.245095874235344180e+00
-2.365569376308001459e+00 -5.670972965422827805e+00
-7.391732302392647114e+00 6.899862517701610187e+00
1.165388905756822302e+00 -3.419717269656067149e+00
6.685087288803039485e+00 -4.193324319947757672e+00
-2.986812299125654047e+00 1.872412057516188888e+00
-5.407148424098494388e+00 7.594164386272072242e+00
-2.924499304570914227e+00 6.298163274043257154e+00
-1.489625763784336643e+00 -5.078306221228714890e+00
4.632620650834695653e+00 1.494338288978829921e+00
-5.721502389497079122e+00 -4.296603010007646439e+00
-2.917404554541156436e-01 6.288060719239719099e+00
-6.794734916347601406e+00 -2.946714629126675256e+00
8.201610497863269345e+00 2.495786665586952058e-01
-7.162078387366672239e+00 -2.466213613261829529e+00
-7.378630056928201064e+00 -4.042362694208502027e+00
4.667224065664206556e+00 -1.003765932136456307e+01
-8.633579004719045713e+00 -2.101156196400176590e+00
-4.733470376532776136e+00 4.316555173722834482e+00
3.692773736976895371e+00 -3.821694563281705204e+00
-3.338426268221169835e+00 7.788804259364157545e+00
6.327728318047728173e+00 -6.236523037536606751e+00
-7.491632248832127416e+00 3.290278090955832901e+00
-1.802905139610226914e+00 5.866262934808254670e+00
1.691913690836311490e+00 -7.372432091724666847e+00
-5.642656452715419491e+00 -2.147941910918049757e+00
-4.077198332182534024e+00 -5.684406008058203064e+00
6.142192100641037378e+00 -6.858194702585641345e+00
-4.531551581260621298e+00 -4.802139087477232948e+00
-3.119162677664584660e+00 3.745255071395467095e+00
-4.013397897473705456e+00 -4.291330397023428667e+00
5.780879607946988408e+00 2.733857103666223587e+00
8.755204084369305306e+00 -4.884171069731413795e+00
7.621913681664474360e+00 -5.078643576788103076e+00
-1.783169638271770552e+00 4.239594644410267676e+00
-5.467726036286544300e+00 1.878011282023912543e+00
-6.551765263502384862e+00 5.277962887760196509e+00
-7.132283776436295852e+00 1.016180092380465361e+01
-7.671497053184917370e+00 9.103821058469268479e+00
-3.419859019511388709e+00 -5.271004985821681643e+00
4.540750945281405215e+00 -9.787695312816924176e-01
5.649796222151632463e+00 -8.972069105949051604e+00
-8.488726870672202551e+00 -2.992885744520604518e+00
-4.014967401410045156e+00 3.359725998544954351e+00
1.131429011457918410e+00 -7.814935400450631953e+00
-8.990527993261197892e+00 -1.274908847979695059e+00
-1.926351027189933340e+00 5.168065705305883384e+00
-6.132728080252966230e+00 6.493549740260023739e+00
3.956967248280744975e+00 -4.902316286376917631e+00
3.195892759622031676e+00 2.015839839820742219e-01
4.145139546251283669e+00 2.952768637628087944e+00
1.356807524945280008e+00 -8.088008608806577016e+00
1.434254515697759524e+00 -6.335661249450122767e+00
-3.258301274212842547e+00 -3.947210449428260937e+00
-5.188313377099098567e+00 -1.960612100168247274e+00
-6.141707967715404948e+00 8.770694623792515188e+00
-1.778968964651524765e+00 -5.338778802691550140e+00
1.693118875171075288e+00 -7.093043611563926376e+00
3.871436304959244179e+00 -1.033697207409511520e+01
-1.795874241695659457e+00 -3.511558640471097892e+00
7.271889362465879358e+00 -7.238483195825262229e+00
5.756204883653031956e+00 -1.045112927350110255e+01
4.561950032616932660e+00 -5.680824493574927914e+00
3.790409071071135561e+00 -8.889869863486378421e+00
-1.951416446473216215e+00 -4.625121629429730596e+00
7.164582691163309036e+00 -5.093610187513914589e+00
-4.941189402219209548e+00 -3.767650137912201824e+00
6.313062927366025257e+00 -5.466066009057008124e+00
-1.750684096283475544e+00 -6.604957642971119647e+00
-3.189729050425850421e+00 -3.767857696669114187e+00
1.799088331433511101e+00 -5.840331457580388630e+00
-5.304572018468174832e+00 8.173187233356774328e+00
-5.827774181007171705e+00 -1.950739364416587129e+00
4.869650785689261241e+00 -8.988394190265383443e+00
4.435144862516884778e+00 -3.874803514212059596e+00
6.113743693331158191e+00 -6.610990513775917066e+00
-6.848951521633105166e+00 -1.570073546798853803e+00
2.222258938713244092e+00 -1.352847275854443421e+00
7.084304398377616607e+00 -4.917806655408062610e+00
-8.575023761668941091e+00 -5.417336028349511778e+00
-6.626386306032634010e+00 5.300605776626905907e+00
4.374710386505179294e+00 -9.043570957187581527e+00
-6.321131489237650669e+00 7.267974267294786017e+00
-5.695477889702264207e+00 -2.419949405064470760e+00
-7.416645433314501545e-01 4.865881641964544535e+00
3.742843163655287242e+00 -6.284234307310745393e-01
-6.909810620096459743e+00 8.799334449865620300e+00
-5.612029292160201521e+00 7.978364023904140900e+00
7.608892808782643513e-01 -8.850253249027844049e+00
-1.250838963174583540e+00 -3.950098236190529022e+00
-3.760535205017109028e+00 -4.814838625696199692e+00
6.730223177221540176e+00 -4.984160163929749032e+00
3.372971801823861915e-01 -4.329056592290723593e+00
-5.378085004072969966e+00 4.723532389790156216e+00
3.915796089636668365e-01 -3.843421865233748402e+00
-2.678593230767548850e+00 -4.074248353172709614e+00
-4.459303290492226068e+00 -4.024010497437536138e+00
-6.800615223331546666e+00 -4.606047048494295026e+00
2.927607019089503826e+00 -1.027818765058594153e+00
-2.965055850520193825e+00 -5.265801533867795037e+00
-7.639396758368106610e+00 -2.134487464691499081e+00
-7.300062935234593375e+00 9.090008784670809305e+00
-5.368551264583726557e+00 4.731850695976397070e+00
-1.879489270775121401e+00 -3.563604751773983281e+00
2.791304258072408562e+00 -6.876781469796428681e+00
-6.222721332426058183e+00 -1.561652488360725233e+00
6.401258980380823971e+00 -7.110121813681248959e+00
4.833822802464276869e+00 -6.570327873108926298e+00
-4.870279938579877843e-01 3.056072447198018072e+00
9.231299843755907730e+00 1.330153861137302496e+00
4.517226231981190665e+00 -1.024954290198062523e+01
7.913690358816230841e+00 1.511215843653974877e+00
4.717581824413056069e+00 -4.304704399693690675e+00
2.115821702580626074e+00 -2.681442133303401754e+00
-6.603720653047601807e+00 8.945305009295578813e+00
8.676669195142952873e+00 1.259928186869858191e+00
-5.208615583768310131e+00 -8.017579991175027843e-02
5.008183956883440757e+00 2.042581526133778080e+00
6.714345997643688335e+00 -3.732834030785091795e+00
-4.540776174348525096e+00 3.960620794162473146e+00
-7.834272010711814893e+00 8.349535474300568083e+00
4.322619315610271684e+00 -7.880204794693673520e+00
6.588737443290673568e+00 -4.005564410379589546e+00
-2.133384380799893343e+00 -4.845588467756537732e+00
-4.410299107420659226e+00 5.836266395128990148e+00
-6.050465186542862916e+00 -1.691607384983167206e+00
3.548561205514400907e+00 -6.051486002770336547e+00
-8.149369008828376337e+00 7.469891479783488109e+00
-1.348924291775255302e+00 4.305085690577452162e+00
-7.729644222419253197e+00 -5.039346822379441093e+00
-9.063403065397478420e-01 3.601526425015046939e+00
-8.072470189329713719e+00 -1.290590011820004213e+00
7.097125281439755184e+00 -6.350452317931289947e+00
-8.321048387126854351e+00 -5.117841056276166256e+00
3.574201665767491320e-01 1.051630949287464389e+01
6.344532395739648223e+00 -3.984367522988554455e+00
-7.047800842952710809e+00 -4.658589707129094926e+00
-5.782095580657596656e+00 -1.101138481220673260e+00
-5.792329428946656478e+00 -5.764223708273610747e+00
5.929592992554228559e+00 2.434826573157972351e+00
-4.541240695589352505e+00 3.395699773871186711e+00
-4.312509344070164730e+00 -5.940675756517575401e+00
-3.601038998213332842e+00 5.166758462378491679e+00
4.622332017102285029e+00 -1.216528838780729593e+00
-3.469840893452592390e+00 -3.292641636573033992e+00
-6.651098789883049811e+00 3.987164456642124488e+00
-2.069830561696232252e+00 -5.427495350962386667e+00
-6.516744983855068618e+00 -4.145414537050971404e+00
-7.349895627511165763e+00 5.808144177348744108e-01
3.004825629760695005e+00 -9.591630146401904256e+00
-2.723513623174202092e+00 -6.854917306853085535e+00
5.830258871018720868e+00 6.240961063288233968e-01
5.003946043201585425e+00 2.901048277852744661e+00
5.004414827537798871e+00 -8.255869754053689391e+00
-5.017137901539516776e-01 4.279084066610354675e+00
-9.469580431585642444e-01 5.968938902663704305e+00
-8.221684272909042690e+00 4.661893231504578239e+00
6.407606489116613346e+00 -9.725304372857749513e+00
6.257926691263218544e+00 5.534494500161967201e-01
-2.158546110502404858e+00 -4.481312443271847634e+00
4.646886703002848229e+00 -1.149814928251874768e+01
-2.310021875624212129e+00 3.516646723317217837e+00
-5.329899938051811503e+00 -4.762214703017761508e+00
-6.351292939571683505e+00 8.644635777364976903e+00
-6.526727355952422371e+00 -3.811946017766846495e+00
-2.717661649544544478e+00 -4.345432412076844386e+00
6.650769474143108262e+00 -4.630187299128793121e+00
-4.538937277993520425e+00 3.033335489501132187e+00
5.287125015528262750e+00 2.901716671967252914e+00
5.480814776814699307e+00 -1.060747553632771734e+01
1.013753688597102576e+00 -4.384779550521681557e+00
5.470305710309474101e+00 -2.958970679734560516e-01
-5.286837666013282977e+00 5.915494376602270066e+00
3.815995606084555902e+00 -1.088957673773306212e+01
-2.694208195518094762e+00 -4.125294461509670718e+00
-8.773044968502852203e-01 3.753687790586047957e+00
7.622767266191768698e+00 -6.321774626515595408e+00
-2.937699293120069832e+00 -5.374979757559781746e+00
-5.832646307600029445e+00 7.146771398909534057e+00
-2.615313067760817400e+00 -3.979197473089860715e+00
-5.705317618292895521e-01 2.188011862707949895e+00
3.746469022670622095e+00 -6.841991932175808699e+00
-9.532471802503412306e+00 -8.059655448669115207e-01
5.297647733144186688e+00 2.245154410430879599e-01
7.298960025672403873e+00 2.514655951630633268e-01
-9.156597065163607496e-01 4.249916502745949565e+00
4.988369844232027006e+00 -6.123235057018367122e+00
-3.513252330203348262e+00 3.198130058325369784e+00
7.177959884429017556e+00 8.926593096105166492e-01
4.683285939820379440e+00 -4.950068600567879784e+00
1.950661323641819100e+00 -2.472167437665934386e+00
-2.370647086713286278e+00 8.536930865980403738e+00
-2.643443351995654389e+00 -3.669378344724682606e+00
-6.672228449108372317e+00 3.593874937927208357e+00
3.427871694235835598e-01 6.219107711202235933e+00
3.527868720818877257e+00 -7.443149543024530246e+00
-1.810962418195877666e+00 -5.132333841604941327e+00
2.908266835677801865e+00 -9.782390783463604578e+00
1.530978791551238505e+00 -8.981937444683810057e+00
-6.347662382377855295e+00 -2.823194767566445051e+00
7.938273779275039743e+00 -5.077672000419608977e+00
5.717871745770917613e+00 -2.586673007882780428e-01
-3.431325283499976120e+00 -4.019468774447506831e+00
3.837823802094104231e+00 -5.507274841095746609e+00
5.800368497123205458e+00 -9.723681625580290699e+00
-9.148019361084311907e-01 -4.569998965661665302e+00
-7.757456421463044816e-01 -5.044120671567036140e+00
4.658614499827365307e+00 -5.247022919731566759e+00
6.834451722458762646e+00 -3.955737577579523823e+00
5.050045732019031952e+00 -4.101960598277867298e+00
-6.740152704563439734e+00 3.121319015169621292e-01
-7.007893336961342534e+00 -4.431656670032195766e-01
-1.268984336190038142e+00 4.992210249749125417e+00
-4.498192221180286055e-02 -6.114919062706668740e+00
-7.364291831914434816e+00 -1.985331141519680376e+00
5.388033965355613297e+00 9.471262025132836104e-01
-2.658888207214033628e+00 7.173240804773818979e+00
-4.003253376778690864e+00 6.074837181389407093e+00
4.520531064900241702e+00 8.604648101055412113e-01
-3.530728678842536272e+00 -4.503694447706444670e+00
