-2.773649054488966481e+00 -3.777588434580997134e+00
-2.602015025019203343e+00 -8.523852688735193972e-01
1.928782536069223008e+00 -1.147392097116962617e+01
-2.367309537069567593e+00 4.924882587941595169e+00
4.917572511789642498e+00 -5.634272323543129346e+00
3.216643285960780752e+00 -9.357522516447263072e+00
-2.661648702570258873e+00 7.585605946320488790e+00
4.623436657007175654e+00 -5.076518342145125651e+00
-5.337185863975819622e+00 -2.137067905746016905e+00
4.389224779337989268e+00 -9.671463880068051466e+00
-7.093541553420113388e+00 -2.639021089418768007e+00
2.994190816841216574e+00 -2.866259222364538672e+00
-5.647986759888568464e+00 -3.921236136223154034e+00
9.814046657017128084e+00 1.825071974963150545e+00
-1.932872667487895324e+00 -5.133581727401182349e+00
-2.683487507770031311e+00 3.920838305174350502e+00
2.117517502225855885e+00 -3.834868529819723371e+00
-1.801859892783317818e+00 6.937560189374817554e+00
-3.067230320016117950e+00 -5.164486256154710020e+00
-7.849946490085683237e+00 7.676741743956696951e+00
3.762287229984752734e+00 -6.804283172381532019e+00
4.593880421846157525e+00 -1.253022758319830343e+00
-3.501568307189949714e+00 3.117114987597989995e+00
4.329842129642299753e+00 -1.555567345695445081e+00
3.293339055683929928e+00 -1.042909699207254093e+01
-4.933726123449883261e+00 3.699512910692577705e+00
-6.455928639587482643e+00 -4.296241457661559515e+00
3.126081589834949881e+00 -8.122806771122498048e+00
-5.396126400736266149e+00 -2.099499318157427297e-01
-5.598689587077547714e-01 -3.801369950696123823e+00
4.476632053424761892e+00 -1.204138732615585283e+01
-1.386280290475062626e+00 -6.655634972480644507e+00
-6.179684685121785925e+00 -2.014209744348974152e+00
-3.162453995377490834e+00 -5.024988503584153499e+00
-2.052047126721116221e+00 -4.604616557926883402e+00
4.752630477260127329e+00 1.407945462394691871e-01
4.274969293146968496e+00 -1.069192187715037257e+01
-2.370691788979744086e+00 2.621140797048618243e+00
5.508954555938675668e+00 2.009604704410060450e+00
-8.602453506442129694e+00 -2.393580925098974799e+00
-3.076321926927410466e+00 -3.639247605933373375e+00
-9.459717724419325346e-01 4.247461563719202360e+00
-3.250661392938619443e+00 -4.890036358939917172e+00
-7.554613004219078221e+00 9.586747947498382771e+00
-8.624837483186473364e+00 9.020140997868908883e+00
7.504778598290916314e+00 8.733210165182385687e-01
-7.579440194292307531e+00 8.294145523557398647e+00
-2.585152268843418533e+00 -4.937466716169954140e+00
5.704077907600544783e+00 -5.752172208308246937e+00
-5.361282972473489394e+00 -3.764517924173420571e+00
6.573851311117587137e+00 -5.689131334333153989e-01
-3.952261646230539327e+00 5.194390952195476530e+00
-4.138488525109611516e-01 -4.472120192363726154e+00
2.282101380178437999e+00 -1.098268396084828780e+01
5.705606436538985804e-01 -4.436447380269817664e+00
-2.327121295160356151e+00 7.807629995292510117e+00
1.074594132079753184e+00 -3.761951305523028477e+00
5.611861870310345779e+00 1.510912181485760231e+00
-3.435055711466509010e+00 5.227077065897715258e+00
-4.946358253077509204e+00 -5.502683577798361370e+00
5.943111074504537683e+00 1.682990331853034816e+00
-9.241228036284296010e+00 -9.269510488411524252e-01
-2.550877177840445320e+00 4.572389010031916001e+00
-8.118119370594245154e+00 -1.170012514987188723e+00
-4.439990085548719989e+00 -2.673110961252185280e-01
1.681061016111846662e-01 -5.598563743217839672e+00
-1.325285146110626089e+00 -6.176567629627403022e+00
-2.547573798621839636e+00 8.192274743527228509e+00
7.671844924042943603e+00 2.983094440850863061e-01
-6.784254309122160542e+00 6.598785824177931580e+00
2.775019877573298377e+00 -9.160274348253443222e+00
-5.302782490217099465e+00 4.228813525987972000e+00
4.740398461073547232e+00 -1.069737706580679593e+01
-6.179506541062958824e+00 1.042564047397436156e+01
3.921573751530012863e+00 -4.111800848492720206e+00
-8.431753087722176687e+00 1.094592017938068196e+01
7.577822213135760876e-01 -3.354114964599148152e+00
-5.040924558614205075e+00 9.691852751807656929e+00
4.594507571053248363e+00 -4.609481147442870963e+00
6.396558035654679841e+00 -3.122397494755870806e-01
-3.652806143836958341e+00 -2.618675814740596852e+00
6.272871298515983796e+00 3.011189592849150110e+00
6.268267010392849947e+00 -3.913208296381971874e+00
-8.252023462545622579e+00 8.745542090681638570e+00
-4.009304788664723729e-01 -4.805809394459610751e+00
-4.087352764890377799e+00 5.533301181580107198e+00
1.519307441464181174e+00 -7.826902397596370520e+00
-3.224960968037919429e+00 -6.055861738030541730e+00
1.185235941390666126e+00 -4.222800128195700609e+00
4.387975793567728822e+00 -5.180710101121695388e+00
-6.852944633523009088e+00 -5.071149988462399172e+00
8.647854732307631576e-01 -3.689684154718900544e+00
-3.985922818609950014e+00 -4.355383390567474144e+00
-3.331443503335143941e+00 7.109438268482292322e+00
5.012752696300029065e+00 -6.354378310619462233e+00
-6.030984970090703001e+00 3.942991855349672115e+00
5.861150071752355473e+00 3.352890414790348217e-01
-1.132326459333440338e+00 6.679734219549524177e+00
-4.696656722543565365e+00 -6.320716941546995926e+00
-3.408036682781228954e+00 4.749985495398952651e+00
4.482295015019156281e+00 -5.173659149376677036e+00
-3.124203615661823807e+00 4.739065439785942857e+00
5.072046955000958590e+00 -6.645885809811573175e+00
-2.624313859852255515e+00 6.692459165730743287e+00
-3.084348514913044959e+00 4.765220524359779830e+00
-3.617892469502643760e+00 4.302252819755730151e+00
-3.013764851908541154e+00 5.258363272957444323e+00
3.594682458480801479e+00 -4.334011496325945068e+00
1.093197912969535945e+00 -9.487980488093988640e+00
5.464116327234870063e+00 -1.466881292922079139e+00
-6.952446356876020417e+00 4.076825955476842900e+00
-3.833656063318297669e+00 5.145465157441654114e+00
-4.891057742625549487e+00 -1.780569375664580400e+00
5.690909763811447419e+00 -7.233299130184898118e+00
7.535780065412833295e+00 2.375098977584765958e+00
5.269571329304349128e+00 -4.731589550079978501e+00
3.330082078631648734e+00 -9.008005803015445068e+00
3.130696930878643869e+00 -5.130351505337584328e+00
-5.138844640172228750e+00 4.103654722834133572e+00
5.699075077627588470e+00 -6.257564492260982547e+00
-6.572273911088159615e+00 -2.212161315155540819e+00
4.821177885843199284e+00 -1.031635052693164312e+01
-5.506778974432904761e+00 -3.663034123556912824e+00
1.813789594985848685e+00 -8.766044320017117641e+00
1.540974838585112083e+00 -7.673127030714137931e+00
6.834513896137003997e+00 4.521372932722091953e-01
8.100370068686418179e+00 3.951515180021376139e+00
2.635625006144129312e+00 -5.386317020923543808e+00
4.531883664758558083e+00 -8.632689942050369325e+00
5.635743830403871613e+00 -3.143754943568985105e+00
-3.829546555020936438e+00 -5.705674321250111092e+00
-6.147550629009002954e+00 1.045241725003830169e+01
7.391740222669969995e+00 1.809802704493508330e+00
-7.808055618899791384e+00 -1.503937634307856319e+00
1.168079281610386211e+00 -9.491600255375956863e+00
-3.042589526726267479e+00 5.775597151707016152e+00
-3.766469266915714709e+00 -6.966526849679854472e+00
-2.005877119204262371e+00 8.311777864351334699e+00
2.300241616137791656e+00 -9.671936477056265247e+00
-4.639778540634487136e-01 7.909567780122487513e+00
7.691516730204510210e+00 2.376518828736472688e+00
3.955742145236867735e+00 -3.189961439351400863e+00
-3.970678978282296434e+00 6.596374530010832515e+00
-4.043698235577775080e+00 6.668817511042352209e+00
9.947939078574713490e-01 -3.375511697569840930e+00
4.187935794669975564e+00 -1.045633062613603137e+01
8.371675890854900715e+00 2.374822576125275475e+00
2.993960283455957772e+00 -1.093835257273466866e+01
-2.824319686314231692e+00 -7.048173459150879339e+00
8.245858221025423873e+00 1.398554313910409297e+00
6.159844054988959705e+00 -2.314458781764208162e-01
-3.061209614629648357e+00 5.755641026096506963e+00
1.037498349132426334e+00 -7.421978678746907754e+00
-6.818393209508132102e+00 -1.427331442294045738e+00
9.455963938051501483e-01 -5.457247727671450832e+00
-3.391885312042177247e+00 -3.892442777441757151e+00
1.107680857496456506e+00 -4.024763268305397546e+00
-1.278522193005930729e+00 -5.210543736416203053e+00
6.094178944637558271e-01 -1.016606489111882183e+01
1.996174693349030527e+00 -3.062476621583702485e+00
2.026902211620047911e+00 -5.910771852769526546e+00
-6.779562797165507249e+00 -1.382521373849988855e+00
-4.514125937951448009e+00 4.452131480423212828e+00
-5.579747608002914916e+00 7.760424103119924588e+00
3.375334638706555701e+00 -8.186076102178772018e+00
-2.783788871413380717e-01 -1.217892770368119493e+00
-3.808497228021928027e+00 5.751155967352671539e+00
4.455150996778186823e+00 -5.920942685366151537e+00
-2.664565991021999203e+00 5.869390999496773453e+00
3.374470952521592793e+00 -1.814770111507763684e+00
2.909855356110460090e+00 -1.080491278240779707e+01
-4.975921682786529132e+00 4.133262264633632554e+00
-6.159099462884945808e+00 -1.997385414556586358e+00
5.642553578808231052e+00 -5.488223969669968616e-01
8.603656179457551900e+00 2.074326520830042764e+00
-5.471672481597786408e+00 3.443212595305483958e+00
8.416874110754068994e+00 -8.175836425645879757e+00
-1.924961499394614695e+00 6.299933145997174577e+00
4.570931284859064192e+00 -5.382566005054561842e+00
2.834450835039007632e+00 -2.949105216470834456e+00
-5.385993300282450491e+00 -1.801304089065408398e+00
-8.655299248482076990e+00 5.976292151622736526e+00
3.419021044474399140e+00 -8.064181844866732618e+00
5.149655739670607524e+00 -5.770973326913919621e+00
3.063076407403750867e+00 -1.032339854675370638e+01
-2.513869667679671238e+00 5.417623005328780827e+00
6.852916885875021791e+00 -5.667659808504245111e-01
6.008386285977278973e+00 8.519711920955704842e-01
-1.201423552764315783e-01 -4.236728877533716187e+00
-9.436789829530667362e-03 -8.516942538418305730e+00
2.889343970720231525e+00 -3.527156236104240339e+00
7.650955432304433756e+00 3.052987912756451205e+00
5.206306324779710337e+00 1.436996919728783517e-02
3.467045518562884787e+00 -8.528556939604859721e+00
-8.001900537540457492e+00 -5.542600438645611582e+00
6.221860391887768849e+00 -3.920385047485570151e+00
-7.637266769330718574e+00 9.222422255726538509e+00
4.580960060245704568e+00 5.099637575498148223e-01
3.765069760546501776e+00 -3.859100903799988491e-01
-7.299818153868555370e+00 -4.377400371299193793e+00
6.993761985773856438e+00 2.905518322609627724e+00
-3.901653365996735179e+00 5.702800492062529258e+00
5.840780982362729468e+00 -3.964157807192465022e+00
2.935506114250945320e+00 -7.521446729585245627e+00
-3.005649038232533155e+00 -5.978423854159898632e+00
5.050523637858852055e+00 -6.370233576524566566e+00
3.941841074117303556e+00 1.548150983796601654e+00
-4.026341513912091941e+00 -4.839909262975219839e+00
-1.543791711411688361e-01 -7.781950274132073631e+00
-7.400324236400838807e+00 -1.777207340983265604e+00
-6.846110547593577067e+00 -5.779999617573895243e+00
6.533785605724283130e+00 -7.442985102744993142e+00
-5.585054655355799369e+00 5.075371891201444718e+00
2.105918031856965911e-01 -2.937344431734884687e+00
-3.017810272154812790e+00 -5.075246731471055206e+00
3.191858352356994555e+00 -1.274310670736413797e+01
2.683265211669355832e+00 -9.529759214114028154e+00
-1.617071327030552563e+00 5.935354468027930430e+00
-8.746811135408913529e+00 8.905391560220179414e+00
1.403440922346076203e+00 -7.785922345255832155e+00
2.466883893872256373e+00 -3.516284487792523450e+00
-2.258823478247741878e+00 -3.598098228461475312e+00
4.729031656284905516e+00 -2.138819823761826555e+00
-3.159764314554238229e+00 6.857580862716321946e+00
2.166659299357901247e+00 -9.386302252905844412e+00
-2.423332464217833326e-01 -5.454238655640755162e+00
-5.935205831208275384e+00 -4.010803740117378169e+00
-8.160439100191227979e-01 7.023399915377467551e+00
-7.311043370802703834e+00 -4.671041328301925866e+00
-7.857061904243995976e+00 -1.307129863831082428e+00
6.172478335427815654e-01 -4.622963191544086747e+00
1.221234783101154520e+00 -8.922494729013935810e+00
-7.183740671084283491e+00 3.059911282489818696e+00
-5.830728116999503108e+00 -5.193248898303479244e+00
-2.986803681061046767e+00 -3.488800074599898160e+00
-5.657971550809196337e+00 -2.298211543894831177e+00
5.901048541033487638e+00 -1.257257773275161084e-02
6.467103743720316267e+00 -3.456310431077337597e+00
7.191751242599776717e+00 -5.622269712465130631e+00
-2.467559248288808682e+00 5.477367021923789991e+00
-1.695939719169408333e+00 6.702563237421476749e+00
-2.612287755288610125e+00 -5.266972621373588126e+00
-7.514959414835290730e+00 9.516062069360382125e+00
-4.295297866351083016e+00 5.295894192512525578e+00
-4.239111000348342984e+00 -1.321734646738851993e+00
-2.074736748971015565e+00 6.178172973991969741e+00
-3.099977224290200617e+00 5.535264642660152390e+00
6.732058438792254407e+00 -7.464593419542870478e+00
6.258958953453142904e+00 -1.998930644161268644e+00
3.149070852544837429e+00 -8.236115293387886283e+00
6.361755359163892898e+00 -1.034688971623665132e+00
-5.078860845281543135e+00 4.194771380642165148e+00
-2.307302205150921992e+00 3.733568668583429506e+00
-5.380574554479573557e+00 5.384219784612888304e+00
-1.631141454570613769e+00 5.316293975069673827e+00
3.784573056600058383e+00 -6.005256086372752655e+00
1.809560157904219091e+00 -8.412350507137457356e+00
-2.572794854550539689e-01 3.011131825474401946e+00
-3.718743163095273196e+00 -3.739107465868200642e+00
9.839215696109653297e-01 -9.069044416269930409e+00
8.399135394045096348e+00 -8.199036328847215671e+00
6.554487500161012115e+00 -4.966348817945360317e+00
3.273542812162251181e+00 -8.492719286646357446e+00
-2.211540401296771208e+00 -4.569621225529958863e+00
3.432622444136366191e+00 -9.136178566280079849e+00
2.905495618075651265e+00 -9.235998221478535442e+00
-5.873575166495020206e+00 2.472850950586632290e+00
-1.351228830396494551e+00 7.488850200244504762e+00
4.454054446616610541e+00 -8.806452239899403622e+00
-2.173297998519712060e+00 -6.864624089966053333e+00
4.796686477132285908e+00 -1.017125609011494802e+01
-6.613213621901484096e+00 -2.003428476762900257e+00
-3.355102171897554442e+00 -3.585633261708675690e+00
-2.707578751178675969e+00 4.104710185881506490e+00
-1.419949947486682351e+00 -2.825699338882700751e+00
1.882816754336095189e+00 -1.018788595977033573e+01
1.702411511082371209e+00 -3.766845529826133632e+00
-7.718623988900962019e+00 2.624477276558626393e+00
-7.481531847026186455e+00 -2.069923097221929797e+00
1.456361677897537898e+00 -5.560785994952977873e+00
-1.372574429175067445e-01 -1.981336880536643807e+00
-7.165502249991848593e-01 -4.117505555017085150e+00
-3.401103235005714431e+00 -4.042172911808865621e+00
6.681714314564655588e+00 -4.589792877580691766e+00
5.098623959316510579e+00 -4.305264726306473833e+00
2.099188065033928741e+00 -3.814461569073825498e+00
-6.576891935049593130e+00 8.634709766326530200e+00
-4.809808184563193478e+00 3.938698773507900430e+00
-4.770229932630690506e+00 5.108712682818476125e+00
-6.172674972124235104e+00 -1.097370629476701831e+00
5.043549006686196989e+00 -8.908390406788727844e+00
-4.558016761144907392e+00 -3.143507754042755842e+00
-6.235669326647928834e+00 -2.849653367035694274e+00
3.973738829979442944e+00 -7.473753143197090054e+00
8.045796738722424735e+00 1.190225861212381497e+00
4.327899830571660722e+00 -9.098954499314743316e+00
7.154856277262310549e+00 2.537463265896532150e+00
3.151160754098841110e+00 -5.085245829738259005e+00
3.985807627068574277e+00 -6.064027250514850920e+00
1.056854559170049335e+00 -7.417987611482045551e+00
3.283784016183589394e+00 -9.008303872225859266e+00
-2.636029014979975660e+00 3.296666078497743513e+00
-1.459561055385241168e+00 -5.946402597572764570e+00
-2.507596067612915647e+00 6.593102139429976916e+00
-7.701557140361721565e+00 -1.266122171769314964e-01
-5.456264378315887065e+00 -2.581589782969279767e+00
-2.673385291947966813e+00 4.263652070513968440e+00
4.480509390952912341e+00 -6.096068658005603602e+00
1.651456182558708186e+00 -8.437345050406571900e+00
-5.470948701272852155e+00 5.177052883137671202e+00
6.168208638065847182e+00 -1.096027023836606951e+01
-7.522135909745319537e+00 5.332128987011062193e-01
-3.338057898869460249e+00 -2.211049730226908760e+00
6.252867581342933967e+00 9.778384872261512983e-01
5.852663241260423810e+00 1.280034104163263464e+00
-2.573672309616002796e+00 6.984184408143085498e+00
6.584737503982672102e+00 3.356296651450927371e-01
-5.255535987911398976e+00 -4.273383538335717269e+00
-3.462732186236506582e+00 4.853556607770501685e+00
3.507787275589658194e+00 -3.207889491343165478e-01
5.230365729107521844e+00 -2.102915942324726117e+00
5.916207656972628293e+00 -1.673343366601638182e+00
-6.264236504431169195e+00 8.470503598230989084e+00
1.053689508112602979e-01 -2.055637257273397189e+00
-3.751574225554516140e+00 -6.933452880950230934e+00
-4.062775499881554175e+00 -4.736184603232616475e+00
3.370262639698280438e+00 -1.146902203579121782e+01
-7.500121445088904437e+00 3.892080397275611059e+00
-3.434208809933036566e+00 -3.465153034362973727e+00
-7.665506357169276086e+00 -1.803360953475752648e+00
-1.278734180365833861e+00 -4.384651361980932194e+00
-7.805052625234612407e+00 -2.138658667990694262e+00
8.251269610522147246e-01 3.084116228653505765e+00
2.685691756239820371e+00 1.342145765691491244e+00
7.154029195548714526e+00 -2.318441269459945442e+00
-3.771015860835995603e+00 -1.482624462454003034e+00
-7.470187451548895297e+00 -6.655629074013440949e+00
-2.087140612585998145e+00 -3.919151284017782011e+00
-5.304544707267728754e+00 3.596134173893591690e+00
-2.769866477652581871e+00 3.798286167486355946e+00
3.350931552928720691e+00 -9.232915371728093845e+00
-5.075253573378279981e+00 -1.437467530374254565e+00
-6.876164295932876591e+00 -9.815511639899419105e-01
3.819545864811417335e+00 1.132365878370233947e-01
-5.806607034094746211e+00 2.735215643142995923e+00
2.307966906376624827e+00 -9.493514735358900225e+00
-1.733719868205801262e+00 5.585868681597137453e+00
-3.956907855808926122e+00 -2.169208055585990724e+00
-1.013027401906186498e+01 -1.069541831435411705e+00
2.369810917813630624e-02 -2.800420961789717555e+00
-5.636944827911798406e+00 -4.357629750574973926e+00
6.633980353265239494e+00 -9.341865682077109767e+00
7.141001416543477198e+00 -5.606490339770781262e+00
6.805209498625420572e+00 -1.003046695621312878e+00
-3.161270713278026001e+00 5.311924209386950757e+00
6.441699577388890319e+00 -9.807322525603332508e+00
4.179928442224056795e+00 -4.772196020556383367e+00
6.038932037577418477e+00 1.908052747607706046e+00
-4.870684670420105888e+00 4.094541917671628894e+00
4.557313758037743412e+00 -4.136957153227025508e-01
-7.280564383262202455e+00 -3.075255041526932409e+00
8.342176347536044645e+00 1.226313641904938079e+00
5.584302206822737702e+00 3.735489375625598019e-01
-3.216366821797835840e+00 6.351992246058425273e+00
-7.123473069575971373e+00 -4.846340782559823701e+00
7.507359655294288281e+00 2.004561580269068610e+00
-8.717570625587439892e+00 -1.229981863408373677e+00
4.138425804946042952e+00 -5.357199138256588888e+00
3.686769071552594035e+00 -1.105442139190941031e+00
-2.014792027861803447e+00 -5.238744408175286082e+00
-3.814485227969525161e-01 -1.352839095195375041e+00
-4.944924734313028480e+00 5.449856737152121156e+00
-2.132474655094498406e-01 -1.652599691916348146e+00
4.188248291544399038e+00 -9.524945614271365102e+00
3.983025588809509632e+00 -1.102488804428108438e+01
5.468617003438523305e+00 -8.653558021132843336e+00
-3.081994336359760833e+00 3.159161491381104359e+00
4.683846198671045791e+00 -1.656906889423896523e+00
2.355879435363950059e+00 -3.018060171536774305e+00
-2.654300244821683030e+00 4.132905994688430340e+00
4.788501025143293788e+00 -4.434072581987082984e+00
1.955130072393445717e+00 -8.584592059379529516e+00
5.281924830374685520e+00 -2.351746821905314366e+00
-7.512797508758566778e+00 -3.219337536062663929e+00
-8.320141254165225320e-01 -7.267203319371247972e+00
-7.693334554784845736e+00 -4.644686466145634185e+00
-7.240950800241898300e+00 9.936255193819194531e+00
-3.940217936437178992e+00 5.113820478816786697e+00
-2.542940073608952467e+00 -2.274612691523804742e+00
4.045578490630323820e+00 -3.584601932094899635e+00
4.873382067039735865e+00 5.075582033501040424e-01
4.013777190893179636e+00 7.195199852546179109e-01
8.195292806258102303e+00 -4.702617965024364910e-01
4.538465714693983521e+00 -3.695788669588406794e-02
7.352772405251299048e+00 2.293188397556510161e+00
2.180114542590350979e+00 -5.495072884538453550e+00
-1.864735690840821913e+00 -3.592328473461085636e+00
-4.660772335428868374e+00 5.964984873056032200e+00
6.135824562320506992e+00 -2.825745472025584792e-01
-6.752965836011279421e+00 1.007508630631724422e+01
1.981185693278665783e+00 -9.143930357836026701e+00
5.307536634705415146e+00 -8.562130592957206687e+00
3.644686977514457027e+00 -3.210478761040763462e+00
-5.852632017998363523e+00 9.449993197987929250e+00
-2.868752482962926731e+00 -2.420525775199963370e+00
5.649795291652708329e+00 -9.129504123231257040e+00
-4.018314640071034560e+00 -1.336457271147150294e+00
7.276403801620920042e+00 -2.419939597779294793e+00
-7.229574986121368951e+00 9.013379938864737539e+00
-2.409989700920542433e+00 4.619052227611315509e+00
-7.204498866659630352e+00 4.611494748451129944e+00
-8.959781265194791899e+00 8.374464065019616044e+00
-1.915149505040621758e+00 6.756180778235857609e+00
-6.717021696354336768e+00 1.019781363707497412e+01
3.178443999614201321e+00 -8.989994435733169809e+00
3.724369418789737374e+00 -1.087183156528936401e+01
-7.062666494489204361e+00 -3.292369667852967918e+00
-7.634071383466030980e+00 9.759494827816425300e+00
-6.808056182748485341e+00 9.390250800012445609e+00
-3.142826915693854417e+00 -6.051675019985593096e+00
4.034458124820750058e+00 2.114279436151971225e+00
-6.850463368706131817e+00 1.186156306045071318e+01
-5.262238396184693023e+00 4.468188641917015147e+00
8.204910645952409709e+00 -5.678043692282248145e+00
6.878713079694986021e+00 -7.251322136222502657e+00
-6.424442527804851366e+00 -3.427257053923604246e+00
-1.262311922004226039e+00 7.116488663026284023e+00
-1.702998917562954517e+00 5.870760631608821001e+00
1.246240924524038451e+00 -4.304766519434814143e+00
-8.429128719483289345e+00 -3.689126518849275005e-01
-3.279189736245448739e+00 6.053394972960613352e+00
7.327559368146157937e+00 -1.031252852223082783e+01
-6.229028770450693031e+00 -1.894630275871737712e+00
-7.168913212489835374e+00 -2.615715475635093767e+00
4.550250319021816203e+00 -1.542043376629147700e+00
8.025389919813974871e+00 -5.831385080380543151e+00
1.465735582180682783e+00 -4.574795540764034385e+00
7.695320608504610860e+00 1.815610873876181142e+00
6.432155159163549740e+00 -7.070165641342665452e+00
-7.039742709743197047e+00 -2.235993240433876039e+00
7.011867190424332819e+00 9.552154467296249951e-01
-2.899531540687472653e+00 -3.112040585575582607e+00
-4.173803307280097741e+00 -2.825727442649618393e+00
6.800369324231225754e-01 -2.152106417113677672e+00
-2.290151027956423668e+00 6.063685537695374883e+00
5.911456893441360272e+00 1.717043977188737358e+00
2.373424878932654636e+00 -9.679556166586369415e+00
-3.015731110589706887e+00 4.340150052921890378e+00
-3.609945283953949868e+00 2.378722490246245158e+00
6.554040069211592545e+00 -4.665915416835542118e+00
-7.952750083531450187e+00 4.333010523176124451e+00
-5.231686868891936015e+00 -4.116995592137688398e+00
-3.851522742126448406e+00 -5.137702964148165741e+00
-8.997945394669478958e+00 -1.222609954102109153e+00
-1.681305066865323550e+00 -3.574739246540799442e+00
2.506897752622005537e+00 -7.559942031231784654e+00
-6.097347056309586399e+00 -2.464166068883262728e+00
3.755582872254326077e-01 4.350473012785378124e+00
5.453851808308303184e+00 -7.221545288091671289e+00
-8.157927737907090915e+00 -3.958316428723900771e+00
-5.548762458357495930e+00 -6.865624340027541628e+00
5.744346152003847461e-01 -4.093563784395873206e+00
4.619019218417163231e+00 -1.029901591361633173e+00
-7.663756939922501843e+00 9.566308606910929768e+00
5.742119572669365901e+00 -1.221340864632872059e+00
1.731317941389197035e+00 -9.145889431232935962e+00
1.353342216595034841e-01 -9.058346007932971844e+00
-6.640133329983259891e+00 -2.689174176848745823e+00
5.964151974414718005e+00 -4.472277194937896994e+00
-3.863684386948691429e+00 -4.300479350077772267e+00
-1.350698350538070969e+00 -3.635215755805920157e+00
7.047570661634837919e+00 1.235226596131346666e+00
-2.604116761079713793e+00 -4.054724797166683103e+00
-6.680739944241920192e+00 9.296731341530103165e+00
4.180488766630272579e+00 -4.423441820402792324e+00
-5.793234963410275107e+00 2.977208327448386704e+00
5.218131882378712838e+00 -8.965693568018199500e+00
-5.338296035655725191e+00 3.927881127048546528e+00
-5.879973810145692426e+00 -3.153326680354330502e+00
-1.350572311892509703e+00 -4.788850783338819639e+00
2.921544518966729509e+00 -4.420065123253693606e+00
2.758532932410816763e+00 1.439319092799438593e+00
5.833170547965909059e+00 -5.817042276706355430e+00
4.980728427340949338e+00 -1.294301500371213276e+00
8.521710030215849940e-01 -2.739549115440324201e+00
-2.499689527134513423e+00 5.684098090060499153e+00
-6.807239683614997539e+00 9.665600928359960875e+00
-5.912580157145093551e+00 -3.459316043065599811e+00
-3.088874000863356173e+00 -4.013531311618030450e+00
-1.398909122918122971e+00 -5.024546814322545352e+00
8.390149218218607707e-01 -5.944471253946935541e+00
4.650586512369160097e+00 -3.079770797583650133e+00
-6.432024322685990114e+00 -1.233842619911595939e+00
2.002322214412378010e+00 -8.479757019813083829e+00
9.166066836850673027e+00 -1.286823213154837386e-01
-5.927713264742629384e+00 -3.603222989584350167e+00
3.215499046262570104e+00 -9.966531830141345694e+00
4.570117827523255905e+00 -4.123135567829582016e+00
-7.699996440240148843e+00 8.200240267843607711e+00
1.881337652050175224e+00 -8.440436082618617775e+00
4.105461057587508122e+00 1.717824044747839896e+00
-4.387671767618424035e+00 5.337250638377442513e+00
5.018111756589115124e+00 -4.411025180163223425e+00
-9.330698239159282981e-01 -4.432038576136623220e+00
5.657601193232429715e+00 -7.162032031094525131e+00
2.574997368598361369e+00 -7.949234661309178662e+00
-2.329397916236015664e+00 -7.251784385884269213e+00
4.911309425640539850e+00 -5.056392802216268301e+00
-5.862648554371792997e+00 4.296384322973452186e+00
4.197066782517140382e+00 -2.819563030563358996e+00
-4.935326539468336549e+00 -2.608887549297025821e+00
-1.682101272408277337e-01 -3.269227508362330337e+00
4.796750223778949440e+00 -8.347438221047971396e+00
1.975386765241779807e+00 -7.795684779553448962e+00
2.896635320318478035e-01 -4.898409587738326465e+00
-3.332973270898466289e+00 2.224465266434517918e+00
-5.126409521629730293e+00 6.761059057894494906e+00
4.636203300955138218e+00 -4.156100046322974251e+00
-3.946953512965004407e+00 4.273246583711671320e+00
2.455155762833571842e-01 -4.107252709327251061e+00
3.557987044086909467e+00 -1.037636997566085562e+01
-2.070640195975446129e+00 2.187613768739846254e+00
-1.324451812371394421e+00 4.233275758275267364e+00
-2.629896642271245533e+00 4.355813313455478841e+00
-2.727032766075279557e+00 5.725685964476957324e+00
-9.348964073630549265e+00 -1.814972737387499979e+00
2.749449671465058476e+00 -4.949666348005736793e+00
-1.252416476562610015e+00 -4.557101260740933135e+00
-6.248686291993234221e+00 9.431222275447055381e+00
-2.193217083112504184e+00 5.178606212728323221e+00
1.909448591003791051e+00 -8.817277554113813309e+00
5.295817571336244534e+00 -4.113550331013236416e+00
2.214188535830481364e-01 -4.002428318137559060e+00
-1.533813874370088648e+00 -1.727471096307908294e+00
-2.991136698313026976e+00 -3.320873366585297859e+00
6.084677137956417070e+00 -4.512405116371729363e-01
-6.156935346836178269e+00 -1.468506175512515721e+00
-2.914132499778984808e+00 4.629825576214655847e+00
-4.170866454682558455e+00 2.334505578388893277e+00
-3.543822351412884153e+00 -1.404156094014117340e-01
4.526767474515608569e+00 -9.379730701287821049e+00
6.772684060227091685e+00 -4.125036459902992725e+00
-1.249860356411981899e+00 4.794310043853523773e+00
-5.944952658802089118e+00 -5.461626614641663657e+00
4.643856612327997624e+00 -3.998621352674873286e+00
-5.228469840799859547e+00 -5.078516688631225406e+00
4.294332732367672101e+00 -3.012241752412129436e+00
4.432177245137490118e+00 -1.139278720337786588e+01
6.536928003801784293e+00 -4.336936978346308535e+00
4.776824224754843584e+00 -9.505789969362185232e+00
1.750244225290414013e+00 -1.266255479187278610e+01
-6.468253852275170246e+00 -3.267462044558775425e+00
2.288975545490258945e+00 -9.262595598021514220e+00
-6.093721560501380807e+00 5.739711190501977534e+00
-5.948790760599880656e+00 8.543695960775169240e+00
3.378608606178920226e+00 -1.002150590612045100e+01
-2.101293424501452733e+00 -6.557490097752648239e+00
6.545373381571452320e+00 1.334292860078177823e+00
6.119647590184089658e+00 1.470502669471697388e+00
-2.652328864005950138e+00 5.011009319269573048e+00
8.582708939264716008e-02 -4.370920812345112871e+00
6.833398111953221665e-01 -5.223061789905958818e+00
3.509352698750385802e+00 -8.200923025945854761e+00
-7.675668274222766208e+00 8.071007955305905313e+00
-7.632161605389889303e+00 -2.276349275496859725e+00
4.988629811461155583e+00 1.643985377674836323e+00
-4.330013621264849899e-01 -4.456236857292508624e+00
-4.475592237652626260e+00 3.845436654321187753e+00
-5.838204375467961782e+00 -5.190085233326882097e+00
-9.688490807527038839e+00 -1.237900960216379520e+00
-5.651382464787213955e+00 9.945085671568199004e+00
-4.773518799090157749e+00 3.326163517089625543e+00
-7.695704626819443561e+00 -1.320869160092726258e+00
-7.987638370002894561e+00 9.018779693893954175e+00
-4.428233010367796041e+00 9.182828430168290978e+00
2.719213765853099041e+00 -8.471803371216628520e+00
4.971876880513530494e+00 -1.188774191082500487e+01
-5.843907564028896218e-01 4.296338049291767547e+00
-1.266603038086633104e+00 -3.566890025048487622e+00
-3.502173291632957319e+00 5.936146850485695126e+00
-4.657273275248859257e+00 1.565714129422634215e+00
7.012413498172618276e-01 -9.869890628706389890e+00
2.167310084111130131e+00 -4.066181641069793073e+00
-3.799377741253330498e+00 3.401177787825871768e+00
4.282788086031162678e+00 2.276387913145562436e+00
3.096481254736163535e+00 -1.084499446243406418e+01
-1.951412949285966647e+00 5.082688670952243193e+00
7.558386626186230473e+00 -5.190719108301433238e+00
-4.031830419955046096e+00 -3.469601213718291000e+00
-4.840979617409693958e+00 2.011164279553936840e+00
3.594953192158317545e+00 -5.363236958720054126e+00
5.828410003734284750e+00 -1.678148696573088738e+00
-3.866322868406470104e+00 -4.978079809545839396e+00
1.160235486607401612e+00 -7.007196138501772253e+00
-7.093740011595479622e+00 -3.285668300442404544e+00
-4.656520207498750175e+00 4.459133112869977822e+00
3.511839889879965870e+00 -3.786515063709558149e+00
5.185359891023416878e+00 -8.740571194731064253e+00
5.546238472442596823e+00 -1.123348269264172217e+01
3.280620965786203769e+00 1.341414263236252014e+00
9.784235190084110689e-01 -2.578409170950039186e+00
-7.582651688657441547e+00 -2.761730247887917322e+00
-3.215049025269303584e+00 -3.996622279980645676e+00
-4.368295218811126368e+00 5.891042581335727668e+00
-3.713531313455814775e+00 -5.070944191301803627e+00
2.481022678216323385e+00 -4.857547730530052732e+00
-1.931696484266638869e+00 4.375161941343013616e+00
-5.082619281488344853e+00 2.934936931400240923e+00
-8.753362604269231184e+00 -3.124549881234659487e+00
-4.866379075601113158e+00 7.178256849640475501e+00
2.288796778748534155e+00 -1.077848010953965208e+01
-3.109895524483063056e+00 3.720860690483101418e+00
5.865605164574404284e+00 3.526133272718447120e+00
-2.010533875924922054e+00 5.969665360883988470e+00
3.649204041630382811e-01 -2.789859904970957594e+00
2.243947876149078091e+00 -6.387630926436353107e+00
6.231605055016890660e+00 -5.409628479910792542e+00
2.397736703018538584e+00 -7.607804255524539094e+00
-7.032446760903694916e+00 4.642354393645891975e+00
6.010690513857048778e+00 -7.885173895342074246e+00
6.073256541403253550e+00 9.009453769503134035e-01
8.735119633550065821e-01 -2.443770456519278156e+00
-5.052063619124351312e+00 4.261456747841048553e+00
2.336610104328407544e+00 -9.427398609170529298e+00
-2.416358402190903032e+00 3.466289815108188677e+00
-3.179233139446954848e+00 6.329557751000927546e+00
-6.710986969899013665e+00 -2.511193636867915746e+00
2.439607909101662919e+00 -7.077630449277570790e+00
-5.416811684301225505e+00 3.340678504233928869e+00
-5.951990502731651311e+00 8.359615493557139843e+00
6.040899746654667446e+00 1.905347999140505344e+00
-5.381652169786336870e+00 2.770197297096070876e+00
-9.090076614789079912e+00 -1.302157204130487411e+00
-9.920257333590276616e-02 -6.276696007630795826e+00
-1.359896589476064399e+00 -3.211534754231617939e+00
6.325466649072868819e+00 -3.773142652929455387e+00
-6.939926843352619557e+00 -1.726645894254138724e+00
8.512729271415649279e+00 6.757362028299005452e-01
4.262711869109099716e+00 -8.991252381699194274e+00
-5.622195649092778247e+00 5.161776338937839270e+00
4.024796866317416288e+00 1.037216824839003237e+00
-2.874499051767085867e+00 6.271660523574158042e+00
6.205072415842145972e+00 1.681227612177442099e+00
-5.826389330438596303e+00 3.073978593428084327e+00
6.135281284585085260e+00 -9.051522056391254623e-01
4.258978768276979743e-01 -5.822944162618943764e+00
8.378950536775480185e-01 -4.384063527720901909e+00
-9.114647696193534099e-01 -4.587945746801888269e+00
-7.716887141137400263e+00 -3.181074210742229624e-02
-6.044020312984799581e+00 3.299360997856812805e+00
6.933556654881288139e+00 -3.878373587799725630e+00
3.138199704130482992e+00 -4.692937065510781380e+00
-6.698912060208948915e+00 1.003766962928372131e+01
-9.527356316839636907e-01 4.797186635254185205e+00
-3.267816547576057218e+00 -5.287507722438254731e+00
-6.428312955831814612e+00 7.129618391935084176e-01
-4.772932578221357858e+00 3.737823510543355265e+00
-5.351132624361426338e+00 8.174264939200494240e+00
4.809626338977159854e+00 -2.885719597572116157e+00
4.448535944057094405e+00 -3.391878024236171463e+00
6.890481373760882100e+00 -6.152417659789264803e+00
1.805368317690238422e+00 -2.559305523710637242e+00
7.244176469296514043e+00 -5.793915377725410210e+00
5.113840736165674805e+00 1.980114140425310643e+00
-4.559327146413936660e+00 2.719598342192695029e+00
3.946716738708314853e+00 -4.793006632032014380e+00
-2.431803433151814353e+00 6.712571315488355062e+00
-9.063613366451428455e-01 4.966404646851236393e+00
4.962463016146304362e+00 -1.474667946079592840e+00
-4.746234002877106839e+00 -2.292449756753442092e+00
4.550652861751404821e+00 -8.753993741113113458e+00
-3.771097355560264930e+00 -2.405596502020632244e+00
-5.910289900286229248e+00 -5.336548768682379595e+00
5.031948638971990739e+00 -9.519030308233269011e+00
-3.838172877364232960e+00 7.444199855344256989e+00
3.079272007762882790e+00 -5.791700541335706554e+00
-3.982751078937481370e+00 5.135811805261511154e+00
3.697641726682884489e+00 -3.193833290545866621e+00
5.082152685232473210e+00 -5.175451315995148960e+00
-5.317262863176229537e+00 -4.529358304692254755e+00
-9.578111330048915129e-01 -3.446417565433269825e+00
8.287454302995751476e+00 -5.615471142010897587e+00
-2.102690702589880445e+00 7.257326022881038341e+00
-3.555571943855269978e+00 4.908035914147849788e+00
-2.808918157754114908e+00 5.282301136414048415e+00
-1.576663666499853234e+00 -6.616618973939235815e+00
-7.593202637085315843e+00 8.461875351617875296e+00
-8.557839831504420403e+00 -7.929675945717404861e-01
-7.918824948799878527e-01 -8.674512294558548220e+00
-2.326998256636873652e+00 5.224218343310910839e+00
1.097550317659263142e+00 -2.821778680067513534e+00
4.446686710814556243e+00 -1.801029320436590142e+00
4.639716423977025883e+00 -8.175263172166346237e+00
-2.673929616665019271e+00 -7.043409959642558782e+00
-2.110933074193099834e-01 2.378250874896596923e+00
-1.358282327756834107e+00 3.686141214284944567e+00
-2.867276409111930935e+00 3.254602862674939701e+00
-7.207129908008067076e+00 -3.664033331972567531e+00
-7.641241461256469414e+00 -6.158404986262192793e+00
1.616922064476343790e+00 -2.701699097775131619e+00
-5.069574584662719374e+00 3.055018971207950518e+00
-4.558401229750830730e+00 6.054251338592030685e+00
-6.951605884902671839e+00 7.410698278825611496e+00
-2.945477815696921020e+00 -5.768361117531981996e+00
-8.090745468417208652e-01 3.515689376668019950e+00
7.731412425997964633e+00 -7.571234615259313294e+00
6.055093973602888369e+00 -6.713001347981463418e+00
-2.777412915050955888e+00 5.030248985983401866e+00
2.812403755279758055e+00 -9.636583276642875617e+00
8.202240019813769933e+00 9.330103134018912225e-01
3.137168116414950525e+00 -1.068001656151357537e+01
-4.003754942373900505e+00 2.860124317582754205e+00
5.131508767899177315e+00 -6.391587200160258053e-01
5.599342554413808237e+00 -3.852035367059076343e+00
1.905977510989346424e+00 -8.203876965830977142e+00
3.550840583637036918e+00 -4.890193273995036005e-02
-3.678259919580062487e-02 -9.488016864504036363e+00
-5.670175754381332034e+00 3.722168273805427141e+00
2.321643067437066943e+00 -5.682460578993168809e+00
-5.336057814157646462e+00 4.192870082055722314e+00
4.373867148275540906e+00 -3.107898144111720384e+00
-9.583639506688217402e-01 -4.084678659036540260e+00
-3.760174903270780522e+00 4.852445025203392603e+00
2.740533889981214166e+00 -7.965854439989914049e+00
-3.113489390075828922e+00 -3.349436701543397898e+00
-3.638415359539630689e+00 -4.478949287061642082e+00
7.188541226339172141e+00 -6.363194770898555674e+00
4.729074309553627842e+00 -3.231433150806890531e+00
2.815643849931526610e+00 -1.060403238942400073e+01
-1.905595913962771615e+00 4.907958696424207012e+00
-5.543436238511588066e+00 5.652550176732100695e+00
2.480237431610448517e+00 -8.961479290976880563e+00
-5.910839848102368954e+00 7.874669044277954555e+00
-7.073349923122042249e+00 -3.637134130562908574e+00
5.560617481253461669e+00 -2.944522175803974129e-01
-5.618303778003161497e+00 5.192686774274641870e-01
-5.108172079613963135e+00 -4.198577150777643929e+00
-1.961134015957852528e+00 7.580257609673004993e+00
-6.294107961226995229e+00 4.408699467193230248e+00
-3.806212112945537740e+00 -6.432061730947992828e+00
4.096084374918340210e+00 -1.230304959875942927e+01
-4.925087376799710981e+00 6.738473108895353114e+00
4.459779649463531115e+00 -5.705020702321380810e+00
6.060827240768629665e+00 -7.002094956839931328e+00
4.030516368093582713e+00 -8.306175417618126389e+00
6.361084346765135678e+00 -5.740115087596604493e-01
-9.397633803592602142e-01 -6.656021529252429403e-01
6.324027228199895490e+00 1.761280693060079283e+00
-6.205549602760648042e+00 9.303182701048799075e+00
-3.467163349048298038e+00 4.436213949790925426e+00
6.235337591745398811e+00 8.999299195210226365e-01
-3.356628962119180493e+00 6.541474989685195141e+00
-5.471068273620081968e+00 -6.257382138493085222e+00
-1.937640602168944959e+00 5.411277460126987293e+00
-6.061284001095497587e+00 -1.548263836934352433e+00
3.373254877851868727e+00 -4.578365982593750161e+00
2.883038762472315941e+00 -6.917065590507193384e+00
3.865879847109265022e+00 -9.508829438299841286e+00
3.926616841468722363e+00 -9.276571692673661218e+00
2.356500368926342848e+00 -8.808814914866106349e+00
-3.773777780105932234e+00 -2.341679620267506756e+00
-3.613036083061048398e+00 6.768357981560631842e+00
3.902340880376787613e+00 -8.122305977343446060e+00
6.801118605587268107e+00 3.038460052251486410e+00
2.195719922881572472e+00 -8.727674237868937368e+00
8.403170810479119623e+00 -6.108598568690477570e+00
6.424937928568413836e-01 -3.913849758160451220e+00
4.530220318034504423e+00 -1.309055993710771126e+01
3.933301953166693288e+00 -9.397591757144349245e+00
8.032059254742154319e-01 -7.795679621327760600e+00
4.949560707147969474e+00 -8.393277410295198138e+00
-4.257223785255639825e+00 6.791148248244001095e+00
-3.200883800410143198e+00 3.512907299791124593e+00
-2.830872583421821798e+00 -5.930849519481183663e+00
-6.652436155670057971e+00 -2.896799166341422982e+00
-8.537374852537000791e-01 -2.754648885405719838e+00
-2.226436472735598304e+00 -4.787050131010317955e+00
5.199635371995066535e+00 1.975148093386798642e+00
-2.546203884798156736e+00 -2.559381714525471807e+00
1.798203964109348352e-01 -3.493958449893774798e+00
-6.475655765881988657e+00 1.027489422324424950e+01
2.015903183105106855e+00 -3.436522620856718113e+00
8.273814580546702047e+00 -5.837424764797560783e+00
-7.098568452579024246e+00 8.869645493265831959e+00
-7.630819738411732445e+00 -1.369635903710708646e+00
-7.252210631577328925e+00 9.886030828940977955e+00
6.574213413713591692e+00 -9.745193320910370272e-01
-3.385219511458343877e+00 5.155499140059625063e+00
1.921184500914843607e+00 -8.448661230919540799e+00
1.293408217758327261e+00 -1.000251267131137034e+01
-9.269652358793262437e+00 -1.954113271596004564e+00
-3.984456400064661175e+00 4.179380488321895903e+00
-6.955736747346382032e+00 -2.887517514927413043e+00
-2.480250346529069283e-01 -6.216635420338687545e+00
5.276265137248302928e+00 -6.547290794230802291e-01
4.963927558747837310e+00 -5.909590165607187195e+00
4.091819479740920862e+00 -1.060592511146062833e+01
-5.395761314531996256e+00 -6.005379561358799023e+00
3.091153416016021449e+00 -4.867448846645398675e+00
2.011926870590364125e+00 -7.492199428808262951e+00
-5.779876314203651333e+00 3.884516919327916096e+00
-9.171156742756373603e+00 -2.753809045166992320e+00
6.497945005768682059e+00 -1.399574118282417956e+00
-5.602868601923118419e+00 -4.762997902974213993e+00
-6.371151761857144713e+00 -2.452426821384634525e+00
4.379314860366742224e+00 -9.203092010663429523e-01
6.958898723891794980e+00 1.107616484000388146e+00
-5.601166318499318564e+00 5.011785308864786792e+00
4.762340487965852631e-01 -1.071719165493818160e+01
-6.901489170062113487e+00 6.842282211062151731e+00
3.586065505766581119e+00 -3.987939319539765659e+00
5.853674092508548199e+00 -6.306923500919021208e+00
3.709437791906786686e+00 -9.607001295239399496e+00
8.429621388385129421e+00 4.396303051036812848e-01
-6.028685123326503081e+00 -4.966173372348901438e+00
-3.554908459896014339e+00 6.085859565262003557e+00
-5.314985271284617951e+00 -2.547598203792111882e+00
-2.363912017289282907e+00 -3.608990066846069045e+00
-7.753881341158639362e-01 -3.731410269750458308e+00
-5.749317694097627829e+00 -3.028187958390802237e+00
6.799271875372904228e-01 -4.177661763306711684e+00
5.582560420852701100e+00 -1.609247381129214949e+00
8.293391450772768181e+00 -5.785898596686315898e+00
-2.136972388052319261e+00 -6.866377431233759765e+00
-6.440001890576531274e+00 7.604470488543313422e+00
-7.818104121832958775e+00 -3.321419025872943909e+00
7.531332769760174628e+00 1.108175444962737455e+00
3.895656587572441598e+00 -9.171678541640352122e+00
5.630826343038106252e+00 -7.010331833002794610e+00
3.953622804110881184e+00 5.380797909022032588e-01
7.127918173533659640e+00 -5.360893311698879948e-01
-6.272625488043501285e+00 9.906012523798908731e+00
3.261556126112080900e+00 1.534449508707979248e+00
