5.919104811538969280e+00 1.335509487156920416e+00
-3.867007964969316092e+00 5.942341518679159940e+00
-3.342963949977630911e+00 -5.203540710423251170e+00
5.681571228098836635e+00 2.744019530312136190e-02
-2.711287268125622596e+00 4.992965552460954193e+00
-2.305173968627833858e+00 -6.087971455346154137e+00
8.311100258017225073e+00 -7.407748502444321481e+00
4.964047218143174511e+00 -3.355748581304689893e+00
3.365510742522709986e+00 -2.828313838445866146e-01
3.971820495604365231e+00 -5.704400029420688689e+00
5.071009406365234007e+00 -6.745953234728203185e+00
2.269613286497330407e+00 -8.262597069067135536e+00
-7.453616647958770436e+00 -4.526250139126549499e+00
-5.751440224872133911e+00 -1.331641144065060400e+00
4.344294049175109862e+00 -3.824903215968901815e+00
-6.110579540485558070e+00 -4.767261498506650597e+00
-1.263700718809861678e+00 -5.126288032905444325e+00
3.220126392688090089e+00 -1.045060559649176568e+01
6.140324299453398638e+00 8.116973142783336925e-01
-3.087546596484317618e+00 -6.962828440322329726e+00
-1.042129717547954471e+01 -6.557806268624715162e-01
6.765159445569414842e+00 1.988165457349176934e+00
-4.914669619928181632e+00 -4.020419739652651536e+00
-6.815991517875533923e+00 -4.061775702659683240e+00
-4.282704615581529595e+00 -6.656968842630383243e+00
1.635958639222971911e-01 -9.436129933426633087e+00
-2.778875319668399069e-01 5.407603020580926234e+00
-5.605148831759785288e+00 -4.043173283372482274e+00
1.788063412497607141e+00 -9.327252047231933574e+00
4.028140792577429963e+00 -1.210963916977489951e+00
-1.010112181823334510e+00 5.837708632148799204e+00
-3.487200603968985124e+00 -2.572564561384877990e+00
2.639987696644662041e+00 -1.023114733751359040e+01
1.476754770721960375e+00 -9.142420884146620352e+00
7.165603465662198523e+00 1.561212381131588778e+00
-7.324313876215422070e+00 -6.039905151064901556e-01
-5.642498898294173948e+00 8.774600282749908331e+00
4.520666253896491682e+00 -6.991298782556008007e+00
-1.872828530294309513e+00 -4.524232734925615063e+00
-5.628413355503741222e+00 -1.854117129994446334e+00
-8.418109717936566483e+00 -2.291479397252285111e-01
5.771929236967913823e+00 -8.204558508298891439e+00
-7.632498724625431663e+00 -2.789009787700977849e+00
-4.356487558370140789e+00 -6.056015546345566491e+00
-4.303419224848525459e+00 -4.143013061838954236e+00
-7.915934886201275056e+00 -2.053946627963187943e+00
7.221513621646750813e+00 8.632483876133534295e-02
-1.513679800175022017e+00 -4.684585268731485286e+00
-3.057494803992997223e+00 6.974996971138244461e+00
-1.695327269869312925e+00 -4.213003939205981929e+00
4.144578508711267872e+00 -9.037666512796743490e+00
5.302094380277726060e+00 -1.016804865759018028e+01
4.102130721673659330e+00 1.154932650753532464e+00
4.980658016279090106e+00 -7.412960746116088018e+00
-7.808628310728494171e+00 8.827487477827082429e+00
7.660558299236895685e+00 -7.428042447295099215e+00
-1.325141992559164539e+00 3.727753677788559372e+00
-1.081206802412017165e+00 -4.518889401549396112e+00
3.126358342400495927e-01 -2.104270358327024582e+00
-5.906929109189030136e+00 7.751150702103555723e+00
5.905021866690348453e+00 -7.995784275435795507e+00
5.430084513388833578e+00 -4.279992630807923248e+00
-2.472943473743466125e+00 6.809411142723457822e+00
5.542524827269269316e+00 -2.793904585512252403e-02
2.097980753017037459e-01 -3.787774306214303000e+00
-2.051371634523201148e+00 1.226140415478422785e+00
3.378100235881251301e+00 -3.314708186114097455e+00
-3.023552315974881388e+00 6.957294543553998345e+00
7.484140558828682011e+00 -7.784023498117483619e+00
4.468032918696600575e-01 -5.749709477078332576e+00
-3.707025781485807414e+00 -4.713594582672042677e+00
-6.790492246078099647e+00 -5.275734190027643322e+00
6.771517956472585809e+00 -6.586199416831896691e+00
-4.974447016668402277e+00 3.933226847831226447e+00
-2.078820863314860823e-01 6.233446452831859830e+00
5.005538048523765937e+00 -1.066075730499088436e+01
8.906404352429557747e+00 3.800103958699889706e-01
4.076700997191331055e+00 -4.516653776388876551e+00
1.668488822752965284e+00 -9.767551140618397909e+00
-6.648143350514915895e+00 8.675636536468250171e+00
-3.912972538456837235e+00 3.001939547207417291e+00
4.752178276381124000e+00 -3.627129601203461728e+00
7.486022695764239288e+00 -6.284975601259205291e+00
-2.524819088613335261e+00 7.786464560700737891e+00
1.620787979344865626e+00 -8.753997060566740984e+00
-5.742365632531964970e+00 -3.683040189004497478e+00
-8.798610797178877618e+00 8.967137004489526220e+00
-7.304961766973692150e+00 8.139337428417995568e+00
7.568160522827874104e+00 -7.102164382714014401e+00
-9.712126707952750682e-01 -5.591876187340777626e+00
6.194250601097134101e+00 -9.068859278848513839e+00
8.214402381759153826e+00 -9.249369114002488956e+00
4.186040236483027144e+00 -7.982729504966510348e+00
2.909067659443215437e+00 -6.579608846688084212e-01
-6.565284884269885879e+00 5.414214337605581129e+00
-4.807723996186357596e+00 -1.228625546370339716e+00
7.376500795156904822e+00 -6.292728985533119435e+00
1.621499578216722748e+00 -9.177935076824626393e+00
-2.369088840224588211e+00 8.342283273985019676e+00
6.363713327702082978e-01 -5.439339256435256509e+00
7.584415541819987894e+00 -5.492285872996558460e+00
-2.665151035309916150e+00 -4.035707670201524877e+00
-1.919777999875689867e+00 -4.843303026956798263e+00
-4.895287378443574866e+00 7.316381217693822769e+00
-1.445468203441273136e+00 2.675200362107156504e+00
-4.486777752830374055e+00 -3.275609283887538137e+00
-1.085270919339649032e+00 3.729933181361978711e+00
-2.076384053456847845e+00 -4.663961950234211784e+00
-3.241956740947883997e+00 -4.263054428266253026e+00
4.411196588574601840e+00 -5.816042483730044843e+00
-8.767631882375575003e+00 -1.417236845736264739e+00
-7.268817919424224172e+00 8.039834763445741217e+00
3.513904069312637546e+00 -2.066329800892789503e+00
-7.596333341776097647e+00 -1.136945329172466490e+00
6.918463515858225499e+00 -5.561134028686785413e+00
-3.266390546212209145e+00 5.185364670546290355e+00
-7.781008402547802127e+00 -4.241387889272716372e-01
5.061523332628643956e+00 -4.614718363921246791e+00
-6.842134827962856214e+00 3.810991181520940518e+00
2.165192773918412694e+00 -1.053556183636578680e+01
-2.826682304681570557e+00 -5.068655265343690708e+00
-7.136220727989952550e+00 8.122520914995101649e-02
3.092922801139420752e+00 -1.022308903348365838e+01
-8.862782126520535542e+00 -4.911104453966434136e+00
-9.411117461736853151e-01 -5.918017745356801917e+00
5.257815552606976972e+00 -2.097506240573687730e-01
5.952879854680251270e+00 -1.536681420980987034e-01
5.510569384615179089e+00 -3.072180328997871968e+00
3.676165844334652988e+00 -4.469891334893903334e+00
-6.889778006057276194e+00 1.121369047181603129e+01
5.203355504026896838e+00 1.606096085214549607e+00
-3.213378007063999675e+00 -3.878538126989211410e+00
3.925714862527962534e+00 -6.333914228390485235e+00
-9.617104530893145764e+00 8.751276494215356472e-01
-2.645332041235579190e+00 7.650833800230477877e+00
-3.157615839132692059e+00 5.901254521012443632e+00
-1.724849243468795645e+00 -6.006981279515422933e+00
3.394959792984151292e+00 -8.256958680427649355e+00
1.337407929420889374e+00 -7.247937643273614228e+00
-2.187272430789291011e+00 -6.616673396422307896e+00
-8.982400260654355151e+00 -5.550316632573017994e-01
7.638986679924359535e+00 2.929575123492679900e+00
1.772304986132831273e+00 -2.119778839058786613e+00
1.826711825889093754e+00 -6.730428578505052606e+00
8.004599562073938301e+00 4.522432362276977980e-01
-9.582299896020098906e-01 -2.828796661098698095e+00
4.558649107100635867e+00 -9.215804385058081749e+00
3.668023381067255784e+00 -8.927341187735112982e+00
-6.789978237614769263e+00 8.900815292623786235e+00
-6.141388012475072600e+00 3.499701969850121497e+00
-2.167941782823728403e+00 4.724093751152920184e+00
-7.226369688395341662e+00 -2.005862710659275905e+00
-2.550389538497617181e-01 -3.163569466809085462e+00
5.762530864372710226e-01 -3.631998098357148486e+00
-3.866096825189586639e-01 3.334206696180272100e+00
-5.476558935844709985e+00 -5.398088980157893069e+00
3.957427443055763661e+00 -9.980555437689423215e+00
-2.746807043184271713e+00 6.771710839467074194e+00
-4.372704253348565828e+00 -2.266982853313903146e+00
7.997952935348264347e+00 -5.597151535509919285e+00
-2.892522027631663217e+00 -2.548970377580014990e+00
1.907026182107745438e+00 -3.405275264546129499e+00
-3.731695058756747674e-01 3.185067494182023395e+00
-6.526367341570893821e+00 -4.389185835411072212e+00
-2.806218685817437386e+00 4.616188996274372514e+00
3.953433034689080472e+00 -5.077429505766485995e+00
-7.365636941578816987e+00 9.614168819705426472e+00
-1.254515712758581092e+00 4.487935369751244963e+00
-4.608039287525027561e+00 4.318457251008941178e+00
1.942399106504058670e+00 -3.441891793435090552e+00
2.364821212618429591e+00 -6.771932467195663108e+00
-6.404584575816643088e+00 8.798599905557743739e+00
4.268553491418312085e+00 -9.197305149037136474e+00
5.795122293217138676e+00 -8.111316071441812880e+00
-2.972712816764565780e+00 3.181149572920592306e+00
3.739172383383696729e+00 3.081794611666757611e+00
-6.492516420386493792e+00 -2.126374561003797403e+00
-5.417002807805523013e+00 -5.614943467781445818e+00
-7.208835229241958409e+00 1.070788938221455489e+01
-5.647218072943173794e+00 -1.539862941047958289e+00
5.041128192958178822e+00 -5.701017346303602906e+00
4.631925875596760278e+00 -3.758727173304368563e+00
-4.546175679849570272e+00 5.803867616511922733e+00
-5.596942925985107564e+00 -6.049225909447384808e+00
-2.880583328781507024e+00 8.118310869918950345e+00
7.978848112512496371e+00 2.275203450738561006e+00
1.810031311676604249e-01 -3.361910910296391553e+00
-7.907749300822873195e+00 -1.118976545537295308e+00
5.777629779369809704e+00 -8.387450803132677990e+00
-3.363143910843001017e+00 2.516033033440015387e+00
5.093719714376475416e+00 4.810312146364899011e-01
-3.046875215528412895e+00 -2.733818904229032398e+00
-3.008537355420258574e+00 5.540465919413728457e+00
7.804949470985992122e+00 -8.060680794334576404e+00
1.154107873077697910e+00 -9.462499160922902774e+00
6.073441782154612945e+00 -6.065647037574765754e+00
-6.460086964473530813e+00 -5.608144543437704854e+00
2.535175254580442683e+00 -9.546331930598654480e+00
-2.447512178456864085e+00 5.261110648358317654e+00
-1.955355569621950673e+00 6.597345223594081709e+00
3.288389402755455215e+00 -6.482513145646775499e+00
-2.794954358312073506e+00 3.581484449333481201e+00
-1.417787838468726358e+00 3.833056254749782177e+00
-6.163937182251094882e+00 9.268592630928370824e+00
3.808184049121308590e+00 -9.075197826011414115e-01
6.396663632351994977e+00 7.143564694983004504e-01
-3.488155135044804567e+00 5.384613448191641893e+00
4.789031165015241065e+00 -1.699705396427670379e-01
6.092619868241476944e+00 -4.027512409781371261e+00
1.467538865894118860e+00 -9.567522258599561624e+00
4.415238986019089040e+00 -6.305730749026475790e-01
-7.639805249703205625e+00 2.097435429736060897e-02
-4.657408584406568686e+00 5.538395280779853991e+00
3.609869713625381227e+00 -7.709755806780898446e+00
-9.388551916819654508e+00 4.534983569513899582e+00
5.104380247150475114e-01 -5.081898337646813424e+00
-2.953018066322387725e+00 -4.194881430048832627e+00
-8.386376735095648627e+00 9.587362627504610657e+00
-2.954772431995938753e+00 4.897473742350475945e+00
-3.185591925026474147e+00 -5.451047776375387954e+00
4.669491894966484868e-01 -3.510188546752725181e+00
4.442888256410556735e+00 -8.397605857403380725e+00
-3.851519219346037914e+00 5.398142311676341620e+00
6.843664573222165259e+00 2.636927261488096086e+00
1.747552311766266353e+00 -7.930066222569570833e+00
-3.829101786020223663e+00 -3.250501297323967975e+00
2.557612069584326520e+00 -9.828528907742656529e+00
-1.398899698394355129e+00 -4.876675132127440193e+00
6.319227742975998652e+00 2.283607489211241237e+00
8.501913268527243162e+00 -2.956103480477620948e-01
5.611233848295843707e+00 -7.202825314699727421e+00
-3.607926338484469309e+00 -3.052604640124088942e+00
-1.214135005941597623e+00 -3.853919272952082142e+00
5.644481960867426373e+00 -6.341124497715286523e+00
6.194903894545446654e+00 -8.445703276607742893e+00
4.081825027772188363e+00 -5.880768127338280582e-01
2.436525593909729892e+00 -9.106437254763800837e+00
1.650009410997266723e+00 -8.327176030400391227e+00
-4.650928525172529859e+00 -5.529528298944425657e+00
4.700362916264220203e-01 3.831891662045702418e+00
6.894023817733774706e+00 5.417948189171373219e-02
-8.526820298907212603e+00 -1.437453620053932291e-01
8.301606098017542124e+00 -8.782636178057433796e+00
7.759925480095812844e+00 1.440568524963279584e+00
-3.480247894616724569e+00 6.983191840047226151e+00
-3.270889744681781508e+00 -4.328620380260681522e+00
7.059491279444706890e+00 1.130173380016018303e+00
5.158617201584222656e+00 3.747882565477058225e+00
-3.771137346567254411e+00 3.440151016700855546e+00
1.669059627986028360e+00 -4.600312800367817090e+00
-6.616080879118085178e+00 9.144799417714361667e+00
-2.496831801173853282e+00 -3.300491379513780466e+00
-3.510455122331761491e+00 7.092123979082238350e+00
-6.665792529906940267e+00 8.622488584057181882e+00
-7.303476307514470633e+00 8.879300674824190054e+00
3.121000841483506427e+00 -5.750570816887332626e+00
5.659397216911143502e+00 1.108186705089270863e+00
-7.221595513247422993e+00 -4.578035372553885374e+00
-1.161888391770659945e+00 4.021925297346601091e+00
4.880093603426936433e+00 -8.703049685614567821e-01
4.991307051185107646e+00 -6.513956331228466290e+00
-5.155946286212744312e+00 -4.864885550070644271e+00
-3.960477769193070152e+00 3.355001667585872038e+00
4.122709485181016653e+00 -1.578967530081676784e+00
-2.961191153113395647e+00 -4.145045927276779452e+00
4.431069405927434701e+00 -5.988623394215577100e+00
5.061859578859461806e+00 -6.101706584913548781e-01
-4.612424990590611174e-01 -3.861969211154067771e+00
3.636173639329848051e+00 -9.654014803062189287e+00
5.508130592070315856e+00 -6.238575117279097526e+00
3.727183975624194900e+00 -5.428867729433563660e+00
-4.917124589552569702e+00 -1.577335829193427630e+00
5.639340014523869238e-01 -1.892818686064834832e+00
-5.122781652475264735e+00 8.447430771117629078e+00
-4.364328595986991743e+00 3.638465535837136500e+00
5.176249318623244555e+00 -9.483994352611699874e-01
-1.999471742963523813e+00 -2.796976962685142620e+00
-3.690709026947278204e+00 -3.875063190003681601e+00
2.726510382928299947e+00 -2.245898490060425523e+00
-4.408711607734788984e+00 -6.213842089686652415e+00
-6.488548306644863928e+00 -6.736232604971403859e+00
-7.333540928531062875e+00 8.789957975812939139e+00
3.496290586485961138e-01 -4.787374866602834622e+00
2.814223348808634118e+00 -9.977000913508300428e+00
3.505625218995529924e+00 -6.969365244749456068e+00
6.607623772825606423e+00 -7.288609584331917191e+00
-1.932055099408219512e+00 -6.559728860390154459e+00
2.301337750085896250e+00 -9.157332537020966612e+00
-2.990927658998205896e-01 -4.791251668082344040e+00
3.305802088006574380e+00 -9.042995139839250740e+00
-7.778359567928358587e+00 -7.616005988899678947e-01
-2.812305017686925535e+00 -5.150578755763324246e+00
1.042419896108554589e+01 1.438405297040034059e+00
6.756298803458211211e+00 -5.353522148098805111e+00
7.309432798133357778e+00 2.687976974223427185e+00
-3.603120152114994923e+00 3.463763889852109479e+00
-3.926946261190981780e+00 1.656010414571990719e+00
-2.230338105346918454e+00 5.472026243115368338e+00
-2.384294820953292593e+00 4.470419996506247884e+00
-4.567191994194512716e+00 -4.236320877635594506e+00
-7.127493519630419883e+00 2.518665656863921853e+00
-2.321714975131709213e+00 5.849444542780715572e+00
-3.084930823750504647e+00 -3.333143341188578468e+00
5.240026084267299211e+00 -1.107956729698691856e+00
5.699520520395864764e+00 -1.012360297415290944e+01
-5.507977260607446190e+00 -5.579609127143969616e+00
3.327877795679226036e+00 -9.533926544532619118e+00
8.667428062744528816e-01 -8.421012250469429361e+00
-3.373305229465094701e+00 5.532715811702678010e+00
-7.095692083740730016e-01 -4.813778893810736648e+00
-3.300357328734454754e+00 5.782407311963994268e+00
7.429501841817218732e+00 -6.995744011309247057e+00
-7.292295824589509756e-01 -6.069353367836316515e+00
-6.973354217344446049e+00 9.279828303927541100e+00
4.881853425567744154e+00 -5.457250342742184124e+00
-4.723725014805665978e+00 3.694741562709419558e+00
-7.786310973786440215e+00 -3.760138689798557809e-01
-7.487919569555302246e+00 -1.507290949007214609e+00
-3.277165250039618449e+00 6.659484665344704624e+00
-2.825248240962645596e-01 -9.736499506112027191e+00
-3.578606609941442862e+00 5.908692786786729378e+00
-1.710624711729938907e+00 5.521440095964114114e+00
-2.645309662928434946e+00 5.551522200164811238e+00
2.093046489749106343e-02 -3.290724899371872958e+00
5.580301505135038198e+00 -5.963576271553868047e+00
2.443456856703694058e+00 -7.628796940552002859e+00
3.520187426133719821e+00 -9.102252312737954654e+00
6.398041205706897827e+00 -7.708534675612179754e-01
-4.036730785815104916e+00 5.515563841908181608e+00
5.525438261256723216e+00 -7.513583186351240784e+00
5.226588667786675302e+00 -5.849207800469782725e+00
1.485500227842235565e+00 -8.508976944541640108e+00
-6.804904371377540340e-01 -5.390482344733427134e+00
-4.863927562139521044e+00 -5.791789245171152345e+00
1.211728308192225878e-01 -9.183435464448290730e+00
1.876617359965765175e+00 -9.052191453846777591e+00
5.624769891261865773e+00 -1.792813333750139071e+00
2.005066139953354920e+00 -8.763001423442929649e+00
-6.785595018441035187e+00 9.469429577273464460e+00
7.223790809880966002e+00 -6.608380676289487887e+00
-4.771629383871033525e+00 5.847029192939293019e+00
-4.708272169908489957e+00 4.561137209578308926e+00
-2.948373109110991930e+00 5.112079835542243877e+00
-5.417821804313287970e+00 -5.540687295362031861e+00
4.909061462253228925e+00 -2.985714565495432460e+00
-7.266527810754743300e+00 1.032244510293561035e+01
-4.857874361479622927e+00 2.875965626527916985e+00
-5.155329257857817815e+00 6.474848946800873861e+00
-6.138709464497719814e+00 1.324184556688624781e+00
-5.930506283011744095e+00 -4.884562140762652049e+00
-2.443018287883225614e+00 -6.048189641548090023e+00
-1.724515206391493694e-01 -3.877692435913800750e+00
-5.968003422832141247e+00 -7.474955227785852863e+00
2.909616354210932343e+00 -9.708675705378190912e+00
-7.349383083874911016e+00 -1.523586753182773812e+00
1.110050717246760410e+00 -8.349766622147367201e+00
5.012682130069562980e+00 -9.117607340558295803e+00
-4.148778623422743728e+00 -6.377910017461449144e+00
-8.532847637304514787e-01 -3.462112795130514620e+00
-1.813354040090087382e+00 1.780577954127681828e+00
-3.106275762763661241e+00 -3.214581887739896615e+00
2.140183855104138999e+00 -9.328696569598669441e+00
2.188018609102148737e+00 -1.053194799656332847e+01
7.013626006671582758e+00 1.658189420798730884e+00
-4.521825133198676738e+00 3.836293691997753275e+00
-5.900579309714091281e+00 4.824382912470703388e+00
5.536151401630283075e+00 -1.498162820514940652e+00
-3.295912314122048326e+00 -5.419827244526910448e+00
2.198904324275126498e+00 -9.104406732949705372e+00
-5.237277157438198216e-01 -4.241220465881436752e+00
-1.274390550032436620e+00 5.138000779507938987e+00
-1.110742383381419174e+00 7.167709544449330394e+00
4.861850812513798914e+00 -2.698892597465615495e+00
1.158077246818062012e+00 -6.930233517606688487e+00
-3.499954049347035578e+00 5.183554493431914878e+00
-9.720847564962076248e-01 5.639338752077105887e+00
5.009112566108997910e+00 -3.607886500800347451e-01
7.227429941796597035e+00 -7.809218736074925005e+00
-3.560369805340394933e+00 5.630990160236835962e+00
-2.527221361692322255e+00 -3.649352378977027911e+00
-1.793933437629980698e+00 6.455317293588313632e+00
6.945342811543889106e+00 3.448047142943375665e+00
-7.707242117437909101e+00 -1.012921639849822864e+00
1.727677257667419974e+00 -5.790705697367803495e+00
-2.307376595504476935e+00 2.728818770401749028e+00
2.199134632941451617e+00 -9.662609003540673314e+00
-7.533005703496019834e+00 8.671163269094853021e+00
2.334043973066701749e+00 -4.988987895583688825e+00
-2.174038789705980967e+00 5.794263519570940879e+00
2.565341295902839658e+00 -5.440027284714319400e-01
8.207792770352702050e+00 2.037804901027294946e+00
4.272321003452077548e+00 -9.682613624080277148e+00
-2.704189655805567583e+00 -2.307436397306593001e+00
2.758166533385272068e+00 -5.962586487005545166e+00
9.663700050890128290e-02 -3.835824425306851637e+00
-3.251307275205904901e+00 -4.697356995637091970e+00
-1.945966678376504833e+00 4.100034302174978329e+00
-4.019919449313056781e+00 8.092202000285098507e+00
1.961209630377510837e+00 -8.171419889502764988e+00
-1.252596587877996992e+00 -1.910339107773836975e+00
5.414861911891351021e+00 -9.023987604736163348e-01
6.968150685892437579e+00 2.625852286358007603e+00
-7.926173628102876734e+00 -4.712408094456519869e+00
6.064574672715549397e+00 -1.573003206564386192e+00
-4.005136181197883616e-01 3.290743395092579515e+00
-4.671950995882317770e+00 -3.158042628688653153e+00
-2.684916925249388964e+00 -4.614324223557142446e+00
-2.028992613406584766e+00 5.368696049869667419e+00
-9.481643124160004987e+00 -4.260186741811440303e-01
-4.255533215763242616e+00 4.819603197506682868e+00
5.818142359965629673e+00 -5.683326652016569724e+00
7.764852335366197345e+00 1.329428755880924129e+00
-3.898940638928415137e+00 -6.253070608359555749e+00
5.765812007825500629e+00 1.912984778095926153e+00
5.061044596213384317e+00 -2.445451539382617945e+00
5.894030896597162617e+00 -7.102556007859512022e+00
3.815819966977836319e+00 -1.079617156338757589e+01
-4.866968800695085307e+00 -5.804472132015213504e+00
1.297509358760150278e+00 -3.192755999404287337e+00
-6.193382687441047807e+00 -3.474604906244712854e+00
2.016606456059863106e+00 5.446269486685750838e-02
4.324178715733594025e+00 -4.018935818223012824e+00
3.707542995620834780e+00 8.849520497058600554e-01
3.221478791610775438e+00 -3.267785520563341040e-01
-6.583348961556139578e+00 -4.503343447028040458e+00
3.776681521865671520e+00 -5.242040571036381991e+00
-2.418650369019808011e+00 -5.463619150433949301e+00
-1.855310168341044008e+00 -1.299919384333607653e+00
5.175947106412055021e+00 -7.393217853805423623e+00
2.363405022152164747e+00 -1.139829038092084446e+01
-4.248572230645426551e-01 -3.342188622835728040e+00
7.748131212312037164e+00 -5.038178453632389697e+00
8.949895796222072875e+00 2.062419530153409397e+00
-5.827123114784715341e+00 9.847711482221939150e+00
5.130077155628255170e+00 -6.044572231292833386e+00
-1.959484563047819927e+00 6.807337154366288168e+00
1.728622640557744949e+00 -2.358268251825005102e+00
-3.470544448207811605e+00 3.526488239392087998e+00
7.175678937714238259e+00 1.018312449684577903e+00
4.591079634548760779e+00 -6.271629055964183408e+00
-1.316159633165685960e+00 -2.970722695485600084e+00
-2.349788577920323362e+00 -3.892686764613647821e+00
-1.553805921345889463e+00 2.492972513351717545e+00
-3.750587089025835930e+00 -5.406299457812487219e+00
4.068248185772329606e+00 1.798307867682791272e+00
4.687495333128246955e+00 -8.767097208722995916e-01
6.642918353380505181e+00 -6.581695979746203129e+00
3.318607373965839269e+00 -9.684612075293726363e+00
3.519208786072884010e+00 -6.661388795736520763e+00
3.517371262569349177e+00 -9.300337701980955885e+00
-3.928669957708597948e+00 -9.057569626109551741e-01
-4.979417332962592369e+00 3.555760667907337247e+00
-7.319836003425117532e+00 -1.747565857371386810e+00
5.570919634704824652e+00 -3.571884892449320059e+00
-5.667008403293589680e+00 4.125835377523810799e+00
-2.534876822930935969e+00 -5.331491389978024742e+00
-4.000264340593673751e+00 4.340940684266096916e+00
3.036547630108449525e+00 -6.585408326680172841e+00
-1.740103647751191085e-01 -2.954890798526196072e+00
6.516413644376307657e-01 -3.623102395757448413e+00
1.980578122114515782e+00 -3.259442244951152201e+00
-2.996172965103139685e+00 5.594292233375761647e+00
3.060885000222043573e+00 -9.928455471783664166e+00
5.771073760418101273e+00 9.990907020008890083e-01
-8.570592728155078888e+00 -3.405135349653045651e+00
1.387989481789455137e+00 -8.897398399355086696e+00
-2.977986074441959286e+00 -4.059684460710645482e+00
4.901669679356691844e+00 -7.680747903677679567e+00
2.218457041543362429e+00 -9.054448874175996309e+00
-2.409871790854909435e+00 5.726545951170667337e+00
-1.928077697228964382e+00 8.798769640097349409e+00
-1.472599753760091668e+00 -7.473685811111907995e+00
-7.819870418150695279e+00 -2.040920465256832905e+00
-7.558979429502143965e-01 5.023683812723323427e+00
7.020754315852999028e+00 2.829651742360959510e+00
-6.940646088013625814e+00 -1.397589562638123395e+00
2.317942749084323850e+00 -4.572640220857240756e+00
-5.906455255939457416e+00 8.356171933722320588e+00
-2.334080034227611122e+00 5.756578185738124631e+00
-1.506981565691436709e+00 -6.124354005296867243e+00
5.339110057097994577e+00 -5.016647669702439805e-02
-3.573727435619454162e+00 7.053739858386382622e+00
5.412728329975889707e+00 -7.984249678206262191e-02
5.029926745578292113e+00 -4.475867890672718730e+00
4.459248118620425805e-01 -3.656965345444767035e+00
1.529645660424904019e+00 -6.698122961602491543e+00
-4.931562083198740787e+00 4.662578610195025064e+00
1.816184044012197685e+00 -1.039607524852199205e+01
2.813905123449034207e+00 -5.358346422216108351e+00
-8.195174093450166453e+00 -5.392084552761229332e+00
-1.234679729828918271e+00 -3.307539974506036984e+00
-7.205612810525411582e+00 1.022907492655232353e+01
2.839173256146491298e+00 -9.321395888693688736e-01
3.720246958555287087e+00 -1.028742939838481618e+01
1.380371022424742966e+00 -5.654071888208568986e+00
4.369966110095091949e+00 1.720094470542608001e+00
-6.577725359253120629e+00 7.515086252798963251e+00
-7.263219784707553472e+00 -4.412578185626603755e+00
-2.284359654421057151e+00 3.955345291791475759e+00
-1.217140205956801502e-02 -9.817734513366216831e+00
4.242509048887442624e+00 -9.849076411008875098e+00
-2.522677859297102199e+00 -4.257782064125798627e+00
4.758178727573950439e+00 -4.725952207363826929e+00
-5.543394223988041603e+00 3.002624683280572526e+00
7.442610785012149677e+00 -7.785568214027223100e+00
-3.692448109842922044e+00 -4.324709175736239253e+00
-8.447869750740013117e+00 8.740845119124537987e+00
-7.185615656135650120e+00 1.156928734986978746e+01
8.618099702296326825e-01 -6.331209040426366563e+00
-7.288274984519620858e+00 8.936728673536434187e+00
-2.988113076954340919e+00 -4.493381468027509484e+00
1.093125223457432238e+00 -9.339650533831084900e+00
5.190410540533469508e+00 -6.967452935814193005e+00
-3.374719141475443163e+00 2.486740734623090976e+00
-5.862664919000205366e+00 3.231431130138922025e+00
-3.692762062897346098e+00 -5.286166973070478114e+00
-7.514100035154933188e+00 9.578827963872633688e+00
-1.418953126682013455e+00 -2.307540555651308445e+00
-5.622980324828521503e+00 8.195842443724725257e+00
-1.142427102358140267e+00 -4.372241208180038363e+00
2.966949473355490419e+00 -9.298759511891759644e+00
2.486934247064687575e+00 -4.787371620106804393e+00
-1.405902746218258281e+00 -2.703918728640996694e+00
-2.122980760229591368e+00 7.004241352799264853e+00
-5.495544757140616632e+00 -3.684903232230313019e+00
-2.585404083755078020e+00 4.879761152076035557e+00
-5.828817372986904388e+00 3.630508878721774302e-01
-2.915259714293307880e+00 3.386340736515430550e+00
2.338543628472807612e+00 -8.893320482589889053e+00
-2.697633973917087591e+00 2.751203582840497042e+00
3.666122749320350316e+00 -9.475604736657155414e+00
1.408892486777927555e+00 -5.187226663474082677e+00
-2.464190074411927167e+00 -3.348357046494206735e+00
-5.053612428267629575e+00 -1.921035041512042518e+00
4.660978653633403468e+00 -1.018734947206133157e+01
8.049771192489089344e+00 -1.574458282563224731e+00
-2.989333709520329840e+00 -3.659854412871939022e+00
-7.591284806136956220e+00 -6.877912089638298809e+00
-5.432241663755810634e+00 -2.826802246413274489e+00
-1.510831128816253921e+00 5.549705160761705613e+00
5.695766640800489000e+00 1.417149972035109950e+00
3.797158459959534937e+00 -2.645548388874262580e-01
-1.603105964592556942e+00 3.728371261416407290e+00
-5.809222954419757556e+00 5.606303249896275709e+00
-3.878054203415724821e+00 -4.721492657378797198e+00
3.280794842122459087e+00 -5.843176788453892101e+00
-4.597156115293786982e+00 -4.898737488049590638e+00
5.916873601903233748e+00 -6.798375895828658422e+00
3.256212005970460788e-01 -6.262372862933962558e+00
9.995457018505798930e-01 -7.820301224797200135e+00
1.415308910290105082e+00 -1.835850720869198094e+00
-3.530032164817499041e+00 -6.925318346669313563e+00
7.355115547386119168e+00 -5.163181064606457760e+00
-7.060293814853382699e+00 8.316921266555143077e+00
3.854030763884999544e+00 -1.154783517597282594e-01
-9.069811841353569548e+00 -3.683988394235861552e+00
-4.942899938208265453e+00 4.591440086066147508e+00
-2.334246001086635047e+00 6.744555430258074580e+00
-4.798835473624940562e+00 -3.869846699021029846e+00
6.747010277978331416e+00 1.401130653642151724e+00
5.598928012016308742e-01 -4.817227368708407731e+00
-4.657538412003535022e+00 4.877321284642230026e+00
1.541638543190949839e+00 -9.993513556836770562e+00
-5.578514680456108543e+00 4.768337968091368673e+00
1.662876995777088140e+00 -7.870763643949195476e+00
4.631471669223488519e+00 -6.749762563438987950e-02
-2.045924046493674098e+00 -2.168275119324996947e+00
-4.455984255578473441e-01 3.185855084131668402e+00
3.586474674675533159e+00 -4.474703864054000668e+00
2.560050173788085193e+00 -8.118569455927636014e+00
-2.844321234813100840e+00 7.312139209172990206e+00
2.386216453506243340e+00 -8.654500157901068746e+00
-2.011933890316299767e+00 -3.681691612525848534e+00
-6.318800589899629117e+00 -5.316907987689814874e+00
-7.677542271335433988e+00 8.522515925257385661e+00
-4.072479496123238896e+00 -3.113961156263684416e+00
-1.419382371485784278e+00 7.108947973513004115e+00
5.207022537330927570e+00 2.123895331402692044e+00
-2.294229132864275655e+00 3.276433557786085693e+00
4.526995414596495237e+00 -9.221645480193433997e+00
-5.761816426289118276e+00 -2.969777655510070780e+00
-5.183729271605722388e+00 4.845575701080158559e+00
-6.793774595708912400e+00 -1.881062673728582491e+00
3.001184587528404890e+00 -8.243538653396173643e+00
-1.356109595606591833e+00 -3.709949150056988110e+00
6.932973251198970566e+00 -8.752096334240134112e+00
-1.697957657233412299e+00 -4.148749811407705046e+00
8.094578468467917176e+00 -4.669829683739907367e+00
5.910330411012321150e-02 -2.924401490340676535e+00
9.595837955509668449e-01 -8.522233966223495827e+00
3.765567880246698085e+00 -3.726084238187847397e+00
-2.895330801876561555e+00 -6.013397525723026327e+00
-3.378529787128215833e+00 6.464135697626764099e+00
6.804061824343864195e+00 -6.405606765589243246e+00
5.360463268856946684e+00 -4.809053417326496493e+00
-6.875700882659564250e+00 -1.023259603686688557e+00
3.914489120799061084e+00 -9.212364198622271516e+00
-6.793221134651192372e+00 -1.868651394449987180e+00
-6.568529659479329652e-01 6.985035638824594884e+00
-8.581179706939318308e+00 8.809203800881936886e+00
-6.587089941908075730e+00 1.106648144004311618e+01
-7.248379183299251682e-01 -5.743216082173796977e+00
-2.534962750971948786e+00 7.421879083343807082e+00
-3.922080984187774177e+00 -5.083871570021609720e+00
-7.201134507837084087e+00 -4.461308150356944502e+00
-1.147191067137776521e+00 -2.786731734865095511e+00
4.968270990775841001e-01 -3.900614388124654663e+00
-2.736537806322336674e+00 4.707508537611873045e+00
-6.468530778062946851e+00 -2.784583232481897319e+00
-8.118570830196411237e+00 4.439068039555345457e+00
1.956824981791650764e+00 -8.361015446050080513e+00
6.475762370673733948e+00 -8.544740930455718697e+00
1.709744596882471601e+00 -8.339756960437769706e+00
-6.908094155103974288e+00 -3.385933772367955452e+00
4.215511061090100320e+00 -4.813468584950044260e+00
6.519432882693187992e-01 1.662735626089323127e+00
4.625725896185978847e+00 -9.128204257073090133e+00
-1.177858969627539887e+00 -5.338036684335889070e+00
4.384398281590829782e+00 -4.769397403730774698e+00
-8.184216095502684141e+00 3.111078663074710260e+00
-5.165576968226463173e+00 4.511330512781111857e+00
-5.172772497661163982e+00 -1.235942923966574680e+00
6.305734233798270694e+00 -1.083450381126067175e+00
-6.076466570187179173e+00 -1.783934984436236215e+00
-5.492754981459385455e+00 -2.539600345668704851e+00
-4.747430281840907540e+00 -4.384470306522167959e+00
7.727056267574186954e+00 -6.775546508730336370e+00
-5.703636441118129952e+00 4.708216909180903187e+00
7.825516759793611499e+00 2.644024934873556720e+00
-5.606404989199238464e-01 4.377624668570684108e+00
-1.707770672075918927e+00 -6.933508869574081857e+00
4.434609915926782442e+00 -4.326670422127121829e-01
6.705345459660286167e+00 7.612546521370733288e-01
4.846356560158707083e+00 -6.488036049628301605e+00
-3.155146212717527376e+00 5.871973357113085434e+00
-4.703601634280401456e+00 4.964156801614156400e+00
2.643277069394360801e-01 5.432502933921961485e+00
3.968993123225735609e+00 -1.017237093693297290e+01
-4.279222273041206392e+00 2.055497911357704766e+00
3.141488163340982798e+00 -7.555526743561187253e+00
9.079259255268926410e+00 3.356656543547351657e-01
3.961121618583166804e+00 -7.272611037354620223e+00
-8.170971241009853614e+00 -2.535223931159744204e+00
-9.090932229513624563e+00 9.099621589161502655e+00
-2.113996245287429687e+00 6.665837168075195329e+00
-5.977445323467376781e+00 -6.137305841058968703e+00
-8.350210558627193080e+00 -2.840805420302564777e+00
6.355110317303046763e+00 4.923925674443447864e-01
-7.013368165270982502e+00 -1.422249313850728836e+00
3.100104772780987172e+00 -9.375271149275427263e+00
-4.852206148949589348e+00 -4.913896929448196005e+00
-4.952076893407274305e+00 2.611158697454382782e+00
-3.578802553505055162e+00 5.771940270956067209e+00
7.013572624221828811e+00 -8.029341595927368402e+00
2.968534395381496438e+00 -9.753412313358325036e+00
5.596117258995474408e-01 -4.441618644031840368e+00
2.752946619377491189e+00 -8.141485276343178867e+00
3.293907438784032138e+00 -5.459834492808841588e+00
-7.668649115417784934e-01 -4.730730988989803265e+00
1.687688217771776689e+00 -8.834407336315834414e+00
-7.450819687604932184e+00 9.603562120522889600e+00
-3.720526587861570089e+00 5.418713790487857729e+00
7.276275113315149312e+00 -7.031481014096359061e+00
9.074716004353868826e-01 -6.964284051008975851e+00
7.344501985094634477e+00 1.634636760738289007e+00
6.692329141915047686e-01 -2.592454366691669065e+00
-3.149621387266730022e+00 -4.179380392321358606e+00
6.944816946054047868e+00 5.344427514670010426e-01
-7.939050901022315365e+00 9.079687159816904440e+00
5.470946184570040227e-01 -3.463624542833715125e+00
-2.582287719020515127e+00 3.705024162838588708e+00
4.002580287775391987e+00 -1.061420234070765822e+01
-7.846560455461338179e+00 -1.335429298114232610e+00
-6.529968410133720980e+00 -3.172958647207022587e+00
-2.386823793113801884e+00 5.759122196880672284e+00
2.801229404090047392e+00 -8.873556859923711571e+00
-3.472879488207775367e+00 -5.432145084854550277e+00
-2.578231258070741827e+00 -3.897164656933460591e+00
4.799927734713510752e+00 8.266672356283206735e-01
-6.582538992933506528e+00 -2.239496374829227143e+00
-7.125544011292764601e+00 9.131364993421366094e+00
-4.784889702222590024e+00 3.224200862047873262e+00
6.003215768229052784e+00 -6.861805737141559725e+00
5.066621164121838383e+00 -1.912243389654022518e+00
6.469282065544265770e+00 2.528984466580039836e-01
-3.618254972229765443e+00 6.421080156391453464e+00
2.505471991726312186e+00 -1.033221909280315032e+01
-4.702284234656080031e-01 -2.371062702048581272e+00
6.437904082652750937e+00 -2.978490445053401103e-01
-1.586194176063000505e+00 2.531031011035304257e+00
-6.185523562377818863e+00 -3.799656875962784230e+00
4.184256910941617669e+00 -8.913161709560011303e+00
-3.300268290308970620e+00 5.686202309112958098e+00
-6.718459102680382600e+00 5.602992505257507361e+00
-6.279783541710750150e+00 4.229155884127570708e+00
-6.133985107574632778e+00 -2.102334828732323579e+00
-7.012327334316159622e+00 -4.697331420150677062e+00
-2.894500689641473556e+00 -6.693732082572868336e+00
-3.831248161374274375e-01 6.232106179219077724e+00
-1.309647082268129648e+00 -5.076980344287784774e+00
3.892689568151638468e+00 -2.586155231200242266e+00
-7.031017025380593921e+00 6.530422891582776224e+00
2.527602450600762829e+00 -3.223334517208965799e+00
6.678997865781162169e+00 1.227303034681745730e+00
-3.776850053733069146e+00 -4.855301370261472016e+00
1.971604193765874147e+00 -9.071783179752655357e+00
-5.656384367401697588e+00 2.652843667705520048e+00
-4.936356368822881535e+00 5.559582358411630842e+00
6.611169039244712664e+00 -1.009709262116525075e+01
3.663929605548531754e+00 -7.453578191133729547e+00
-4.983401556843070068e-03 -1.057577037470401393e+01
-4.090605261688493144e+00 7.575442106840700518e+00
-3.409040448988789773e+00 5.853817391055010866e+00
-7.475006871274757714e+00 1.192016790753198308e+01
6.754312979320187260e+00 2.042151977026756882e+00
2.371838102627949141e+00 -7.843103708224546722e+00
4.663151847971134245e+00 -8.064678803603959611e-01
-5.917337161799185452e-01 -3.564415817472777359e+00
5.414853179777437298e+00 7.359135049032259346e-01
-3.536495202952878003e+00 7.285661826012363562e+00
5.553345191642193868e+00 -5.825707358741644804e+00
-2.812354583133116481e+00 -3.940645756800265520e+00
5.136091416708007173e+00 -5.609219870658816554e+00
-6.786190385044214679e+00 -2.511492358508343958e+00
-6.333588480996303005e+00 3.961718108550304152e+00
9.017589367737577355e-02 -2.624892435066885632e+00
-6.797119014901445766e+00 8.864038192476556333e+00
-3.932058307605439396e+00 -7.024125395989975651e+00
6.118284419638804650e+00 8.757983372967304003e-02
-5.641402903793913737e+00 -1.860682892119343013e+00
2.058004623882216499e+00 -5.285828966419471087e+00
-6.175541056600295065e+00 3.804413499327021775e+00
4.660273199029891344e+00 1.700392121518039534e-01
5.111878388925048533e-01 -1.550710777983271615e+00
4.345250482440196294e+00 1.047245997718421195e-01
5.445044815290109419e+00 -7.221178527778093326e+00
-7.886076679033342529e-01 5.685148026363728846e+00
4.070803438001335373e+00 -5.529888840489498136e+00
8.553986331181672398e+00 -7.165213722073649372e+00
2.941085351762327882e+00 -7.419994326551157648e+00
-5.159994762836952020e+00 5.666090908991790798e+00
-5.107882422182257187e+00 2.948203221334038560e+00
-1.343132345390448235e+00 -2.466591880293236283e+00
4.213978537103066024e+00 -5.445081633662488763e+00
7.995936408406835838e+00 -5.695714647283618426e+00
-7.386938208391515825e-01 2.894950336831498383e+00
2.319119066028580534e+00 -4.048196012733511928e+00
-1.625415305055517123e+00 -4.102303548006942080e+00
5.111251817941551145e+00 -6.800274548342385650e+00
5.420866325380183426e+00 -9.443307166243068096e+00
2.340339175079193090e+00 -2.913045952055012044e+00
7.372136568125624123e+00 -4.231475868812864860e+00
-3.189175292145543850e+00 5.998961773635780759e+00
-8.127523530349058944e+00 -9.764659693257453643e-01
-7.346398688602544524e+00 8.981585588769522843e+00
-6.848290293463281664e+00 1.056642468170516302e+01
-2.044675428222579860e+00 -3.808896089154264697e+00
-3.143374455058244532e+00 -5.896604281763671906e+00
-7.890200779362849914e+00 -4.261636715310580747e+00
-7.674925901111666171e+00 -2.754848048414571871e+00
-1.982802199063957049e+00 6.402884280135139328e+00
-3.723613358188370803e+00 5.273939212191049997e+00
-6.188161936258533835e+00 -4.952381637144547710e+00
-7.175540097689582453e+00 -6.427832194368146013e+00
-4.288466405854043373e+00 2.925992479412723668e+00
4.391477626014819613e+00 -4.007841321625597253e+00
4.234246468106107386e+00 2.309908511369266559e+00
-2.146055260648099594e+00 5.274250417138400593e+00
7.438099937733182010e+00 -1.148258348885131230e+00
7.800665034552714872e+00 3.489616803866462114e+00
-3.309828442185365205e-01 -4.333943466329052363e+00
-5.854783030077890693e+00 3.928052197140240676e+00
-3.623998229061603737e+00 -6.008140089334489176e+00
-3.401410173481180355e+00 -3.908479257190538902e+00
3.006572363034281103e+00 -9.567790358892066749e+00
-5.538254052804867378e+00 -1.620121775430220623e+00
3.684072804552286584e+00 -6.168417456139811961e+00
8.843383739323065207e-01 -8.892298185785284304e+00
7.716942508233130660e+00 3.984133722325413629e-01
7.526520047754495124e+00 -4.982800573119500420e+00
-1.365433188001070830e+00 -2.165134176633135787e+00
-9.093157067803602445e+00 -5.812317189887310498e+00
-6.390108151433419259e+00 -1.953390714892244473e+00
-2.002253547416531276e+00 4.471046720440534195e+00
-5.339520746187215394e+00 8.161888914077540136e+00
2.865123361991240625e+00 -1.088399417812784620e+01
7.847035341696313893e+00 -5.630124014109494368e+00
-6.827386171513297519e+00 -8.161784483371152810e-01
-5.643002134097354627e-01 -3.450733426736244613e+00
3.668855486802160559e+00 -3.811791792114555655e+00
5.250799136181635518e+00 -3.390499993080783869e-01
-8.419945669742094907e-01 4.229097219623674242e+00
3.596196847021042586e+00 -5.894187455410839327e+00
-7.692934148653639781e+00 -4.075674837212932999e+00
-2.267060560901043242e+00 -4.357639273172800642e+00
6.768307300420719486e+00 -4.118074187888698390e-02
-2.734860252617345111e+00 5.476137924655889222e+00
2.354856384115879830e-01 -7.490046599275101968e+00
3.795791632912808300e+00 -1.236165555362647872e+01
1.192341326856652728e+00 6.172383531069371543e+00
-7.439950213157722203e+00 9.425889589500817678e+00
3.801908308374126744e+00 -9.177045257096214215e+00
6.813027464109704390e+00 -5.854946250743088498e+00
1.044146090775468494e+00 -4.818997288260836065e+00
-8.371444172731353106e+00 -1.768549868604109232e+00
-2.543732074034230628e+00 -6.453323180233679679e+00
-5.180266732478219893e+00 -5.690533612704017585e+00
7.513030142652679544e+00 3.163823311420681517e-01
5.541517321986544786e+00 -1.080363363229564655e+01
6.007610406495077271e+00 -1.130689534158077869e+01
7.345118410723763702e+00 -2.134369471627825199e+00
-5.932433435277011391e+00 -4.557250211986941579e+00
-6.953910939868904961e+00 9.593389642188400401e+00
8.368923473801118673e-01 -5.152898082435806160e+00
3.592753408928470726e+00 -1.049358506772250443e+01
-3.542980587981770402e+00 4.930923106190594929e+00
1.180047883879752346e+00 -4.896074696499678858e+00
-7.608506923251802334e+00 -1.094854315964535196e+00
6.779635695297880904e-01 -3.366279453859091220e+00
-8.163009586649158322e+00 -3.638800816342364630e-01
-6.360630677168013669e+00 9.984153735140768759e+00
4.898301172804492509e+00 -8.248587660039393699e-01
5.568395019020185188e+00 6.990774160987487384e-01
3.839619536500322727e-01 -7.575768157768548505e+00
-2.783550991187276669e+00 -2.802067618944207972e+00
-6.052049217674607462e+00 8.255880939650152683e+00
-1.610500020117529019e-01 -4.299793727558863132e+00
-2.013894162421050460e+00 6.730211737864605581e+00
6.112922913837570693e-01 -3.860003813766641478e+00
4.209866006080185130e+00 -1.087623711161462658e+01
-3.157773899198208500e-01 -2.828671446865955730e+00
5.468453764053887944e+00 1.269526418928492051e+00
2.658795168166276479e+00 -8.850457112402658311e+00
