5.414662634722481549e+00 -5.207976651521803113e+00
1.721261335687958027e+00 4.977606505364470912e+00
-2.866944106161752437e+00 -5.150080840426427997e+00
5.040184525298400331e+00 -4.040141291122063549e+00
-7.155264416216567724e+00 9.259700830333276400e+00
-3.214272566195790493e+00 7.429276509852409838e+00
-2.858934204605620977e+00 3.655873377381423595e+00
-6.418842566029926644e+00 -2.243977649239202066e+00
-1.153880339907103814e+00 5.240278961167310179e+00
-8.582045492544203569e+00 8.640079536865961529e+00
-3.536439311619321568e+00 -4.508253608544277924e+00
2.191870016713753699e+00 -3.833773187344544198e+00
-6.362493383848445205e+00 7.847098874607846497e+00
-5.938680660564675584e+00 2.595454141049397201e+00
1.239178416543719630e+00 -4.106341543912496839e+00
2.932454358196741051e+00 -3.218967589801031259e+00
-2.203412199790794723e+00 -4.190063950697356709e+00
-5.982577694072078955e+00 4.246713472122820576e+00
-6.595267409172760331e+00 4.002280580904128193e+00
4.850215376622456276e+00 -2.313971058720275753e+00
-2.375879918673815538e+00 -3.594893304986903626e+00
-2.434481669235176060e+00 6.653724671725889550e+00
-6.040854769618289488e+00 -1.568521250849090887e+00
-2.164094872826197502e+00 4.629843225249127947e+00
5.188864373522243056e+00 -5.976368623201472552e+00
-8.512354202965063621e+00 -3.390591791345798356e-02
-1.407214822663120035e+00 4.687133859358088017e+00
2.922158419330042278e+00 -9.466319739110456766e+00
-4.866399772729386619e+00 8.482734676193757650e+00
-3.115549464039501171e+00 -3.996390068170250220e+00
-7.389673372243869665e+00 9.533806899831082760e+00
-7.694820862661861050e+00 -5.043934274995554468e+00
-7.557636464784184938e+00 1.228403624589819998e+00
-2.269655321784546098e-01 -3.058592048641244343e+00
-5.159541704665031148e+00 5.549384203393171511e+00
3.784302163249424034e+00 -5.189734941431033199e+00
1.962159492636735392e+00 -8.921079404552799019e+00
5.577456108047433858e+00 -3.701612146346363375e+00
5.332106052281742059e+00 -3.214304033324304477e-01
7.143524882369208129e+00 1.084126631888638892e+00
2.448867560383466424e-02 -5.340161107924112471e+00
6.344703931134286101e+00 1.275792746777457909e+00
-5.749193316680223376e+00 5.635771817683115081e+00
-5.383090027356818297e-03 4.097214184314929675e+00
-9.918347562239058224e-01 -3.841902991195845551e+00
4.134545610236900259e+00 -4.142311067988705631e+00
-6.367937033936618363e+00 -6.060957244898117491e-01
-6.253425160429362251e+00 7.927042561810827337e+00
-2.652496336089090967e+00 6.142306753795143237e+00
-1.487967045400269361e+00 -5.021467520441259325e+00
6.319540820595106467e+00 -9.663058888551425696e-01
5.923724015428746270e+00 -4.312834540356781154e+00
-3.652171286712894371e+00 5.134873974254360540e+00
-7.185009218547444121e+00 1.304411616194002033e+00
-4.053223018213268247e+00 -2.323036416982328767e+00
3.297560314934448567e+00 -1.000251945646598095e+01
-4.452461832633988870e+00 3.368682302717407318e+00
4.896258553914504930e+00 -2.012888114665434713e+00
-1.338511108767408198e+00 -4.300874388089948042e+00
-1.952084876947292269e+00 -2.809824423719661457e+00
2.870186977782876792e+00 1.961661077750349591e-01
-3.708998946620362336e+00 -4.544203444738544206e+00
6.359312389637097773e+00 2.283407071060466365e+00
-2.147913266622902384e+00 -9.380526027894728891e-01
1.068059940309546096e+00 -4.400424251411704013e+00
-7.746233783237954640e+00 -3.436790623403664924e+00
5.731075462095933659e+00 -2.620542149592919756e+00
4.274889125709407267e+00 -1.030901273089032166e+01
-3.904763210068553647e+00 3.604991572498536634e+00
3.939461935696527028e+00 2.496022434399986611e+00
4.941324544145335729e+00 -8.765287610233995608e+00
-3.073718228666169505e+00 -4.497457835681938576e+00
5.332971755952724990e+00 -7.446239464755100457e+00
6.352985620918281562e+00 -2.354830679583354680e+00
2.482130570616418286e+00 -2.391454572011167956e-01
-5.195028584799060489e+00 -1.404265015856627441e+00
-4.671150433684245762e+00 -4.605925931676554619e+00
6.476102490389263444e+00 2.145589034785711391e+00
-6.136308513137597842e+00 1.319206192588303406e+00
-5.392411880202732100e+00 8.372259278389531545e+00
-6.059501003696876609e+00 5.074397676462277573e+00
-6.502618067562909054e+00 -1.069439917528421269e+00
-3.528397903049009798e+00 7.041990631503947995e+00
-2.506137300962515635e+00 -3.312261804608787052e+00
5.129279476712083508e+00 -4.415142075005810796e+00
-3.825097181933270196e+00 3.485246274401144095e+00
-1.214173764729975957e+00 -4.762162052557382452e+00
-5.450332774012055737e+00 2.321925914448160988e+00
-5.056671923911390643e+00 6.119747565271025813e+00
6.697895344694373421e+00 -5.138231476248448892e+00
6.721430779189282667e+00 -4.859798693290559690e+00
4.523625428886337119e+00 -2.802328063744656372e+00
8.159827789517858365e-01 -3.895456411017619747e+00
-2.209069838097635241e+00 -4.965795896167065848e+00
-3.420273404366898085e+00 3.581437468565793036e+00
3.122249576800308901e+00 -3.939595582074884028e+00
5.355679725724429296e+00 -5.369149451776880966e+00
8.834462383255178963e+00 -4.714631952898673539e-02
3.028897815877667377e+00 -8.193124839375148127e+00
-5.294551893842395884e+00 2.769591178484668959e+00
-5.913306394998121718e+00 3.282166784109188384e+00
-1.779317750768727446e+00 -5.631685763822473767e+00
-7.466758259349455251e+00 -2.004633425558033366e+00
1.286677816279548470e+00 -3.864549492528863706e+00
3.204245347940879007e+00 -9.177648251384693978e+00
-3.674796888437213305e+00 5.997209739842703335e+00
8.135539003115688228e-01 -7.724683375413661679e+00
6.423130764760258682e-01 -9.920132747994367506e+00
-2.263065981640450808e+00 7.541766037357302110e+00
6.881860456992621167e+00 -1.981457009811981695e+00
-4.698486300883994105e+00 -6.915469823710994390e+00
5.825857358612410053e+00 -5.107967327102508115e+00
-4.241212296871767151e+00 4.019149890201854092e+00
-7.049544173753781173e-01 6.192566143118182431e+00
2.705485618222283062e+00 -4.101340791053400991e+00
-6.514235446953649422e+00 8.694195185393642333e+00
-7.170845034589960143e+00 9.333877238391506737e+00
1.295939167736730901e+00 -1.739219770148991095e+00
-3.495132024194814724e-01 -4.949519444157635562e+00
6.285266323092460361e+00 -7.041524636700849937e-01
3.799428218619465447e+00 -1.033160381067701827e+01
-2.393644066378807889e+00 -2.336141604959321771e+00
-7.754350475750613647e+00 -1.933526577593748463e+00
-8.175245352568472512e+00 -2.048452672040777411e+00
-5.333417997210310624e+00 3.969630254914605416e+00
6.161904163416415336e+00 -8.038613496276324710e+00
6.393048425086898412e+00 -7.325157056921876020e-01
-1.828864182068121069e+00 -3.423804857896993958e+00
-2.779509225448388854e+00 -4.573717263023394430e+00
-7.858402717093468048e+00 -4.777054577357899845e+00
4.460246516429531738e+00 -5.290395388460114035e+00
2.171163973466761821e+00 -8.916785931288073286e+00
4.737959008949879092e+00 -4.713910980864461919e+00
-4.599082963871337526e+00 -2.138987833576167841e+00
4.941227579391956226e+00 -5.447664391359667846e+00
-3.718832225757329191e+00 4.705473182372536201e+00
-5.153654650539360560e+00 1.913139324779684181e+00
-4.701616600995752293e+00 3.122602881049942880e+00
-6.261089586041212129e+00 -1.925537927612648303e+00
6.249721359538845888e+00 1.435734973372505108e+00
-6.291652901671307418e+00 1.068669078352930413e+01
2.009570037014598576e-01 -5.475906359493529330e+00
-4.124894335419199365e+00 -2.670637930767975732e+00
-4.167685061524576406e-01 -4.487778540371592406e+00
-2.148750500948051645e+00 -3.863040582729857064e+00
-3.833605885095467958e+00 4.508959195110682217e+00
6.130127778929003846e+00 -6.145629602854699058e+00
6.232144989648087829e+00 -1.065561409657645342e+01
4.874538318968952844e+00 2.815502613753009697e+00
3.957951427507564457e+00 -1.041434752687759424e+00
4.682368071264499498e+00 -4.065472076789328426e+00
7.486226742971526349e+00 3.090408359977008246e-01
-3.332340267434271697e-01 -3.736817335839684340e+00
-7.970292347988757520e+00 9.124574631649378986e+00
5.940766198015542621e+00 1.057633334795864855e+00
-6.995290666045575811e+00 8.621442442044038756e+00
-5.916490525762338137e+00 -7.570340576427971868e-01
-3.910591193318049719e+00 -4.368664127762852623e+00
-2.746440230344905142e+00 3.866127454586883339e+00
-1.536075069871402743e+00 -5.780997733868479926e+00
1.726198372894161004e-01 -8.478439117640540701e+00
5.030551336392852235e+00 -1.099111688068459181e+01
-2.347487289560204360e+00 3.317313709245491182e+00
-5.364400363523618154e+00 -5.492371906702894213e-01
-7.319795412019645120e+00 9.442327768116689057e+00
-5.385113655614081729e+00 2.910783938532401027e+00
-5.002555150289544450e+00 4.934554814105645448e+00
6.448872317868674209e+00 -3.904721365336945915e+00
-7.315582712328232873e+00 -5.110962436300514611e+00
-4.909923781403145782e+00 6.326298136619646684e+00
4.891581809293809258e+00 -7.329626063209321307e-01
2.153958727080354407e+00 -8.241647433386253496e+00
-1.188868273247196905e+00 -2.974369919766030712e+00
2.767645408741249202e+00 1.812396959317259526e+00
-8.198602576184295998e+00 9.419864407738160139e+00
-1.836748776914070458e+00 -3.659358605956667621e+00
-5.521503328205782601e+00 -2.737397739542490882e+00
-8.345666301525854536e+00 1.621356854198213959e+00
4.150948938108409259e+00 -6.338803345417660662e-01
-1.472495298165281463e+00 -3.203608292176754802e+00
-4.030888021494950735e+00 -5.139652803678652404e+00
7.612768887182223665e+00 -6.796842245748435651e-02
-6.301809924207631752e+00 2.632088792796070997e+00
-6.945278913595941184e+00 9.887702164698273677e+00
6.623876125970979967e-01 -9.628944135850879604e+00
6.240665939467476164e+00 2.125040360936817585e+00
5.302843512874670040e+00 -6.399783017898528215e+00
3.979521995741384988e+00 -3.322541398617656849e+00
-7.195182341547099014e+00 -2.382086273216388328e+00
-5.786690181975235880e+00 2.525434273957528397e+00
4.105016426722786882e+00 -1.834506663354990463e+00
4.918449208260343930e+00 1.069330038913841596e-01
-3.174034211143243578e+00 -3.876520769405936484e+00
-6.024025131142643374e+00 1.027932739218802283e+01
-7.515124391554073746e+00 -3.568222867427067069e+00
8.083541140737021680e-01 -5.072930187241457389e+00
-3.403984161107460604e+00 -4.291152459060993074e+00
-6.477139815970738290e+00 -4.966774626369713452e+00
3.296819145365384784e+00 -1.019176138612387739e+01
-7.260248141665564425e+00 9.693623037515427754e+00
-3.441968192116080960e+00 5.735757044857995979e+00
2.026533324391572410e+00 -6.849521413083566657e+00
6.330436187831466555e+00 -9.262096428213084209e+00
-7.274174168741350144e+00 4.455146585331347886e+00
2.427509247156966143e+00 -7.818408918217297554e+00
-6.950447235374278776e+00 -5.908903695072202922e+00
-2.776237503079684199e+00 3.668357460199991316e+00
4.600657448346716194e+00 1.195999224331562916e+00
5.290408256219302885e+00 -2.675893693292371367e+00
-1.398698127620559895e+00 -4.413273182900169012e+00
-6.133213351342129194e+00 -3.869934572277360374e+00
7.351489263764706905e+00 -1.358411534113166752e+01
7.035218761248339669e-01 -3.919884317825669040e+00
-8.049932340146483511e+00 4.129232663542081738e+00
-4.362106575039516265e+00 4.499093592494910254e+00
6.156719574766111869e+00 -7.673828845790559683e+00
-5.785977279370513315e+00 -3.634219778959237424e+00
-1.306420943139833923e+00 -3.291867366293891983e+00
6.873817028621583169e+00 1.696812768263749049e+00
-4.997907158677644901e+00 -5.307355376527904234e+00
4.049852176199967957e+00 -2.188678732707541208e+00
2.760021322517290265e+00 -8.934256938734016273e+00
-5.230959106637775413e+00 6.428282952988249477e+00
1.303292938541601442e-01 -5.668601859383358033e+00
-6.448347673950527437e+00 -2.241898906271936553e+00
-4.804190940898152462e+00 -5.006156950572681730e+00
4.413846676000710900e+00 8.856366735493379494e-01
8.102811501616747236e+00 -1.153199966249620623e-01
-9.397767085956614252e+00 1.166434168014311901e+01
-2.413995557172173179e+00 5.549686874254231128e+00
-6.527497237802412755e+00 -2.161489896594515070e+00
-1.644339615102882401e+00 -4.400417768038202837e+00
-7.646321497812495593e+00 -5.260350598199585725e-01
7.494915055464693054e+00 -5.810960376667602567e+00
5.489343253072140882e+00 -6.990401642024167472e+00
-1.604885542525548603e+00 6.228006748313759999e+00
-6.006380953160014080e+00 -1.999597670194509957e+00
4.180984611925765648e+00 -3.928413660854258804e+00
2.074829927816325137e-01 -2.680957708739339029e+00
-3.439707226059017575e+00 -2.827173428304995184e+00
-4.073697234804885881e+00 -4.932142545992132199e+00
3.088356119357367646e+00 -8.416493773795027167e+00
-6.584592598740252711e+00 -2.795009352710109418e+00
5.714429310866288247e+00 -4.100997403443320977e+00
-6.959974084292023910e+00 7.634218172956278359e+00
5.900139721652005953e+00 -3.987218378143586595e-01
-6.371440226204034829e+00 2.891392062702784926e+00
8.912063280842994484e-01 -7.004546372448205105e+00
-2.609955547007123844e+00 -3.881849814327427595e+00
4.917220326774765837e+00 -2.479455189536116322e+00
6.036542300160425256e+00 -4.207485411745800263e+00
4.284406761294410337e+00 -4.234702826804163323e+00
-5.006968060423314881e+00 3.130203599004295345e+00
5.201702697383383978e+00 -5.807770414673376180e+00
7.253490981471122367e+00 -4.481427154998608664e+00
-5.625867344142165827e-01 -5.291568868451602015e+00
-6.859411330141089280e+00 -2.274214949927497731e+00
-3.043210172571663374e+00 -5.500552454298086147e+00
3.449903408431286511e+00 -5.540671265403312340e+00
2.480676336713621311e+00 -9.046147585782703615e+00
-5.798787198239726770e+00 -1.195805130240513492e+00
-6.027211226314470593e+00 1.041702791337249856e+01
3.744206880321558017e+00 -5.137642370029800176e+00
4.707332976728020313e+00 -8.032442867667361597e+00
-5.771481140262471499e+00 -1.336733599932627969e+00
6.839892710857340852e+00 -8.393328939390632959e-01
-6.811914282647776986e+00 7.301131732743169955e+00
-3.727167640631349865e+00 4.016005697359871007e+00
8.084768984395946934e-01 -8.827622267726512817e+00
-2.806434746894163723e+00 -3.854541301001880083e+00
5.210432860802317379e+00 1.529436304612479258e+00
4.769278365148269749e+00 -3.017980861056281938e+00
-1.886363602825508412e+00 6.286261969624742818e+00
3.258609782868284732e+00 -1.370771247665101833e-01
-4.949319257709382747e+00 -2.814400544759180001e+00
-3.927798449493849375e+00 3.969217380255327221e+00
-6.632883133834943656e+00 -2.716549592831506210e+00
-4.925725739650674839e+00 -3.245626455258141974e+00
-5.392413040169977911e+00 -4.446904114360997973e+00
1.091759227887464601e+00 -3.453725832427330111e+00
-5.967739529227896966e+00 1.052523735659490178e+01
-4.634842460945177933e+00 3.470091588325108667e+00
-4.376528226350931305e+00 -3.361862393503113999e+00
4.238364736047160797e+00 -4.968961231767372588e+00
-2.061972210363565594e+00 3.286623131189100988e+00
3.918526538988785113e+00 -5.480304287889761206e+00
-2.906918215248131432e+00 -4.648990548151334501e+00
-6.471458322933283380e-01 -5.097818661893217751e+00
-4.004630360773822950e+00 -3.575050764639880363e+00
-1.117251291752450637e+00 -3.181280671156709872e+00
6.072273971697454087e+00 -4.457908266927690377e-02
-5.008072487056033140e+00 -4.671672772867680123e+00
-7.780620385736650491e+00 1.002686610973410630e+01
-5.938804790495599839e-02 4.925028011572399222e+00
-1.985019991707582809e+00 -5.169224569691738935e+00
3.112680934905863950e+00 -2.966537900149861962e+00
-1.553137092301185129e+00 -4.963547346784192627e+00
4.513303478931563362e+00 -1.828109023948293554e+00
-6.357671142461060576e+00 9.809110089839315094e+00
-1.553947986268245041e+00 4.813464487324726093e+00
-5.948630200325077944e+00 4.334663596004602937e+00
-2.378328330896009035e+00 4.690335509261386093e+00
2.064621257151391553e+00 -3.551050925651168644e+00
9.129834293438408022e-01 -3.219705359974936343e+00
-3.670267795878115358e+00 -4.374114903343881089e+00
-3.677179428545212847e+00 -6.109710511107726560e+00
3.451159536512857340e+00 -5.439277809084757109e+00
-2.484519735625325687e+00 4.764775584136958564e+00
6.559407682633946912e+00 -5.388722877006814294e+00
4.893304657848339900e+00 -9.990485298856054186e+00
-2.120255608181644380e+00 -2.561948603381338785e+00
7.883333532644123398e-01 -4.355328907887193068e+00
-5.681784232956331060e+00 6.670195623228811321e+00
4.353006781333142783e+00 -6.051280326264246057e+00
5.503248470046216312e+00 -6.236386449730860981e+00
-4.857623044669873380e+00 8.734446472966867603e+00
6.778154868550797296e+00 1.786529261298509752e+00
-9.543876035178240347e-01 -4.475755009742772295e+00
-7.775331283116660330e+00 -2.654900490023602622e+00
-7.392787434812998271e+00 -2.155409239764614071e+00
-1.564980733716314187e+00 -5.413073552465908378e+00
-5.918041046577913633e+00 1.099058996938344812e+01
-3.375331130198773177e+00 -3.080633061865747813e+00
7.297132439877104249e-01 -3.667797516176953820e+00
-5.705553263435295008e+00 3.534866651298647522e+00
-2.051666211992253963e+00 5.446881111193777159e+00
-6.293151941969029828e+00 4.170981698249068614e+00
-2.683460308247890502e+00 -4.595520769092031443e+00
3.729386422738367735e+00 -3.413229296797141821e+00
1.883003738309784403e+00 -8.391625853039000660e+00
-2.822838755736953864e+00 3.543665736664115329e+00
-3.486433791348316102e+00 5.742323549250993864e+00
5.966793741412005581e+00 -4.810500380837715362e+00
-2.400975176477017303e+00 7.090127464515735056e+00
-4.277498886632054464e+00 4.017924170467621181e+00
-1.606493964789396101e+00 4.034007117861542646e+00
2.062725494840224716e+00 -7.843245568313559346e+00
-4.411632926085557571e+00 6.081225054181046197e+00
-9.161551852262896034e+00 -1.345497621959641066e+00
-3.460672085937096742e+00 2.537720253359011746e+00
-1.507735137046315010e+00 -3.713259226465497331e+00
-5.386033380393953074e-01 -5.696499367728761420e+00
-4.982954611727218541e+00 4.532469431093177903e+00
5.514466461822272514e+00 2.648460090385654553e+00
-3.980941410012150961e-01 -2.319725083149719591e+00
5.850394912325254992e+00 -6.756274296126240309e+00
-7.868637248085822655e+00 -1.763656222994146372e+00
1.895789423174739419e+00 -9.688646427663471172e+00
-6.565498364955442590e+00 -4.203065873442461964e+00
7.666965786860994392e+00 5.190948783570468184e-01
-2.495106176521274310e+00 3.593517230418152408e+00
-3.864555621830562782e+00 4.630104214475444735e+00
-3.825204197006810247e+00 3.758729358191387426e+00
-2.457231233009856908e+00 6.602053744865429508e+00
-3.887740291765956702e+00 6.416082445287321967e+00
3.438620973431667505e+00 -9.878062678445083122e+00
4.562282860502775428e+00 -1.229014661427909871e+01
-1.448782344377017584e+00 4.603896122529892665e+00
-5.155042495444095429e-01 -5.463781056552353022e+00
5.654740674961731273e+00 -6.310504764631650332e+00
2.121576884266060059e+00 -9.371253702536673558e+00
-7.640200158557048482e+00 7.590879944229888210e+00
1.499799620257415977e-01 -7.550060479711246941e+00
7.085035947451206795e+00 3.040948206974570134e+00
8.759129444287445665e+00 2.254405937759134559e+00
-8.374551675658322480e+00 9.960766041429371498e+00
7.612721852311682191e+00 -5.908654210176750077e+00
-4.209286249936033286e+00 -2.613334183002645972e+00
5.920501868813035529e+00 1.615442657778850322e+00
-7.918789133811971581e+00 -3.635105166000121013e+00
4.984019514154814701e+00 -4.379127958073278037e+00
7.530810323650552363e+00 -4.005602479149020567e+00
-4.167638310094353926e+00 5.543142419568081181e+00
5.733192998177378819e+00 -6.210544591847412477e+00
5.770831681452561313e+00 -6.898736636456935578e+00
-4.649013754203754623e+00 -5.391960996145797935e+00
2.966848035163975883e+00 -1.165580317916794328e+01
-3.311602962600652678e+00 -2.678483580402962083e+00
-7.089819027389416384e+00 -3.192664227535036314e+00
5.119076724314984617e+00 -5.921951056245076117e+00
3.545494410724177037e+00 -8.667815372279479291e+00
-5.821517298697848730e+00 3.736826428193987581e+00
-7.196423176786377773e+00 -3.409701934624261632e+00
-3.884105157623938265e+00 -6.829284846896163330e+00
6.652805840583292607e+00 -1.565423911280794389e+00
-8.763653108718861162e+00 9.175298631836144025e+00
7.226984901053857158e+00 -4.475396366394876146e+00
-8.094036809965786006e+00 1.042812904434042665e+01
-7.762332741853468221e+00 -1.342204670144088396e+00
-2.117420854685891030e+00 -5.722002669000251451e+00
5.834496818576959676e-01 4.805695261283286612e+00
5.653399793870575785e+00 -4.173984883155962500e+00
4.666899055009348984e+00 -3.936691032447955152e+00
1.003074913245228128e+00 -6.069321708388834224e+00
-5.144265383718733986e+00 -2.123375677263460215e+00
1.168101319264356563e+00 -7.071565428861152469e+00
4.148939039262472761e+00 -9.072932955262739796e+00
-2.605624558649191513e+00 5.759021827580454556e+00
2.002914194773672829e-01 -3.839726362724563025e+00
1.399359554156404783e+00 -3.895923494178338053e+00
-3.705418198051515510e+00 8.202191831702437597e+00
4.602128124878909432e+00 -6.015202519820471494e+00
1.908159789274884499e+00 -8.439898072245851424e+00
-7.406108730387166439e+00 1.157688867434811808e-01
-2.413110920010411053e+00 4.476867243829606657e+00
-7.025788287298942336e+00 -4.934753467092670931e+00
-7.509996381422491929e+00 -1.262227935524872002e+00
-5.448841200996111134e+00 -4.422286238051787777e+00
-3.162449273792141913e+00 5.548749862397939658e+00
-3.390698596671979814e+00 -4.584107868082123893e+00
-7.112471357214369405e+00 -4.315671871167001683e-01
-5.283048711947873954e+00 6.454971167152162792e+00
3.745757197860878573e+00 -9.323633921262530322e+00
4.556198925510372533e+00 -9.427234574069980333e-01
6.453592506817951602e+00 1.493015244114625828e+00
4.107940732276475160e+00 -1.052149701753067212e+00
4.318995652843562461e+00 -6.325594326113190391e+00
-6.025352779552573423e+00 2.463775881425076530e+00
8.158631426569053602e+00 2.760463217197264285e+00
8.110162549302689428e+00 -5.586179539114341175e+00
3.874650143686011461e+00 -1.148641823323447664e+00
6.925075041420742927e+00 -7.035528771246564617e+00
-1.481928428082834870e+00 7.145678959337501190e+00
5.030058046861058507e+00 1.274839740015432543e+00
2.974340668080266870e+00 -8.263462861640864077e+00
-1.363674651028580431e+00 7.749131700821721758e+00
-6.827428794141145119e+00 9.439282714747497138e+00
6.267507421178198257e+00 -4.265332567750204973e+00
5.903216920251521671e-01 -8.581224891273981470e+00
6.196400027457279691e+00 -3.210985166588089079e+00
-3.441348936552373505e+00 -4.492278954748078590e+00
-7.389570493271299334e+00 7.657198472168300185e+00
7.308818974260141488e+00 3.708161123720028041e+00
-7.882532933531125607e+00 8.094605979773056958e+00
-2.255634928989672439e+00 6.163076626448301454e+00
7.252877531578449499e+00 1.931730767726982378e+00
1.803768361043360580e+00 -2.957975229948513363e+00
-7.671356562076255159e+00 -2.945561289579661235e+00
7.606145830544074116e+00 2.878565301131090770e+00
-2.102127926595833252e+00 -3.945799410066065160e+00
-3.186796055890168677e+00 3.958646356739688787e+00
-7.359466283427444910e-01 3.233030995320308243e+00
3.328451515644625935e+00 -9.783567893056195786e+00
6.501828529287462466e+00 2.544866608433673072e+00
4.209267276501531541e+00 -4.383881546703969789e+00
4.069958273931306714e+00 -6.598960950793328450e+00
-3.674532173001939572e+00 -4.484657777056883177e+00
-8.488639444603556239e-01 4.161325036414668332e+00
-4.808291565998705330e+00 -4.566489064784803986e+00
-6.727358023865814829e+00 8.511278925730520584e+00
-3.107937918962448531e+00 -5.314980706406720046e+00
-5.934020206031602740e+00 -1.386328764813546943e-01
2.280903722021138336e+00 -5.111845400468295608e+00
3.795364963918354206e+00 9.101656192791474087e-02
-1.118344641545480744e+00 3.725943330493078687e+00
5.694580260545527572e+00 2.283011056850370757e+00
-1.475204074877584759e+00 -4.847098991271154844e+00
4.776255562535434152e+00 -6.349993045342967157e+00
-3.349233203966832662e+00 -4.054113276290790324e+00
-3.762271252746517192e+00 -5.316575817210456911e+00
-5.220063653783977742e+00 -2.283709902457751184e+00
-6.092975888813445096e+00 8.582603627633138998e+00
8.957715281097252458e+00 -5.178276023995494803e+00
1.001809862933688677e+01 -5.933346687567519595e+00
-6.556910135950128726e+00 9.195046710133265577e+00
4.830456245023445838e+00 -6.150166517774242614e+00
-4.252471160484865287e+00 6.728795312069472345e+00
2.332960439780361828e+00 -7.179798159322198003e+00
9.018024415366094004e+00 2.924469273745060605e+00
-4.277681373804850473e+00 2.341400954867121964e+00
-6.435445282538820866e-01 -3.828638112760490486e+00
6.033376197829187326e+00 -4.976762612282467302e+00
-1.717062000068452665e+00 -4.228794878818884051e+00
6.183252465216730442e+00 -4.358736238386895501e+00
-6.956177864982058701e+00 9.775076720783758333e+00
-4.383402209841998243e+00 6.065668726181559833e+00
-7.014564289573056222e+00 -2.120162401496314519e+00
-8.489060479740091480e-01 7.751478890767730334e+00
-1.274388853049706727e+00 -5.133515570387180205e+00
-2.268784826941884436e+00 7.439373872717762737e+00
-1.772845651706981496e+00 -5.371831285743596140e+00
3.136823161860428755e+00 -8.245743998320804735e+00
8.167252672966164084e+00 -7.532040627496348506e+00
-2.425216980434770075e+00 -3.563403392314273610e+00
7.036657346222416010e+00 -7.636257466142058803e+00
6.620616335140770303e+00 1.838254974649790485e+00
-9.758280242468011512e-01 -6.135200506087843841e+00
5.855489488404154841e+00 -1.489890347021508132e+00
-2.997711289362867682e+00 6.338787896455563953e+00
2.950442662548152128e+00 -8.612090518030377950e+00
-2.431869383011312280e+00 5.074879895849091049e+00
6.668717147663284273e+00 -6.955961092596448125e+00
-5.343424843136838298e+00 4.755405861172999238e+00
3.791029077405717373e+00 -9.831251301245295338e+00
2.499097790287022391e+00 -1.027686777132135809e+01
-3.468473817744889498e+00 6.704283723632465275e+00
-3.194638914754225567e+00 -5.869862587404925058e+00
4.483745926404868243e+00 -9.443799357736798683e+00
6.263696978709667462e+00 -2.847492380523463651e-01
-3.211999977583800181e+00 5.081116207121183059e+00
-2.877382564614723748e+00 6.646718877905630762e+00
-6.776877485630358855e+00 -2.691473681522491113e+00
-6.885540748003458056e+00 1.039852629007027751e+01
-5.171470107704200458e+00 3.884617236918177063e+00
-2.134876609325722097e+00 4.645771544220485438e+00
3.804470854971444993e+00 3.222012739561804784e-01
-6.097006344021956181e+00 -3.853561085916428652e+00
4.324784619407836317e+00 -5.254082511828374713e+00
1.753846475694295304e+00 -9.646482061401835395e+00
-3.831892325133373411e+00 5.645488524395613439e+00
3.659476940806302370e+00 -8.873111028294148994e+00
3.552437164511967005e+00 -9.433081998496184895e+00
-1.381999860823351911e-01 -3.778561115610176380e+00
5.296911005283206464e+00 -1.037090890915713359e+01
4.918094512628849557e+00 -8.998168108908904728e+00
7.048659287519841499e+00 -5.468346161432712904e+00
-1.733770186501971677e+00 7.723569475567325426e+00
-1.773623655747921024e+00 1.884062147404834242e+00
-7.085158195543781900e+00 4.806240701604023613e+00
-5.517486886213654351e+00 3.455087732134520806e+00
-1.178548884692610210e+00 -4.578451288704797228e+00
-6.373231248758663092e+00 7.853185784191373031e+00
-7.068161032761864249e+00 9.374272854421375811e+00
3.401164101233842274e+00 -8.242384881102312377e+00
6.411044122337610673e+00 -3.670745721037611542e-01
4.715653681371671624e+00 -4.080869133399568582e+00
-9.049784562605433180e+00 9.350807689330849826e+00
-4.791578998134552236e+00 6.035666723598268391e+00
-6.232407973897666764e-01 -4.244325309348913500e+00
5.777463775804372759e+00 -4.673537294560041744e+00
-5.604611115037883451e+00 4.718782467809553793e+00
-2.213061258855193447e+00 -3.779820008639879436e+00
-6.018965132468704127e+00 1.001225820473724504e+01
6.927284870961409879e+00 -6.510817345982319537e+00
7.759239289325915223e+00 -1.755975031397226105e-01
-7.163951719641482363e+00 7.571837848073254662e+00
7.231064016032464181e+00 -4.058788808460134234e-01
1.294546556909071500e+00 -3.743705951607109839e+00
-6.536631413491472919e+00 -5.373296505285055424e+00
5.154858121787297520e+00 -5.423617997280296699e+00
5.467347256493444441e+00 2.531451559777191385e+00
4.735373625357171434e+00 -1.034073061210611399e+01
4.979636428503660284e+00 -9.655746616738881016e+00
3.969365497798609255e-01 -4.945008972223098986e+00
-4.241991389032462756e+00 -4.947573042362439111e+00
2.630529604064398175e+00 -2.973670000143883829e+00
6.004362443992357967e+00 -6.488889820233574746e+00
7.372687649543077093e+00 -7.858408285114743208e+00
-8.363423421202313079e+00 -2.006667558662941442e+00
3.754472916986804520e+00 1.033918933033202592e+00
6.435227641245730545e+00 7.868355552773993455e-01
4.548311864233774315e+00 -3.650085198374822149e+00
-2.575515008866164024e+00 3.929195412158134282e+00
-5.145935889541707553e+00 6.858350927498214844e+00
-3.726836637787139139e+00 -3.958683993681439528e+00
3.271078857354621228e+00 -1.201828978571406026e+01
-5.561877296133000748e+00 5.445980308716610097e+00
4.313950898696822023e+00 -5.077839252919164714e+00
2.544559314800514116e-01 4.314736612657751103e+00
4.807931783127719072e+00 1.077025261944404955e+00
4.388018445244280308e+00 -1.212128576113398104e+01
-6.790073963748097796e+00 3.850188749175885938e+00
-3.249009546072725740e+00 3.950559337331245313e+00
3.351189657350746032e+00 -9.735795094108420145e+00
-3.384383341961492597e+00 4.928058089949144183e+00
5.264055639286485011e+00 6.015581175995958763e-01
-2.648018752244661211e+00 -6.144431545851004373e+00
-4.832150534538105724e+00 -4.955842280947924117e+00
-6.350323688644477826e+00 9.161654844720736435e+00
5.897692724514794982e+00 -3.942838985600384483e+00
-5.743528640288607434e+00 -3.229899766238219172e+00
2.477301001195677088e+00 -8.064469749786180586e+00
-4.591148916024411442e+00 -2.289336248747221525e+00
-4.139896548092369954e+00 -3.721976174523534908e+00
-6.231384434964777341e+00 9.910098934259172765e+00
3.799216131451669920e+00 -5.013146764963362756e+00
2.359153627187189795e+00 -8.229205542243891003e+00
8.899213300534851712e-01 4.190882489237973019e+00
9.183852002081486887e+00 1.252469841135409601e+00
-2.097643928568606597e+00 -3.724985740180764893e+00
-5.918277217091763021e+00 -3.638928337294939030e+00
5.235465121527259846e+00 -1.382966705422541187e+00
-5.994898189874954042e+00 -4.193929962612345186e+00
-8.359553860130482406e+00 8.166768525150605029e+00
5.978051209084991768e+00 -2.623832004537576701e+00
-6.988082834596561099e+00 -2.639906213582996042e+00
-3.399661052388917248e+00 3.347912517366669505e+00
1.152556386009235823e+00 -3.497682429611312482e+00
1.013803657463767216e+00 -9.973446813169029923e+00
-2.543903818181594723e+00 -5.975540182916944332e+00
-3.486329588298934468e+00 -3.452214470676149283e+00
-7.194534870493410672e+00 7.990741385367245542e+00
-6.805976058413830465e+00 -3.427579511533413115e+00
-1.422610235297942838e+00 -6.244985679909033749e+00
8.013315043511757274e-01 -6.187489113717003164e+00
5.540869364548833609e+00 -1.758478072865327313e+00
-5.342213858258063830e+00 -3.483886746542592228e+00
-6.885819430991441337e+00 4.166143019043144768e+00
-5.186595537911118825e+00 -3.111173972258517217e+00
-5.427818390547409777e+00 -3.736126960762790716e+00
-4.715121143864868358e+00 -3.247627265642539562e+00
-4.668446486206066837e+00 -4.908908913833651688e+00
7.608787954228018791e+00 -5.423285650005327696e+00
-6.917498864241439449e+00 3.388536044910421374e+00
-5.084288848257709770e-01 8.721129814477926345e+00
-4.461801196959717331e+00 6.646559722137391546e+00
-7.849558074678523845e+00 7.987308245273990970e+00
4.100787632300057162e+00 -2.912807749376781219e-01
-6.035710829568361468e+00 1.000305318294715207e+01
2.988371766157061238e+00 -9.030387620519697123e+00
6.896183639908310958e+00 7.185964276391025862e-01
3.194125706597465530e+00 -5.183063404234201421e+00
4.726442393264123965e+00 -5.930196533204147968e+00
-7.374849572809825560e+00 -5.002339195758105816e+00
-7.156592041808238491e-01 -4.875266772036284557e+00
3.278046959863154086e+00 -7.997182102738969789e+00
5.168609751464026125e+00 -3.703118220415641204e+00
5.318295338531805250e+00 -4.687952668809868939e+00
-2.291067331314478928e+00 -2.223429336693707015e+00
-8.017388269166850989e+00 -4.354991772389106508e+00
-7.129657474219001756e+00 7.231163378607406322e+00
-5.043214595796643884e+00 -3.443889113999873075e+00
-4.463529729720161043e+00 -3.601594193974544389e+00
2.976988791878545815e+00 -1.096140965867726003e+01
-6.336594850392602396e+00 -1.582130502088314739e-01
2.080940339617996404e+00 -8.183078940751279617e+00
-6.937035848193027654e+00 1.031011826371017115e+01
1.794928176769727823e+00 -1.172107322176945843e+01
9.088315613308644458e+00 4.355055125827383966e-01
-8.498208444399885764e+00 -1.557177761900341073e+00
4.854724493361342930e+00 -1.444393087005155341e+00
1.699689424606833477e+00 -2.230857192173463233e+00
-5.520271828545397774e+00 -3.479839118823106148e+00
1.614526731440141250e+00 -9.488709705669363004e+00
-1.448139884485728501e-01 4.978740231841029207e+00
-3.428994599831082901e+00 4.980137822244434354e+00
-5.518581196859190463e+00 -5.759486858473760185e-01
3.848800408630077108e+00 -1.454237024406168199e+00
7.149049159068199266e+00 2.433915413006478179e+00
4.324040592915189940e+00 1.396622658756386803e+00
5.826650280830920625e-01 -3.567679739846287834e+00
2.833762412678980436e+00 -1.011368498722461240e+01
-7.262748616657199285e+00 -5.436072155739463341e+00
3.520518617688623841e+00 -6.274487775783210708e+00
8.877837795762175688e+00 -6.019144241909177850e+00
6.594799632076104423e+00 1.533179019293988032e+00
-1.557508627890876740e-01 -4.725067636509329816e+00
5.296803303539369345e+00 -1.131287721337970353e+01
5.487268292478192144e+00 -1.429586933241999702e+00
7.546222611118989398e+00 -4.896361888188664580e+00
1.795586948701736407e+00 -1.100699522387693641e+01
4.164570583095676071e+00 -2.894554147965350488e+00
3.197816888453726136e+00 -9.124549481437428611e+00
-1.759142971588672832e+00 5.998268168624553809e+00
6.016993737349925375e+00 -4.869126992102219553e+00
3.746170103481079039e+00 -9.679424317719325543e+00
-1.490898429955834992e+00 -3.745503548184718312e+00
5.046485531412066905e+00 -5.636229400420967650e+00
-4.635552490829637051e+00 -4.807699736390912193e+00
-5.002637026874054982e+00 -7.273020353214189271e+00
3.531990145227734690e+00 -7.563705981135689926e-01
-3.730686559162124105e+00 -6.375733530832872198e+00
-3.583465303234413035e+00 -2.239750439326528397e+00
7.031125046971905768e+00 2.195380058056954908e+00
-2.865763353536092239e+00 -5.455094687213618343e+00
3.149681372045926686e+00 -9.000893447967103000e+00
6.436449122696805247e+00 -5.929574812108233672e+00
-6.900156177758698384e+00 8.080388259054826605e+00
-2.303734301774437832e+00 -2.848874347527076356e+00
-8.912069890431137953e-01 2.924203189340935261e+00
-7.194670757523376814e+00 8.388813595597952144e+00
-7.647937432888189058e+00 -8.553029240815532841e-01
-2.130320708106903993e+00 -3.981364510161517156e+00
2.250051290100461898e+00 -9.528903645037866355e+00
-5.858675154713870903e+00 6.786229833818072876e+00
-5.459211846168547488e+00 4.167175076469342265e+00
-4.171347022728127740e+00 5.091269648648116153e+00
-5.109599613748956770e+00 3.811435028151218152e+00
-6.057294790847064014e+00 4.848723204525373198e+00
-1.073666672590158022e+00 5.328092000591551525e+00
1.637700844494347940e+00 -7.339321738975843168e+00
-1.716486274473148388e+00 3.298246641150659908e+00
-3.789112955081928025e+00 4.245027333162807004e+00
6.254496465336615962e+00 2.900639681423418992e+00
-3.770667024642797571e-01 -2.648833633840851132e+00
-7.349797543971710034e+00 9.190355905813730075e+00
-2.116006045863281670e+00 4.973668939590570659e+00
3.617835775507674878e+00 -7.621346130506855943e+00
-5.033091122599836709e+00 -2.461080221820819425e+00
-2.263292314481070822e+00 3.172482444165476867e+00
1.975914378996726617e+00 -3.822358014166820528e+00
5.794367453155643943e+00 -2.818176050870167870e+00
-1.889476191687371021e+00 4.483058371052194957e+00
-5.332061658822456529e+00 4.612105233598617460e+00
-6.720842268114199491e+00 8.826350079787024683e+00
4.646194538536517982e+00 -6.684313206274691055e+00
-5.345434613111403443e+00 7.022221937854093099e+00
1.603496554010815256e+00 -8.347145342879688457e+00
2.775937307015233113e+00 -1.066546605594751718e+01
-7.734220291331138419e+00 7.160075404557209922e+00
-3.044996915670044046e+00 -5.353591196891722248e+00
-2.335429167719554666e+00 -5.084329197841002568e+00
-5.616278609208753991e+00 9.706883715404137192e+00
-4.237462958710790595e+00 6.398730049539564035e+00
-3.220642784843083195e+00 -4.610732598323968645e+00
3.601551165683678057e+00 -8.744203498127294694e+00
-3.541200033597921015e-01 -3.444832607587411388e+00
1.847289157546520899e+00 -7.705520669893299868e+00
4.163409897204170207e+00 -1.361766949443156349e+00
4.483157139919315526e+00 -1.701285395371957776e+00
-8.390378540438426569e+00 -3.638171863253983673e+00
7.181681615348889380e+00 -3.914850828949465011e+00
1.557256730825500757e+00 -2.926983062114173695e+00
6.693088660324447048e+00 -4.990155139697137976e+00
3.241475955954791210e+00 -1.008246333568026820e+01
6.333186912608566033e+00 -2.104218040383192267e+00
2.061729648773936940e+00 -9.794276932703152028e+00
-1.408840286130966790e-01 -2.502925906207745577e+00
-4.322070739342138701e+00 4.970939302464082665e+00
5.018175296337258118e+00 2.161768428494786676e+00
6.478148334716675727e+00 -5.969166086870914434e+00
2.059888181619261793e+00 -1.229463090419029925e+01
1.597689559805482773e+00 -9.034934705787819098e+00
2.144643886398541088e+00 -3.606046152708482833e+00
1.409133285994888851e+00 -4.522517619861587512e+00
7.851964061681093732e+00 1.602279561689945675e+00
7.066467357244616387e+00 -4.807279009948382864e+00
7.145872065074770907e-02 -4.123927424973854450e+00
4.059892490110889596e-01 -4.224531630092694279e+00
-5.788260469605835290e+00 9.065440736831662960e+00
4.489049467297146379e+00 -9.805273476567657909e+00
-5.854243428611760613e+00 -9.512657990719095569e-01
6.608992933317295204e+00 -5.836820477442672406e+00
5.013169952153927689e+00 -5.952788488021743873e+00
-4.773335157198740575e+00 5.669238006510299854e+00
4.521601999360230550e+00 -1.558094895450728989e+00
-2.292945960838276953e+00 -3.582580013730257473e+00
4.375761607863854152e+00 -9.350697188451739805e-01
-4.989230431121523424e+00 6.240773519170152994e+00
4.362344485107293224e+00 -1.046202711216922232e+01
4.977003586598310214e+00 -3.805804825869980590e-01
-8.496236270058542317e+00 -1.631574987373412888e+00
-6.268679980170461796e+00 -4.194080273795679048e+00
1.900320354499206443e-01 -1.881406894259080698e+00
7.798357021791882282e+00 6.408701632362429068e-01
9.217984108827977918e-01 -3.966219423995131166e+00
7.136619678689598345e+00 2.096709020203597618e+00
-8.160368160672836879e+00 9.101694419409076531e+00
-7.124930225973544751e+00 8.203866007513699543e+00
2.737701248846784452e-01 -3.480548263572678547e+00
8.411238987594606087e+00 1.447163488441565393e+00
-2.340246997843618448e+00 -2.967107837442425566e+00
-5.793771472059813910e+00 8.754515248863407706e+00
-3.808713976605456963e+00 1.606460921127621955e+00
-4.869897780736846649e+00 3.008467602581241795e+00
-9.422944986398598122e-01 6.853214786636011802e+00
6.561169821041060501e+00 -7.767948109823532121e+00
-7.177665504764638271e+00 3.115163794600793512e+00
6.444464404713238892e+00 -7.983505222643252353e+00
7.828149892563416756e+00 1.979567864368906083e+00
6.485780396794868174e+00 2.575714113877469735e+00
8.995117163215766709e-01 -3.885652149865812532e+00
-7.535008407227827831e+00 8.946251958323120590e+00
-5.629772733037066601e+00 -1.015658367481769853e+00
-8.888141593314557554e+00 -1.330508736150178617e+00
6.372883635183820950e+00 -6.312205781567018725e+00
7.175008925268341109e+00 -7.017079547866533318e+00
-3.191711892204526890e+00 3.876929186580458708e+00
3.130366375214405306e+00 -6.824196471626724048e+00
-3.303135567745388634e+00 -5.718679534527232988e+00
6.597079393799906377e+00 1.442072623550930466e+00
-5.324431633481973236e+00 3.532811427947675664e+00
6.651729037471008077e+00 1.100416030485901864e+00
-6.505222277335335868e+00 -3.601728935145865673e+00
6.692523141632467976e+00 1.799977733537706959e+00
-3.405984580449979759e+00 -4.417510181386380630e+00
-8.445681197099201398e+00 9.368562563966063905e+00
-6.150966992610387152e+00 4.113232555702556859e+00
4.784439421436921691e+00 -8.514045940537394941e+00
7.371129243222085403e-01 -5.456292541802868712e+00
4.557664806048969730e+00 -6.498749983092559468e+00
-2.469745819506679485e+00 -3.870765663641253518e+00
4.414369778064745731e+00 -3.950462239815371035e+00
-7.669731897924696007e+00 -2.582566877153628759e+00
9.841025723823172422e-01 -2.716496076745894772e+00
3.364411720253102089e-02 -1.033866549914064414e+01
1.177712608610703260e+00 -4.322585204000155557e+00
4.041763161080242028e+00 -4.379400577692695862e+00
7.067962932252236374e-01 -1.059375417848987766e+01
-3.200750084572290710e+00 -3.773589905696211666e+00
1.047706061254808807e+00 -4.873714847530467686e+00
-7.219800734540362974e+00 -2.633875988164689375e+00
-5.576337015292924804e+00 4.820430239696875674e+00
5.530141407512509488e+00 -5.767308404607698336e+00
-4.357848406086133330e+00 4.857975808956569885e+00
-7.946550197515567238e-01 -5.007791675869431636e+00
4.382368253100008992e+00 -5.357335135496222200e+00
1.731547044691749804e+00 -4.894720078115838646e+00
-7.187019934899876006e+00 -4.656684016420209460e-01
6.753890064890069489e+00 -5.488762080535432020e+00
3.658202179110848107e+00 -7.179756227398504720e+00
3.449872484423232244e+00 -8.054969383963905827e+00
-3.487433660160861315e+00 5.656083760313753039e+00
2.547346949418783257e+00 -9.275784000499813331e+00
-5.804153619653606988e+00 -1.009366256755812152e+00
-2.093626072398334870e+00 4.194263411454440593e+00
1.501609839226792920e+00 -7.642581940004415486e+00
-8.328581405351828337e+00 -3.552050576595038756e+00
-3.697139379418782568e+00 4.386321223961676452e+00
-4.811068471636665400e+00 3.229692645158289022e+00
-3.161580682413840382e+00 4.663799273955061331e+00
-1.728365472996069574e+00 -4.365330422663219245e+00
1.310686729690869967e+00 -9.647668335883647472e+00
-2.620968423160429328e+00 -1.910325898138114376e+00
-4.392303727818293702e+00 -7.428103717175348564e+00
6.183595272520816977e+00 -9.578173630414669404e+00
9.313792849466473456e-01 5.085488390515542356e+00
-3.594657716573651740e+00 4.072507942004232717e+00
1.148127433951001031e+00 -6.593627329347608423e+00
-5.129360817747134149e+00 2.406673840785128249e+00
3.294901932561467461e+00 6.260838500131666873e-01
-3.901158168940321413e+00 6.209211758652727120e+00
-1.941846347148821650e+00 -5.170689861448884983e+00
5.787623469912166030e+00 -2.152582149946107304e-01
4.005531066748057256e+00 -5.134642956483525644e+00
1.945390932137642137e+00 -7.799448436071711122e+00
2.528659670047277430e+00 -4.560839954879752689e+00
2.871869226173306977e+00 -8.262385840144501614e+00
-6.968533443330156452e+00 3.889267595728899352e+00
-1.672944225363858006e+00 -6.362381967037467945e+00
-4.541633943737247492e+00 -5.175244805007125137e+00
-6.564461870749457972e+00 -1.141474634499490382e+00
6.375509675507600171e+00 1.229295063170820601e+00
-2.017388249989659155e+00 -4.063126980898312368e+00
