3.973920327390713325e+00 6.310018520487143512e+00 -8.148462719161360113e+00 1.187843668859812629e+00
7.237224699543080675e+00 -5.316526916062567665e+00 3.573350909865514069e+00 5.242465719571426597e+00
-3.226956271619512595e+00 1.116906929398967740e+00 4.234878539138141385e+00 -3.556903502739199308e+00
-1.558278672593842007e+00 2.808144051479070313e+00 4.163550125013436798e+00 -2.161877145883774887e+00
5.973087999336796017e+00 -7.413325775844725740e+00 9.522162141761738585e-01 6.206070562459339079e+00
2.889368163860233985e+00 8.783313682046214765e+00 -7.246277593504487413e+00 -9.503382061744227727e-01
1.884539702454539611e-01 5.123315258758871948e+00 6.091682970571749678e+00 7.825144010947266082e+00
4.678320108739788097e+00 8.783992725098663357e+00 -7.635623049008966490e+00 3.756440144823087302e+00
3.767887226931655675e+00 9.557253167275570505e+00 -8.238373599317004192e+00 7.266781088392612054e-01
-7.829356913319204248e-01 -6.127274058286947600e+00 6.809416353373422659e+00 6.124692386837290670e+00
2.040766527435059707e+00 7.048263765660281344e+00 -4.877415595558094452e+00 5.237914018248721604e+00
7.209930763216590321e+00 8.382888772393631838e-01 -5.168302016900174323e+00 -1.359160048411812260e+00
3.668693168616677713e+00 1.024982755820283131e+01 -6.863353269428517756e+00 1.945909039592727874e+00
9.390054612033567061e-01 -4.637431275228468763e+00 6.925701105047991746e+00 4.613645064234789039e+00
3.762135042824168885e+00 6.306364078066913237e+00 -6.628668222528700582e+00 6.256685592929263073e+00
6.599008630172217948e+00 8.053385433363919432e+00 -8.758410953201474669e+00 4.896285325282979883e+00
-1.197630670288641674e+00 -4.161339368669006333e+00 5.618798058400737538e+00 6.998320122246285635e+00
5.762680539234393606e+00 -1.522298993979412263e+00 8.488564359288314876e+00 -3.294514073883529015e+00
8.049904677711627876e-01 4.075246500057939869e+00 6.903390942258214480e+00 6.466955554657655370e+00
3.955260558562214257e+00 9.522824940990100018e+00 -6.817378758163823882e+00 -1.315729789322872545e-01
-1.349474701726129933e+00 -4.429963380497254022e+00 7.101474148831724342e+00 4.383471015045453001e+00
8.263066294053814431e+00 -8.176319605772747190e-01 8.192008836424671259e+00 -4.258303954483486642e+00
8.801345438249903452e+00 1.031716699025600592e+00 -5.675411612272032613e+00 -2.851385811426339956e+00
7.090371148164022586e+00 -4.260413981686287599e+00 3.724347792266532231e+00 6.644232968598863920e+00
-1.641719920513413422e+00 -5.432672975701529516e+00 6.580104794975836668e+00 4.300861521028126688e+00
-8.392009517311284084e-01 -4.876965706878100271e+00 7.839123014964210157e+00 3.815182599505064331e+00
6.882923958940736497e+00 -8.782265323800160672e+00 8.896214724924522699e-02 9.811923453341222512e+00
6.852622728052025103e+00 -4.566519683379075545e+00 2.302436031898187352e+00 6.857759730190362113e+00
3.951497387278301687e+00 5.382108694134807969e+00 -6.108959621749455948e+00 2.891647019966136156e+00
-1.134525979734517964e+00 4.477393189085951519e+00 4.068179055380599429e+00 -4.815243478632186935e+00
9.031957495748647702e+00 -4.297307753708556888e-01 -4.754336819312947604e+00 -2.415221168477433178e+00
4.560120208414480736e+00 9.258591633703296964e-01 6.758979140126956331e+00 -3.261221353978075221e+00
6.460455550844315553e+00 5.429893382114531875e+00 -6.818563613933580569e+00 5.353772415333001078e+00
2.266935127845702613e+00 2.322199905998067138e+00 7.624698083895173006e+00 8.183458248928703327e+00
-1.429245238116540362e+00 -3.762192089674988971e+00 7.724320856490823672e+00 3.315216730516556076e+00
6.968599405192547280e+00 -1.191757368693245223e+00 1.025980007719782705e+01 -6.133170238987248446e+00
7.598078295197639775e+00 -1.171833019233925466e-02 -1.926232436858885233e+00 -1.323858482469635778e+00
1.564224120341834556e+00 3.044201600622491455e+00 4.585129323262610690e+00 -2.392341922097021456e+00
7.467289820906042763e+00 -6.915548342280386507e-02 9.699665196824369673e+00 -4.573642309026121566e+00
3.607771009191008904e+00 -2.045680332516758071e+00 5.989163510962095316e+00 -4.417939089516668361e+00
8.283205364845953156e+00 -6.974067163236596478e+00 5.514434073867702235e-01 5.092882029544023581e+00
5.755675162994918992e+00 5.507481788521539912e-02 6.395570955382199330e+00 -3.408075725719320381e+00
6.044379504879619169e+00 -1.750002670027738239e+00 8.206270406820928898e+00 -4.724049163537014984e+00
-5.880037579066544895e-01 -4.570737335540918878e+00 6.293259612999713148e+00 5.185414621883364106e-01
-1.118379537301116944e+00 3.003998469077602262e+00 5.623734370451139775e+00 8.928361852955363887e+00
6.225241538878611536e+00 -5.363910273797549699e+00 2.060342398341002301e+00 5.160110161769369874e+00
-9.433741292953929936e-01 2.710650587244339160e+00 4.860592552752299511e+00 8.975634765228306833e+00
-2.716479506411962674e+00 3.034620780347032643e+00 5.402289658266798966e+00 8.578456449191961042e+00
9.335230402150955342e+00 1.486813334836891487e+00 -5.124914775761722829e+00 -2.976195879953707379e+00
-1.933367218452874514e+00 -2.819923490907955799e+00 7.338100798492571464e+00 4.325340652388739215e+00
4.567667634044834557e+00 5.364044045630854463e+00 -4.987966410873855949e+00 4.707240666688577768e+00
2.190491635445772634e-01 -3.651030714375862907e+00 8.798671013361568427e+00 5.117747344876665494e+00
8.321101227752595975e+00 2.576211473323052559e+00 -3.730008131710149666e+00 -3.589250516540178904e+00
7.818430718717610084e+00 -5.040408461598899770e+00 1.947953957391139745e+00 6.883622226211748796e+00
5.789194346408927494e+00 -1.169715005888572357e+00 7.863837454994185627e+00 -4.222436470148620558e+00
-1.170409783414174676e+00 2.431658364808297002e+00 5.748190890170472578e+00 -2.559304651146204979e+00
-4.565975864299784970e-01 -5.356066451859022415e+00 7.329668844188671706e+00 3.148428922067291857e+00
-1.896326102683014936e+00 1.454882422388288354e+00 6.866848783089443131e+00 9.071013604195293567e+00
9.909967651449078652e-01 9.091137102442745643e+00 -8.559569147533258260e+00 7.474287861979922454e-01
3.519410781402030786e+00 7.552052683723979420e+00 -6.565949521676533784e+00 4.060063775904539263e+00
6.097594773027093851e+00 -1.232901259178143416e+00 7.979235562957286199e+00 -4.993163731805651651e+00
6.204196603974501123e+00 -1.453070021138593404e+00 7.800291842866083236e+00 -4.677571548434653614e+00
7.874228355471389662e+00 6.328813497360160412e+00 -5.850496166715713819e+00 4.325030080601562688e+00
5.874425121996584842e+00 -1.932137131449639611e+00 9.417225271523099295e+00 -4.712185734732461384e+00
7.353085318459319453e+00 -5.796161862727094771e+00 3.636403304137184378e+00 6.909552599240663007e+00
-1.228349339543241214e+00 1.941422232914697066e+00 3.665810069080021272e+00 -3.917633126916285402e+00
4.427237319862817877e+00 -4.829924249756473387e+00 3.286484224068227711e+00 8.432847314166018293e+00
4.773837561996941758e+00 -2.686192474695275667e+00 3.593917785009554500e+00 5.864437190233140029e+00
6.929971008406922373e+00 -1.500036671782484010e+00 5.641032002068080864e+00 -3.263207243508758459e+00
-1.862867296995039501e+00 -3.370075311418241348e+00 7.456512181916107984e+00 4.001204955568807620e+00
9.971156581925111340e-02 1.812191881107907410e+00 4.883985358650729580e+00 -2.172591007709828936e+00
6.725029053973295312e+00 -1.097632107306161675e+00 5.792696996129576448e+00 -5.559753692523675461e+00
6.215312085726822033e+00 -6.521431148881340345e-01 7.665588178223405436e+00 -4.179939409882342360e+00
-2.980865790597107434e+00 2.581532802002352689e+00 4.937050935958510856e+00 -4.788245064973580156e+00
-3.660663670456534291e-01 1.910137471742423543e+00 4.112226048732110506e+00 -2.656804703691982183e+00
7.173528007836223352e+00 -8.277091905048523657e-01 -3.576377566783434325e+00 -4.469917191506284304e+00
-1.464914164586633705e-01 2.896607378678037747e+00 6.483639050861870423e+00 8.904231941612215095e+00
7.413131561167237926e+00 -6.572603092407941716e+00 1.019037521331889629e+00 6.767440491823478510e+00
-1.036711778799146000e+00 5.761629481339760606e-01 7.465932562093371416e+00 -5.374459363861928018e+00
5.759721082003159687e+00 4.875900443710253995e+00 -6.038026144711454712e+00 3.754181874428579757e+00
-1.956025123725435133e+00 3.446367649177166204e+00 6.879592984339370609e+00 7.831513115445797091e+00
9.188380692355469392e+00 -2.090583568794119884e+00 -3.434592864450768168e+00 -2.844993839042639028e+00
6.278429060346268464e+00 -5.772392586721365682e+00 2.630145938138624739e+00 7.139053869784889095e+00
-7.924588477806884246e-01 -7.429162703672361090e+00 8.994528114253018458e+00 5.385042588474872716e+00
-1.858413630325369770e+00 5.031930086998721130e+00 6.275993130160965272e+00 8.492931067245253374e+00
8.979819241186174139e+00 1.220453158953434647e+00 -3.791666955875109934e+00 -2.394096991420290532e+00
6.203070111432224643e+00 -1.631556344164794670e+00 7.312106599655169958e+00 -4.928729809946120533e+00
6.029718807698010163e-01 9.400739900134691851e+00 -8.680181449394231308e+00 2.893571349883386823e+00
-1.135958952157603008e+00 4.162080640958976119e+00 4.093431574279644103e+00 9.843659856803803621e+00
-1.702923466275127584e+00 -3.967330484193824169e+00 8.802444730656501903e+00 5.619636098259545243e+00
9.681389454814997464e+00 1.810175685376826493e+00 -1.774158440476740317e+00 -4.862244264275226158e+00
-4.286204126658981650e+00 2.028304508796455963e+00 4.122887200115131989e+00 -5.346352375394674894e+00
-1.677764572406341692e+00 2.766380250620802173e+00 6.530084571179591180e+00 -2.556919053884853632e+00
-1.323736770229872350e+00 -5.272824746997172518e+00 7.270174670691214480e+00 5.321806626892992220e+00
5.360183674490625272e+00 7.373983842257247900e+00 -7.534899097780978217e+00 3.663313048952963058e+00
-3.350912466895197284e-01 3.256260274407402289e+00 7.166159594422321533e+00 8.861229251414327379e+00
-1.367066641987943143e+00 2.179895752604472658e-01 4.190879743107754685e+00 -4.600889407624136673e+00
1.854072210715221658e+00 8.311810391425263234e+00 -1.041881570240782828e+01 1.577426558227552622e+00
7.491959049140583637e+00 -6.255628718961150359e-01 -3.542731865300623451e+00 -8.825431431288119910e-01
-1.938520445565499850e+00 3.505745942952702698e+00 5.747110538672529856e+00 7.146899055353335584e+00
-3.669680258399934392e-01 2.389247232889819550e+00 6.553509612866805334e+00 -3.928478015996764050e+00
5.226568270801590366e-02 2.862884925897871025e+00 5.135438937979166063e+00 -3.917498134194675963e+00
4.341375558921511058e+00 4.079043270419621336e+00 -6.105928715803180751e+00 3.989939139158280135e+00
-4.604750835886239901e-01 2.322886425281058376e+00 6.235129647399251240e+00 8.180258548876475189e+00
7.014730420705876490e+00 -5.371412658704334042e+00 2.993204714489033691e+00 8.307667247687078316e+00
-1.425349447339020470e+00 2.673915550820018083e+00 4.932911340272780443e+00 -2.296788092623298638e+00
-1.788399092346977248e-01 -4.991105512323942506e+00 5.958520430142875135e+00 5.246509028096948413e+00
-1.847126819032126166e+00 -5.313970332867474333e+00 8.377383517933196799e+00 4.886823912113528401e+00
6.381994233959845886e+00 6.419493023822636424e+00 -7.349632648369585297e+00 2.917131030428360638e+00
6.047882926183960173e+00 6.944683821407137359e+00 -5.119496910769115949e+00 4.116094648145920409e+00
6.510290268413131187e+00 3.832800196711640961e-01 7.629728584584678508e+00 -3.312052435468345379e+00
1.773918666019478119e+00 7.997738488523296496e+00 -9.050735465260073553e+00 2.292104438959661650e+00
-3.020364389278268114e+00 1.864507545917196474e+00 3.647782358406320480e+00 -4.346492323104584443e+00
1.228022257492818792e+00 9.417242279273342120e+00 -9.608182509645015301e+00 9.594094784254276753e-01
1.953308455768338892e+00 1.171983275861828844e+01 -9.463519393100717991e+00 7.624285171600508892e-01
8.633015683294212650e+00 2.151642010000383909e+00 -2.634479984306998812e+00 -3.224133591099826557e+00
7.231528510795472542e+00 -5.666704353436470498e+00 3.956025188531980596e+00 6.355740046271620258e+00
8.807016951023236118e+00 1.446240804728666340e+00 -5.311806194574640649e+00 -3.324302791693765524e+00
-1.775366623301260827e+00 3.032243676162680313e+00 6.518172051126431832e+00 7.961837110695343611e+00
6.044772611450912159e+00 -5.722923816583518786e+00 1.827831421413031343e+00 6.757375333308851317e+00
3.458465290443430096e+00 6.856510583123471392e+00 -5.495728797942421195e+00 4.098629929576349973e+00
-1.541789981626898065e+00 -3.841356807612681834e+00 6.696772573261926986e+00 6.880943371225613170e+00
-3.418058623034152976e+00 2.886087028521668874e+00 6.510227501180403387e+00 8.082632357799102607e+00
8.343280291289644879e+00 -1.654659558306512901e+00 9.663590564320760024e+00 -7.271335323085060587e+00
3.452814317350499707e+00 4.535087180417002983e+00 -4.983727045354533480e+00 2.323215430000061588e+00
-2.702168807723634103e+00 2.446238576396089215e+00 5.728276681404637749e+00 -2.800052225852762255e+00
9.091839179453103270e+00 -6.596634962157222892e-01 8.267133095562920531e+00 -3.663617130508740161e+00
-8.031957712219768286e-01 3.151982333361496025e+00 6.347084972507985867e+00 6.517478500336183700e+00
7.616077872692645911e+00 -7.141624044053674680e+00 8.500620023031855155e-01 5.437143708402497388e+00
-6.718804137768892293e-01 3.565756096832834565e+00 5.362813658108580128e+00 -4.102837194252914266e+00
7.122454185411575267e+00 -3.021284692598074084e+00 4.358744859160519347e+00 5.925549099572863021e+00
6.373226607394163246e+00 6.214133823586343475e+00 -7.590220194978890333e+00 5.530697619491872885e+00
-1.005132615855977463e+00 8.100280410930218444e-01 4.153710265682594382e+00 -4.578241397521270351e+00
7.148317817308306843e+00 7.560829662415347041e-02 -5.004414799414535153e+00 -2.775851771667807277e+00
3.987828920026068591e+00 -1.900871505054816613e+00 8.257883762417213447e+00 -3.282613265323194085e+00
8.194431653182379094e+00 1.412855927819798740e+00 -4.814279742502042936e+00 -2.124345572841124685e+00
-6.452357839341286150e-01 -5.796406084649512458e+00 7.282263127000701886e+00 6.585058895269349399e+00
1.557859253650228482e+00 7.875972831528335938e+00 -7.794879015267730082e+00 2.498926396443291509e+00
1.637653761323243362e+00 1.237815633840998331e+01 -7.796481370056571158e+00 2.504842740503270271e-01
-3.249761936245069371e+00 -3.468171591454114022e+00 6.784328434924006501e+00 3.669772832993238865e+00
-2.584782714433720763e+00 -4.627378197432642004e+00 5.732848420959503422e+00 4.171635228829035924e+00
7.292667582897385259e+00 -2.054231720744918555e+00 9.281643929262273218e+00 -4.074789817648823309e+00
6.604604829766587137e+00 -5.442314036349854334e+00 8.780445601976862857e-01 4.977948873085003001e+00
5.972172933111053794e+00 -3.055000456443567991e+00 3.143007366417251092e+00 7.362892406310425741e+00
3.833392085577929098e-01 9.716507298559415418e+00 -8.666615374806452721e+00 4.554757467744297017e-02
2.950411851955527354e+00 6.517143856503005317e+00 -4.495127006835841321e+00 2.632456691451731334e+00
5.831162919412256507e+00 4.864915818804879777e+00 -6.776613114819377337e+00 4.491314360044348142e+00
-1.264097133820784258e+00 2.814662674154759792e+00 6.572391384162305172e+00 8.878903414305556296e+00
4.803462359100210577e+00 6.236345069256180373e+00 -6.367237378367638811e+00 4.053560176161068895e+00
-2.302701101004382078e+00 -6.001587602161067458e+00 7.280675929055050233e+00 3.904075263598677292e+00
2.380423864336733697e-01 4.144379840024035033e+00 6.143646527727820938e+00 6.372878066150763132e+00
1.284991749916353676e+00 1.037986211678107118e+01 -9.710353213047554277e+00 2.466380333122931034e+00
-2.078915970022464865e+00 1.639902192079043530e+00 4.916844779494537576e+00 -2.491483297506710493e+00
5.489100585618253092e+00 6.580456368987194438e+00 -6.080339446522867064e+00 3.823800696956412892e+00
4.784509591708905774e+00 9.221336188731557471e+00 -9.042390810579284732e+00 2.635662566638512505e+00
5.148525074115431366e+00 -1.954390540619869165e+00 7.841453991082763864e+00 -3.898310661959722090e+00
8.474977601204873423e+00 1.886662851533064567e+00 -4.506568317936798351e+00 -2.242854442668225978e+00
8.719653545680962736e+00 -2.099047941363507697e+00 7.768819462401297393e+00 -3.736294672779837178e+00
1.199974803088172948e+00 8.814308257202693397e+00 -8.455201979923153033e+00 8.899228189008482337e-01
-2.253703472479140935e+00 1.764044248048268759e-01 5.293661796463075220e+00 -3.754604608222543494e+00
4.801847061282344065e+00 4.314769190531102971e+00 -7.580467051242480991e+00 4.959580901151253052e+00
-9.379559819798174436e-01 5.538281651555490015e+00 4.885451740161822265e+00 9.529990119951428085e+00
-2.204547395340388238e+00 -5.143364828994301696e+00 7.206216398909331744e+00 5.195587351048628122e+00
3.868116971721947905e+00 6.994864338024491701e+00 -8.723659784764231873e+00 2.354463045462559023e+00
-9.615757507846578456e-01 -4.867905491462000356e+00 5.963786445106861400e+00 4.017449326567992252e+00
7.571746196405684692e+00 -7.041661190667778847e+00 1.795199878183515452e+00 7.637485420442774675e+00
8.952945532164035214e+00 -3.131585992904124094e+00 7.723205422108168072e+00 -2.841257161068719395e+00
1.817158206297714740e+00 9.117256302800116785e+00 -9.465940200068978072e+00 2.062376938457056053e+00
-1.549928668418501188e+00 -4.715749800630393729e+00 8.386865137065155906e+00 6.952462257251224464e+00
6.692580912959696704e+00 -1.166544588962135087e-01 8.488021990782662840e+00 -3.457618938107914097e+00
7.259005975409912992e+00 1.561540078299102241e+00 -5.366253564385115027e+00 -2.426106851463256220e+00
9.003134841214929907e+00 -1.914664212739525251e+00 -3.530100601053989706e+00 -4.350548559981957553e+00
-1.983783788446453311e+00 7.443124972497554559e-01 3.120817469951686185e+00 -4.987647295921013857e+00
-3.474068324837147337e+00 -5.189288013544468114e+00 7.453910728854188150e+00 3.666202628215867065e+00
2.206930893014236617e+00 7.756889286185834287e+00 -6.934369244910078223e+00 -2.312815553387297385e-01
-4.146452566772033776e+00 1.237128723531474517e+00 3.491536224832938906e+00 -2.733181549120753839e+00
-1.794971316460261868e+00 4.928103890315407298e+00 5.871251219303601943e+00 9.765144133899001488e+00
8.147307784866887559e+00 1.965752371506195306e-01 8.311298277587553684e+00 -5.733219363589224571e+00
2.338083007128781698e+00 9.070671592974340669e+00 -6.013157380084019010e+00 2.358315955208839743e+00
9.596266072015010806e+00 4.328969981282351775e-01 -4.222621079722722826e+00 -4.221946336589912363e+00
3.038346930349954178e+00 1.011579547210672025e+01 -8.439373072064235259e+00 2.577060605448099562e+00
5.871319392267461801e+00 6.220919610699573887e+00 -7.165512326324604331e+00 1.611788218766950109e+00
4.296651300821811681e+00 7.100473650153521277e+00 -4.976921450636869082e+00 3.021381264339321415e+00
1.017824815840020136e+01 -1.665469287558110967e+00 -4.190055211808267899e+00 -3.267451773759812550e+00
-1.311448589535159304e+00 1.112553231779546570e+00 5.724585361445305942e+00 -4.448608930647238502e+00
7.607673402789638217e+00 1.290279304205301347e+00 -2.702868619251099780e+00 -2.815353847076596416e+00
4.087280707608929475e+00 -7.795769377045440152e+00 3.433344698651899840e+00 5.358863151872025554e+00
5.635545190451520803e+00 4.629838855050212310e+00 -4.218405431608982070e+00 2.163453804936445568e+00
-9.551154316884532536e-01 1.129875346445304851e+00 5.303266404431962400e+00 -3.749000746069789614e+00
7.399848278238518873e+00 3.032083105994736183e-01 8.382959823974951874e+00 -3.222983393017518683e+00
-2.500654437020487286e+00 3.467080942399349830e-01 5.323387058702884644e+00 -3.973972584774055683e+00
3.319743149905671764e-01 -6.001353660077099583e+00 6.779292702503656010e+00 6.037968136227304328e+00
6.720533903619826610e+00 -1.142685411036798104e+00 7.801438832861420813e+00 -3.484128941029561055e+00
6.348978684555924623e+00 6.304156158221227990e+00 -6.159866330916867305e+00 5.701916876957392688e+00
-6.640057187309268416e-01 -6.128484149215449150e+00 9.473548425324292310e+00 4.304016045119783307e+00
5.212200089667201830e+00 7.443475595360986574e+00 -5.527399229616616338e+00 5.404638602287720417e+00
6.137940921273509431e+00 -2.115341403959900557e+00 8.283187965529087649e+00 -7.140437411974745352e+00
1.035030287865127896e+01 1.575613819686415118e+00 -3.930475413078261315e+00 -1.699908812327177277e+00
1.645583961204823531e+00 9.963749932122983211e+00 -1.008227303953132648e+01 1.112793048744412872e+00
4.367245675121223414e+00 -7.260506993756083993e+00 1.584468459183184796e+00 9.178774280216625669e+00
-1.279129456008764931e+00 -5.628657727076502582e+00 7.268489407300096516e+00 5.616814294007588693e+00
2.542744593158108302e-01 9.400109667386159273e+00 -6.690234085144435738e+00 1.366922039960007940e+00
9.628392245768807811e+00 7.972408641518838879e-01 -4.053643771401763019e+00 -2.460284087731360536e+00
-8.682503041052483939e-01 -4.573592495397040381e+00 7.211070032797534779e+00 5.028244612601555197e+00
-1.596760851695939953e+00 -3.486596151027468338e+00 6.014805791697937387e+00 3.180429112628432087e+00
-7.750646719012609376e-01 3.372768850716326483e+00 4.881414628844680692e+00 -3.227173422145873882e+00
-1.888612930893222908e+00 8.264679837537668439e-01 5.172734842996534077e+00 -4.073568449863297580e+00
7.137456153675009851e+00 -5.348514634644892851e+00 1.964445889157641734e+00 5.973480111747979215e+00
-1.243637889841668231e+00 1.854587700361737479e+00 4.658213787281506590e+00 -2.869423230247762469e+00
1.744855509534100513e+00 1.214541628975735499e+01 -8.798161366102180025e+00 2.325262854201053386e+00
6.861990233173169251e+00 -1.897885809010386282e+00 -3.595591966676142004e+00 -4.600467106835591125e+00
9.361640184465651160e+00 1.367117759825638768e+00 -5.550027424990640057e+00 -3.163919333421378433e+00
-2.730280701409030453e+00 -4.069501636245966836e-01 3.236310437807447649e+00 -3.061671396850623061e+00
8.216823157920931209e+00 -6.792876788541641453e+00 -3.612737600805431271e-01 7.845504143399354646e+00
4.468843885157290252e+00 6.640082749483147140e+00 -7.939261315022488219e+00 1.824676484991332615e+00
-5.222395089232471088e-01 5.809270142355456024e+00 7.777533744793904802e+00 7.949376120792988942e+00
9.395903969163612146e+00 1.820663018584850912e+00 -3.950404652942330674e+00 -3.654160017970589536e+00
6.964177636687327144e+00 -4.242930485732364865e+00 7.465661752196304235e-01 5.300539203069323690e+00
2.796903075093584601e+00 9.219219804986956035e+00 -8.966456047955746911e+00 2.511397761834312181e+00
3.562246437632827778e+00 9.456068629940826753e+00 -7.865750040693106016e+00 3.835769757138197011e+00
-1.925615173735414132e+00 1.226432632088873875e+00 7.368201360672264499e+00 -4.565061744152283829e+00
1.061715893543708766e-01 7.514166914524588181e-01 5.915196206259731859e+00 -5.847625265980667564e+00
-2.704442563420653922e+00 3.104916003965287441e+00 6.459448413974677727e+00 7.830941814471674256e+00
-3.231895581489056646e+00 1.539861995264341532e+00 5.583088365014070575e+00 -3.474278459049398471e+00
-1.947060110536680710e+00 4.068484954159913514e+00 5.478058659975648226e+00 8.958393716868014778e+00
9.836625141846010223e+00 1.441128183765802984e+00 -4.519198544684221552e+00 -4.051244343140729676e+00
-1.308175525098776326e+00 1.152954513502965739e+00 6.329485202094390139e+00 7.566056561613399900e+00
-2.576872419076126519e+00 4.170044367413207276e+00 4.838518395370963177e+00 8.060959547393784064e+00
-1.830561856840303037e+00 1.091842189819193010e+00 6.137262576768480749e+00 7.060576380779480132e+00
4.402267536355694233e+00 1.037633041043025273e+01 -6.756236104006952736e+00 3.716044045260506135e+00
7.758684649566509606e+00 2.373638039177743853e+00 -2.712596726458779806e+00 -2.690481842342319574e+00
-2.665034233097931970e+00 -4.892799541286119158e+00 7.488007374091613322e+00 4.667872246852929230e+00
-9.470792580847053888e-01 2.400764276915871243e+00 7.883914057428329514e+00 8.007207492487609102e+00
2.053433620557391759e+00 1.125434839588922031e+01 -8.367459148236843447e+00 1.003289815715354472e+00
3.520092796651067779e+00 8.313670710145878218e+00 -7.033273166712286084e+00 3.536917222667572247e+00
4.626986345956391133e+00 -3.353699993251995082e+00 7.186510460795543231e+00 -7.236047026034792218e+00
5.274492546874821386e+00 -3.842797632896645332e+00 7.677080706389214360e-01 7.621914646503348045e+00
3.692696759052654265e+00 6.376095305228488108e+00 -5.581417530436539209e+00 3.431958719474642816e+00
-3.674979607991437192e+00 1.149402076842637843e+00 5.454656765569382060e+00 -4.931313628099425195e+00
7.564208615162799632e+00 -3.907297319367345256e+00 1.898819954648003350e+00 7.709231028933786867e+00
7.440178143463131555e+00 -2.012416279462769353e+00 6.901233192468907873e+00 -6.179250377333440625e+00
7.655001078344261245e+00 -5.462942307990547697e+00 2.601465939215554801e+00 9.455419574237600600e+00
7.933388753411292349e+00 -4.731436754017456892e+00 4.526890349753499798e+00 5.285345268337303892e+00
5.713995265089057973e+00 8.384685827133514735e+00 -7.991195814775158723e+00 4.605871008753701368e+00
8.308014195009372216e+00 6.863818940739148111e-01 6.940346471333401546e+00 -5.606925234214376275e+00
5.987266115488814933e+00 -5.778388131618339418e-01 6.786229424833081225e+00 -4.124786996234551140e+00
5.936024276140951628e+00 5.032094384609099080e+00 -5.337153105315119106e+00 3.764566228510783485e+00
6.422226225985915526e+00 -4.193176050262817256e+00 9.587616514871180051e-01 8.331774927396383035e+00
6.630650183394544150e+00 9.284861228227507368e+00 -4.912720259673886147e+00 3.058720385876244841e+00
5.839964343706474104e+00 -7.124186020217511128e+00 2.233746407434824555e+00 6.006679164782092961e+00
5.654150255066646480e+00 -1.849122605262557784e+00 9.196596147879516181e+00 -4.727728015543866569e+00
3.639617702926848608e+00 6.201227082317113393e+00 -5.569897351907375338e+00 2.781082351595971058e+00
5.995934662249888802e+00 -6.515575084639873005e+00 7.437252083343526277e-01 4.062329293366953031e+00
2.054243646155847980e+00 1.062593119256006524e+01 -1.113649668603928333e+01 1.517637278769412346e+00
-1.953767815173493627e+00 -4.650888808227738203e+00 6.954100301391833661e+00 4.055718468942194121e+00
5.906433664200486433e+00 4.292795157360152380e+00 -4.474835189770125510e+00 3.350134915805600855e+00
2.056101013398518251e+00 8.852154102645409139e+00 -7.876612200707086231e+00 2.184983314225127593e+00
6.840650383791231803e+00 6.928327594063639516e+00 -6.945658153566972359e+00 2.162086111521014153e+00
6.657379976067892891e+00 -1.064549219192029383e+00 9.580141063672135360e+00 -6.399530284325985363e+00
-4.273551072291756014e+00 4.279631466845244425e+00 3.546808811527843108e+00 6.964122271153929233e+00
7.979549464799376324e+00 -3.697271649457688714e+00 4.911824848937536014e-01 7.054710861884298190e+00
6.367917525573639992e+00 -2.409871595896717178e+00 7.946816671698445411e+00 -3.243454276940515690e+00
2.042137265911833310e+00 8.541407232492863599e+00 -8.843182488919913098e+00 1.172339692943947131e+00
7.759680685631925812e+00 -7.837658023224223669e+00 3.472869690344721594e+00 6.046718145860803695e+00
6.661416248461648593e+00 -1.969793555702916255e+00 6.105735157666684287e+00 -4.371927865351515230e+00
9.262056530081416383e+00 1.832719486419178034e+00 -3.359632598897762890e+00 -3.711443900865466716e+00
6.309169328078160000e+00 -7.728187833506718007e+00 2.019433252937174128e+00 6.000535130362545821e+00
9.143717992774259784e+00 -2.216632715941492027e+00 8.396811136136459908e+00 -5.997099040655242241e+00
6.284171027658079112e+00 5.432851588216527361e+00 -5.910379115060187871e+00 4.925015539385192653e+00
9.261498177106901153e+00 2.150562880958508227e+00 -3.343301127209802992e+00 -1.070652571856473667e+00
6.463204146488282120e+00 4.565345458873288909e-01 -3.863869483833477503e+00 -3.890915615050093646e+00
-1.905660787906848785e+00 5.728688391593300011e+00 5.978652216779027917e+00 7.306001957808522462e+00
6.854949867422550192e+00 -4.092274295422908548e-01 7.620964321335936376e+00 -4.221478364406205941e+00
1.729865864705025569e+00 9.617221335682650363e+00 -9.772383287166526600e+00 1.904965684349131605e+00
7.008523293514482333e+00 2.060927076235345545e+00 -2.104327148671919279e+00 -2.832937254100294844e+00
7.117662101670478414e+00 -6.477446455341780762e+00 4.580937287723387819e-01 4.434002422549227163e+00
7.750393611484089007e+00 -1.661308482275969611e+00 9.006964690933237705e+00 -4.269765279301114269e+00
-1.275834747242543976e+00 2.877635935698989567e+00 6.059095578437951879e+00 8.423994118120546659e+00
7.624676449156063462e+00 2.494677192717500880e+00 -4.400530456913157806e+00 -1.248542339607654927e+00
-2.438815289667020103e+00 1.708977652654013468e-01 5.093955342251488716e+00 -4.564881908224034390e+00
4.450078917000103829e+00 -2.190607011564798867e+00 8.822596703167800314e+00 -5.379571877894652410e+00
-1.601955324625841781e+00 -5.016705069996636013e+00 7.505833902312578410e+00 5.219759618941025359e+00
-1.616052212380153730e+00 3.350784972347584212e+00 5.096417415899448855e+00 8.243987187509556946e+00
6.880729867299144153e+00 -8.911319175456378083e-02 6.478175847793959719e+00 -3.582958342880080416e+00
6.430491303803225200e+00 3.923470768086844807e+00 -5.327167360398544993e+00 3.003866209762455330e+00
8.458739221289583554e+00 -5.110423817764163879e+00 6.072101522555328756e-02 4.931950530406624011e+00
5.955288066050711926e+00 -6.718882151635864552e+00 2.927028665176868216e+00 8.024949722944992203e+00
7.863166052372292825e+00 -2.206218478635034064e+00 8.696132896680760282e+00 -3.113613689782209093e+00
3.147246398169858850e+00 1.208898975383834262e+01 -8.347942043546167312e+00 1.429482753767183256e+00
5.134440286408119114e+00 7.843386521068004491e+00 -6.793023093188415018e+00 1.776537911504019629e+00
8.885388322253287896e+00 -2.097000746001129734e-01 7.971994391235133648e+00 -3.342851236868917386e+00
-1.620866303428391664e+00 3.977835574438788324e+00 6.891875405394023879e+00 7.381287508183008050e+00
8.500891822817157717e+00 1.125755559001214268e+00 -4.462914007470618394e+00 -2.274099167251389275e+00
7.152247614758469041e+00 -5.333028181728153072e+00 2.148985930881279760e+00 5.867334316300280683e+00
7.149897235149963670e+00 -7.695985316636466678e+00 1.257399683508404031e+00 4.464074601211954096e+00
4.075000377528235518e+00 8.925119460696903317e+00 -8.728964579377487709e+00 3.020775742883634152e+00
6.574257775530997883e+00 -6.956935509512487847e+00 3.819852587294205293e+00 6.789599006162774231e+00
9.087592010037251811e+00 8.488228969017216352e-01 -1.716413334570878746e+00 -1.215762284820221417e+00
-1.417220783253492433e+00 -1.264854026427508771e-01 4.435097351301193314e+00 6.852662927891616462e+00
-9.807724162962423442e-01 1.213336413792036161e+00 4.046095489721004412e+00 -4.229159762314180782e+00
4.172970109351098245e+00 5.677287416634436035e+00 -5.713524000017663695e+00 2.973957143759555777e+00
7.213453777366058084e+00 -2.569866408774323041e+00 5.475119702929678311e+00 -3.097278387109710263e+00
7.480040709735605198e+00 -2.769954351728068698e+00 8.521812290306550963e+00 -3.793232788507630460e+00
5.554811027635000009e+00 4.418710635820815469e+00 -3.969999861897865578e+00 3.962241877024572201e+00
7.602077726563909010e+00 -1.586300833885534445e-01 -4.085714209363833227e+00 -4.612021438890003822e+00
7.859407598019723551e+00 -5.491027192934030410e+00 2.276719421115055653e+00 5.474035309511737779e+00
5.971133560756771708e+00 -7.199781200242477475e+00 3.459309153839445816e+00 7.559608039295976134e+00
4.339443403073922845e+00 5.591015329947115475e+00 -5.220944872104086976e+00 4.133774000252826930e+00
4.236404363377118898e+00 -2.047297248878063858e-01 6.008253210292245683e+00 -2.553744556999756554e+00
6.664955333891033007e+00 -6.790171046702357494e+00 3.154945710785050039e+00 6.717448683569934964e+00
-1.146995045087618736e+00 -7.118758307258149287e+00 8.180756296379446013e+00 4.717526710070576001e+00
4.926116363313357560e+00 5.806243208317311222e+00 -7.074361844579629022e+00 5.648501801123513744e+00
6.264410014432345797e+00 -5.961968315301120924e+00 2.875011509658673248e+00 3.403177198885701582e+00
9.164304666405577393e+00 2.943662313208834203e+00 -3.190586809526490875e+00 -2.890538187727505370e+00
-1.170389253184418665e+00 9.050804110942396452e-01 6.154902391006532802e+00 -4.634508409511542304e+00
-4.024595579082751229e+00 -4.309286040566913556e+00 7.197119195721646712e+00 4.376492695193653581e+00
-1.021683896596224495e+00 3.040221361668114852e+00 3.009557967587145555e+00 -2.730433280553477893e+00
1.029840235905785661e-01 1.069567695531945084e+00 6.466376858659447890e+00 8.148186328128918632e+00
-2.259580302516070560e+00 1.940922959380227075e+00 4.874449664102925794e+00 -5.053615673746882919e+00
7.781242486183376883e+00 -1.441953760304409915e+00 8.937468820106735379e+00 -3.294960262463794365e+00
6.604206509905542255e+00 1.404629177859488376e+00 5.569831191003887128e+00 -2.597171915656203200e+00
2.805221336433064927e+00 1.096193428994031471e+01 -8.853619977351062431e+00 1.613106435434607411e+00
-2.928964541671575272e+00 2.232255035444143942e+00 4.466949567615003502e+00 -3.967620702026790180e+00
7.695522996330165455e+00 -6.906402120411598844e+00 2.744479276169869753e+00 8.474247987888210432e+00
-1.130339380673192284e+00 3.142637784640988308e+00 2.443841640974204310e+00 -5.369097179291603794e+00
2.143569543370120734e+00 1.029983601279443661e+01 -7.052457152735170709e+00 4.527804399709294270e-01
8.064824795817445491e+00 -7.148353977067522180e+00 3.416766991741021720e+00 6.560506291810201951e+00
7.398503135176066614e+00 1.624067850830818616e+00 -3.250071963973694356e+00 -2.898227921638916627e+00
-3.657225995732876100e+00 -2.794063808395799153e+00 7.015977576210068456e+00 6.664162144453471548e+00
-2.309359086547341455e+00 2.114223344666797733e+00 5.429478351112505763e+00 -3.505143288466268103e+00
-8.323740515504386428e-01 4.371679417620512709e+00 5.768798572531471436e+00 8.791247313505712313e+00
8.139390668426148778e+00 9.944089909136768490e-01 -2.621839661462717963e+00 -3.340808854629978342e+00
1.109874645003617744e+01 5.274342062304817613e-01 -4.728466862535816162e+00 -4.192794178690471441e+00
6.774718511279217203e+00 -6.265547335613455004e+00 2.185895493717558313e+00 4.526986337891157675e+00
6.785833884273332117e+00 6.957349793383161618e+00 -5.369700855448221510e+00 3.393458035795158256e+00
1.014697197904426318e+01 5.693492521790191052e-01 -4.715433695885584697e+00 -2.453481850705249823e+00
7.609006817722009153e+00 -1.163649704450818945e+00 7.671101043729483315e+00 -6.804522630402248140e+00
7.319753045701942185e+00 8.666332527661896989e+00 -5.790790835125871006e+00 1.856301682722489854e+00
-2.396360058205301513e+00 -3.827428158968624761e+00 5.578883265367728050e+00 4.649510237567077375e+00
6.991964878397824101e+00 -1.292086202686920871e+00 9.045095519865945732e+00 -4.996526218812999964e+00
1.174725635494347387e+00 3.593163192101084036e+00 6.276923163134235928e+00 8.309213549970037249e+00
9.221599124134511882e+00 1.993388694264987437e+00 -3.948268050903802173e+00 -1.864619678328961694e+00
-8.613152063560610694e-01 4.788764583425482613e+00 6.133900725778259400e+00 7.385783476155196148e+00
6.133472583845781756e+00 -1.403177834281104541e+00 5.553611155468930249e+00 -5.239764283920925081e+00
1.892795112811169300e+00 9.684999297432257848e+00 -9.916345783672673164e+00 3.524078469587830220e-01
3.460433203624738496e+00 5.013347797244586346e+00 -5.522629788504596071e+00 2.769928896750560199e+00
1.094958729524184093e+01 -6.014425933118294765e-02 -3.648108119797849103e+00 -2.503526926616157944e+00
5.825780170843779970e+00 -7.030138391104786777e+00 1.731521260691132547e+00 7.843264584237738646e+00
6.244426307838788937e+00 -5.648825379893020582e+00 4.071395048517967297e+00 8.122588045677469282e+00
-1.276277857932412996e+00 4.188803781190696185e+00 6.052012952237636689e+00 9.443735135485660237e+00
-2.268909447678106872e+00 -2.141270389856277045e+00 6.041747494329357870e+00 4.189377458715610736e+00
7.644785793220055581e+00 6.795298798591800082e-01 -4.232772414450548304e+00 -3.475376473265966659e+00
-9.915946649107330035e-01 2.267920220332815262e-01 5.710562208360421721e+00 -5.242388918203089609e+00
6.318952197408572502e+00 -8.132684012140608543e-01 8.428665881181348851e+00 -3.518314812278536152e+00
-1.968083383632081018e+00 -4.869273118797583955e+00 7.088082386701702653e+00 6.164478950761644427e+00
-1.343601322293206168e+00 1.515796645974786694e+00 3.555785091522000840e+00 -5.457757083559831024e+00
4.658303047237323469e+00 -5.980987165980709008e+00 3.060480866163155511e+00 5.064670280059723417e+00
6.491680060972209176e+00 6.743668720101678282e+00 -4.624616322814346425e+00 4.337564176745011935e+00
-2.916882779596645214e+00 2.424038949286710931e+00 5.014217749545668568e+00 -4.915945727267096999e+00
-1.466292335648830880e+00 3.284933965843823689e-01 6.402040661442390146e+00 -3.537849457368127837e+00
6.722632518961084713e+00 -6.847093450766782441e-01 7.667170303902422823e+00 -3.691525692123928781e+00
1.055313620123837026e+01 1.511345370621265616e+00 -5.293672088147236998e+00 -2.837156840317484274e+00
-3.255041584794454046e+00 -3.344559925005843759e+00 8.270925935331938206e+00 6.239714855858392362e+00
-1.105361339934353815e+00 7.113775959613130029e-01 4.078045387638601582e+00 -4.204450086663191755e+00
8.881437259040458443e+00 1.352750445115015854e+00 -3.629129299138297959e+00 -2.453840100090685539e+00
-1.234225832846993720e+00 -4.919972142549118743e+00 6.384759578055830609e+00 6.612563230844948237e+00
-3.354039649226097097e-01 1.902857874262341209e+00 5.638950848730150511e+00 -2.360114089331045051e+00
1.753927413932959922e+00 9.875931501593948170e+00 -8.743708991234054650e+00 1.226480370242341245e+00
2.912810920054468511e+00 1.135225623438873654e+01 -8.677360962442410397e+00 2.569849348276990852e+00
-1.104006733776930593e+00 -5.357756490882245259e+00 8.161721516449434333e+00 5.796124931147479842e+00
5.581409981559815492e+00 9.671171604758571405e+00 -4.991135461751952107e+00 3.745341468866819401e+00
5.971682138695246778e+00 -6.228032813230293563e+00 2.858399476257782013e+00 8.105048682762369339e+00
-5.854361251502805397e-01 3.563206584700258972e+00 4.884325220944054635e+00 8.939469888758434735e+00
7.421283158717095318e+00 1.846143921661200782e-01 6.626706260802423643e+00 -5.346623662774398156e+00
-3.315119498415878496e+00 -4.563166585023566313e+00 9.823481616660775018e+00 4.278155592167958154e+00
3.505441001378104549e-01 3.086918006660107849e+00 6.397016094068550096e+00 7.803234714099616554e+00
3.796106748024596467e+00 8.062665326095382667e+00 -6.321182424747765261e+00 3.516747836746312750e+00
2.585739099517228912e+00 7.939263472557966494e+00 -6.863973760457314555e+00 1.934619221362753105e+00
3.676009110318743556e+00 6.332298781327428294e+00 -4.591051711259947155e+00 6.326887532245756063e+00
-1.000668779859841262e+00 2.080795382293677775e+00 7.940280269564420124e+00 7.608728549759177895e+00
-1.312216744979440630e+00 -4.545018799791614050e+00 5.822558570136862066e+00 6.607966698662783855e+00
6.968360767435659575e+00 -7.728707414662570940e+00 1.690344901573851644e+00 6.881506069681063487e+00
6.360331604821483964e+00 -1.785419803521659077e+00 6.769604251199422329e+00 -2.276371835880156791e+00
-8.274528275266994637e-01 2.389316407752517080e+00 6.041074721888941568e+00 -4.064383123821941446e+00
5.797975560005133033e+00 -8.284632797788486158e+00 2.875702177479566579e+00 9.146326393406535971e+00
-4.606726941768080064e-02 4.428715172482220908e+00 5.412799676213713163e+00 8.398701414897796980e+00
6.986001549000878441e+00 -5.936386126584308087e+00 3.906593477229833855e+00 3.726829546217623079e+00
3.918185123130221381e+00 1.009668068746868030e+01 -1.133189515749016962e+01 1.699588616323679302e+00
6.710637078784760234e+00 -1.585204515199212905e+00 6.283225938123659482e+00 -4.103399435230979719e+00
8.241934053006072958e+00 -7.693199800529924026e-01 6.444821603796522247e+00 -4.129278060783097892e+00
3.699876279030594795e+00 8.743910604370167761e+00 -7.240428521138972506e+00 2.209987134504788564e+00
7.148010511928924338e+00 -2.792237091993269082e+00 7.994051941093627711e+00 -5.076926485318865367e+00
-1.800310822266566024e+00 1.753136911635817752e+00 3.172126976273256016e+00 -6.310099671624023188e+00
5.667446151365480134e+00 -2.413099069969014909e+00 8.918797313793547232e+00 -6.968632706880208971e+00
6.069620528662429404e-01 3.697981776394803521e+00 7.167401628380963174e+00 6.260589581098869871e+00
-4.121808874795584998e-01 -3.838404861282525449e+00 5.096176717893535546e+00 4.779895442390529325e+00
9.002991992435433133e+00 6.788196675592570450e-01 -5.548819807142817417e+00 -3.178171761840247189e+00
-2.893760125738823685e+00 2.547435787410229580e+00 4.666916450450091958e+00 -4.821484904120476145e+00
5.823471038610515293e+00 -7.975112788683191845e+00 2.599829588920590684e+00 7.838052190222065896e+00
5.229111019395095816e+00 5.814856139061559404e+00 -4.830232297349390080e+00 2.933674883646094411e+00
-2.216179223915106355e+00 1.473044051522556019e+00 4.287701306448553851e+00 -5.159080488722857183e+00
5.280578962370858775e+00 -4.890883263906714795e+00 2.886251973532763859e+00 8.078351239373526838e+00
-2.634485905775254100e+00 1.161090886933009436e+00 6.098226228179086661e+00 -5.639448497176211994e+00
-8.954857318836032531e-01 3.836882178890086426e+00 7.099681998699614027e+00 9.297633116880639648e+00
8.283358084507447927e+00 -3.396188771772570725e+00 7.222494359897061678e+00 -4.491415215523753446e+00
3.311204144292844376e+00 8.290027098715762932e+00 -8.319469306213463256e+00 4.144733471126242463e+00
1.102367360661614981e+01 -9.010288860221982166e-02 -4.542967905980502152e+00 -3.081074600447711642e+00
-9.080438968446223891e-01 9.515282062041533484e-01 3.276791152176047994e+00 -5.429232115950541449e+00
5.270819989183781473e+00 5.142403309258559041e+00 -6.853562362810381892e+00 6.424234222119676652e+00
6.158265616402130327e+00 -2.332558403202881880e+00 7.859206368054634240e+00 -3.183073261269321108e+00
-5.436974462772898864e-01 -5.297564587349114618e+00 7.140961383551164054e+00 5.574837006105150650e+00
-2.311135836623550599e+00 2.430629579718279309e+00 3.617767557661625943e+00 -5.893977498290636774e+00
8.583153913993728068e+00 1.733285093718540448e+00 -5.571692288228041079e+00 -4.610569584018329614e+00
5.976548250388921346e+00 -5.524601107011523071e-01 6.468572724990290013e+00 -3.806358579617809212e+00
3.558045030509512152e+00 4.191517267343443542e+00 -6.033212961205511426e+00 3.655657288394226878e+00
7.519393017716131666e+00 -5.594061497490617541e+00 3.817496006085950633e+00 6.886572921441211470e+00
3.034794763389709438e+00 9.076410698765286611e+00 -7.569506720906601593e+00 1.365019036634982363e+00
5.314447393896013061e+00 5.856169861230675622e-02 7.965450352373449228e+00 -7.101048411102148350e+00
-1.261784909809297250e+00 2.355170518531458423e+00 7.239463926186723519e+00 7.715662855960668587e+00
5.645860365390541702e+00 -6.035621984464786927e+00 1.105104758359300998e+00 8.965377728097049470e+00
4.929870048655729420e+00 7.952471838500371426e+00 -5.385138259045792353e+00 4.553947381292079655e+00
5.807297815392337803e+00 6.124044454775034119e+00 -5.862537497801083575e+00 3.748697486266729939e+00
7.957972171758861180e+00 -8.860848681641353863e+00 4.471791745330200740e+00 6.789213918393298464e+00
8.094901176698391154e+00 7.201942485446863884e+00 -4.757831688472026421e+00 3.412338401971517943e+00
6.225897700030003534e+00 -7.560582059370011265e+00 1.684744441310527252e+00 7.372812858975945183e+00
-2.400165755513976595e-01 5.089582356048691025e+00 7.686896362077408895e+00 9.081386681782149140e+00
-1.798600546152203883e+00 2.134297667668504150e+00 7.023531060099243106e+00 -3.384760780874896291e+00
-2.908513075672319870e-01 2.932774408320939052e+00 8.266990247348655174e+00 6.541963415844129770e+00
-1.699543586325188871e+00 1.968834630163191379e+00 6.334403291402573188e+00 -3.634242533163625666e+00
2.765527074601505042e+00 5.836709242440774048e+00 -5.195592642140241857e+00 5.610479297686095101e+00
9.581042023802632812e+00 3.900734709913477594e-01 -5.576058653060178116e+00 -2.476711863572507610e+00
6.180508956185166269e+00 -4.888602259982858911e+00 3.208849472100822720e+00 6.339239379932655183e+00
3.662505966474716157e-01 5.612890488293913016e+00 6.508491313693697933e+00 1.073072343471877765e+01
3.287441675534701346e+00 9.656559772934864228e+00 -8.450096709094802705e+00 4.903659255179616316e+00
-4.495617637887578399e-01 2.862145402457963339e+00 8.456265951982880225e+00 7.841622614622973053e+00
6.179242647971507907e+00 -2.805823453546770097e+00 6.191961983379736800e+00 -4.672537714183789603e+00
5.573518772733421223e+00 3.666809324319586505e+00 -4.620466550377452464e+00 4.471768314813049372e+00
-1.626059854829147833e+00 2.690751965052185390e+00 5.248451051527484701e+00 7.029769873091716192e+00
-2.973462512158849158e+00 -9.210604362438199466e-01 6.230045564014984549e+00 -4.101112309374143727e+00
-6.778608335852502886e-01 2.177318409688578260e+00 6.099986861360878976e+00 -4.148948247088394936e+00
4.955114657561304981e+00 6.976128446390146287e+00 -3.856702487267631430e+00 5.473356398527940314e+00
5.708381176989327788e-01 1.107587504744499185e+01 -8.083582307798520716e+00 1.751342548002613242e+00
7.857528140155974228e+00 -6.082288423739947714e-01 -2.887624426620486684e+00 -4.566071510655788757e+00
6.233687459324813496e+00 6.648156328933577441e+00 -5.648305499617220171e+00 4.935147192589381504e+00
-2.303277542139771761e+00 -3.844421197088428777e+00 9.945926286868131072e+00 6.360655429423228036e+00
5.910165336657449586e+00 4.726781838112762202e+00 -6.368005678891545784e+00 2.690816803033057703e+00
-1.494931546108095199e+00 2.150169511796268029e+00 4.692703910813689205e+00 -3.295974766883097651e+00
-1.323101208484928737e+00 -3.109864097210627953e+00 7.019194133721654794e+00 6.454182772224661413e+00
5.430877636227472216e+00 -3.467172444404287290e+00 9.769471795467588038e+00 -5.259167525096670737e+00
-2.006231449098321740e+00 -7.490691112412783959e-01 4.036673705177103777e+00 -1.500158101278199041e+00
7.283452107246578322e+00 -1.279973553799750308e+00 7.072688024324902401e+00 -3.425864057071810187e+00
5.913468623848811667e+00 5.855680386116054459e-01 -4.663246237664408156e+00 -2.029916973916734868e+00
2.788892958283691215e+00 1.027555271706102680e+01 -9.398599421775946539e+00 1.099267529715869163e+00
7.137016182920791429e+00 -5.125416910155766725e-01 6.537043695394070930e+00 -5.498492995039334197e+00
5.477232147374492932e+00 6.699760652562256169e+00 -5.807098894528951227e+00 3.395936833512219533e+00
-1.169017672759789406e+00 -5.753861275563725286e+00 7.123045539098621148e+00 4.835691707746622825e+00
8.521868457706482047e+00 -7.912121918446159086e+00 2.904015032254763096e-01 6.175381571610822462e+00
9.341208552452240355e-03 2.615792212378175829e+00 5.438977937609356772e+00 7.180548553237454001e+00
-2.425774649134819327e+00 5.664148544875540203e-01 3.784025392938586307e+00 -5.853063881747610608e+00
-3.860816313067976235e-01 3.765953850441198902e+00 7.331051467175241143e+00 9.304612351518533941e+00
6.442450924948789570e+00 7.612202901180658010e-01 7.336790881122044361e+00 -3.837014484649852619e+00
-1.506083347178109211e+00 -4.459648711626851281e-02 4.167064514545418596e+00 -2.901797874836369751e+00
7.104306723798403667e+00 4.801881271849943289e+00 -5.513672175082441562e+00 3.165749342267485389e+00
-2.011163650039388351e+00 1.703898734513550339e+00 4.952944138627358939e+00 7.464996285639317719e+00
5.620787358038192849e-02 -4.259198644353674901e+00 7.676698031558692570e+00 6.049372097075193189e+00
-1.279245174492395165e+00 -7.715112827959920594e+00 7.562641867992113909e+00 6.939300157155608773e+00
5.327824720250349699e+00 -7.072235575148531517e+00 1.875342674685392286e+00 5.981986557185551945e+00
-1.929649112936999478e+00 -6.490108459536417129e+00 7.942382432350795440e+00 3.860689838472413982e+00
6.512033617808082653e+00 6.976532164316198603e+00 -6.652321293376846079e+00 4.026832750286123641e+00
-4.887570885799458864e+00 1.492015673310173263e+00 4.816784059575390131e+00 -3.825359632120269637e+00
-2.344570561403028552e+00 3.264133286024041514e+00 3.862047688589922423e+00 8.629315332632554458e+00
-1.479137869120229265e+00 2.642955406207896374e+00 3.986085179087688779e+00 -4.914272235634333796e+00
6.674656082201489760e+00 -6.778135774892867005e+00 2.076435861872663047e+00 5.802031465809267097e+00
5.133053269802179130e-02 2.756381167446638081e+00 3.771940361974375655e+00 -4.910811869626012793e+00
-2.075711420530078843e+00 1.598770531946938522e+00 4.522686217849072321e+00 -3.067524818043688484e+00
6.855063081411943315e+00 4.018658863735351527e-01 6.590299516108515832e+00 -3.099677028145429780e+00
5.421474730761272731e+00 -2.463260054634474283e+00 7.513949625947387467e+00 -5.468050309668658571e+00
-1.414822984123116356e+00 2.136719475415757241e+00 3.742190383461744041e+00 -3.909070928563189273e+00
5.156732501033393312e+00 -1.317397104394679719e+00 9.078770674478660041e+00 -3.886289738859413312e+00
-2.239990542154378428e+00 -4.247582861694400691e+00 8.382402424961513887e+00 3.765432270016197513e+00
5.848315751698763165e+00 -2.463026951327855762e+00 7.393401888802381805e+00 -5.084928491422291863e+00
6.638083874726607547e+00 -5.242471562177952737e-02 -3.294588402411222638e+00 -2.821121187184173262e+00
-1.598857426856923780e+00 -4.593776715915377729e+00 5.916845002064432535e+00 5.166776379270951125e+00
9.433765351660051479e+00 2.282999613001487127e+00 -3.484577593152464292e+00 -1.824369262971666794e+00
7.275439746627434978e+00 -4.699231111120938387e-01 7.722709023853722599e+00 -4.835273038749226870e+00
2.769648558713218911e+00 8.487438644743136251e+00 -9.419958859587977074e+00 3.006731991511382596e+00
7.271198486186140286e+00 -8.155726097172358635e+00 4.392894307725317304e+00 6.142613673939433916e+00
3.109341272840062675e-01 3.177429314717032494e+00 6.257101567963470501e+00 8.124510273112365510e+00
7.512592786974965797e+00 -5.962350565112717327e-01 -4.738998138947320804e+00 -2.183635300207917407e+00
8.195665965518333707e+00 -8.591136165299169125e-01 7.438928100166708468e+00 -4.370280354491712593e+00
2.048092287346584328e+00 1.405464861672546917e+00 4.557822781724587990e+00 8.457461799959402171e+00
4.419009295638900880e+00 4.924716098294776856e+00 -5.350371010160881013e+00 2.914427449368075962e+00
-2.910219688539715799e-01 2.628388277875846057e+00 4.018475765386289922e+00 7.669790203259672978e+00
5.215552384650699480e+00 -1.267616584828190618e+00 7.962929308285136898e+00 -5.233815148870314182e+00
6.638144837630656880e+00 6.652418424192407365e+00 -5.000860363047331170e+00 2.626856995385219218e+00
4.202753061114286481e+00 -2.947362719726007718e-01 7.920886849623683723e+00 -4.799010292003679012e+00
8.267310213595009394e-01 2.372354656442391629e+00 5.829002511653764707e+00 -5.410926724118322539e+00
5.360556880941452107e+00 8.524408465683510627e+00 -5.602051530828858539e+00 3.968006802054468984e+00
3.923578308372976053e+00 8.048747543963420625e+00 -7.521429299896981391e+00 2.653722620072754168e+00
-2.641057305282463297e+00 -7.512592946379919034e-01 4.847252600078027385e+00 -2.246743103209226433e+00
4.437936465501688410e+00 8.346006957400163628e+00 -8.592159741821243202e+00 3.201348723957612386e+00
-2.050107602105016191e+00 -5.921621014319399023e+00 6.356566218786866784e+00 5.269630991055651137e+00
-8.131737106855397856e-01 4.866175943402073933e+00 5.695293293734941642e+00 9.010939156502201897e+00
1.029555925995000543e+01 3.015002080550291286e+00 -3.477736005018012833e+00 -2.036311201776700663e+00
7.209085177222375407e+00 6.193341595831284074e+00 -4.837502684158586419e+00 5.279697765964946221e+00
5.135069806747957877e+00 6.564656670692956553e+00 -6.151341100100950143e+00 4.886332704310145658e+00
1.984546205927339990e-02 1.707838788840220667e+00 8.363592366458977523e+00 7.156938485173838238e+00
-9.688510097215777828e-01 2.698645843018842250e+00 5.329896620097117399e+00 -3.810509216575013625e+00
7.439506156497672329e+00 5.562070053541923187e-04 -6.059291345632072279e+00 -3.506912773519476723e+00
6.236233096212075111e+00 2.953047116601152933e-01 5.559205049312156532e+00 -2.708395272477900573e+00
-9.350375440335125798e-01 2.659486929703090752e+00 5.419912763208804662e+00 -5.280336202118785849e+00
9.455867623699203861e+00 -6.979989884338028361e+00 1.876329464591764085e+00 5.970321236486201499e+00
5.251480154568580971e+00 -6.846399368680853748e+00 1.294863063600212971e+00 8.091513199938898282e+00
-2.504151609878168649e+00 2.038529373032449854e+00 3.751022247880865468e+00 -3.824359454097624234e+00
4.586372825618180826e+00 -6.971931850124335028e+00 4.222144356098016527e-01 7.922269289861060493e+00
2.917834540919844954e+00 8.574605839327887224e+00 -9.091272368511168267e+00 2.166134761038958967e+00
-1.706522776696991928e+00 3.943628795581455293e+00 4.529887855128135854e+00 7.800065824523181313e+00
-1.893625000405292136e+00 1.241937505922071416e+00 4.112918439253857805e+00 -7.414828572221350278e-01
-5.191424472732661943e-01 4.365628509737284446e+00 6.994079872258632591e+00 9.767525106027479254e+00
-7.580329909455971737e-01 3.290413138120490188e+00 4.943454720388420931e+00 9.542055376455408577e+00
-9.655605432109192199e-01 3.991732839085457840e+00 7.996670556050182732e+00 8.008443084638184217e+00
-1.956369104938761927e+00 1.615669215853520635e+00 4.826212606565878360e+00 -3.623544745923927390e+00
3.876465624370002860e+00 5.174679519212663337e+00 -8.019218457178938664e+00 3.465205701834846330e+00
-1.383448959101205800e+00 -6.853248958560641313e+00 6.013310204366943523e+00 5.642173395889680698e+00
6.574608982184869888e+00 8.816807039472006835e+00 -2.949587422096574763e+00 3.745368018904510432e+00
6.413423099659036453e+00 8.361519245137742473e+00 -5.346860900411885886e+00 1.198256131817481140e+00
-2.454538412569833739e+00 5.178319763031336009e+00 4.030025643368205124e+00 7.306901590707923333e+00
8.603662092105823334e+00 -1.655600276284857397e+00 8.132730517064144848e+00 -5.938932556064125734e+00
7.833285494683112304e+00 -6.200765843243729591e+00 3.724395244746211198e+00 6.739656825105051929e+00
-1.138950943162344354e+00 2.310144316227778383e+00 5.048478789712268266e+00 7.985324932414840760e+00
-1.547082150310334914e+00 2.626637769281050971e+00 8.042812060724369161e+00 8.475805544228032673e+00
-1.860978599019673663e-01 -5.459766455110686145e+00 8.956299664010529682e+00 2.571261515757053306e+00
-2.971781398434922394e+00 2.051991767361482033e+00 5.777715579596742757e+00 -3.499372287167827889e+00
-2.182794738955379898e+00 -3.227765385036772461e+00 9.516718451513938248e+00 5.378384420471068239e+00
-1.508620359478550998e+00 5.163686029202547711e-01 3.787821468177389406e+00 -3.284539633811115245e+00
-3.463763240526303022e+00 1.585618850373915922e+00 5.876117830693129207e+00 -3.327878008258819520e+00
-1.992380747642490402e+00 3.661740139654443560e-01 5.341211872311150799e+00 -4.777059341139888282e+00
-4.625078616187163760e-01 2.532005331603662590e+00 5.811950880063021962e+00 9.199623794297769663e+00
-2.920256604036612025e+00 2.529386376316257401e+00 5.955891370776394744e+00 8.726712740094189513e+00
-1.764318111156254476e+00 -4.332054848291058136e+00 6.341199172724527600e+00 4.025488972983922054e+00
4.091928630065599926e-01 3.566002470834664706e+00 6.382171464093659985e+00 1.076874098169834326e+01
6.238563216072106066e+00 -4.135964413851109356e+00 3.435508928840573795e+00 8.036724907635287352e+00
7.102667867774110633e+00 -6.019151360263438555e+00 4.624384563507169865e+00 7.722782025387849636e+00
5.929316883564881735e+00 -7.470669608852886334e+00 2.329420494554960808e+00 9.288730926767284402e+00
-1.711889869215435844e+00 -5.372328346338298921e+00 6.320928827189129073e+00 4.531622748956301905e+00
2.889828926018054300e+00 1.135154733826547435e+01 -8.010961399201075750e+00 7.805052895565682824e-01
4.689157666161062110e+00 9.785109609299990296e+00 -7.420783255082820773e+00 1.551821965641985823e+00
6.613560978919509559e+00 -7.253647234335165450e-01 9.133458737986387632e+00 -4.939729270584160226e+00
-3.257295576994665876e+00 1.817738642351941714e+00 6.687654144989415350e+00 8.906124928874849189e+00
8.503258523182847028e+00 5.209592782058345861e+00 -8.289029270825134077e+00 1.930584547809508056e+00
9.105386730553941987e+00 -1.200373483813210074e+00 5.865964495424140779e+00 -5.074697871566219654e+00
-6.211394040206604794e-01 1.115199594790634130e+00 3.234035905287945489e+00 8.375139374426636252e+00
5.485256408036752518e+00 8.592836956373721691e+00 -4.354610901236894094e+00 3.387732821507585257e+00
-1.270791431521288040e+00 7.500014975475682855e-01 5.136164895275961761e+00 -5.714506892053840659e+00
1.010758786967008227e+01 1.632716798261052205e+00 -4.050317698100732500e+00 -3.221165259089505906e+00
6.729221041056240971e+00 -4.783989822620466903e+00 -1.832954058113913653e-01 5.753055187402448034e+00
8.043279261608837771e+00 1.364410907684488805e+00 -5.016493526124593316e+00 -3.331449854723109727e+00
2.172593803396577705e+00 9.232729229868636978e+00 -1.093028573615394450e+01 2.545834923968055996e+00
7.251689238038165897e+00 -5.734963414008409366e-01 -2.520183246933163979e+00 -3.700189165965720228e+00
1.023867779952839463e+01 1.962430990862319646e+00 -3.313100976899541195e+00 -2.605159002406774782e+00
6.576398805331597153e+00 5.319834377269475389e+00 -5.200167732984071201e+00 3.257570149933295411e+00
9.024822452107528648e+00 -4.689134645568220350e+00 -6.549157785423038725e-01 5.349772216669521185e+00
2.869705724613112352e+00 9.611181328831863269e+00 -6.983829523663395378e+00 1.065780861828411474e+00
-2.789754792079786050e-01 2.281892475386440022e+00 3.919883415749701783e+00 -5.087057003998493698e+00
2.185729494940822804e+00 9.851909456190039549e+00 -8.687104059458581773e+00 2.466751834704988156e+00
9.089484047294918767e+00 -1.064744143359391604e+00 7.173452889739228233e+00 -4.056832256580136686e+00
-1.031510479297201854e-01 -5.213248298205226838e+00 7.277715461577479061e+00 5.726984122519376719e+00
1.910831688942900453e+00 1.050296476624359876e+01 -9.023800720903052408e+00 2.347308333178257822e+00
7.280919349161476539e+00 -4.986105053864167580e+00 3.669066900885981752e+00 8.349501404748478350e+00
5.239259930407396126e+00 8.374842646417562264e+00 -3.617302819573721795e+00 3.523214461806677633e+00
5.225364449936784617e+00 7.396845636851302253e+00 -5.570221488738139826e+00 4.625604315483869300e+00
3.532963085745333132e+00 1.037054394484160369e+01 -8.984275033171691405e+00 2.154975400647550998e+00
5.350676404303527534e+00 -7.838420337162143037e-01 6.517995142073935710e+00 -6.560080592930687793e+00
6.906120011559486294e+00 2.116113247626756788e+00 -5.678494138553711323e+00 -2.560021241954769877e+00
7.018578891843686662e+00 1.082074915862992981e+00 8.420355385391188108e+00 -4.252323858973966253e+00
-3.096687772500446023e+00 -5.914893379894480496e+00 8.049663453042329664e+00 5.711968449305643958e+00
5.146011085244269090e+00 -5.007858998680542406e+00 3.482408353141010604e+00 6.142704985934679840e+00
3.274535084958790865e+00 7.035890650229886134e+00 -5.357228312328674136e+00 3.498897048521088848e+00
4.537244814437671359e+00 7.488081180904570644e+00 -5.486775130179576188e+00 2.674277726651658416e+00
-3.141649088821082181e+00 1.322168546896473007e+00 4.010781081846761964e+00 -3.684132501515148039e+00
-2.004951831009008423e+00 -5.020763909276612758e+00 9.120606561808443757e+00 7.482591105983899205e+00
8.798972259032352028e+00 1.437938188742986068e+00 -6.121513217989361877e+00 -3.923884543649630352e+00
7.950857705914181395e+00 -1.837081318957086040e+00 6.610619720229962581e+00 -3.888817899502116759e+00
-1.374379834611248352e+00 -4.656974349506184829e+00 5.788589724801489922e+00 6.853200769223807498e+00
8.436229378440568638e+00 -4.995804880921159707e-01 -2.045318768424425393e+00 -2.814607419520058773e+00
4.250671466825505007e+00 4.306944315026525416e+00 -8.357207964802761069e+00 3.556563842491941685e+00
-1.921503596744333908e+00 1.270419665834996437e+00 6.118942974674777879e+00 -4.092563408957124338e+00
-2.212837555930864397e+00 -4.086293650270235389e+00 8.147313611532869260e+00 5.497010866760299486e+00
5.933432507631492214e+00 7.940073919054650098e+00 -6.624453817066328298e+00 3.655322736749500478e+00
-8.680832840473381440e-01 3.076837105767163294e+00 7.836226852195328441e+00 7.219551921917840787e+00
7.646812763456713569e+00 -4.503059793840466618e+00 3.160151889410413251e+00 5.512170548831449857e+00
7.273256431831334190e+00 2.207703228146904895e+00 -4.386825060061834591e+00 -1.494959180076248728e+00
-5.240213161884803572e-01 1.745675574210109104e+00 4.507699237546678894e+00 -4.606127477358703537e+00
7.592194627077699209e+00 -5.298989313375472854e+00 2.625856746362197569e+00 7.021965003818610107e+00
9.395987583399639576e+00 1.985300574865849654e+00 -4.151560456781797193e+00 -3.547072616149283153e+00
6.631280575389085996e+00 6.886468434869181365e+00 -4.867058842071316782e+00 3.884404737610146707e+00
6.675924159728250373e+00 -6.658761922234944564e+00 3.041324566901250748e+00 9.462346250957288873e+00
6.388019454568043543e+00 5.290149493058811103e+00 -4.406325559741369524e+00 2.628841873640508808e+00
1.758756386164787910e+00 1.172505291746169043e+01 -7.171861135758290651e+00 1.524527897672472765e+00
7.182299613149976558e+00 3.425431381430881217e+00 -5.264205923475030247e+00 -3.609732131893750307e+00
9.763086603051831958e+00 -1.113283494190396405e+00 -5.884823066004019054e+00 -2.720582335639063043e+00
-3.013131281478981016e+00 -4.117448932783347892e+00 8.315445527749691479e+00 6.799985902558571382e+00
6.169215959133612870e+00 -6.785309416558616746e+00 3.352734822230272194e-01 7.028412413295485273e+00
-1.706702027825907297e+00 1.010680282282747644e+00 6.140278908497937671e+00 -1.795931472944905849e+00
7.840670093051833600e-01 9.320861156595229957e+00 -8.475279569677754310e+00 -1.082145133874279352e-03
-2.710135522769077099e+00 -4.191687578778885204e+00 6.138118084002505803e+00 5.428780196258576218e+00
-2.754005567258615006e-01 3.814006506391860896e+00 5.832709630954742153e+00 7.391712734165571064e+00
-2.769519626245007249e+00 1.912615496373915702e+00 5.317913604199370425e+00 8.624032551878327624e+00
-5.267157960907440373e-01 3.030872105614867973e-01 5.538746187150215050e+00 -2.518561505593961414e+00
-2.582455724792672047e+00 9.847276110953936401e-01 4.157271349954707595e+00 -4.030791115512004197e+00
5.275050215789158337e+00 4.774272139489993627e+00 -8.664602776869850587e+00 3.191759121612903538e+00
5.486964101895630996e+00 5.892972006944190433e+00 -7.274150645190000652e+00 3.851158833963842287e+00
2.825153297610605296e-01 1.963732289062718239e+00 5.614305030734225710e+00 1.004270189514982192e+01
3.866450766120746785e+00 8.111253957062997344e+00 -9.802751237644573123e+00 2.094510064512955072e+00
7.532020609928547827e+00 5.547906929762243422e+00 -4.267639014763910055e+00 1.824457549146937918e+00
-8.296308075583050945e-01 -3.805507448650751634e+00 4.562327984357473554e+00 5.125104583164127092e+00
-1.442875316618870141e+00 2.759586382154177286e+00 4.086099641855380327e+00 6.274786263011236542e+00
-3.665033499318326449e-01 1.505789301208373177e+00 2.387468976813792221e+00 -3.932066022771854019e+00
7.565070286976471881e-01 3.243933336358664654e+00 5.469453621001806987e+00 8.332878190026661969e+00
1.244996185422003965e+00 2.930584483085522773e+00 7.098932540004784464e+00 9.715944548855555141e+00
-1.418741339033499527e+00 1.671273994956099962e+00 4.259588240014672067e+00 -5.608899547558801046e+00
4.342885470071045972e+00 3.272955067811848640e+00 -6.120725171790621921e+00 5.317064537424927906e+00
3.120647731283425319e+00 9.021073789891975281e+00 -9.231640159574959981e+00 1.596222044699442844e+00
-4.271684967233095875e-01 4.572289622225456096e-01 4.904397612274944862e+00 -3.973620988522312825e+00
7.614829902791028005e+00 2.573479048958582815e+00 -4.263231493228508029e+00 -3.983092232477575045e+00
8.436301738495279423e+00 4.413810787001572478e-01 -6.528738292490665174e+00 -3.277339830616259331e+00
7.935406580703040724e+00 -6.740954447579992959e+00 2.434461258104589021e+00 6.414503660440965760e+00
-1.740116687588316058e+00 1.524585458348095113e+00 6.555830556107997253e+00 -4.947411857592651785e+00
-1.361916523481760066e+00 2.732697433671712695e+00 4.730470575253939103e+00 7.586029493125958645e+00
-7.776633472056820873e-01 4.236914326319400459e+00 5.593779707257828804e+00 9.013245349218411917e+00
-4.375374518594658646e+00 3.273592540068230861e+00 7.300657092241474189e+00 7.997170482737869790e+00
5.990551862292981866e+00 -5.081852672974497054e+00 3.914576851748780228e+00 1.001550034429255653e+01
2.174975196498742491e+00 8.725999988125362705e+00 -7.850687963169120209e+00 8.987169016816002332e-01
-7.561311958547290990e-01 -5.685383302209228162e+00 9.349104594084753472e+00 6.259465822992709150e+00
4.962988985786592977e+00 5.560112356383343446e+00 -6.520181225705155903e+00 4.285553078052260823e+00
1.170356778821715293e+00 9.814214907412816657e+00 -9.031267817031658041e+00 1.904571110469790218e+00
7.295042740711439322e+00 -7.732615959046539311e-01 7.656920154399090350e+00 -6.229782512934109562e+00
5.394616644594553811e+00 4.582080451945501842e+00 -4.404976759037486644e+00 5.487251585009236265e+00
-9.543725321770252235e-01 3.015600131736575484e+00 5.759440878515467155e+00 9.618322470445809458e+00
3.799915600462846044e+00 5.764680999736657263e+00 -3.887860728065084537e+00 3.733162176681044997e+00
-1.218396654052768646e+00 2.046726761211933976e+00 5.484185641833137836e+00 -3.105780519761888403e+00
9.684776084157162845e-01 8.284615688998950844e+00 -9.311622497904837203e+00 3.420508044931449554e+00
4.922785459384377837e+00 4.774635358677013386e+00 -4.618270587355947754e+00 4.008532692302937406e+00
5.358116764055522729e+00 -1.107130799588109449e+00 7.213960513866940261e+00 -3.594290330998932692e+00
7.797134793755194693e+00 1.239166713769384476e+00 -4.849243374430598053e+00 -3.813111375668142067e+00
-1.714279380618828785e+00 3.374153699849587795e+00 7.681305988580902522e+00 9.158905094432832072e+00
-1.088352052322831831e+00 -4.560980521399504717e+00 6.862493844109721408e+00 6.188165325667599248e+00
-3.729324622371159137e+00 -4.551602508831371630e+00 9.272098283134003083e+00 4.283571148426671193e+00
-1.581716486767007712e+00 5.508247234464427322e+00 5.301551734694322171e+00 7.312678377192160184e+00
6.896448583113052422e+00 -5.563965533561892940e+00 9.269797552544740693e-01 6.476911630578577217e+00
7.901984537809047637e+00 -1.274986349637147853e+00 6.437559239838162917e+00 -4.958622176562354156e+00
1.020926621197025774e+01 2.084866075235011440e+00 -2.241373639651701222e+00 -3.842954604223459025e+00
7.337590693974723521e+00 7.162441501598609150e+00 -4.913322160152270079e+00 2.787207930397358702e+00
-1.360345281003104922e+00 -4.211415247460973177e+00 9.360315084680905784e+00 4.588376433168249946e+00
1.170093537699598674e+00 -4.792805994016725357e+00 6.949997546612716626e+00 3.695363884392412146e+00
5.796893200762111675e+00 5.836876880189773686e+00 -4.920819460840146320e+00 5.121521086465842032e+00
1.189664343885573405e+00 1.008301212205609154e+01 -6.691093021797808404e+00 3.847016682959734091e-01
-7.761280197574057516e-01 3.895940917832137362e+00 4.046529681810614676e+00 8.137920034641126676e+00
9.098292594805164057e+00 7.072159363866985515e-01 -3.785301835371899681e+00 -4.109338001959081943e+00
1.110727098513738653e+01 -1.147249442313141854e-01 -4.157081981159246098e+00 -4.871848036591795328e+00
-3.235328574811074276e+00 -4.182815675562720159e+00 5.500603275430052008e+00 6.088929075147963665e+00
2.444913053804978809e+00 9.034965742938155131e+00 -9.015489541553707298e+00 1.897952844400338623e+00
5.655525213148806962e+00 5.231065944799585310e+00 -4.389207230253672876e+00 3.927978067676975993e+00
5.892641105075149710e+00 -5.286578642833448249e+00 2.703278306073764181e-01 6.304352425442762531e+00
6.371378415332390688e+00 -3.205532869708956234e+00 5.871225496664239429e+00 -5.426384512432223417e+00
3.694948033778108432e+00 8.086635888648650905e+00 -8.791631443881813723e+00 3.203672091460570748e+00
6.702729706147312783e+00 -4.557118393506721432e+00 1.594048641477668671e+00 7.265565115425155263e+00
7.905118001139421757e-01 9.522074621565977282e+00 -9.894018410201660174e+00 1.676040474199818053e-01
-3.853240861443636867e+00 -7.119408277090897741e+00 7.649475266474398794e+00 7.236230091977828849e+00
8.159835205565309835e+00 -5.775779229205610932e+00 2.404832350087206638e+00 6.451239496899320969e+00
5.559477091109294555e+00 5.075245242565259218e+00 -6.937397814359376191e+00 3.612695086329602567e+00
1.021845145595078996e+01 -3.199483498160816897e+00 1.961047135724719448e+00 3.193617030214283670e+00
-7.382672691813251253e-01 -1.162736540773591454e+00 4.910470718315120386e+00 -4.434709385642031876e+00
1.105201738489491348e+01 9.672565889688278240e-02 -6.545204534836848609e+00 -3.260585363693401462e+00
7.328112582267388042e+00 -6.398016895371672952e+00 3.294600748426901315e+00 4.940618544890826414e+00
4.504897912921921321e-01 2.732312490657147652e+00 6.853428924515501564e+00 9.495657470329524230e+00
5.180039129061903225e+00 4.654950619107510512e+00 -5.264633787180229341e+00 4.145475862260778577e+00
7.165368579580045250e+00 -6.575107254666964884e+00 3.038184353533679438e+00 9.961844907457201970e+00
7.996295250536240573e+00 -3.791606926272646394e+00 2.200071764220909554e+00 6.358376783348465899e+00
-1.712959483091899937e+00 -4.181257459824585077e+00 7.796963436703083339e+00 1.978764010817691155e+00
7.356529638571815966e+00 -5.552972750846222105e+00 2.151895007563347839e+00 4.207023160755019475e+00
8.408772203513374066e+00 1.709177868984212312e+00 -5.654128700897302018e+00 -4.362630213104109700e+00
9.750331142119222250e+00 -3.029296396271710101e-01 -5.052106351243143223e+00 -4.023609844295086724e+00
-2.673297897476565321e+00 1.901718607977938236e+00 4.657199972857768877e+00 -5.624615196015989582e+00
9.455522712386230211e+00 1.423053955256165848e+00 -4.649589490853494489e+00 -3.730941046563892804e+00
8.040581129818791695e+00 9.469208472561041479e-02 -5.655513598980217438e+00 -4.844515002647599822e+00
-3.269920089551350273e+00 2.800328079914921275e+00 4.918136637889188201e+00 8.540294164359131912e+00
4.531269017170565405e+00 9.152809132016036742e+00 -1.003206550486290816e+01 2.337834910405434119e+00
9.791591923092456184e+00 1.406392961256031970e+00 -3.618761554545139258e+00 -3.246856632571166745e+00
7.870879847769135296e+00 -7.652717151371400739e+00 5.129925693431461653e+00 6.608322554940288640e+00
6.065648888157922691e+00 1.651094370709165204e-01 7.998045264248627717e+00 -6.076815954789863916e+00
7.115562929516283219e+00 6.628299956099252377e+00 -4.247562250686770291e+00 5.295863540325966845e+00
5.951353987695078729e+00 6.933571710600647364e+00 -4.822333124521772874e+00 3.990723017443302822e+00
6.646964408103198885e+00 5.789817533744530564e+00 -5.543282132918952776e+00 4.066420201712767302e+00
9.581418195569970209e+00 -3.964129650824708140e-01 -5.683723329211863629e+00 -1.772319461468244262e+00
1.991729681735455282e+00 1.012636584878741708e+01 -1.011933011527182913e+01 1.043418199936470447e+00
-6.445195478281411372e-01 1.537282133660111239e+00 4.963101236898123325e+00 -5.988104102661321981e+00
9.121985677613125176e+00 -4.134272583729905470e-01 -3.232693847886235261e+00 -4.946671279595377335e+00
6.586609172752309505e+00 -5.257417226670874300e+00 2.986389755264563295e+00 6.945372354208354082e+00
-1.959184659349850310e+00 -4.623524071719915973e+00 7.693159866619083687e+00 6.532832318508159375e+00
-6.288614994195260710e-01 3.952532982523849991e+00 5.811248001896572646e+00 9.622471687221452186e+00
2.807350728357993486e-01 1.644132684933461652e+00 6.629879803371437674e+00 -3.244862591103058413e+00
6.367114626483297180e+00 1.790670209415621272e-01 8.481139704467496543e+00 -5.018932806041717321e+00
-7.231036648399344902e-01 -4.634728672394667015e+00 7.937320179239552687e+00 4.501712511826875485e+00
8.800479798911560181e+00 -6.751113143623172164e+00 1.173767266745216808e+00 7.375429846609502960e+00
6.111774509670735434e+00 -1.717203543442700653e+00 6.208113159606444498e+00 -5.338088718659673049e+00
1.823333205747340369e+00 8.641444953259442840e-01 7.336139562751166743e+00 9.203194085447297113e+00
6.550531367296971830e+00 4.554083291683943102e+00 -6.668385524209728743e+00 3.954810869561836473e+00
3.087892730620218629e-01 2.798058685933122014e+00 7.142858626620422591e+00 8.031868584081967910e+00
-3.283687852008866592e+00 1.740118865245460222e+00 3.356788903174333871e+00 -5.592616872799678340e+00
2.662973629459411296e+00 1.013648163242524092e+01 -8.447906136217005368e+00 3.282983674631815063e+00
-2.578081301305577000e+00 3.303232406472913496e+00 6.596428971270305475e+00 -4.684598880543000554e+00
1.259690673073547318e+00 9.253139283876109289e+00 -7.320466771598643341e+00 2.455589935663048617e+00
4.768815501936859214e+00 7.601699139941656469e+00 -3.991499634515304429e+00 -5.057499567911971639e-02
-1.441696322560686028e-01 5.894465670367563526e-01 6.524628620940613466e+00 -3.759446316094171792e+00
-3.397415392584932192e+00 -4.257489994891496821e+00 7.096659271221673393e+00 5.787311610797994277e+00
-6.258635331190710582e-01 5.621338682097565709e+00 6.501266534652613061e+00 8.235537219245040674e+00
6.768256240366990362e+00 -3.760950190549868122e+00 8.294169343978319286e-01 8.288132213378744950e+00
-1.145828352862100941e+00 1.253572082009375865e+00 3.368919406588338994e+00 -4.445693015166344964e+00
8.206076507367214834e-01 9.696773281340544060e+00 -8.839361226204607291e+00 1.991917196284075819e+00
3.031936064956863408e+00 4.424817010652052574e+00 -3.887182858112673500e+00 4.003863489177981627e+00
-1.652246217916102600e+00 1.172503460925891305e+00 4.616621174061560140e+00 -3.547494137092477740e+00
4.795336269109706784e-01 -5.280843598868620425e+00 6.885371095549658094e+00 5.187705223213627370e+00
-1.700198908842939449e+00 1.111322543855500111e+00 6.536194361645765838e+00 8.462881033775920159e+00
9.309573976653540583e+00 1.029620817099123009e+00 -2.898636780386398826e+00 -3.488764771734859327e+00
9.454530087030715180e+00 3.343869948033040274e-01 -3.676554164361948818e+00 -5.401328649829073569e+00
7.230254172748077579e+00 -3.641397994550008566e+00 7.245277219728712303e+00 -3.792547818565656481e+00
-2.477336472299840331e+00 2.627702259046337474e+00 7.964115997425995630e+00 -2.900044909375325553e+00
-2.197304489774113190e+00 -4.170959919731033416e+00 6.231293395455390183e+00 4.402871943244335284e+00
9.907985703218690432e+00 2.170921831138043601e+00 -3.930601571926996218e+00 -3.194055447397258440e+00
6.671278991660571478e+00 -1.970226818522923473e+00 7.141086526041935834e+00 -2.750890382701580705e+00
4.306619369656624841e+00 3.943648690422352221e-01 8.149047793347888202e+00 -3.996246564117836186e+00
-3.676280570544118831e+00 2.919481002556981508e+00 3.136821730087593352e+00 -1.971822053082844750e+00
4.934030596243418110e+00 -6.999683613066252974e+00 3.454127281969488372e+00 7.762979712306416147e+00
-2.232717471203996773e+00 2.555505284947034550e+00 4.850516453500788749e+00 7.042209580771246813e+00
-2.410754488885683333e+00 -6.739679471546947909e+00 8.303472639820856926e+00 4.563585290213667989e+00
9.045531936227160230e+00 5.572800735412708484e-02 -5.845685091643202824e+00 -1.419570363942101343e+00
3.584252572541017923e+00 9.666114451801677276e+00 -8.252821888726414201e+00 2.639674338423060096e+00
4.548484931970765643e+00 -8.715287354354015470e-01 6.841876086102343990e+00 -3.150271574179457801e+00
7.810165934577437241e+00 -1.172453779569695653e+00 9.011155204338649582e+00 -5.601611322286466965e+00
-2.947907782006605082e+00 -5.599451609552954956e+00 7.315085164969904241e+00 6.425257086277541774e+00
-1.490615061557538201e+00 1.212523491990059821e+00 5.173111721801524787e+00 -4.898067667452712826e+00
-1.720390662133977067e+00 -1.001299204429409340e+00 4.086833176112596000e+00 -2.650187548948081506e+00
6.412700752243694069e+00 -6.165461766788357778e+00 2.205139560738138993e+00 9.492651702270102021e+00
-2.612233171628718154e+00 -6.575030231108303092e+00 5.933531187756473813e+00 6.530770015747570767e+00
-1.327882699339620665e+00 8.944547143891247165e-01 3.832806048309736369e+00 -4.947868231321901789e+00
7.373525080529743647e+00 -4.534292504980034222e-01 8.124636377164801360e+00 -3.408006824003546154e+00
-1.197371893035537926e+00 5.182593255538359145e+00 6.608831228541869329e+00 8.380920139412136649e+00
4.537370826000569402e+00 7.879996260872552227e+00 -5.837325203495868919e+00 3.386363860432219042e+00
-8.278500605207195218e-02 2.678400487817903741e+00 6.466279269018380127e+00 9.589407386427179603e+00
