7.528301967668923567e+00 1.775330053324040147e+00 -4.766098147856517642e+00 -4.936197811313361328e+00
2.942856645325286014e+00 1.058863057136940178e+01 -7.101633889291051105e+00 1.957172601269277834e+00
7.888107144702573237e+00 1.589892723186764112e+00 -3.790450079401750383e+00 -2.976736467928027707e+00
-2.748271592040958833e+00 -3.562610388729984479e+00 7.493688427293017540e+00 4.202707774768489557e+00
4.457464207385180011e+00 9.088656002037762249e+00 -1.026827120503298829e+01 1.868291942923442805e+00
-1.382315304083213903e+00 4.744920854708086111e+00 4.357971126904296000e+00 1.021432302778475787e+01
1.577463457766503652e-02 6.792096008737219526e-01 5.655026777333286070e+00 -3.704336157614840364e+00
5.855139639905948989e+00 3.310348277326093047e+00 -6.689370222366132879e+00 6.382994334293268679e+00
7.437729983148356538e+00 -1.728832749449029649e+00 6.476737628937924818e+00 -2.938777310524307573e+00
-5.594932505270067136e-01 3.803808220063458201e+00 3.546413074113298425e+00 -3.902570745566875665e+00
-2.207552378918591796e+00 2.514039013384075094e+00 6.578282102083895744e+00 8.226119264233908268e+00
-4.094319588429362611e+00 -5.721330494039197134e+00 7.422317900714346273e+00 4.528271845293891928e+00
6.508383269887009881e+00 -1.699594481287070025e+00 8.381537957388177418e+00 -4.717460820278115641e+00
1.006690585621522338e+01 2.143377291060127643e+00 -4.757993041650356858e+00 -4.258709397568884114e+00
-1.279090287690845873e+00 2.442153193485253837e+00 4.690165753864142140e+00 -4.554452689819278532e+00
2.616539787869003764e+00 9.536321917764366773e+00 -7.619147651675144850e+00 2.683225252161446583e+00
-3.037056118354871881e+00 2.349435576329560682e+00 8.362424668101173353e+00 7.830504927999800913e+00
-3.290024931978340561e+00 4.142481770820435116e+00 4.369187790236638058e+00 -4.936561787524224698e+00
6.299563532927259679e+00 -5.168683290317260814e-01 7.628748276729511169e+00 -3.246256839455504029e+00
6.341629990928240090e+00 8.292242063120895068e+00 -5.962579150937514783e+00 3.713298586895235953e+00
7.813770742813600734e+00 6.987514403208912039e-01 -2.540647899387669995e+00 -2.962589183518851144e+00
6.360543037443031622e-01 5.423928759772240760e-01 6.535834005797403812e+00 8.715046431876077193e+00
9.301332132383617335e+00 -6.520055198996355106e-02 -2.942954987737528949e+00 -3.263682642943289469e+00
-1.749813487113768051e+00 -6.054486620680877174e+00 7.053029447819737285e+00 5.719515287259501868e+00
3.398854247686655672e-01 3.111393954456937561e+00 5.775586420362211371e+00 8.774248036181644395e+00
-1.323178127751468924e+00 1.696654490937149706e+00 4.196079052740682158e+00 -5.193137726511938723e+00
3.857885398095856289e+00 9.536524263054049655e+00 -8.832341808419039708e+00 3.413823159680465125e+00
1.861388116007518745e+00 1.182725748630674723e+01 -6.137824667618591690e+00 1.823436584109040082e+00
2.031721757192330724e+00 1.025467563910952506e+01 -1.046702620767069547e+01 3.407883727826916065e+00
4.768488634605416721e+00 -4.048483890821046316e+00 1.591059338031082682e+00 5.423113086171333919e+00
8.957353132483978797e+00 2.671368746362812185e-01 -4.893458581522109441e+00 -1.407510961968231111e+00
9.537002655255133021e+00 2.061016383665115193e-02 -4.391579459049861356e+00 -7.992690033173079911e-01
-1.399353290192273835e+00 1.663149713761188364e+00 7.618280643983009526e+00 8.089163167554414002e+00
-2.335945572663630010e+00 -4.264287081471080931e+00 6.591737727290324145e+00 5.189172674444747280e+00
5.400732773099385042e+00 1.128038392448792848e+01 -9.391305510902377307e+00 1.264464462209579754e+00
6.276365603767201762e+00 1.749259434091365861e-01 -3.363966160648406145e+00 -3.173790466206109606e+00
-1.466608072835251519e-02 1.820785910411481190e+00 5.939489123802816906e+00 -4.337764667263742879e+00
7.883838911299735130e+00 -7.154201884738292883e+00 2.629599254663910646e+00 6.423123105282905421e+00
4.586133446962677773e+00 7.023647438970163748e+00 -6.082552025405187024e+00 3.060203348414759716e+00
-1.970221985912514739e+00 -3.083154403718974645e+00 7.680316611075679312e+00 6.274839831116484135e+00
1.061960415253636825e+00 1.073564214995669630e+01 -7.703591971515028725e+00 6.029191175343946441e-01
1.002843174142195259e+01 3.723840113195031609e-02 -4.049297243863288820e+00 -1.169738052876712509e+00
-1.406587358948096389e+00 1.484376770359513209e+00 4.888672213553753032e+00 -4.759289943479243057e+00
4.381888782794552739e+00 1.288933416871282844e+01 -7.019269401089583305e+00 7.248860922979065702e-01
6.989402638384935251e+00 -2.206310575779245831e+00 7.530975701155911750e+00 -4.953739376454307397e+00
5.541674170013068945e+00 -1.707645739032089161e+00 8.390170144030362209e+00 -7.076975690817342901e+00
-1.753059800087379383e+00 -4.842866487965386213e+00 5.542739348530318466e+00 6.783970879230912132e+00
-1.601976013378682895e+00 -4.537285248856508524e+00 7.558437707874673173e+00 3.978034754540763718e+00
-1.874179606755709715e+00 -6.443567346863634526e+00 5.047927397784807368e+00 7.086068451911329724e+00
6.514091737978020547e+00 -6.599577738719406561e+00 2.621868892430479381e+00 6.396469094631214602e+00
6.862285639296779038e+00 -1.471998130913759750e+00 8.238598327917081576e+00 -4.093068801682822055e+00
7.009789787907565461e+00 -1.267366872897486729e+00 7.413585111890230728e+00 -5.061116568216975864e+00
2.861645024954651007e+00 9.871533197684513539e+00 -1.027371397933230313e+01 7.259619227893847615e-01
2.197069108360302003e+00 8.771037530376496250e+00 -8.649827898062730114e+00 1.805212952895594913e+00
8.657220573924744311e-01 4.107086501190175376e+00 6.625714575857377220e+00 7.376337673051659216e+00
3.622433757199005733e+00 1.153905368971443224e+01 -7.581542596013539637e+00 3.150626402517198166e+00
-1.135877529455526780e+00 1.520031881166878929e+00 5.412254439346351198e+00 9.570219464077245775e+00
1.222013473316569510e+00 -4.743201209293722798e+00 7.568311858436193695e+00 4.588342471357445440e+00
-3.298759681901902940e+00 2.018194984622280863e+00 6.865057690486890074e+00 7.513577899901633828e+00
3.934564720936264415e+00 6.071678378411480281e+00 -7.900951421524366580e+00 4.184950649915643694e+00
5.712023686438924663e+00 3.200224907883228997e-01 6.462724222413086750e+00 -4.823241620032464816e+00
7.101949437930721309e-01 1.018438133035121318e+01 -1.004704966812364653e+01 2.130695228398259644e+00
2.041434284810049959e+00 7.989524479564990678e+00 -5.807832070686776760e+00 6.727360693669193203e-01
8.315095023685607600e+00 -5.550006550583727716e+00 2.637555989133812062e+00 6.060789605134035973e+00
-1.967760393509030203e+00 2.558764046779870238e+00 6.199452338325178502e+00 8.211311104431684882e+00
8.825487388202533978e+00 2.191285083068564177e+00 -3.096620072241065280e+00 -3.234078397048600007e+00
-3.058459551530232634e-01 -6.812943258854393669e+00 8.101836792775815255e+00 5.147712504578929149e+00
9.627568262045237191e+00 1.571146327384890906e+00 -5.824352602543980240e+00 -2.990871583085342511e+00
-2.013685939227498167e+00 1.207099890180846069e+00 4.190610750880208180e+00 -4.903317005654744598e+00
-1.702820668331617160e+00 2.579161945097445674e+00 5.174303328755468279e+00 -4.632076938638996388e+00
7.202204553954603128e+00 2.124406536095742482e+00 -4.032526912990614498e+00 -4.194125937335064336e+00
6.422507147074295375e+00 -6.427056060028782269e+00 1.550958348941759324e+00 5.924184321296567468e+00
2.545439887273472923e+00 8.963503173691865555e+00 -9.430393644645766571e+00 1.243180254427117770e+00
8.182928492578312785e+00 -6.859747628282900855e+00 1.390289094329327124e+00 7.651030956953951190e+00
-1.214525835845637003e+00 2.367232173950771124e+00 6.919528471273336478e+00 -4.196989291140531542e+00
-8.274332202018094273e-01 -5.280801183193022830e+00 8.675848301782977501e+00 4.127596418245574661e+00
2.899793533396710643e-01 7.705079936180849742e+00 -8.736191109135159394e+00 2.489692817145254811e+00
6.709812223652543040e+00 -2.073073087552284477e+00 7.920846857302530353e+00 -3.503019330336843318e+00
3.954869867353381085e+00 4.781293141749931586e-02 9.170933661003008552e+00 -3.943207864036210264e+00
9.282439626288288892e+00 1.704970367124387653e+00 -5.589355643619787095e+00 -2.456622548706161702e+00
7.974084826856853603e+00 -8.321570044138915101e-02 6.714416553962485601e+00 -4.198486665566722564e+00
-1.312518523094593270e+00 1.780317745076484215e+00 5.249358767357751532e+00 -4.711037171110044497e+00
2.080709460957942625e+00 7.889653079696804738e+00 -1.034142948838259279e+01 1.239046976829710989e+00
-8.057381166668812211e-01 -6.214980694224839119e+00 7.405473735340360797e+00 5.528936328124073540e+00
7.770118813080120646e+00 1.918594618115627926e+00 -2.999895819023177701e+00 -4.888259326098418178e+00
-5.122352657433060230e-01 1.602106270222234619e+00 4.384322672854850111e+00 7.793144140923891072e+00
-5.309913627699567318e-01 -4.622486334263178342e+00 7.091428184217308583e+00 6.460815430002108783e+00
5.809455855745984998e+00 -3.487132252013654288e+00 8.678503384412529442e+00 -5.030247945109742602e+00
-7.626541397014471313e-01 -8.179960828406299456e+00 4.551260826395876258e+00 5.693987593265105396e+00
-1.795586404225014032e+00 2.552792716516201210e-01 4.573490178418438745e+00 -1.894231194508784188e+00
-4.815559264525348659e-01 9.034404341900152957e+00 -6.949504711388721390e+00 -8.052993088309068348e-02
6.670001041160070088e+00 -1.417179656573024360e+00 6.727205185871485860e+00 -4.277344254901160880e+00
8.096392575940274838e+00 -4.380563554810418481e+00 2.650787487117174379e-01 6.595402710929302970e+00
8.257943682884123504e+00 -1.171354530873200739e+00 6.411253268825391594e+00 -3.286583933415438530e+00
-2.877928915248696651e+00 2.475192550784013790e+00 3.456974534507764929e+00 -2.426186978333087829e+00
-2.456303752799656515e+00 4.610414423853489652e+00 4.839007573105917892e+00 8.608491455860511010e+00
7.745130522224911829e+00 3.824236795948410816e-01 -4.271096362264862556e+00 -3.835269336126958972e+00
3.084349716447043033e+00 5.628726122216866301e+00 -4.350768373851315651e+00 4.045981478627183492e+00
-2.800403344390781868e+00 -4.962460279153005693e+00 8.332877956290712262e+00 5.285031353542066768e+00
6.578243764535867122e+00 -1.449741771961691850e+00 7.136162963885858801e+00 -6.014694060248307217e+00
6.738445894108204826e+00 1.289402714999547728e+00 -6.386860117336205178e+00 -1.535781506881130021e+00
-2.080109768612829590e+00 1.488821670256238683e+00 6.587702722932160526e+00 7.613173456665811578e+00
-3.656286015454402794e+00 3.223485105490584424e+00 6.866200350904414051e+00 -2.625310234173458213e+00
-1.539876748853090227e+00 1.356182860094285125e+00 4.240905002353093423e+00 -3.177248743652952179e+00
-2.704851390901383823e+00 -6.390684820604090710e+00 6.857275475778450868e+00 7.243604474558535955e+00
8.552574281822286295e+00 -1.485953972511074639e+00 -2.966868850924257117e+00 -5.040051233227351268e+00
-1.475294241207895540e+00 -4.198611703400681350e+00 5.973745103814467328e+00 4.593300563431730765e+00
5.813378284065249701e+00 -1.581838315906252790e+00 7.031483013522462855e+00 -2.561713804249108772e+00
-2.597121591589397926e+00 1.256998010609594818e+00 5.281810447435974609e+00 -3.637831822936723025e+00
8.113021841398191825e+00 6.401887433419259033e+00 -6.427616524210927551e+00 3.189935817443704913e+00
8.110043544177740316e+00 -2.067577407491341557e+00 9.501400302578369761e+00 -3.823900251264541250e+00
5.930288806740625418e+00 8.112253351065785267e+00 -4.044346470685113104e+00 4.323770975405401451e+00
1.737529285972231108e+00 9.567424739375800513e+00 -7.755719425122197030e+00 3.305177889760577248e+00
7.439230134147346796e+00 9.358752323845359600e-01 -4.611853443280055309e+00 -1.428308119901638973e+00
8.318299361933719993e+00 7.345488313917847290e-01 -4.486359663597783154e+00 -3.606281312175759535e+00
6.806916908943530409e+00 -1.010102656987407199e+00 8.504171262521648345e+00 -6.028966143988381710e+00
9.560494633228891814e+00 3.388881369045855796e-01 -3.872993371010774233e+00 -3.246155629029896961e+00
4.379976371495770682e-01 2.938572144008868570e+00 9.453354103347072268e+00 9.690917630703111740e+00
-1.271981411114252669e+00 1.499201611012934920e+00 5.485026579026726523e+00 -2.935519387126161561e+00
-4.499751090566670442e+00 -4.637872390417272506e+00 7.271481020452342570e+00 4.338715806285906140e+00
6.885204896684465226e+00 -3.066962276438256474e+00 8.332789300149959999e+00 -5.084611535979803421e+00
7.265462472576658115e+00 -2.985499229312570613e+00 6.432724054089040244e+00 -2.680401597360034138e+00
-7.734932307301423116e-01 1.062849765945259328e+01 -9.569703500039066668e+00 1.879232062027738737e+00
2.131587820202515804e+00 8.541050012190760654e+00 -8.376873770675226538e+00 1.614729233148276322e+00
1.298869986075824823e+00 3.161571018150349133e+00 5.279995497202846444e+00 8.688119964418479668e+00
6.736210618057950406e+00 -5.743896006033073043e+00 2.911797430307367929e+00 6.421269981172819108e+00
6.658171334795146556e+00 -7.168812067041815617e+00 2.123762024772717805e+00 7.285768147872056844e+00
-1.923620899467240353e+00 6.366279221103872121e-01 2.012899567455009198e+00 -3.389757048753249347e+00
-1.375911077048923570e+00 1.227170654467582001e-01 6.108446439889361201e+00 -3.537866674571105374e+00
-2.341723138616919719e+00 7.624047427419831102e-01 8.056725123995876814e+00 8.507476495346178780e+00
1.024931517148451654e+01 2.181698160155043364e+00 -2.738824941531606605e+00 -7.119527440841736166e+00
-1.310424590217317720e+00 2.791682747811695009e+00 6.193213148225202858e+00 -5.451280800160009044e+00
7.679118968295060021e+00 -5.827023645905101468e+00 1.291105602687621090e+00 7.988305571075082767e+00
-1.320788323218959226e+00 4.498154877773545834e+00 5.570872908864409112e+00 -4.478344546576320973e+00
-1.490236315284040769e+00 1.609344951944950974e-01 3.823829913167045014e+00 -4.725927208859057593e+00
-1.381385152028614671e+00 7.960296174988973350e-01 2.361511414022125610e+00 -3.833696765963131803e+00
-2.171958745896460208e+00 -7.900988552945468868e+00 7.321932331422871698e+00 6.253293543371272634e+00
-3.039080718858225172e+00 3.877620617488213739e+00 4.806426707233676154e+00 7.362555167109823273e+00
6.861912882303733419e-02 1.357742811555640028e+00 5.939178872076140259e+00 -4.197215803936977352e+00
1.097000572229820214e+01 2.291764902511362223e+00 -3.547295900612216002e+00 -2.795985722637956084e+00
9.361071807342121076e+00 1.322684772240911855e+00 -4.624398392464621033e+00 -4.046005782327547706e+00
-2.717194176760543201e+00 5.359279727240700453e+00 6.816573084579139241e+00 7.844333775215806881e+00
6.616454699413318430e+00 -8.149699905405947575e+00 3.498899037938022261e+00 5.584572450454549752e+00
-2.257470148690335243e+00 4.687940182354974894e-01 6.440321475539734664e+00 -4.604825105877700331e+00
-2.315115363596374376e+00 -5.947253922875781917e+00 7.730593784832903381e+00 4.642653500412224687e+00
2.779276158719725665e-01 3.088626005805342967e+00 5.027541201738106480e+00 -3.952770036327621916e+00
8.048657644871161310e+00 -6.506228180187605403e-01 7.112563066205516371e+00 -4.800045396086458638e+00
1.574505281582097904e+00 8.191336746863937535e+00 -9.172070254702175518e+00 2.000755114793313805e+00
-2.749593294988242675e+00 2.719179443207353941e+00 4.773428749218407319e+00 -2.882559904337602674e+00
7.717343949904803324e+00 -1.767234144741491875e+00 7.931371652411769446e+00 -5.066150248330240302e+00
3.696728995610639501e+00 8.631917053371939375e+00 -1.022923153291065823e+01 1.990466154419352707e+00
3.464509334135996266e+00 1.142003020034529825e+01 -8.278090454073796067e+00 4.618527384678261072e+00
1.797928365201153289e+00 1.201112853606864661e+01 -8.445446026981638710e+00 2.594383879452395014e+00
2.301954905400839468e+00 9.576432982528546134e+00 -9.684690467787314461e+00 1.361104579953259508e+00
6.546013486973254025e+00 -3.254456446239339940e+00 7.949174384486815903e+00 -2.570353976666780227e+00
7.593095771075272893e+00 1.206867678621373674e+00 -4.480604475855129110e+00 -3.323036937640588384e+00
2.634419578729207956e-01 4.142376509512503802e+00 4.935989747953918538e+00 7.184682803835517717e+00
5.857105018464166868e+00 -7.058860743127361559e+00 1.639995243050862861e+00 8.418151705597205492e+00
1.329533246369694055e-01 3.347358260573248145e+00 6.220502814571435835e+00 9.007530747715090769e+00
-1.414923795361506809e+00 -3.833053071433539571e+00 7.005812825440556502e+00 4.626425647818217968e+00
6.918186177506429502e+00 -1.528016009250171559e+00 9.136296386008252668e+00 -3.983677578868630498e+00
2.712798851452025595e+00 7.826983028596419700e+00 -6.067635694163302063e+00 2.026588611162921438e+00
-7.264758502438325438e-01 -4.947735037969446026e+00 6.881302673127900782e+00 5.085766706631294376e+00
7.746651397779833914e+00 -2.383530334756318592e+00 7.628294092106388646e+00 -5.222752301474237413e+00
5.592177017989725663e+00 3.136180619443917905e-02 6.712451570127654144e+00 -5.188781890363023841e+00
-1.150031771423813520e+00 4.252424120555027720e+00 6.056445316932972389e+00 1.059655792167369448e+01
7.156643997894792442e+00 -6.938036754106310156e+00 5.372636385326223785e-01 6.770957878907630345e+00
5.907517528150550312e+00 6.889267009361891070e+00 -7.151241991860400660e+00 4.002223392373117861e+00
6.779330673242355054e+00 -3.235649417481802459e+00 8.963621666449913761e+00 -2.842940226220025846e+00
-2.347484264274017907e+00 -5.914281336700076608e+00 6.485689530896989297e+00 7.677315643007929680e+00
6.312608453582704726e+00 3.283065937964667391e+00 -5.191552826330939396e+00 6.198994755515615296e+00
4.509538140300302977e+00 7.599822835661399267e+00 -4.591366536043525848e+00 4.511721295684945510e+00
-2.003613725378325050e+00 2.759043084583093997e+00 6.576041840670965755e+00 7.955795211426263336e+00
-8.272893832939809400e-02 -5.912559537076363725e+00 6.044290153873653537e+00 4.357014671381876703e+00
6.754061694192032839e+00 -5.661193126662795727e+00 2.373898995324106753e+00 8.309512981604497028e+00
-1.128500967727624982e+00 5.519507833899028881e+00 5.572176643994331435e+00 9.637011283808817552e+00
-6.242199164263317890e-02 -5.450682645800281279e+00 7.573173951571082085e+00 7.267385427597601755e+00
-1.241986475778054100e-01 2.463394405801738518e+00 5.370821028776791017e+00 -4.340767334334265648e+00
6.212839668122097869e+00 -2.270995417744797074e+00 8.795693124984767408e+00 -1.486249382056715973e+00
-1.736198068308738574e-01 -6.653757955875773789e+00 6.365139053483924059e+00 6.417476284048997393e+00
2.177600762285447633e+00 8.372364645560256946e+00 -9.604387068928268434e+00 2.812629243938722823e+00
6.215053369150769669e+00 -3.431545221510851729e+00 8.291122599240098978e+00 -5.391281787111344315e+00
-2.547134728439234941e+00 2.740173866361752530e-01 4.257536239113018262e+00 -2.882435693593354831e+00
5.600769105041233153e+00 4.373660011244822954e+00 -6.451247718060337810e+00 3.719867658096776442e+00
8.954071431028463479e+00 2.115991390891277746e+00 -4.572787775097680196e+00 -3.412425031118962337e+00
-1.282322443760038233e+00 -5.689477445285367807e+00 5.482716546609953667e+00 4.645795262369688317e+00
5.997481660537430592e+00 -1.097419643210351126e+00 8.107659922800984020e+00 -6.024845483758981324e+00
7.306902319667866408e+00 -7.374869241297154154e+00 1.517119542463236881e+00 4.950994406577000184e+00
5.545423119487377761e+00 -6.770254383094380657e+00 8.599855605564572514e-01 5.686875722096454311e+00
-2.534869468980437190e+00 -9.623999640177527404e-01 3.076455870838564088e+00 -3.379256783700753886e+00
-1.168617680904928680e+00 2.316905851992637544e+00 7.617003656460417993e+00 4.949690870088527817e+00
-9.881114227492908686e-01 1.736851816827514883e+00 3.738497710498512205e+00 -4.408518747013653538e+00
8.461011202739037174e+00 -6.338042172597081247e+00 3.136570821536107445e+00 6.095775617608563124e+00
-1.537208538409184921e+00 2.509402314418434976e+00 4.337950319636806107e+00 8.255128732088722998e+00
3.777309121607594022e+00 1.070519818905559539e+01 -8.528623755898788517e+00 2.178484049689692892e+00
5.371648031835541737e+00 -1.869032213768279771e+00 7.717019159749396451e+00 -5.874933420318121158e+00
-1.147704900566377306e+00 3.586789072948902923e+00 4.161318188071368773e+00 7.246236154367421634e+00
-1.992018284860490596e-01 2.215046431109392699e+00 5.413672758999869217e+00 -3.083789827892663205e+00
1.701994821460762530e+00 9.286733068244704015e+00 -9.514284907068210728e+00 2.255271037198711692e-01
-1.838466529510179415e+00 -4.710746740432400159e+00 7.937861197589582751e+00 5.448787257503963311e+00
6.561954723812695178e+00 -1.547221564114112047e+00 7.964746288666444407e+00 -2.892464742791033494e+00
-2.639064894168522635e+00 -5.887305212415201439e+00 5.659662886151419769e+00 3.369474558441845957e+00
-1.940012202854841217e+00 9.775912053186649464e-01 5.300976499942946063e+00 -2.477867510467297585e+00
2.330365258191668953e+00 1.159748394565487573e+01 -8.776235999912525898e+00 1.705956383482143401e-01
7.069873656162013908e+00 1.161174614552191953e+00 -4.351218388969244621e+00 -5.153466004778827880e+00
-9.728844539934019542e-01 5.650724378103259227e+00 6.086766725885113694e+00 4.702628312319037107e+00
2.932428427693224648e+00 1.106977127469528810e+01 -7.773434213337709231e+00 1.664512993431004562e+00
1.828028763770797038e-01 -4.968076663415963878e+00 6.996581139515407166e+00 3.202203690414150650e+00
-2.914108359206442067e-01 -4.867703074025374832e+00 7.939495037872170258e+00 7.643819189188642227e+00
2.963114430898900586e+00 9.685269168958608788e+00 -9.470796398031790631e+00 6.283715073456197509e-01
-2.544747987220563168e+00 -4.273166786099860559e+00 7.664115492176686750e+00 6.112539448413972565e+00
2.365502533784249461e-01 2.406413950064866913e+00 5.250938281279258213e+00 6.413883588674443637e+00
1.283489938706774414e+00 -3.994619229018455453e+00 7.011758074311487121e+00 5.914883158596722978e+00
3.190795851365878733e+00 1.031617171195898308e+01 -8.338772056033652902e+00 1.943331853942153353e+00
-4.781372834108680303e-01 3.833709367103727672e+00 6.507475061294766050e+00 8.433491143729867190e+00
-2.565836584980889512e-01 -4.413046208565792661e+00 5.985072659808335693e+00 6.583067575760429335e+00
6.765619077736090503e+00 8.472222278413440222e+00 -4.892820333495157215e+00 3.185467542520469486e+00
8.744994255850814469e+00 2.769450172044009229e+00 -5.138588939715738491e+00 -3.872627426944132090e+00
7.949645970232669612e+00 -7.228577126163055588e+00 2.241503322325779202e+00 5.357451715278018334e+00
7.124168893385505186e+00 6.546778186819087075e+00 -7.864714373370665257e+00 3.622382931361320058e+00
6.373963236256541265e+00 5.588037357774179981e+00 -7.038858798891697965e+00 4.730149541083990883e+00
-2.604744284521690822e+00 2.724753300882322815e+00 3.123363644715830389e+00 -5.792036403692616631e+00
1.887188735721509136e+00 6.573282191705560606e-01 6.062848781102698759e+00 8.025003934230749536e+00
-3.210267841762001861e+00 -5.013274328035890015e+00 8.059697783466216237e+00 3.865141305213583678e+00
8.156723729969121095e+00 -5.365992863836096305e+00 8.273431537544728709e-01 6.525116859746225906e+00
9.240876141260461196e+00 1.748479724227204768e+00 -3.867428549982168562e+00 -2.836263137420188762e+00
-1.990562414991712270e+00 -3.081643001473406418e-01 4.714189468067446320e+00 -7.876319587780525211e+00
6.300418079790095938e+00 -4.313377089888901228e-01 8.968798666945831499e+00 -5.156120832674637278e+00
6.877349288655113746e+00 -2.296007819141423933e+00 5.502875380974719732e+00 -4.079042902029240025e+00
1.395436672939823985e+00 1.126135135557607647e+01 -7.202334910959019787e+00 3.478197707184436105e-01
6.785309748256461937e+00 -7.256967876142552676e+00 2.226635664121907610e-01 6.473362549040476033e+00
-2.168067039218585457e+00 -3.067467998420567721e+00 6.352598830241094063e+00 4.176349491165767702e+00
-2.982785188272570887e-01 2.857697897498240991e+00 6.008245508266574220e+00 6.497975421595636014e+00
-3.537302209510236217e+00 1.256588525824271052e+00 5.789314623429405948e+00 -5.250226772134277020e+00
-2.389482446393973891e+00 -3.603764947391263185e+00 7.898986983630205572e+00 4.607744755974310102e+00
9.550505659015646742e+00 1.236215619664025267e+00 -4.101554220362952030e+00 -2.115964643961900649e+00
-1.626951217812086403e+00 -4.744562743347162659e+00 6.836645185953155845e+00 4.103205895265796599e+00
4.713559773415420651e+00 -6.322276128712238652e+00 2.794274341373330195e+00 7.372447342780147572e+00
8.788712325790990931e+00 4.539823396188371163e+00 -3.855797492874573074e+00 4.449985709901109310e+00
5.991051795730524709e+00 5.681426684083719536e+00 -6.737539950779392939e+00 5.160949706250339553e+00
-4.490702715038178972e-01 1.244480948232251194e+00 8.073471212141615894e+00 9.526813098556615955e+00
6.706047225937306067e-02 3.875509485844514934e+00 6.247979540411737531e+00 8.157220745813285490e+00
9.774155825621390292e+00 1.357868212966150789e+00 -3.049150675077226147e+00 -2.935656640353578872e+00
-3.455208573050895016e+00 2.722601276276946258e+00 5.016729257973596923e+00 9.286252384123351078e+00
6.472973713436566356e+00 -6.139959637304585272e+00 2.012275187814412281e+00 7.685881978405969761e+00
5.319367992701677927e+00 6.196730906837294661e+00 -5.714765063508098208e+00 4.293989782043533765e+00
6.513200033924237076e+00 3.943825855295456595e+00 -4.137632168539210120e+00 1.906054629425057101e+00
-2.050528329428396468e+00 4.904171800048242602e+00 7.221372333573559565e+00 8.890748746699509653e+00
2.895974542523207074e+00 1.060906475307720953e+01 -7.692891570064268159e+00 5.668597505405676973e-01
7.046801638749820462e+00 -3.306979923405064525e+00 4.607957770319597302e+00 7.065209451994908463e+00
2.081543005715795758e+00 1.051789505457134055e+01 -7.971526995822260986e+00 5.104115746551761035e+00
7.598071350331819573e+00 -4.852843122848276014e-01 -5.300934121832717949e+00 -4.472428714487162615e+00
7.730895884287297903e+00 -1.148509177088657518e+00 -4.039592270028147247e+00 -3.938473239693097927e+00
9.757779942552684105e+00 1.928136796602994529e+00 -5.429453613761964448e+00 -2.270518887803929076e+00
-9.084173700584226019e-01 2.866018282395555339e+00 7.833596441814909994e+00 8.483594491076612343e+00
7.572948819535914033e+00 -7.227197433460106346e+00 1.808831727962441072e-01 7.453007737589010695e+00
7.504766396251751459e+00 -6.798157996934392600e+00 2.456825897952289228e+00 8.367139687755186017e+00
8.036164664716377359e+00 2.134372180872611935e+00 -4.956517748176773708e+00 -4.021392178610661894e+00
-1.270362591535186603e+00 2.157340925856340519e+00 7.146992656400575683e+00 5.345186412643381679e+00
-2.605180984249135356e+00 3.198570596330919891e+00 5.767341713340311316e+00 -2.609461288923622391e+00
6.552923919567305688e+00 5.582291704462155835e+00 -3.923192315523222007e+00 5.427091360897489558e+00
4.007772283111179057e+00 6.601461364900623074e+00 -7.750414511040410126e+00 3.762772501772631006e+00
5.180672736982626425e+00 -2.439996199980269953e+00 8.308943372116992521e+00 -5.398106002876155607e+00
-2.287461844456556648e+00 2.000802695550627064e+00 7.852794386027042606e+00 -4.005134500594715874e+00
-2.162849109083264665e+00 4.529815685663733937e-01 3.440591118252710245e+00 -1.957340457162184855e+00
7.578573892380829236e+00 -3.100156865935239647e-01 7.649756661716703654e+00 -5.371762714311766551e+00
8.551096011323924273e+00 -8.398490459245307349e+00 1.018964473507678381e+00 5.570828623331598450e+00
-9.097861525266112137e-01 -6.121492878581731745e+00 7.103477041387602497e+00 6.478049846138803858e+00
1.378602816865737823e+00 9.927501858186117190e+00 -7.453984652829539925e+00 3.900050739731672600e+00
9.284766246685999036e+00 1.442033965258335160e+00 -3.256068799778045975e+00 -3.003432102079955257e+00
-1.185098901254039605e+00 2.239172430302991845e+00 5.575936368490712169e+00 9.446678223536260077e+00
2.091661627231786724e+00 1.023326870338493499e+01 -1.015410142488297751e+01 1.048098873760311189e+00
1.057953202989639507e+01 -4.957172323381838552e+00 2.758323150887279418e+00 7.445340188413812399e+00
5.966093414572593900e+00 -3.378673251511340681e+00 6.924672553532738917e+00 -5.222207713417566843e+00
-2.912524799450393331e-01 -4.661405128947251342e+00 8.809884228906099679e+00 3.602434417607623729e+00
-2.028411461590619691e+00 2.274470993986565936e+00 4.409462171002052955e+00 -2.771977404676887691e+00
-1.880248865894724952e+00 1.757225516106205587e+00 7.196365566905712718e+00 7.918365048125334482e+00
6.095664167248617815e+00 8.081412228437873102e-01 -4.232566473160201070e+00 -2.695157856487199854e+00
4.572727296808013264e+00 6.339661714831787975e+00 -4.320293308850107650e+00 3.970608501518464450e+00
6.410152568193607792e+00 -8.747607162231595401e-01 4.887801948174024247e+00 -3.663322370749551027e+00
1.731052119536542033e+00 9.228005041539216080e+00 -8.023852952255499105e+00 7.825836338409342119e-02
2.242906859448349888e+00 6.904522138854630953e+00 -7.450640899786636240e+00 5.178575820693270160e+00
6.156720353787730637e+00 -4.374336468222551844e+00 8.023674916146271485e+00 -7.286542941169210863e+00
-2.332861379726403062e+00 4.397989116091322259e+00 6.072167571231232408e+00 8.447607806072070957e+00
8.106719435676223995e+00 -5.922374020413324835e+00 3.056170150874315539e+00 7.249880016560434015e+00
-2.009803692611276560e+00 2.632121747902876674e+00 6.087512796024531880e+00 7.734324449888390518e+00
5.289539586985671171e+00 -2.371558958173312082e+00 8.921194561416770696e+00 -3.668010505179937653e+00
6.504060083788532509e+00 5.694726760784849517e-01 8.775975232701965112e+00 -3.172741162420403604e+00
4.057898161812000026e+00 9.965242958284328267e+00 -9.649983720798973152e+00 2.393621836526839353e+00
9.706067221337729478e+00 8.509953840504274059e-01 -5.762023961561860474e+00 -2.714089265589336719e+00
-4.267509618639112823e+00 1.780998740569814220e+00 5.479484473076779771e+00 -3.437193045088761778e+00
4.382238845296585694e+00 5.670726676897713148e+00 -6.916841939726626975e+00 5.258695043323956320e+00
2.886771013635223149e-01 1.505626775787458627e-01 6.067655334085966246e+00 -3.998632821877811772e+00
-4.633582425650080161e+00 3.588047186447242076e+00 5.048450820195377275e+00 -4.767021023785757095e+00
-1.151774333172232989e-01 4.061443554430691272e+00 7.373211839538013734e+00 9.183325763928870344e+00
2.381713754787870396e+00 8.291795036358873716e+00 -9.887678672050929762e+00 2.029315770581022527e+00
-2.263270037684781855e+00 2.081237202704556033e+00 5.325677155981656696e+00 -4.267349384831883974e+00
6.923817453736929473e+00 -8.956713481796189091e-01 6.343313146037202088e+00 -4.631329466852117882e+00
-2.001631584169023093e+00 -5.591553417954867378e+00 8.305522754634125704e+00 4.514679124014752354e+00
6.507781485078757200e+00 5.102489168217372306e-01 9.863415954671944874e+00 -2.797446783017407235e+00
7.181147151134337214e-01 1.271932769115041051e+00 4.838497308341517922e+00 9.562608161816029906e+00
6.264324660494218655e+00 -5.203804231273373659e+00 3.225026558749783945e+00 3.950522329534696286e+00
2.925725647232377380e+00 4.153368834678577315e+00 -5.650498474604327193e+00 2.714250333069850196e+00
8.283689702597257565e+00 3.252811143671192617e-01 -4.689263970047370833e+00 -5.656420445708224776e+00
-2.258351053613212756e+00 2.706839681611161730e+00 5.380461576697880943e+00 -5.387713951701659454e+00
6.414213190900577288e+00 7.081694209654115113e+00 -5.706233921125513753e+00 3.473442121399899385e+00
7.752236474414130107e+00 1.154635085070712108e-01 7.409286149199486360e+00 -3.292808718268843027e+00
-2.204981571869956802e+00 2.797790682119571937e+00 6.766319611003329904e+00 8.683899232324359119e+00
-1.967506815610544635e-01 -4.776695874961156107e+00 6.393377951923551628e+00 4.877442959283424528e+00
8.737110739623402011e+00 -2.835921863046504399e+00 -3.472326593503881842e+00 -2.705134160127832921e+00
4.207193499330289299e+00 6.942937899286038217e+00 -4.946541163120877549e+00 3.079731531128764743e+00
8.013863434201445202e+00 -9.313372557773065274e-01 -5.690641555849781597e+00 -2.482474253983117052e+00
4.030483891400286289e+00 7.611707398937054059e+00 -5.426467085514496524e+00 6.847411104274756966e+00
-2.009510101927269865e+00 -6.116829229945531132e+00 9.353627926379136426e+00 4.644487617025768067e+00
6.770151958972068229e+00 5.314886793637098705e+00 -3.243311538851783027e+00 3.929226757146244697e+00
8.562370234561090143e+00 3.158964019543334945e-01 -3.112550577171238508e+00 -6.698345813435876650e+00
8.852733345779292051e+00 1.173991198651354040e+00 -5.712505729743863725e+00 -1.883624068848043009e+00
8.008746436670881153e+00 -1.378195352516009553e+00 -2.906321912039941502e+00 -2.884994896508076057e+00
-1.847091386672541802e+00 -6.439116965567792228e+00 7.017413960847044940e+00 4.775701658927305360e+00
6.459343128699031045e-01 1.936504931489449133e+00 6.414217097753620145e+00 7.098365376605590527e+00
-6.320775183933858843e-01 -5.307531709873590131e+00 9.280445104364012820e+00 6.676503022351609751e+00
5.333794019714884094e+00 5.692608476368564041e+00 -6.605659860961517360e+00 2.153980467517500053e+00
8.891270215812028255e+00 -5.328134931422985332e+00 1.600013383494601094e+00 7.570301588288321781e+00
-6.757676573272946019e-01 2.711945389464729406e+00 5.316548983702843678e+00 8.446763289978035161e+00
7.042818640947722031e+00 1.667329147482971008e-01 -2.265823981850419777e+00 -3.054202386065002717e+00
2.732102155241333374e+00 8.153146572992678642e+00 -6.087552684827204352e+00 8.926209747869610078e-01
8.064718349663401398e+00 -1.028274470121160133e+00 4.116481261358204691e+00 -5.537196384841088559e+00
7.708209348920419757e+00 -6.570209652429511493e+00 3.277151402238225320e+00 7.768466737143340239e+00
-3.635149122665883858e+00 -4.944639742593675891e+00 6.878986349294579306e+00 3.983376928910208559e+00
-9.882177067963949790e-01 3.538503528763313533e+00 5.876058443152335720e+00 8.541580757517744260e+00
5.058519499313454126e+00 9.461013980051302674e-02 7.412808850971226882e+00 -5.476020341504820088e+00
5.668197099180650511e+00 -1.280937585159626746e+00 6.068280908687458286e+00 -3.241830259900543076e+00
-6.317724777846273065e-01 1.942011597527104394e+00 7.490340611008008409e+00 7.860648735720394242e+00
1.705473307331099697e+00 9.560656342807220653e+00 -9.138860439169256722e+00 3.672735248811184849e+00
9.175318212323666955e+00 1.751172557106429828e+00 -4.740043167341684516e+00 -1.932815708409016953e+00
-1.373776193088772191e+00 4.664945396790513676e+00 4.337579957733439961e+00 8.263524657121580574e+00
-2.941700490380338984e-01 2.372307879609146575e+00 4.024100428859360257e+00 -2.708056325085841820e+00
2.084160177629919009e+00 1.083024219649413489e+01 -8.074862236487138745e+00 1.386094474547810984e+00
6.248375994482594287e+00 -1.660069253913288856e+00 7.073940280151409965e+00 -2.518939645290819040e+00
5.949679958548709457e+00 -5.854920138169246613e+00 2.388585107608328872e+00 5.033405478697345892e+00
6.086125280659474335e+00 -2.649774158097788934e+00 9.292353516884116260e+00 -4.898924260357828686e+00
4.702163986403466112e+00 -2.529400126884166156e+00 6.006198996317770877e+00 -4.220353434146636218e+00
4.514092168029474550e+00 -9.034023092272314148e-01 6.894844420951704578e+00 -5.530362915553744152e+00
-2.315306722762159986e+00 1.539663182459348301e+00 5.457457753308696091e+00 -4.258727143647923263e+00
-3.547492086017040247e+00 2.381075680062291422e+00 4.243554856374302631e+00 -3.638118430468627817e+00
5.833558866402331233e+00 3.306519068892503910e-01 6.857448133673234913e+00 -5.039700691847422753e+00
2.138560998248338674e+00 8.219378382813527395e+00 -8.050867712234889950e+00 1.008728642141234033e+00
5.938297852726181603e+00 -3.144418209758048643e+00 6.945879071054910980e+00 -8.964340858946937551e-01
5.146742683040494981e-01 8.212392051819369598e+00 -9.072082388977573686e+00 1.646972542106819759e+00
-1.908753829087888931e+00 -5.436213075767312830e+00 8.129817680516088885e+00 5.354747539062632455e+00
1.946849888097383463e+00 1.082961989149537985e+01 -9.391310842671066084e+00 5.223220470529004178e-01
-1.336904308845533018e+00 -4.958602758491912788e+00 9.492478727135122085e+00 4.783938015423092160e+00
6.354036310845613045e+00 6.954152413838211366e+00 -7.012570982080669424e+00 3.800569170125911445e+00
-5.597036916513187244e-02 4.155131067017757474e+00 5.712791651613354560e+00 6.906964710083995485e+00
8.728349449708609598e+00 6.629647132785190244e-01 6.623123361450190316e+00 -5.607905042918289951e+00
5.491452403896966317e+00 -7.040054702626392213e+00 7.209344253978386963e-01 7.120146883827906947e+00
-1.298871057847441834e+00 -3.383121978498708771e-01 4.498950528987188058e+00 -5.370401269600892036e+00
5.715623631764048085e+00 -4.179786868140881850e+00 5.559537562738904981e+00 -4.068725659165814967e+00
5.925924813900628862e+00 -7.795630988012812068e+00 2.304819844470177959e+00 6.049726747799471838e+00
2.398203611957553161e+00 9.722972328479663418e+00 -7.546567929255779461e+00 1.662854763847698925e+00
-1.349070194766505359e+00 -1.242341092639883460e+00 5.077011358213199266e+00 -4.217341152906106672e+00
7.325886559550031762e+00 -4.391207608153965936e+00 7.705365166160377477e+00 -4.312521560801417131e+00
9.231213683042202689e+00 -1.031172485843886433e+00 -4.902980544296294596e+00 -4.185324309947475285e+00
-2.755152853210285357e+00 -5.319154246398383634e+00 8.297304211405874597e+00 5.937135401959548808e+00
8.738475138308691825e+00 1.902742734698334104e+00 -4.201493209300382503e+00 -2.312046682074967219e+00
3.665591674502923780e+00 5.856141189384014289e+00 -6.332589538217570535e+00 2.490197327607782007e+00
-2.205327370164433809e+00 3.217898636195064554e-01 6.462160064926177228e+00 -3.575136209008248134e+00
5.099569957118321284e+00 -2.001077970517045834e+00 1.013686790331714072e+01 -3.554151326321716819e+00
6.138838744171358996e+00 -2.094618446162765935e+00 5.201730391133269293e+00 -4.978118298961231147e+00
-2.494772732688966155e+00 2.302271599457304418e+00 4.275672861254428803e+00 -3.120163701611249341e+00
-1.472953072278712305e+00 2.348588726220261602e+00 7.187636586446597420e+00 -1.876489130788147719e+00
2.518579655221781621e+00 8.451874596829890507e+00 -9.835372083677738075e+00 8.105470911234728959e-01
8.036066316254288466e+00 -6.126632729130123245e+00 2.643801719793509086e+00 5.634184527243100149e+00
-1.270422836253568555e+00 3.894173712741977766e+00 6.092119109280615952e+00 6.014666095998573603e+00
6.929254815606550544e+00 6.814362688216622388e+00 -4.288761839525028208e+00 7.983637509604850635e-01
4.501891159980605295e+00 6.118397540111891963e+00 -2.986969049303991763e+00 4.089166637541518767e+00
3.101590591114173456e+00 7.256007953102509234e+00 -9.316043154827344352e+00 2.568997683641802254e+00
7.235580478419048056e+00 -1.894915916321604055e+00 6.416451183445772699e+00 -3.893948603769703531e+00
6.792574781900824199e+00 -1.705426043942676273e+00 8.238927379360548642e+00 -4.237656890943608090e+00
9.768826687719188939e+00 1.009456268360410691e+00 -5.807604347383247934e+00 -4.073778901531339258e+00
8.038566963131327014e+00 2.752456179262895652e+00 -5.132586234206383935e+00 -2.803179300888098080e+00
6.208794141029633451e+00 5.491570247397155491e+00 -6.451998619451910777e+00 5.964356606670785155e+00
1.309454912555929607e-01 2.402679547305822005e+00 3.228953755530037384e+00 -3.940663307714379116e+00
6.168446738747706881e+00 -9.133732288721898573e-01 5.697498809827139077e+00 -5.156579805202653688e+00
-1.179927238888281327e+00 -4.528552466455468384e+00 7.743471445284471955e+00 7.537778540077757938e+00
-1.323048699386967009e+00 2.881919548386854046e+00 5.388996164276233181e+00 -3.060529721375529366e+00
-1.840224404408154157e+00 1.625830940792602153e+00 5.649821410250565279e+00 -4.749106262648180810e+00
5.226937216092045979e+00 6.407736296359798800e+00 -6.400856868886972251e+00 3.820155710935842386e+00
5.265333241586258595e+00 5.780954294091491086e+00 -7.773484971413836320e+00 3.760112966086873065e+00
6.216873132505374322e+00 -2.247289390866297865e+00 7.359479031226389800e+00 -2.886416050901849051e+00
2.023150200701561374e+00 1.040762930173607259e+01 -9.219365604945352288e+00 2.560301592642054924e+00
-1.757784362673353140e+00 3.109841710853201491e+00 2.708713903133562528e+00 -6.083291703000122119e+00
-5.572467843433066115e+00 -4.433516300924441822e+00 7.147214267936683463e+00 6.605853794357162911e+00
6.755613881667095200e+00 -6.149161637989904783e+00 -7.200762131859410609e-01 8.938557314597614933e+00
-1.851071650984397188e+00 3.943153874419129679e+00 7.055599803974103246e+00 -5.440214187435830517e+00
1.155114824595749212e+00 3.333704251209440805e+00 5.875569561047594647e+00 7.059906045499372951e+00
-3.207895548871035896e-01 1.248098147073802844e+00 4.635826125386288687e+00 -5.187323215358333073e+00
6.924601673085900799e+00 -3.746370026353088800e+00 7.714544101538338694e+00 -3.578605998661464227e+00
6.080811498425644501e+00 7.895856844321734513e+00 -5.888836693252835985e+00 6.049544499699308631e+00
7.320816443958983122e+00 -3.397855134941581756e+00 8.477292202955878153e+00 -4.298652678764886659e+00
-1.856270250457358717e+00 2.607661554624920441e+00 5.939495091018839545e+00 -3.487089990553248420e+00
8.388664922740307617e+00 5.357601113029064610e-01 7.534801888457700159e+00 -4.690436372834033918e+00
-2.732011513740729924e+00 1.678465570534549478e+00 4.230716509108269463e+00 -3.806281059130490085e+00
6.203393035631780350e+00 3.922460302463094184e+00 -4.152538931997280969e+00 4.382800618468497333e+00
4.625139487362589286e+00 5.826705274530399770e+00 -7.576113487533474355e+00 5.379134514922815136e+00
7.444274838329732802e+00 -5.769945536115931972e+00 2.077886942614246557e+00 8.689029976620746609e+00
6.555655281679598545e+00 -6.028895956672437606e+00 3.392930290199546395e+00 7.468421858174597361e+00
8.545806584213417878e+00 1.729824778181732192e+00 -4.437646835538338053e+00 -3.716259660945276710e+00
9.746392966438989447e+00 2.914694948845490963e-01 -5.083258186154848701e+00 -3.531955013296771195e+00
1.569416437253010610e-01 2.446440668512583017e+00 8.925084871174412626e+00 1.162455636349892352e+01
-2.140623742570674004e+00 3.566555002785040340e+00 6.175717109979661501e+00 8.607771682502569632e+00
-5.985361415172785193e-02 1.082795199545140807e+00 4.822528114665154853e+00 -5.230589877837891422e+00
2.349516218257372113e+00 5.701327365898036348e+00 6.329999167388346670e+00 8.362572544645660244e+00
1.134007883434214659e+00 8.253004565047534768e+00 -7.379857695434283826e+00 6.827257370058936736e-01
-1.494104763504199296e+00 1.561710332681465641e+00 5.266347690222898947e+00 -5.389569843051292608e+00
6.022330283713959176e+00 -1.475432876269250793e+00 9.374029354210044573e+00 -7.817045412074007160e+00
6.970219689159998566e+00 5.220670363865154151e+00 -7.196926218172071898e+00 5.337839102023981042e+00
8.450383403467107257e+00 -9.904609779804691705e-01 7.553922133636116421e+00 -7.141604825043474492e+00
-1.789698206363071309e+00 1.705568198391858026e-01 4.428966321830019481e+00 -4.233699995930544802e+00
7.468697043110268829e+00 1.906898289584884498e+00 8.157424429681384481e+00 -6.263995674942994363e+00
9.071533317099072846e+00 2.039151498424910613e+00 -4.596775843743576395e+00 -3.305074335821012177e+00
-8.248228908432363449e-01 7.172280404104894869e-01 4.712049738672658528e+00 -3.506359602141408960e+00
-1.244561992551720842e+00 1.634679591119292619e+00 3.435379087672134624e+00 -5.010240400385338688e+00
5.889836070629542064e+00 4.046208144492144498e+00 -7.258453824414425881e+00 3.954976760071688968e+00
7.799544035089861715e+00 -4.077957637178214689e+00 9.125329269897974882e+00 -5.148773747206149665e+00
8.799134895383327049e+00 -4.802594588037856216e-01 -4.665969275959855445e+00 -4.014433976092447232e+00
7.875718073129235108e+00 -3.446888393625529901e+00 8.150276487041145046e+00 -4.041853067886138184e+00
-2.020025237946759145e+00 2.341495543523210987e+00 4.505572008483966329e+00 -4.603734288035910005e+00
1.469116206460907126e+00 -3.019983382193366150e+00 5.789437130536890130e+00 6.652019881949027713e+00
-1.215728811125922348e+00 1.355602906112961303e+00 4.818271546114567094e+00 -5.051844597626542033e+00
8.314748401716272497e+00 -6.473579695458499650e+00 2.839551181805818114e+00 8.219471876634004914e+00
5.821659925267573144e+00 -2.619450050642824657e+00 5.798731708509466287e+00 -2.869223360675675849e+00
2.676638763833701251e+00 1.049308659297051527e+01 -6.040138091221119332e+00 2.886884346957431013e+00
8.950697623988766338e+00 2.777310878254302118e-02 -5.579028035980208244e+00 -2.580062585569661060e+00
1.644713911819955410e+00 8.882411670638727941e+00 -9.606099948880093109e+00 2.456684700869943061e+00
9.160879417530672697e+00 9.361103658513516557e-01 8.623552373863857312e+00 -4.316545192462795555e+00
3.738901627323352628e+00 6.615615846751349949e+00 -4.774553219984472463e+00 4.262232792966314854e+00
-4.268228054437398278e+00 3.112293824162350120e+00 5.322928090954481384e+00 7.576555361175449477e+00
5.059267492181735548e+00 -6.977080626578969103e+00 2.231468010204456398e+00 5.441610583538080803e+00
-8.855384531986437713e-01 2.097463852432813525e+00 4.668882957156767155e+00 -4.201184422832043630e+00
8.863830656372510219e+00 2.301412767290095918e+00 -5.184965812604851898e+00 -2.474937673874417321e+00
1.465602521418271076e+00 9.703368215208902470e+00 -1.023298658087377078e+01 1.209522912937268657e+00
5.654684201528094256e+00 -5.312491411233065008e+00 2.159446524910316523e+00 6.483135473521158154e+00
7.092951453668840500e+00 -4.835920885880360842e+00 3.498614940118890182e+00 5.779026218149788008e+00
-1.980299308724219109e+00 -3.806707122420833311e+00 9.430423654633791841e+00 4.496404506613462360e+00
7.790011383498445241e+00 5.162827070403763763e-01 -3.774952965585955056e+00 -3.415184877474685798e+00
-2.454136519152200435e+00 1.937977207211349029e+00 4.046948532782459473e+00 7.124089246555589838e+00
3.935406988198008271e+00 6.370641078735324925e+00 -3.864944328561146669e+00 3.790879296244681562e+00
4.281805641313762401e+00 -6.601796526840642443e+00 2.559203446422114059e+00 8.218628329040903679e+00
-2.710198047412811118e+00 1.580553449758805629e+00 6.340747837211092808e+00 7.956259749321469954e+00
6.488108845149207937e+00 -4.655807268789312836e+00 1.706821990559110880e-01 6.641105428716338466e+00
-2.104782465356680454e+00 2.783238778808998060e+00 6.229941863891493625e+00 7.032044595465251291e+00
5.967556863578446169e+00 -3.412740225133068517e+00 3.164974499525749607e+00 6.942883121755850873e+00
-1.466489288037382543e-01 -3.748553536618767446e+00 6.414975218082637376e+00 5.192783358305183228e+00
4.117970919169382071e+00 -7.209335824487618005e+00 -1.592772717869039845e-01 6.518262417225038519e+00
-3.452692938287521773e+00 -4.741728753524688145e+00 6.852727096808173712e+00 4.839204178574222581e+00
3.566072197649003961e+00 9.166380097540184124e+00 -7.589576380570279390e+00 9.828274074890288592e-01
-9.032013526824591576e-01 -5.914971846147444090e+00 7.791278384973439053e+00 6.037473445969219199e+00
4.393296989013562026e-01 3.231313406931294985e+00 7.514788192376890663e+00 8.959043022401273149e+00
6.882697314175985071e+00 -5.803179835858734315e+00 3.555032131426185238e+00 7.313510581377160591e+00
-1.208919593898971856e+00 1.886260103023025270e+00 4.263870348074579653e+00 -4.990560093182545565e+00
-2.179216518528364954e+00 2.278692459716306296e+00 4.296343063451251609e+00 8.580748854624010491e+00
6.485210111237442732e+00 -8.663175689930156409e+00 3.747932732560417257e+00 7.319786765900007097e+00
6.013422885302824206e+00 7.495443758552070790e+00 -8.281905674861203437e+00 4.085570134900494921e+00
-7.813889020131773444e-01 -5.969197617852912252e+00 6.463706644289882064e+00 3.909802694624091579e+00
5.476768989499599449e+00 7.670862645305303040e+00 -5.155645303901629894e+00 4.120893550251782500e+00
-2.456404397059267719e+00 7.773747031520622519e-01 4.404975495061723478e+00 -4.182631035314536838e+00
5.699776437549589403e+00 -2.931012134087929155e+00 5.266382397499771884e+00 -5.001788098029829044e+00
-8.669997614489475257e-01 1.072024155809270241e+00 7.117243374793872590e+00 -4.051123334376329765e+00
1.237469754302707781e+00 9.828704442165783206e+00 -8.662480178543228604e+00 2.386985484214350528e+00
4.192466720997439111e+00 7.799558736702095096e+00 -7.122163841254267602e+00 4.348748598660302278e+00
-1.670575952187741908e+00 -4.689401962065547380e+00 7.770403467969747346e+00 4.371180670980751692e+00
-9.520329778974991886e-01 -5.278286449742155995e+00 6.453991647356625450e+00 6.662732834697774109e+00
-4.834660838752531831e+00 1.980070174642940328e+00 5.975984501721854691e+00 -3.092123882606006902e+00
8.776007895175707674e+00 3.351446140927927253e-01 -5.269491641303899243e+00 -3.730274823494236891e+00
-6.130834928602864053e-01 3.847520066301265640e+00 5.135704787746914413e+00 7.023654787468829319e+00
-3.671065331160639378e+00 3.037295097757907403e+00 5.979552640354842019e+00 9.226770776520009321e+00
6.175371872596968625e-01 9.486672914971704174e+00 -7.085546926593464079e+00 1.444911861413905374e+00
5.741795200185482173e+00 -2.636960669752994590e-01 6.674608889234809439e+00 -5.292636981207237135e+00
4.078083975007928963e+00 7.058173630423105749e+00 -4.911680435719866011e+00 3.251366883730788970e+00
-8.219730240124308862e-01 -4.063542016607628149e+00 6.227008580959799033e+00 6.654289015872159929e+00
-1.981128108558102507e+00 8.847049475800844442e-01 5.608145759642898298e+00 -3.114078960497021598e+00
6.611359203006430540e+00 5.302733013913025317e+00 -6.232674858937409468e+00 4.928407325059378508e+00
6.026297858231151494e+00 -4.877844434074170010e+00 2.532284192605828377e+00 6.079455405060776307e+00
-7.226969591934235826e-01 3.282931591761159673e+00 6.514060129072474226e+00 7.313804446044242624e+00
2.215279442951928690e+00 8.756160900988456675e+00 -8.028140677612830345e+00 -8.835017187712606024e-01
-2.648061727733205029e+00 -3.264460942403247579e+00 7.850119861109248198e+00 4.853943783775763521e+00
9.367838177272657774e+00 7.918188841779892906e-01 -4.454019577097526827e+00 -4.427279978202824928e+00
8.983371363436750912e+00 -1.711605104851454673e+00 7.179940264317369092e+00 -4.738358737776680485e+00
3.614506345544707955e+00 8.623150428096218789e+00 -8.777394887538322976e+00 2.996503810333851270e+00
4.225213219324266412e-01 2.101128496726358819e+00 5.168850507657404059e+00 -4.035834825261757963e+00
7.174984642337008722e+00 7.126372938261084755e+00 -5.308141865221076117e+00 4.584484500512443717e+00
9.229666271412710898e+00 1.477227686702417220e+00 -3.945120480631684412e+00 -3.176353881374549104e+00
5.983776209869509977e+00 -1.546204095368652442e+00 7.674370829834994190e+00 -5.348612063670030281e+00
4.625516277001375798e+00 1.041317347922468706e+01 -6.750007280019097777e+00 1.275908669871175460e+00
-3.546892220736061141e+00 -4.704938761000130754e+00 8.096794644669653707e+00 3.841369931140394378e+00
8.881172546050652983e+00 -3.384909719631978842e-02 -4.053908318065703398e+00 -5.501135676144182973e+00
9.867350328765271072e+00 4.660562502395809714e-01 -4.740910414162889275e+00 -2.456099346048091103e+00
-2.439856145078689753e+00 2.478006695697823059e+00 2.903109007416042608e+00 -5.097791376203383074e+00
-1.518828930606560101e+00 -2.773969709672188699e+00 7.225410996075942727e+00 6.036146521546859489e+00
9.898149067316419192e+00 5.505749122364507198e-01 -4.239068346940940479e+00 -3.053518106131984933e+00
-1.918028020419638047e+00 1.923201034321242453e+00 4.620958878970959027e+00 7.763621830723804074e+00
7.655801457178112557e+00 5.634232835976775711e-01 8.330220788133214427e+00 -3.731773989909896283e+00
5.457528535728476626e+00 -2.137592541480096031e+00 9.763469939546840948e+00 -4.957334731980262532e+00
-1.978421058143923217e+00 -4.441456053035238938e+00 9.254788171029176169e+00 1.226232030272476070e+00
7.324881539671516784e+00 1.630862744893841532e+00 -2.155576179683377003e+00 -2.931389985459223801e+00
9.060099632775376222e+00 9.606236909603507179e-01 -5.518710527227821849e+00 -4.188689724250634683e+00
1.169547934791287247e+01 2.817475079238733748e-01 -3.088741084787276492e+00 -1.728329037611561647e+00
-2.401653731606186781e+00 5.778648454968138282e-02 5.915739763383629501e+00 -3.420929314939742394e+00
8.743256196275829950e+00 -6.894763336210936622e+00 4.808196546950019190e+00 7.532986982104531215e+00
-1.766094891698221758e+00 5.496557849010301311e+00 5.586873642967651321e+00 6.813148817148299230e+00
-2.041651942283189136e-01 -2.841102804089012945e+00 7.073733621585630793e+00 4.380647959151658277e+00
5.991392692209060122e+00 7.055415759373983242e+00 -5.220742100503863448e+00 3.465594487377623878e+00
3.666990784987106622e+00 6.391932133368595004e+00 -6.669027992418464557e+00 2.792361671198601236e+00
3.145545409909635381e+00 9.578183578756480188e+00 -9.389530167251891157e+00 2.910031892760306604e+00
7.347342605170492646e+00 -6.781506852929316764e+00 2.802955755215474465e+00 7.444169920086810777e+00
1.133500875849884348e-01 -3.656110469430615684e+00 6.387395870779835505e+00 4.084294175170596120e+00
2.943960860100773846e-01 2.414488328505944637e+00 5.435828163386815071e+00 8.702670894901334719e+00
4.671716858803671713e+00 6.751990150311968364e+00 -6.070141370888983978e+00 6.940694153448967896e+00
-8.847827948455571079e-01 1.872393267272513206e+00 5.111403753241541281e+00 8.388566771532405042e+00
7.499477565343775964e+00 -6.691033134720484554e+00 4.972894682378117270e-01 9.143598334904782021e+00
7.119813998910742292e+00 -4.727265069398194353e-01 -3.652200406356511220e+00 -1.665843464728000933e+00
-3.009142450946385328e+00 -5.872904587374892849e+00 8.273252282500623167e+00 7.158757487192132452e+00
7.923314371525009392e+00 1.490527599520341973e+00 6.104596813122374677e+00 -4.743048350382564671e+00
5.574693776670973655e+00 6.679473683536732764e+00 -4.848548037974456548e+00 4.335202727769302378e+00
8.457278838408713639e+00 -2.521443533786456470e+00 6.461439501456594847e+00 -5.131449334348721969e+00
8.207995717075162290e+00 -1.179031409581263290e+00 5.954651221589795540e+00 -4.904933356358456287e+00
5.790002584597829127e+00 -2.235634985407171982e+00 8.400288869094616473e+00 -3.505826449994027705e+00
6.778654797996831682e+00 -4.902732164193420727e-01 9.370965519445924485e+00 -6.724809723761640434e+00
-2.769735952990160399e+00 -4.103759652500964528e+00 6.922995284873747934e+00 6.285984910861088792e+00
8.406233202902031465e+00 -9.012649238580761946e+00 7.607786889922869555e-01 4.729101261604341744e+00
-1.450698936862658162e+00 5.070937823116850929e+00 5.776473459080548878e+00 8.682216047952586280e+00
3.438114858778316130e+00 9.644905838422245026e+00 -6.268883237010333787e+00 3.508755259904294821e+00
5.934139407931291466e+00 -6.568532610168399621e+00 -4.684399350385692884e-02 5.868300261931259421e+00
5.482802878095789367e-01 -4.249522887444777908e+00 6.775458252136826509e+00 6.432533450605149028e+00
5.390655163687548601e+00 -5.388067051309677780e+00 7.848369733220030842e-01 9.115145950136575692e+00
5.970756965331102784e+00 -7.423953093785605972e+00 1.383163303741615779e+00 6.426449810542882446e+00
3.575780407117431281e+00 6.992080564118522190e+00 -5.195830449617578672e+00 3.115291539520347541e+00
7.774606680975005624e+00 -4.331177668874799380e-01 -5.388270393289357862e+00 -5.245010304852502969e+00
6.199585942753254919e+00 -6.455256034134170484e+00 3.449339180504774394e+00 7.587332566515623711e+00
6.336638232394694370e+00 -5.011672734223949988e+00 2.564058350258298979e+00 8.629378921615350251e+00
8.613507320638142062e+00 -5.921216716584837059e+00 2.617016524081306805e+00 8.840996262904548431e+00
1.011546446712705816e+01 3.691131008096176780e-01 -2.530323034156255257e+00 -3.513557228364129426e+00
5.996158774112934076e+00 -7.845346056087805664e+00 3.029166999948047057e+00 4.978303520575953378e+00
5.825916544518358720e+00 6.571236767925556777e+00 -5.713575090086118635e+00 3.068368897667586914e+00
6.233393409175260302e+00 7.252895586717386323e+00 -4.658846564145301627e+00 3.435284255458558977e+00
8.128239476758951199e+00 -3.089673841391778364e+00 1.096904764902385487e+01 -4.562064818072632200e+00
-6.268080141489322799e-01 3.957375308679067505e+00 7.198188797012537776e+00 9.034147844926456727e+00
7.025748384625480902e+00 5.559553778420360359e+00 -5.046696448813291269e+00 3.518288546838032715e+00
3.205361096021884570e+00 9.671287748668580875e+00 -7.701472308742326689e+00 1.205228681482551689e+00
-1.810931225149611912e+00 1.132728546905965672e+01 -1.240929414684316789e+01 3.342616258530993534e+00
8.731769536361253969e+00 9.453813640013434272e-01 -4.520284005494604074e+00 -3.774508092294734496e+00
-1.504697071181146040e+00 1.606523657004527372e+00 3.721820798344031456e+00 -5.664568781941089703e+00
-7.796965954214237771e-01 3.194596341935768802e+00 8.667289831899289254e+00 7.628030267062344549e+00
-1.740345545693765317e+00 -5.733511067403386896e+00 6.630036020595838409e+00 4.028457287681966648e+00
6.024530269514457359e+00 6.437812789746063302e+00 -6.488570439411439850e+00 3.465124158439128799e+00
-8.828080241611063750e-01 -4.315380236025768923e+00 8.033214443560353857e+00 6.481246462298744682e+00
8.119652531209885282e+00 -1.341450215955999781e+00 7.967232713273908473e+00 -5.032058869849857174e+00
4.932482248857710694e+00 7.193022613647121588e+00 -7.274224890895577111e+00 3.896556696274410037e+00
8.879460845303428940e+00 2.424855467330445657e-01 -3.473709931741587376e+00 -2.203973757190977878e+00
8.002922175397854332e+00 1.055123987051022505e+00 -3.816575657248019837e+00 -1.429698981626730037e+00
6.340104398283061826e+00 7.049314502275245253e+00 -5.988607345514271429e+00 2.160352896241892307e+00
3.416653992233049664e+00 7.420369908287422156e+00 -3.611993886203905380e+00 5.459204421141041763e+00
3.831906546850187389e+00 5.320593787269324970e+00 -5.876467963380408221e+00 4.785838375734918770e+00
7.511867794518733099e+00 -7.656652465017395492e+00 3.794263108947903973e-01 6.932232848084161958e+00
3.169740246847200460e+00 1.090005369476039121e+01 -9.276768988284883832e+00 7.386983507920888981e-01
6.127361637353372359e+00 -2.608702229346032020e+00 1.012035156379483070e+01 -1.352817384034058268e+00
5.975900606528491643e+00 -6.811495495517786658e+00 2.899389054748466421e+00 6.396282810489607229e+00
-2.439398011439148473e+00 1.085139879610149016e+00 4.560816882815131201e+00 -6.079045991692400008e+00
9.326824117349911347e+00 2.822007208700175962e+00 -5.061417866696888979e+00 -2.538078538902642123e+00
3.223726841526597386e-01 1.006915685025266072e+01 -7.721730364048878137e+00 4.127162214834807941e+00
6.487856091907326039e+00 -2.953230363693839511e-01 8.406272232179345494e+00 -3.873909028937913668e+00
8.510920483644783374e+00 -2.091864231586134659e-01 -5.519160466703674217e+00 -1.384049112484826427e+00
1.190853882264366614e+00 8.976449941345400418e+00 -8.988690597795603310e+00 1.940578852456207759e+00
3.454991624199532652e+00 4.917739939921763614e+00 -6.022847467804934851e+00 4.614192941359755551e+00
6.117311237147229797e+00 -7.407566979834794729e+00 4.629396970842062586e+00 6.532585071506106011e+00
7.540611595200459760e+00 -6.519185195127885635e+00 2.655197316164819465e+00 6.609541274890407436e+00
-1.152307044117547585e+00 1.920550363255404180e+00 5.365589144913985642e+00 -3.261972185853743156e+00
-7.355739398557297193e-01 -5.166775904060858515e+00 7.054450184961803316e+00 3.318126383538384516e+00
4.353193550180376015e+00 -6.739419621480545963e+00 1.993224317311266258e+00 6.487962549247682453e+00
1.002838063704377802e+01 8.682946258697162856e-01 -4.507731090350989511e+00 -2.395748358431040614e+00
1.888689077521511717e+00 9.893803143917924814e+00 -9.206919947637926427e+00 1.245781105468183103e+00
1.050939952405803846e+00 9.055102461863926422e+00 -1.100854748445309639e+01 1.310415045469176309e+00
1.024036457209489370e+01 -5.948769165788299063e-01 -5.029951857856758579e+00 -3.712833687935717109e+00
3.541992976988297848e+00 1.186749279869966323e+01 -6.885200524757979501e+00 2.710216619369719027e+00
-2.129163233835811742e+00 2.788021995018582722e+00 6.513116869038614531e+00 -5.956001802767600495e+00
1.970213982843335376e+00 8.841541574363965594e+00 -8.628919095728754485e+00 -1.613283522822950289e-01
6.990121571659209998e+00 -5.599726221474069732e+00 1.368525873261844383e+00 7.637613446882999035e+00
5.933156505283642801e+00 5.411229536261068063e+00 -4.337238474193211957e+00 4.943289697257271520e+00
3.013179003674575362e+00 1.047520718527806061e+01 -8.750969296106470452e+00 3.063474911426014913e+00
-1.263555681282981791e+00 3.231811259532636704e+00 6.857668123964090867e+00 -3.373312705466024575e+00
-1.287258235864424449e+00 1.116824663038064713e+00 5.614629472949641098e+00 -4.835460722976317349e+00
5.518713298373194576e+00 7.491119685818663498e+00 -4.167477290773383913e+00 7.008889346512597207e+00
9.553640276534780540e-01 9.213703347925980225e+00 -9.851459482295014780e+00 9.613936565370810872e-01
-2.060564948989014766e+00 -5.197199698294412862e+00 7.267141542211872363e+00 6.277153525686349766e+00
-1.922173525566376329e+00 -4.777624580357802131e+00 8.775902189914759788e+00 3.313900282033849010e+00
5.721779733027513082e+00 7.005770362557737663e+00 -5.158312847471797191e+00 2.808019138870555764e+00
-2.110999009714362273e+00 -5.642112062290673968e+00 6.910486437999512788e+00 4.607490619894528905e+00
-1.681916093245034771e+00 -6.051451853050816787e+00 5.870311601721006411e+00 4.450555996932853198e+00
1.151216791485848034e+01 -2.736118535481437686e-01 -3.379245421147292205e+00 -2.935820580949716430e+00
-4.299824097670478906e+00 4.750170812934648268e+00 5.254802648605358506e+00 8.789365227428719507e+00
-1.713516927941356016e+00 4.098808916755099396e+00 7.024680247317576232e+00 1.010995350058556141e+01
4.031036774486720375e-01 -5.531935093430865535e+00 7.776293153675014835e+00 5.848841834006275775e+00
7.148411849837139620e+00 -6.467211739484675981e+00 1.522512031874591276e+00 7.010556515952698575e+00
4.502252370104105061e-01 8.634938385902433566e+00 -1.185104803570690812e+01 2.584335715067454409e+00
-3.856676189742118677e-01 2.523976892874908895e+00 5.400396798624147898e+00 6.159034334994369253e+00
-2.556319052467037167e+00 1.574561913813669722e+00 4.728342883390010520e+00 -3.669468600099668354e+00
4.332389548188807282e+00 5.296706883741369332e+00 -5.133801639069672795e+00 4.191584684473776967e+00
-1.150175735945482502e+00 4.191765310267149047e+00 4.342998179734191666e+00 8.180376920622331127e+00
6.610596448006315740e+00 2.748772089330853152e-01 -2.055120652808219539e+00 -3.669810163253883317e+00
-2.187584229164627470e+00 -4.713612242569904076e+00 6.539133846575536424e+00 6.052927151958731322e+00
-2.747145516261345399e+00 2.920315157865257305e+00 6.746524941968954359e+00 -4.987160871380986293e+00
-3.558603060374423865e+00 8.938109793839907891e-01 5.212847941793103068e+00 -5.998370811533782820e+00
1.211737052033783568e+00 1.080855778598428074e+01 -7.541243679741668871e+00 3.006004342146867625e+00
8.200490952109474208e+00 7.795671680972553474e-01 -6.885190376111680166e+00 -2.833761797035965202e+00
-2.396174547462111004e-01 -4.164390148449771623e+00 5.884181610190263534e+00 6.212912247781386732e+00
1.784813413969762230e+00 1.067164806420577428e+01 -8.117856700569960893e+00 2.582498352780776329e+00
-2.868115999930829219e+00 1.091517950726105468e+00 6.711523303047419731e+00 -3.992978833205629297e+00
-1.948330559044582522e+00 -5.405601607991430413e+00 6.509133664815138332e+00 6.988880760264569503e+00
7.426307655946310149e+00 5.430574809361673694e+00 -4.208201158844000034e+00 3.285143236604476158e+00
-2.739831182567247669e+00 3.146726621643339605e+00 3.951539398385535140e+00 9.262354731895410254e+00
6.585163293185149591e+00 -2.009142571845088376e+00 -4.553961642412294175e-01 5.851788010122383810e+00
-2.130623144859863149e+00 2.698111791704449036e+00 6.592429112695049831e+00 9.730258568388510554e+00
4.162941152116710342e+00 -4.387241764271764488e+00 2.653070388147541703e+00 6.930936189240528122e+00
-1.549835803311520710e+00 5.135891579185479117e+00 9.251193202923218450e+00 6.873517003650597701e+00
8.355745392622816681e+00 2.303605261589288133e+00 -4.809068838021688386e+00 -3.526732834565310171e+00
1.306510354517453898e-02 -4.789296399462108944e+00 5.002919516465883731e+00 7.106006507473612288e+00
6.938379191674290070e+00 -7.124521624652953911e+00 3.404671563556586733e+00 6.773816404772589728e+00
8.242024200851178151e+00 -1.014881642047309462e+00 6.775706630783990825e+00 -2.069265838938603608e+00
6.944140770005581054e+00 -1.302759902450561613e+00 6.737515516298582696e+00 -5.225466347835451941e+00
-2.996669690806845310e+00 -6.525089027598921732e+00 5.978000780204747677e+00 3.899919612069973951e+00
2.255272688223299404e+00 5.741276161838747782e+00 -7.137207332314355668e+00 7.540055335255586577e-01
5.335509567525988928e-01 -3.885908400081586223e+00 7.859281587651825163e+00 6.843277055680536236e+00
2.009114669884230153e+00 9.099764423474825392e+00 -7.682132260620315733e+00 8.152422819173470447e-01
1.127985717810754185e+00 -7.327941152108561340e+00 7.043639780621634650e+00 3.900634512073502869e+00
-1.312455075374813207e+00 -5.069401511978082198e+00 7.617356608391077089e+00 4.917203743334940036e+00
1.235086545018774018e+00 9.138474606693703706e+00 -8.400126746800825828e+00 1.430559459615577511e+00
2.517919798050538560e-02 8.912151336743182384e+00 -8.965595651928969900e+00 2.140645959070671012e+00
3.052784189259230452e+00 9.163397855457569463e+00 -8.508075928061314741e+00 3.191519493476732361e+00
7.814182527325874261e+00 6.945755496508764004e+00 -6.185614746690418997e+00 3.585808700638987379e+00
-2.134676893442571277e+00 1.788350531912291874e+00 7.525807090939342636e+00 5.160156518419421801e+00
-1.410982417675871847e+00 -3.818941818265175314e+00 8.434575345049816875e+00 5.947096524226137326e+00
-2.454924126431378362e+00 1.033939855669139263e+00 4.834487054081365365e+00 -2.789944720547335333e+00
-1.170703708864700543e+00 -4.951978844506800925e+00 6.473014624583891319e+00 5.525341019240961771e+00
-2.273748235473691093e+00 3.395279320965666869e+00 4.750578085877007695e+00 -4.945846399946836947e+00
7.281140832797104778e+00 -6.824757034349759444e+00 1.473086559706882515e+00 6.697387691523488229e+00
7.516137625079401197e+00 -6.467535201585288718e+00 2.924851474528021189e+00 7.237959596809923291e+00
-9.496253872715783029e-01 -5.234779576888055175e+00 6.610320395072638355e+00 3.330788779868703919e+00
-2.117172525418689943e+00 2.117679169509719461e+00 5.029334208062213207e+00 -2.915367491974255820e+00
8.000465935319596156e+00 -5.074330588545350018e+00 1.834686808932883162e+00 6.561543046250013056e+00
5.068427818939331253e+00 -1.780715341064206481e+00 8.791215444136888379e+00 -5.748183104782550679e+00
2.261072618970246584e+00 1.098998874196014519e+01 -8.989863345210281409e+00 3.742364700917059750e+00
5.621465129403702576e+00 -7.366126126163847765e+00 2.203796077743836346e+00 6.445355642715504096e+00
5.217206637832694227e-02 7.823962999208989189e+00 -6.447355401801585728e+00 2.473539043933005832e+00
1.690972188192162218e+00 8.765601680640331850e+00 -1.002161256439056736e+01 2.935983328683304805e+00
5.213619120551964414e+00 3.177330939086024930e-01 8.345770043954201967e+00 -5.566682128425297194e+00
4.471625175894845761e+00 5.234020504407517649e+00 -7.624805528430762536e+00 2.923907782444614245e+00
1.177592291973910354e+00 9.315497713344688790e+00 -1.002902001404294907e+01 3.041636233831018554e+00
1.237496828625789691e+00 9.402189863638774625e+00 -8.909900130240499649e+00 2.258860644408977603e-01
-1.087781084101127060e+00 2.520426782764887630e+00 4.805583990714277220e+00 7.287498435236378747e+00
6.696396641942413908e+00 -2.441679608976590199e-01 -4.778915700738099126e+00 -1.686647954250525272e+00
7.222245203591277196e+00 -4.593787055454812140e-01 7.348930522338678273e+00 -4.982437250543997109e+00
8.124114037631981589e+00 -6.098311565116158128e+00 2.144003310980622246e-01 7.001858168548471539e+00
-2.813132568119895982e-01 3.085236988473476938e+00 5.052307324507810726e+00 9.187695749563541625e+00
-6.973798476741241981e-01 4.355099546481746131e+00 5.846060390463131640e+00 8.371454948654536210e+00
1.567088210769150614e+00 9.788461490186321612e+00 -8.276108736584490089e+00 2.481862248675808402e+00
9.483642906471303036e+00 2.278429327867657506e+00 -4.724365379599260173e+00 -6.025369342717397103e+00
5.465855070920333958e+00 6.091584152696321475e+00 -3.904746172426896145e+00 3.028989246737900487e+00
5.425422086286542545e+00 5.564361142192909782e+00 -9.132509834159137085e+00 2.745205211860946903e+00
7.842555504452140003e-01 4.382097659127863309e+00 3.091067108258909624e+00 9.346980752053161368e+00
7.374532237493948372e+00 -5.450939525979511480e+00 2.811096238082501753e+00 6.513697901108908894e+00
3.224824935210325982e+00 8.658326696339726070e+00 -8.918631316860000879e+00 1.304181882535020653e+00
2.333963793343884596e+00 8.728326559328341006e+00 -9.535442285091143333e+00 1.711988169597934428e+00
-2.402300770924253870e-01 2.418068107529025568e+00 5.729329282936650891e+00 8.082584344031493728e+00
6.566525646303801977e+00 -6.594922601286336672e+00 1.884543457638208519e+00 7.212105256710685808e+00
-1.385360164949775985e-01 9.410334459747037528e+00 -9.768535176087789651e+00 2.601652015055015532e+00
-1.022811746861138182e+00 -5.984099421782651973e+00 8.227846719713763690e+00 4.467047992462079620e+00
3.721309427263268077e+00 6.545309355540362972e+00 -5.094889067041246555e+00 2.912696697750989827e+00
-2.908410816626596507e+00 8.171648335426614507e-01 3.492787961921407280e+00 -4.583531013358787654e+00
-1.566283712345768020e+00 -5.770448071703641268e+00 5.996081542894221350e+00 5.305428067200216979e+00
4.396510758759617499e-01 2.347655753787920574e+00 6.268000878637382201e+00 8.487510135518078869e+00
4.074435572964885122e-01 -4.963588702651502871e+00 5.624311322078940911e+00 5.211461626961831684e+00
-1.319737425576396062e+00 3.092017298362955913e+00 6.299226370307579259e+00 7.147547671834947991e+00
7.937395341494748457e+00 4.387354878328621477e-01 -4.702990108888308818e+00 -3.255466481720823868e+00
-1.132447612988298768e+00 2.450460522924212903e+00 8.319860132376733830e+00 7.007562054407738827e+00
-2.293699456594893160e+00 2.125845375326742115e+00 4.484780417660021001e+00 -3.521342436722126212e+00
-2.641243037109777703e+00 -5.796640598329590333e+00 6.751684662161807182e+00 6.736198018083344508e+00
-5.829841428676147963e-01 1.437345364469785336e+00 5.255317260632806686e+00 7.932059280702358883e+00
7.497568199144470924e+00 -5.939564318116220321e+00 -1.726186516431247320e-01 5.006190156990287576e+00
7.681169019722078772e+00 -2.647621913832413298e+00 9.493949623894199163e+00 -4.367332929849907508e+00
4.029168607521133261e+00 4.821695550484726311e+00 -5.439764971357979206e+00 4.952802827725169443e+00
9.394208236446964122e+00 -5.649336095485479881e+00 2.646381171530046039e+00 7.969833665625261077e+00
8.336519889363003699e+00 -7.130271140940920738e+00 4.739638721252243947e-01 6.253544995560840647e+00
2.905375993802723489e+00 6.562986301850412652e+00 -8.712797901958355240e+00 3.367756082376782700e+00
-1.582909795717022394e+00 4.533178539011877284e-01 9.004541289266965620e+00 7.350721718520757619e+00
7.264084200126255553e+00 1.132165691617150971e+00 -4.294739807868147352e+00 -4.143852498051131761e+00
7.503924691897651655e+00 -6.368808281892436973e+00 1.064483533881715349e+00 7.317327456975780464e+00
-3.635075917703047832e-01 3.545678609774927104e+00 5.873194713868372219e+00 5.751399306338218942e+00
8.651822336031248284e+00 1.459367222698300104e-01 -2.907592481915951321e+00 -2.122311206801549943e+00
4.055121748455956521e+00 8.596524062265805455e+00 -9.487028370036002300e+00 -7.238432177350007102e-02
-1.155932412791426334e+00 -4.744522624468086036e+00 8.391172333093486202e+00 4.283629536713006836e+00
1.712221923345825347e+00 9.607303620273814460e+00 -1.127091076412891368e+01 1.409516180717834022e+00
3.531915450824358871e+00 6.218154946832538776e+00 -5.559599562917836302e+00 2.752519381092237261e+00
-4.412286834657268564e-01 -3.503138948926285412e+00 6.256399545933188477e+00 5.076207009924583957e+00
-2.134517035934546225e+00 -4.582811126243798938e+00 8.300629425620700275e+00 3.815942918253557359e+00
5.779762031596280103e+00 6.700659925340313627e+00 -7.922765732394285720e+00 3.557585046002809559e+00
4.887560383398410480e+00 6.550549573711617057e+00 -7.125200717512393034e+00 4.349410727587024184e+00
6.932050783749486023e+00 -4.982843465656632276e+00 5.123957790294023873e+00 5.147786086681167994e+00
9.222351722274787278e+00 6.283866717921039458e-01 -2.046196510534429525e+00 -3.572748151167187913e+00
-3.227599921183350151e+00 4.358373730547632441e+00 4.374558398438567863e+00 -3.112533149395351195e+00
5.086172100271736163e+00 7.359561899028967957e+00 -6.032100200809885848e+00 7.236537920711214156e+00
-1.986204007106102676e-01 2.572557974733905795e+00 5.824259810876213805e+00 -3.688591720480219216e+00
9.434526903806382592e+00 -4.615785571884583049e-01 -3.924449304699240582e+00 -1.369677001204838929e+00
-1.645686139579308760e+00 1.736790973181189024e+00 4.035551817599391633e+00 -4.790945239380237197e+00
-3.013815805889048960e+00 1.373387701811123573e+00 6.028983062941970061e+00 -4.851398947997462407e+00
5.028872188275700594e+00 6.268465570918636764e+00 -4.526412215151372820e+00 4.344208069321742194e+00
7.597315416429486490e+00 1.347815803367295340e+00 -5.448036453725254802e+00 -3.432292185493479142e+00
-2.621326119083870143e+00 -6.777990550110686740e+00 7.738567369638982285e+00 4.663010487727537345e+00
-2.353540760137030619e-01 2.325878043699650455e+00 5.204819821961745419e+00 7.931924341102838838e+00
6.960680967537450137e+00 -6.152534915372614321e+00 3.135652001617171170e+00 6.173728471551997110e+00
1.240376644200689160e+00 9.817862363586323582e+00 -1.153661303013804762e+01 2.247728974530177837e+00
8.040257542702422100e+00 -1.791561852317095527e+00 7.626971423045176834e+00 -3.352836340444531160e+00
7.142892640821703054e+00 3.129165803786365663e-01 -1.751345655116548716e+00 -1.671092269277630882e+00
8.175310153760415588e+00 -3.238778573473506395e-01 -4.609822958896225842e+00 -2.412141954737422989e+00
4.515288392985748800e+00 7.083347762945032322e+00 -4.346507166658225785e+00 4.217720664847551149e+00
-2.615043359728044692e+00 1.059181045492951112e+00 4.020651564198113093e+00 -2.179134275132486920e+00
4.202395583065617224e+00 4.344757590457012597e+00 -4.203163759040704051e+00 5.062893291504614979e+00
5.046312458654108823e+00 -6.100215569530786475e+00 1.346124010612727684e+00 8.098068530186449010e+00
-1.554219920494201546e+00 2.107133189883544588e+00 5.149506948104973780e+00 -4.874134631835710607e+00
-2.258227036978773583e+00 -6.139838298036053743e+00 8.293607490136714944e+00 4.716542961916233345e+00
-2.806392288553704262e+00 2.608900020081938109e+00 4.942747085468151447e+00 7.536691985936188942e+00
-9.568594211828770346e-01 4.137023095058851574e+00 4.575982655205635297e+00 7.898123092938733159e+00
-8.762735090231689172e-01 2.956436730494024889e+00 3.702938291323569775e+00 7.472302513964351078e+00
-2.043297404735864298e+00 -5.965511679519376997e+00 7.107363531623682285e+00 4.542101816300565531e+00
-2.633215596159086402e+00 4.711287652844102780e+00 3.675058921648781229e+00 6.857179405430121832e+00
3.020765504101199816e+00 8.655522025413839415e+00 -8.749175145512241514e+00 2.025218166364715078e+00
-6.868425752992912692e-02 -5.205536651607708620e+00 8.126672687225195091e+00 3.106180468782710591e+00
2.156686406194834760e+00 1.117220562879707124e+01 -1.026590235761122116e+01 2.118898980905369545e+00
-2.161240924142907582e-01 4.596588751853152743e+00 9.061289743000591201e+00 7.442483499795048196e+00
-2.252486698223070238e+00 -3.593595709562698914e+00 6.950254785911676336e+00 5.432061731933330861e+00
-1.298140989502578835e+00 3.383273877303162980e+00 8.320147170164785777e+00 8.883107651417192940e+00
-2.064484841503938295e+00 2.772827774397981226e+00 7.945597732045881934e+00 5.965961874107945206e+00
4.681338672801311773e+00 -6.805827161306266859e+00 3.477672231886928422e+00 6.264494320520073600e+00
2.896256248285741908e+00 1.048395436200411446e+01 -8.847868439229818804e+00 2.022551026530063467e+00
6.952420421049829713e+00 -5.142116629853408227e+00 -5.714459526126605127e-01 8.330040650700256677e+00
7.727340830277476869e+00 -8.584706253197866843e+00 1.844564079416311841e+00 7.013407981283285686e+00
-1.763621280989249529e+00 -4.168159067103528237e+00 7.304540050032342968e+00 3.040196330848954354e+00
-4.002974262598577582e-01 -3.489901262554067518e+00 6.238688054051507947e+00 3.505689464213168627e+00
-2.148522244936987846e+00 1.779982738583217650e+00 4.167097257090277118e+00 -3.217097775705424656e+00
-1.943397334143399213e+00 -5.680211333677208430e+00 6.002115255761576229e+00 7.204830989519276585e+00
