3.109060000000000157e-01 9.060399999999999565e-01
4.957280000000000020e-01 7.975440000000000307e-01
-7.061119999999999619e-01 -7.307200000000000362e-01
-6.038630000000000386e-01 -6.046709999999999585e-01
-9.854579999999999451e-01 4.362829999999999764e-01
8.555549999999999544e-01 5.706069999999999753e-01
1.033455000000000013e+00 1.355899999999999987e-02
9.309340000000000392e-01 -3.668190000000000062e-01
-8.548829999999999485e-01 5.729950000000000321e-01
4.835430000000000006e-01 8.968390000000000528e-01
3.362180000000000168e-01 -1.036043000000000047e+00
-6.766010000000000080e-01 6.917029999999999568e-01
7.378240000000000354e-01 6.578760000000000163e-01
8.087919999999999554e-01 -6.129630000000000356e-01
9.240080000000000515e-01 -2.127159999999999884e-01
9.417680000000000495e-01 4.456309999999999993e-01
-5.554160000000000208e-01 8.832889999999999908e-01
9.768839999999999746e-01 2.610700000000000243e-01
9.997759999999999980e-01 -3.963300000000000156e-02
9.745169999999999666e-01 2.535979999999999901e-01
8.489480000000000359e-01 4.193500000000000005e-01
-3.067509999999999959e-01 8.381889999999999619e-01
-7.287970000000000281e-01 -5.884639999999999871e-01
-8.489999999999999769e-01 -6.039689999999999781e-01
-1.848490000000000133e-01 -1.052831999999999990e+00
-8.573169999999999957e-01 -6.296730000000000382e-01
-7.573410000000000419e-01 -7.142910000000000093e-01
7.668380000000000196e-01 -7.931570000000000009e-01
1.031422999999999979e+00 4.805840000000000112e-01
-5.219840000000000035e-01 -9.145809999999999773e-01
-7.919469999999999565e-01 5.634219999999999784e-01
-9.783739999999999659e-01 -2.107030000000000014e-01
-5.461840000000000028e-01 8.544190000000000396e-01
-1.018373999999999890e+00 -8.478099999999999525e-02
1.029460999999999959e+00 -5.282799999999999996e-02
1.155512000000000095e+00 1.070200000000000040e-01
-7.065949999999999731e-01 7.697850000000000525e-01
-1.373769999999999991e-01 -9.672640000000000127e-01
6.182760000000000478e-01 6.489859999999999518e-01
-3.686659999999999937e-01 -8.799749999999999517e-01
-9.331059999999999910e-01 1.135500000000000051e-02
1.000275000000000025e+00 1.157600000000000018e-01
5.643610000000000015e-01 -8.230760000000000298e-01
-7.242920000000000469e-01 -6.797800000000000509e-01
-6.808140000000000303e-01 6.218259999999999899e-01
-7.825400000000000411e-02 8.656490000000000018e-01
1.279710000000000014e-01 -1.052718999999999960e+00
-7.454619999999999580e-01 -7.121380000000000488e-01
-3.799600000000000199e-01 1.069261999999999935e+00
-1.156660000000000049e-01 -1.021308000000000105e+00
8.265989999999999727e-01 2.570890000000000120e-01
3.665180000000000105e-01 1.046623000000000081e+00
-3.609799999999999814e-02 8.952390000000000070e-01
-5.331099999999999728e-01 8.341499999999999471e-01
-4.853870000000000129e-01 -8.410429999999999851e-01
-1.060824999999999907e+00 1.720240000000000102e-01
8.495080000000000409e-01 5.243130000000000290e-01
-9.387760000000000549e-01 -1.533039999999999958e-01
2.085680000000000034e-01 9.859520000000000506e-01
-8.780649999999999844e-01 -4.365640000000000076e-01
-9.431340000000000279e-01 4.171570000000000000e-01
-6.546499999999999542e-02 9.977700000000000458e-01
-3.698600000000000221e-01 -8.940249999999999586e-01
-5.291959999999999997e-01 -9.165090000000000181e-01
-5.561530000000000085e-01 -1.030073000000000016e+00
6.315479999999999983e-01 7.991479999999999695e-01
7.005740000000000300e-01 -7.136569999999999858e-01
-4.734630000000000227e-01 -9.158290000000000042e-01
-3.469010000000000149e-01 9.157560000000000144e-01
5.775550000000000406e-01 8.449039999999999884e-01
-9.672110000000000429e-01 -2.618170000000000219e-01
-9.036859999999999893e-01 5.247070000000000345e-01
-8.796650000000000302e-01 -1.509109999999999896e-01
-2.385819999999999885e-01 -9.275820000000000176e-01
1.524545279999999892e+00 -8.686952999999999481e-01
1.389908890000000063e+00 -7.441259000000000068e-02
1.729039559999999920e+00 6.179307699999999626e-01
1.221713049999999967e+00 -1.292791100000000026e-01
1.760127369999999969e+00 -2.054186299999999910e-01
1.365966570000000102e+00 4.529565799999999975e-01
1.366855750000000036e+00 1.453545400000000043e-01
1.288530689999999979e+00 2.316959000000000032e-02
1.356499340000000053e+00 2.075035299999999916e-01
1.966807339999999904e+00 -2.353574599999999906e-01
1.330537770000000064e+00 5.886717399999999989e-01
1.398091739999999916e+00 -1.646716500000000027e-01
1.588136350000000085e+00 8.689897600000000555e-01
1.916138939999999957e+00 8.912036300000000244e-01
1.698573200000000005e+00 2.782166500000000098e-01
1.723314229999999947e+00 -4.162197400000000047e-01
1.663300919999999961e+00 8.969722900000000054e-01
1.911603630000000109e+00 -6.004513000000000211e-02
1.685250619999999921e+00 3.919308000000000236e-01
1.942192670000000065e+00 4.762887599999999777e-01
1.535549440000000043e+00 -9.244129599999999503e-01
1.667536939999999968e+00 8.255150799999999567e-01
1.492215850000000010e+00 -2.982657599999999909e-01
1.345792300000000052e+00 1.978806100000000123e-01
1.647008629999999973e+00 -9.496660500000000393e-01
1.389730450000000062e+00 -2.767960700000000052e-01
1.410760720000000079e+00 -3.712026299999999779e-01
1.413319580000000020e+00 5.689313000000000287e-01
1.681847349999999963e+00 -3.790947199999999961e-01
1.946715420000000085e+00 7.674716999999999789e-01
1.495307170000000019e+00 1.222078100000000001e-01
1.319592799999999899e+00 -5.269436499999999857e-01
1.450614960000000009e+00 5.859579200000000210e-01
1.339531360000000060e+00 -5.615507199999999477e-01
1.313138930000000038e+00 6.351496399999999598e-01
1.212137639999999905e+00 6.023271300000000439e-01
1.319049490000000047e+00 1.702017000000000113e-02
1.767517599999999911e+00 6.346479499999999607e-01
1.979262190000000032e+00 3.162377399999999894e-01
1.904893629999999893e+00 -9.603491999999999584e-02
1.802280990000000083e+00 -7.403521100000000077e-01
1.504518660000000008e+00 9.601918799999999976e-01
1.230194650000000056e+00 2.409373300000000051e-01
1.209178929999999985e+00 -7.311275699999999489e-01
1.624501779999999895e+00 3.002424300000000046e-01
1.784747099999999920e+00 8.486407999999999729e-01
1.343063979999999935e+00 -8.177327500000000082e-01
1.261164130000000050e+00 -1.828790399999999927e-01
1.979825039999999925e+00 2.719573599999999813e-01
1.904178630000000094e+00 1.976210000000000119e-02
1.247360889999999944e+00 -3.308045199999999908e-01
1.876132750000000016e+00 9.411914900000000195e-01
1.300784259999999914e+00 -9.998471000000000442e-02
1.747687610000000058e+00 1.730860749999999948e+00
4.035932600000000092e-01 1.271297820000000023e+00
3.855250399999999855e-01 1.740054070000000008e+00
-7.259046099999999502e-01 1.569082590000000055e+00
1.760386690000000032e+00 1.788878390000000040e+00
1.256746890000000061e+00 1.865229690000000051e+00
1.017637099999999961e+00 1.621292759999999999e+00
9.113841799999999882e-01 1.779327399999999892e+00
9.327224200000000520e-01 1.910059420000000063e+00
3.852015799999999879e-01 1.922619040000000057e+00
-7.164001199999999736e-01 1.960272009999999954e+00
-1.255731999999999959e-01 1.259993670000000066e+00
-2.472042399999999918e-01 1.599596529999999905e+00
-1.669495300000000126e-01 1.800686439999999999e+00
-3.492600799999999728e-01 1.279035900000000003e+00
9.489732899999999693e-01 1.832612120000000067e+00
8.697581899999999866e-01 1.928927499999999906e+00
1.404894180000000103e+00 1.916796460000000035e+00
-1.930118500000000126e-01 1.912683949999999911e+00
1.785737319999999961e+00 1.400354349999999970e+00
4.292113100000000125e-01 1.454587220000000070e+00
8.506635799999999747e-01 1.828989109999999974e+00
6.500313899999999867e-01 1.919896870000000089e+00
8.529970300000000449e-01 1.342713370000000017e+00
-3.075316999999999981e-02 1.606616499999999892e+00
-1.049209299999999956e-01 1.756140779999999957e+00
1.532918750000000108e+00 1.314295189999999947e+00
1.792766029999999899e+00 1.247483949999999897e+00
3.814619799999999783e-01 1.849483159999999904e+00
1.284035419999999927e+00 1.759883740000000030e+00
1.216763709999999943e+00 1.432202540000000024e+00
5.594643000000000255e-01 1.952155829999999925e+00
8.862746599999999919e-01 1.450857429999999892e+00
1.363427369999999916e+00 1.672453909999999988e+00
-2.689027999999999904e-02 1.473288750000000036e+00
7.724615400000000021e-01 1.715757130000000075e+00
2.438549600000000095e-01 1.929485420000000007e+00
-4.606660799999999778e-01 1.859447360000000105e+00
-5.112482699999999491e-01 1.206043449999999906e+00
1.788217259999999920e+00 1.403664280000000097e+00
2.283239499999999977e-01 1.463474020000000042e+00
-2.851884700000000272e-01 1.474681329999999901e+00
9.699982700000000513e-01 1.344987919999999892e+00
-8.203218199999999793e-01 1.522786380000000106e+00
1.180911360000000077e+00 1.348905749999999903e+00
2.748502299999999732e-01 1.981952479999999905e+00
-9.260563699999999621e-01 1.857388849999999980e+00
-6.477658999999999501e-02 1.700726009999999899e+00
1.408350439999999981e+00 1.945874749999999986e+00
1.278616099999999867e-01 1.517905309999999952e+00
-6.452158199999999955e-01 1.745550539999999984e+00
1.078460179999999990e+00 1.859280700000000008e+00
1.192913300000000065e+00 1.647636370000000072e+00
1.155693200000000032e-01 1.833741459999999934e+00
1.995431860000000057e+00 1.559774989999999972e+00
3.954321000000000086e-01 1.380095410000000022e+00
-2.236994200000000099e-01 1.443524370000000001e+00
-8.937050199999999611e-01 1.223758530000000011e+00
-4.148741400000000024e-01 1.305165560000000058e+00
2.248627699999999896e-01 1.260463619999999896e+00
1.539013860000000067e+00 1.396153259999999952e+00
-5.255570000000000519e-01 1.726138930000000071e+00
-6.756995199999999979e-01 1.442765920000000035e+00
-5.818797199999999892e-01 1.632442509999999958e+00
1.094145069999999942e+00 1.937697339999999935e+00
1.866046700000000003e-01 1.664836329999999975e+00
1.090401500000000024e-01 1.765915860000000004e+00
-1.997842999999999980e-01 1.842473550000000015e+00
4.245065100000000036e-01 1.638413129999999995e+00
-1.838066000000000005e-02 1.661815660000000028e+00
-7.270871399999999651e-01 1.867852810000000030e+00
-4.536486900000000211e-01 1.663179009999999902e+00
1.740134399999999915e-01 1.878899290000000111e+00
