7.186499999999999833e-02 -8.916770000000000529e-01
-6.769870000000000054e-01 8.064890000000000114e-01
5.996369999999999756e-01 6.608140000000000125e-01
2.499659999999999938e-01 9.585519999999999596e-01
9.236579999999999790e-01 5.550220000000000153e-01
-4.660610000000000031e-01 7.815290000000000292e-01
4.002339999999999787e-01 -9.169680000000000053e-01
4.835920000000000218e-01 9.843229999999999480e-01
-9.961259999999999559e-01 -3.770580000000000043e-01
-1.227850000000000052e-01 -9.378290000000000237e-01
7.557669999999999666e-01 -4.971860000000000168e-01
-6.547100000000000142e-01 -8.209130000000000038e-01
-7.155529999999999946e-01 -6.500660000000000327e-01
-4.462240000000000095e-01 -8.970719999999999805e-01
3.619789999999999952e-01 -9.923220000000000374e-01
-3.199670000000000014e-01 -9.664939999999999642e-01
-5.610110000000000374e-01 7.744619999999999838e-01
-9.315179999999999572e-01 -1.721270000000000022e-01
-5.570450000000000124e-01 -7.527009999999999534e-01
-1.947649999999999937e-01 9.378990000000000382e-01
5.469030000000000280e-01 -9.420699999999999630e-01
-6.258230000000000182e-01 -8.459339999999999637e-01
-6.692209999999999548e-01 8.379950000000000454e-01
-9.629710000000000214e-01 4.893129999999999979e-01
-7.818779999999999619e-01 -5.220700000000000340e-01
7.231840000000000490e-01 -7.424110000000000431e-01
8.115219999999999656e-01 -5.266020000000000145e-01
-9.492340000000000222e-01 -5.415799999999999781e-02
2.155469999999999886e-01 1.018089000000000022e+00
-1.048035000000000050e+00 2.275409999999999933e-01
-1.013385999999999898e+00 5.539499999999999980e-02
2.265199999999999853e-02 9.968230000000000146e-01
-1.015023999999999926e+00 1.646249999999999936e-01
7.404099999999999571e-02 1.036354999999999915e+00
9.467060000000000475e-01 -2.121119999999999950e-01
-8.409300000000000108e-02 9.016440000000000010e-01
-8.387430000000000163e-01 4.965160000000000129e-01
9.345679999999999543e-01 -5.003799999999999915e-02
-3.941580000000000084e-01 8.856589999999999741e-01
-6.411600000000000632e-02 9.353479999999999572e-01
-2.127120000000000122e-01 -1.001505000000000090e+00
8.653929999999999678e-01 -2.462090000000000112e-01
5.864709999999999646e-01 9.235389999999999988e-01
4.967199999999999949e-01 -8.212990000000000013e-01
-1.016467000000000009e+00 1.169609999999999955e-01
-9.574399999999999578e-01 2.501070000000000237e-01
7.527089999999999614e-01 6.782369999999999788e-01
7.453940000000000010e-01 -7.459820000000000340e-01
5.517119999999999802e-01 7.219400000000000261e-01
1.148239999999999955e-01 9.698219999999999619e-01
1.008880999999999917e+00 -9.163899999999999824e-02
8.829780000000000406e-01 4.430359999999999854e-01
-1.018256999999999968e+00 9.655500000000000194e-02
-8.553859999999999797e-01 -4.954910000000000148e-01
2.722689999999999833e-01 9.732250000000000068e-01
7.253800000000000248e-01 6.411750000000000504e-01
1.109331999999999985e+00 -4.893000000000000127e-02
-8.748550000000000493e-01 1.872999999999999943e-01
1.060564000000000062e+00 2.258870000000000045e-01
1.878175909999999948e+00 7.486247499999999500e-01
1.345980640000000061e+00 -7.349671000000000676e-02
1.479017950000000026e+00 -7.082617599999999625e-01
1.591336469999999892e+00 -8.156393000000000670e-02
1.953610700000000033e+00 -4.358089399999999780e-01
1.299361489999999897e+00 7.429688500000000140e-01
1.514822960000000052e+00 -2.517253700000000038e-01
1.649187339999999891e+00 6.290360799999999974e-01
1.937564650000000110e+00 -8.359639700000000007e-01
1.630509849999999927e+00 8.475143800000000116e-01
1.896368709999999957e+00 -7.912164900000000500e-01
1.406895980000000046e+00 1.094934999999999936e-01
1.704440090000000074e+00 -7.748697799999999525e-01
1.793652940000000084e+00 -3.161754199999999848e-01
1.691775330000000022e+00 -5.890226200000000523e-01
1.487873449999999931e+00 7.838477700000000548e-01
1.408988670000000054e+00 2.098404600000000064e-01
1.888459059999999967e+00 9.294744799999999918e-01
1.501094160000000066e+00 -7.442672700000000363e-01
1.982779140000000107e+00 4.314218499999999956e-01
1.637327339999999909e+00 2.286905300000000030e-01
1.261311609999999916e+00 -4.915080700000000191e-01
1.983256200000000025e+00 3.935932300000000161e-01
1.838605760000000089e+00 5.291091999999999462e-01
1.410638250000000093e+00 -5.838338199999999478e-01
1.478399870000000060e+00 -4.335342099999999754e-01
1.487209510000000012e+00 1.152320899999999954e-01
1.351030869999999995e+00 8.175218100000000154e-01
1.662832550000000076e+00 -1.489346900000000085e-01
1.530153920000000056e+00 5.337946500000000372e-01
1.810836450000000042e+00 -9.146246999999999572e-01
1.450144600000000006e+00 -2.094955699999999921e-01
1.653870900000000033e+00 -1.588717400000000113e-01
1.374456139999999937e+00 -2.461918100000000109e-01
1.549129350000000072e+00 9.389987400000000539e-01
1.217571870000000001e+00 -4.674444400000000166e-01
1.993041370000000034e+00 3.570066700000000259e-01
1.715173709999999963e+00 6.382872699999999622e-01
1.953426410000000057e+00 5.434774999999999467e-01
1.716498569999999946e+00 8.791551699999999858e-01
1.692612599999999912e+00 -5.410404399999999558e-01
1.838498229999999900e+00 2.793535100000000271e-01
1.914747250000000012e+00 3.445888699999999916e-01
1.416121589999999930e+00 -8.442200100000000207e-01
1.517097380000000051e+00 -6.924156399999999989e-01
1.454647819999999925e+00 8.789143000000000649e-02
1.255069790000000074e+00 4.357277299999999798e-01
1.208479440000000071e+00 3.710145899999999775e-01
1.235242320000000005e+00 7.354082199999999458e-01
1.506504630000000011e+00 7.509006099999999684e-01
1.852442109999999920e+00 -1.695688499999999932e-01
1.726213390000000070e+00 -8.675571100000000202e-01
1.604494869999999906e+00 -2.043335000000000012e-01
1.403763440000000084e+00 7.746283200000000368e-01
1.459323619999999933e+00 -8.149967599999999868e-01
1.961265789999999898e+00 5.290295900000000495e-01
1.510241120000000103e+00 3.492284199999999839e-01
1.592306419999999889e+00 5.685940099999999831e-01
1.454203329999999905e+00 -5.449528099999999542e-01
1.555299599999999893e+00 1.554042300000000043e-01
1.313773840000000082e+00 -3.172485099999999836e-01
1.765349499999999905e+00 4.046946599999999838e-01
1.572793880000000089e+00 -2.323982800000000126e-01
1.354460870000000039e+00 3.705337999999999687e-02
1.826904929999999982e+00 -3.067370700000000006e-01
-3.730444500000000274e-01 1.978636880000000042e+00
-3.388740999999999975e-02 1.667823370000000027e+00
5.599671699999999586e-01 1.530272749999999959e+00
-5.334512999999999616e-01 1.663468320000000000e+00
2.013392099999999907e-01 1.924860239999999889e+00
1.248635000000000023e-01 1.986138519999999907e+00
9.077422400000000335e-01 1.641597839999999975e+00
1.411956360000000021e+00 1.266826529999999895e+00
-6.495832299999999560e-01 1.337095790000000006e+00
1.834052940000000076e+00 1.417000810000000000e+00
1.685538949999999980e+00 1.937647860000000000e+00
1.642775880000000077e+00 1.761180919999999928e+00
4.055092900000000222e-01 1.752433609999999975e+00
1.659678699999999951e+00 1.304932989999999959e+00
1.351325890000000030e+00 1.794694699999999976e+00
5.813478899999999783e-01 1.808709050000000040e+00
5.351327000000000167e-01 1.798455080000000095e+00
-1.875737299999999941e-01 1.300294559999999988e+00
-3.633904800000000157e-01 1.424163030000000107e+00
-4.287338999999999734e-02 1.465456230000000026e+00
-3.093214499999999978e-01 1.438077400000000061e+00
7.341406799999999899e-01 1.717293450000000110e+00
3.930591800000000080e-01 1.808786089999999902e+00
1.987899740000000026e+00 1.717373800000000061e+00
1.534106020000000070e+00 1.957166050000000102e+00
1.942092240000000025e+00 1.666950090000000051e+00
-2.796064600000000011e-01 1.459805430000000070e+00
1.959795380000000087e+00 1.352624140000000086e+00
1.656122080000000052e+00 1.543076139999999929e+00
-8.637684799999999496e-01 1.560047079999999919e+00
-7.267250000000000272e-03 1.527062439999999910e+00
-6.143145199999999750e-01 1.362985370000000085e+00
8.994201200000000451e-01 1.945641839999999956e+00
-6.845361300000000204e-01 1.639954689999999937e+00
-3.772992000000000012e-02 1.400218469999999993e+00
-9.830700900000000075e-01 1.493510069999999912e+00
-4.638670999999999767e-02 1.864598839999999980e+00
4.808819599999999972e-01 1.649137829999999916e+00
3.441690499999999764e-01 1.658394439999999914e+00
1.779879130000000087e+00 1.388600129999999933e+00
6.872806599999999877e-01 1.699049919999999991e+00
1.116584889999999941e+00 1.225439769999999928e+00
1.409747630000000029e+00 1.330807239999999947e+00
1.102586100000000069e-01 1.309182859999999948e+00
1.876780660000000100e+00 1.293720039999999960e+00
2.489331999999999934e-01 1.346021979999999951e+00
1.697378800000000076e+00 1.365554909999999955e+00
4.344758599999999915e-01 1.251403070000000062e+00
-7.417534399999999861e-01 1.837189930000000082e+00
5.693720300000000289e-01 1.946406309999999973e+00
7.381108400000000458e-01 1.553320830000000097e+00
5.181401500000000215e-01 1.412633449999999957e+00
2.014893399999999890e-01 1.675113209999999908e+00
-7.543819600000000181e-01 1.641045560000000014e+00
1.434992779999999968e+00 1.790623709999999980e+00
3.781187200000000193e-01 1.222087350000000017e+00
9.907959899999999598e-01 1.334335269999999962e+00
1.708990959999999948e+00 1.275472409999999890e+00
2.648863100000000137e-01 1.893835640000000042e+00
1.401558999999999965e-02 1.586877960000000032e+00
-1.924130099999999954e-01 1.787358599999999909e+00
1.007238440000000068e+00 1.898832770000000059e+00
1.901560719999999982e+00 1.908982940000000017e+00
8.829351699999999914e-01 1.427610830000000108e+00
-7.246769600000000366e-01 1.802616030000000036e+00
4.015880499999999742e-01 1.728143030000000024e+00
1.038197709999999940e+00 1.647306130000000035e+00
-7.115337900000000548e-01 1.402811449999999960e+00
1.148248560000000085e+00 1.385775449999999909e+00
3.031037799999999893e-01 1.593746880000000088e+00
1.743955460000000013e+00 1.543087289999999889e+00
-1.165462099999999973e-01 1.405543060000000066e+00
1.428383640000000065e+00 1.261586089999999993e+00
-6.345254399999999961e-01 1.759927070000000038e+00
1.911531410000000042e+00 1.850128640000000102e+00
1.655128509999999942e+00 1.265141510000000080e+00
