-6.673852784289324269e+00 9.853438263542605213e+00
-5.357650986438773799e+00 -3.058180608344924778e+00
-1.712838497959897621e+00 -6.199892551686104092e+00
4.347783148236144868e+00 -5.003712029974688669e+00
-2.602015025019203343e+00 -8.523852688735193972e-01
7.869909125461003185e+00 2.417274961170529757e+00
-7.891937829331206800e+00 -3.127747345229511033e+00
7.290459804677278832e+00 -3.136554993505962230e-01
-2.367309537069567593e+00 4.924882587941595169e+00
5.040184525298400331e+00 -4.040141291122063549e+00
5.112514957419337591e+00 -1.546330635394750797e+00
-2.305173968627833858e+00 -6.087971455346154137e+00
-2.680903212543911618e+00 -6.241735403859612674e+00
7.300685000771939492e+00 1.188000255075934097e+00
4.623436657007175654e+00 -5.076518342145125651e+00
-8.893074260171418999e+00 1.010881225189251431e+01
-4.933010024796291582e+00 -6.384047347349129709e+00
-2.493796490946329047e+00 -4.295764636670544867e+00
-9.757076835136960113e+00 -2.873971214148811626e+00
5.071009406365234007e+00 -6.745953234728203185e+00
4.608035999894475765e+00 -5.782510312391605289e+00
-1.217526922745735707e+00 3.182162796412060235e+00
-3.672424859256461893e+00 -4.718679555861649000e+00
-3.486406262188583405e+00 1.970319854297791995e+00
6.997969371280334805e+00 -6.984042177091606796e+00
-5.751440224872133911e+00 -1.331641144065060400e+00
-2.356203659580615728e-01 -4.565241890050994122e+00
-2.683487507770031311e+00 3.920838305174350502e+00
1.771357751256145807e+00 -7.928188019031299660e+00
-2.355257782006805467e-01 -1.366696291009442010e+00
6.527936562958100986e+00 1.361977702885865948e-01
-2.434481669235176060e+00 6.653724671725889550e+00
3.762287229984752734e+00 -6.804283172381532019e+00
3.683988109881068507e+00 -8.285647433338201751e+00
-6.040854769618289488e+00 -1.568521250849090887e+00
-3.087546596484317618e+00 -6.962828440322329726e+00
5.592373013593261000e+00 -1.291637155922559677e+00
-2.766838705761931028e+00 4.103667012365361799e+00
-7.650545271981073370e+00 1.034646507110133484e+01
6.765159445569414842e+00 1.988165457349176934e+00
4.205025563113000686e+00 -1.977764362016265487e+00
-2.808995029659354881e+00 -5.884005150598118128e+00
-3.211057685107344906e+00 6.559432188818047571e+00
-1.343703690283489571e+00 -4.165221827750388961e+00
-3.690970055562305507e+00 -4.903818426608951064e+00
-4.933726123449883261e+00 3.699512910692577705e+00
1.623697100879853084e+00 -7.058394378201606756e+00
-1.098836486762417630e+00 2.438473263541709457e+00
-8.262756885211512969e-01 -4.343074453762223897e+00
1.197224115095608887e+00 -3.626992459061348928e+00
1.788063412497607141e+00 -9.327252047231933574e+00
5.019872850123172192e+00 -4.863140677535107148e-01
4.999479826434122032e+00 -1.955444224247759877e-03
9.869526294009549616e-01 -8.634880306599605149e+00
3.030367963913076501e+00 -2.728011001910487732e+00
-2.669100684652184086e+00 4.710256559578979818e+00
2.269692983085985549e+00 -9.859589601145865245e+00
9.049182827525475981e-02 -3.295859368774834319e+00
-1.274979627542726979e+00 6.479449515888990874e+00
6.809252746730725114e+00 5.550213189693176119e-03
-7.694820862661861050e+00 -5.043934274995554468e+00
-7.174022820892917984e+00 -2.864913372945558478e+00
-6.100957993336275642e+00 1.099025296390689199e+01
2.168444216506601130e+00 -3.176586213356373367e+00
-2.052047126721116221e+00 -4.604616557926883402e+00
4.161756566810704605e+00 -3.338708280802637596e+00
5.508954555938675668e+00 2.009604704410060450e+00
6.070476506411138118e+00 -5.057455262143277785e+00
3.188421690842268230e+00 -1.177735073733441240e+01
-3.334470505309714561e+00 -4.808999260524208452e+00
-2.740454840830444105e-01 8.752543697468523121e+00
-3.135417275189808617e+00 -2.279014419577206407e+00
-6.828785402942962435e+00 9.299118528221162805e+00
5.332106052281742059e+00 -3.214304033324304477e-01
7.143524882369208129e+00 1.084126631888638892e+00
-6.779064626145611783e+00 7.260380855859761340e+00
4.982355437656377894e+00 -2.107936167810296801e+00
4.319674688328679402e+00 -5.365872472016157246e+00
-4.726132172517029773e+00 3.376072233055164240e+00
-2.370627895650162742e+00 -5.030071747663982684e+00
6.344703931134286101e+00 1.275792746777457909e+00
5.463978937030715244e+00 1.247062073569170648e+00
-7.554613004219078221e+00 9.586747947498382771e+00
6.785847108415868689e+00 4.180577142572756699e+00
5.095777135640901179e+00 -2.659410626669508559e+00
7.504778598290916314e+00 8.733210165182385687e-01
4.545209336415311441e+00 -1.945242399701170743e+00
-4.977777032985238215e+00 6.943873470598456166e+00
-7.451293123762166459e+00 -2.016715734829613638e+00
-5.293963120837142711e+00 -3.864389450975944218e+00
-3.840735528387613229e+00 -4.208375621483154028e+00
-5.361282972473489394e+00 -3.764517924173420571e+00
1.682912102563584256e+00 5.255470372694718506e+00
-4.150921228063466195e+00 3.705506629888714709e+00
4.733206544382531078e-01 4.206676029674095929e+00
6.214647916770389635e+00 -7.379299048624693214e+00
3.984258975901782129e+00 -9.744682283675977885e+00
6.399756491629185362e+00 9.336192736469608455e-01
-8.247246951143483162e-01 -4.027490942223890258e+00
-6.071482871773446810e+00 -3.938845511879591754e-01
4.302641112844951543e-01 4.549627006212766389e+00
-5.993725674835599371e+00 -5.670994086423817304e-01
7.660558299236895685e+00 -7.428042447295099215e+00
6.154012983917461987e+00 -3.714868061339175576e+00
-3.501273979287926164e+00 6.788798994157189348e+00
7.764943459828000272e+00 -5.603239237747174251e+00
-2.327121295160356151e+00 7.807629995292510117e+00
1.495468143676953021e+00 -9.730168520592400228e+00
2.870186977782876792e+00 1.961661077750349591e-01
-3.910815345814883326e+00 4.999706167236970700e+00
-7.499404167238008512e+00 9.441358548046109078e+00
-6.565514989558971948e+00 -6.394974308866570922e+00
5.611861870310345779e+00 1.510912181485760231e+00
6.635318341759916194e+00 1.415247613952674621e+00
3.126358342400495927e-01 -2.104270358327024582e+00
2.133972577172760232e-02 -5.052299576315368412e+00
-4.319800058912651508e+00 3.851887295661789778e+00
-6.219499900251142854e+00 6.789823472748148347e+00
-3.435055711466509010e+00 5.227077065897715258e+00
-5.390047343983864536e+00 4.036601644065284766e+00
8.561518877805978089e-01 -4.216519611235233000e+00
-4.115292264165201885e+00 -7.481192814830901483e+00
4.941324544145335729e+00 -8.765287610233995608e+00
-7.523891278042023067e-01 5.714456985377147191e+00
5.379187238381048175e+00 -2.925326467968971222e+00
5.542524827269269316e+00 -2.793904585512252403e-02
-9.241228036284296010e+00 -9.269510488411524252e-01
-2.276562942102621001e+00 5.509062517805253911e+00
7.384403373713473329e+00 3.295693643053832389e+00
4.028196985814537223e-01 -4.034048515721083028e+00
-8.118119370594245154e+00 -1.170012514987188723e+00
4.175474624639532450e+00 2.417235004732876114e-01
-6.808438175959174998e-01 4.957170489442651373e+00
5.201205450413493026e-01 -3.009442244990510495e+00
-6.619534231561591042e+00 -1.279787340741786128e+00
4.347729279962388560e+00 -5.457577952256062126e+00
-5.987252595316640225e+00 8.096923848059653039e+00
-5.232025881817062185e+00 5.741762504350982788e+00
7.677786580882314027e+00 -5.584323356445217712e+00
3.822171180880568730e+00 -8.748600435450105905e+00
8.675817687467906048e-01 -7.917999711057721157e+00
-6.790492246078099647e+00 -5.275734190027643322e+00
-2.547573798621839636e+00 8.192274743527228509e+00
7.671844924042943603e+00 2.983094440850863061e-01
6.771517956472585809e+00 -6.586199416831896691e+00
-4.179634419938880185e+00 4.759374113097655012e+00
-6.007481406168842852e+00 -2.503851419822435087e+00
-5.392411880202732100e+00 8.372259278389531545e+00
2.775019877573298377e+00 -9.160274348253443222e+00
-5.302782490217099465e+00 4.228813525987972000e+00
-6.474914253766479888e+00 3.567681850940389587e-01
2.011864846234225013e+00 -1.155759814575476518e+01
-6.648143350514915895e+00 8.675636536468250171e+00
-3.825097181933270196e+00 3.485246274401144095e+00
-2.507346350965470982e+00 7.218902385177045744e+00
2.403649254014427861e+00 -7.857973209673278170e+00
-3.596548813466930117e+00 -2.373844109628094667e+00
7.148386080889160610e+00 2.013070880777850125e+00
-2.016020585326981251e+00 3.936537522182474547e+00
-3.641520563377583564e+00 5.609964884393766837e+00
2.403321745451752811e+00 -9.306394346038533882e+00
-2.524819088613335261e+00 7.786464560700737891e+00
1.624327822601205895e+00 -1.007546207111863090e+01
4.404180215268142184e+00 -4.983790961577738265e+00
-1.178082152858154874e+00 3.689827547876920022e+00
-2.734830636481734523e+00 -2.140252127910736046e+00
-1.795433673187571966e+00 -5.716381020923537726e+00
1.002579372648469747e+00 -9.663630241386703901e+00
-1.831331634589763446e+00 -4.579018478530994862e+00
7.568160522827874104e+00 -7.102164382714014401e+00
-9.712126707952750682e-01 -5.591876187340777626e+00
6.194250601097134101e+00 -9.068859278848513839e+00
-4.551276053646960307e+00 7.190332154432624634e+00
-4.434954477149867458e+00 3.209237277259900267e+00
-8.252023462545622579e+00 8.745542090681638570e+00
-3.180605209763593511e+00 -5.376434111100699020e+00
-1.608854937522480988e+00 -6.193472967111842920e+00
4.538017312291964700e+00 -9.995098031923705051e+00
3.004294420425710932e+00 -5.859071757723660623e-02
-8.318566307691863670e+00 -1.120648503664711804e-02
5.382815052042420056e+00 -9.319352050795004061e+00
5.965058831936159045e+00 1.722028566729934429e+00
3.122249576800308901e+00 -3.939595582074884028e+00
5.136978077353544059e+00 -8.532568968338026139e+00
5.355679725724429296e+00 -5.369149451776880966e+00
-7.947055107430462506e+00 -3.549493177407692990e+00
-1.857090313300760132e+00 3.131074880317219922e+00
-4.214188867491842849e+00 -4.315676147111837224e+00
-4.243206029301294535e+00 4.085294189540022991e+00
3.827580118340288884e+00 -7.769284432452266742e+00
-5.275209000891349476e+00 3.267666894287422963e+00
-4.131001884265110391e+00 1.984389456522088757e+00
2.392436462360226113e+00 -2.862698588643091124e+00
4.825236460566362240e-01 -1.108653175337939700e+01
7.312316146452628729e+00 6.955766903417344160e-01
1.185235941390666126e+00 -4.222800128195700609e+00
3.023706808911961197e+00 -1.016136695771186460e+01
3.204245347940879007e+00 -9.177648251384693978e+00
5.357300549044761162e+00 3.400289218855458984e+00
-6.193519619706725265e+00 8.621629966735641304e+00
3.586694021950235456e+00 -7.801166293295326959e+00
-4.807723996186357596e+00 -1.228625546370339716e+00
1.250085010084610815e+00 -4.365837235731717669e+00
-4.041944683103580793e+00 -2.385137315564431759e+00
4.374439379541771977e+00 -5.214412241822099503e+00
-2.750485902812414896e+00 -4.251919985550594028e+00
-2.426456263751861187e+00 3.768357224863206678e+00
-3.450331811524870673e+00 -4.654555298315862899e+00
-2.215178346438899215e+00 -3.360831638060942872e+00
-3.858300942317973714e+00 -3.772281271940765901e+00
-4.696656722543565365e+00 -6.320716941546995926e+00
6.503270028773957989e+00 -6.451798137904670050e+00
-4.659231626676892724e+00 1.274538709150386584e+00
-4.241212296871767151e+00 4.019149890201854092e+00
-1.906398872600345129e+00 4.903342437512915986e+00
-7.454351392484242389e+00 9.371100116860082707e+00
-7.037798066956437282e+00 6.864045518087774411e+00
-7.294654785918393891e+00 2.688463419846010449e+00
-2.076384053456847845e+00 -4.663961950234211784e+00
-3.810511320208325614e+00 -5.454631388865027297e+00
-8.387348467730875612e+00 9.725523802317137978e+00
-7.268817919424224172e+00 8.039834763445741217e+00
3.799428218619465447e+00 -1.033160381067701827e+01
-2.366798496283320841e+00 7.846523688249820161e+00
-6.788365691593673645e+00 -5.022869369865817113e+00
-5.840035272162821478e+00 -2.616818097213356786e+00
4.864108422364563644e+00 -3.799692080464482924e+00
-7.754350475750613647e+00 -1.933526577593748463e+00
8.301718884278878718e+00 -6.076331362523027302e+00
-9.358573950081894299e-01 -3.652426937264245943e+00
4.284690911231106902e+00 -9.196369489959190346e+00
-3.617892469502643760e+00 4.302252819755730151e+00
-4.368034783477387606e+00 -3.201164026426873477e+00
2.602488015064500892e+00 -9.806843934949483810e+00
1.645356026524956272e+00 -8.355821741128302449e+00
-7.136220727989952550e+00 8.122520914995101649e-02
-4.364878370573803679e+00 3.251175888264136393e+00
-2.473901504438435150e+00 6.413688124586576222e+00
7.438540343474981498e+00 2.063467682388731017e+00
-3.526006911211635675e+00 -4.644375078709368054e+00
7.635656238646411076e+00 -5.960246114153760821e+00
3.359270507861542576e+00 -5.841557114364917425e+00
5.464116327234870063e+00 -1.466881292922079139e+00
6.541493538251923034e+00 -5.199631673735562565e+00
-1.828864182068121069e+00 -3.423804857896993958e+00
-2.561679404467230192e+00 -3.138544292200379004e+00
-4.862764004498886017e+00 6.861339827765655208e+00
4.460246516429531738e+00 -5.290395388460114035e+00
5.690909763811447419e+00 -7.233299130184898118e+00
7.489464357450746235e+00 -1.585804199185598673e+00
-3.502344456320586552e+00 5.764841652275794814e+00
-7.686483018609042261e+00 -2.293317427940551489e+00
-7.868453108396945339e+00 -2.839203074661815762e+00
3.458962778879870470e+00 -6.831332392567913914e+00
5.203355504026896838e+00 1.606096085214549607e+00
-4.851494250045223389e+00 4.984421578759452132e+00
-8.283130640078192997e+00 -1.849191163769434487e+00
-3.213378007063999675e+00 -3.878538126989211410e+00
3.925714862527962534e+00 -6.333914228390485235e+00
-7.563334270436953943e+00 -1.661254737728319775e+00
-1.724849243468795645e+00 -6.006981279515422933e+00
5.604352779574008903e-01 -3.831580026071382594e+00
-3.718832225757329191e+00 4.705473182372536201e+00
-6.461999295959331313e+00 -3.375440147481387321e+00
5.805042131928368931e+00 -4.253889134443578079e-02
-3.425952014255589262e+00 -2.432548099447766621e+00
-1.024180927386559636e+00 -5.293592794697978832e+00
-4.606124027517355835e+00 2.810967757622593766e+00
-3.094273031688749676e+00 -6.981361654534699035e+00
3.326823730394405487e+00 -8.198102420840051252e+00
-6.760313034318876646e+00 -4.871212269219910240e+00
3.975231034266774710e+00 -5.821104233728037869e+00
-3.393504077501360072e+00 -3.096861509508470611e+00
-9.582299896020098906e-01 -2.828796661098698095e+00
4.374648137587071162e+00 -1.216350712717182425e+00
5.704754902834012320e+00 -8.051187328076316874e-01
-1.109416819649065022e+00 -4.290500993173455235e+00
-6.558685263020290535e+00 -4.175753150832808736e+00
-8.017088804854669348e+00 -2.419581950231004974e+00
-4.581241369441032774e+00 5.095961285908959582e+00
-7.260549202634812183e+00 1.010957328628794905e+01
-4.206150170444349357e+00 4.474032386781260584e+00
2.445272503519405394e+00 -9.157968057487128277e+00
-1.143038323482767682e+00 -4.322684518042953172e+00
-4.124894335419199365e+00 -2.670637930767975732e+00
-6.881190090447132590e+00 4.090105943400617505e+00
-5.795586620868168559e+00 -5.174908575967719138e+00
5.522603704555473669e+00 -1.432323651319956870e+00
2.890194242335121455e+00 -4.719098514321886206e+00
5.471667277598330159e+00 -5.276639974736525573e+00
-3.791728401861167441e+00 6.199465704087672613e+00
5.986926700314297634e+00 -9.331891478882394786e-01
-7.741882714646276753e+00 8.343081962992116019e+00
-5.395717849184386239e+00 5.017295029453100241e+00
-3.866096825189586639e-01 3.334206696180272100e+00
-2.586307402827542568e+00 -4.008177182719565579e+00
-5.242822014046172541e+00 -1.885505337202603826e+00
-8.564118327745498860e+00 9.082061708264657085e+00
-3.243575719171377436e+00 -3.095051174441586284e+00
-2.746807043184271713e+00 6.771710839467074194e+00
-4.018154414221041471e+00 6.902471248394954628e+00
-1.172110112607748222e+00 6.221914355275326436e+00
-5.397429547158325569e+00 3.581787649244012606e-01
-3.910591193318049719e+00 -4.368664127762852623e+00
-2.371000761264919099e+00 6.365009583682192940e+00
-2.824319686314231692e+00 -7.048173459150879339e+00
-6.320393795144420679e+00 -1.126190518170579802e+00
2.393063775954082928e-01 -8.884672170900822508e+00
-1.536075069871402743e+00 -5.780997733868479926e+00
1.726198372894161004e-01 -8.478439117640540701e+00
-2.850397486381523127e+00 -5.664713076373892875e+00
1.636155767332830191e+00 -2.834983964610390039e+00
-2.272054951667316081e-01 -2.011883641732250094e+00
3.960985154981436551e+00 -9.249269398946200482e+00
6.668438279632668220e+00 -5.626848994617137834e+00
-5.137553407020996943e+00 -4.864716241625297144e+00
-1.707088207004727742e+00 -4.717213712577156493e+00
-5.364400363523618154e+00 -5.492371906702894213e-01
-3.965609740510294579e+00 6.286699982016796362e+00
-6.602045238399753657e+00 -4.417293393737501184e+00
4.056182966963344683e+00 -7.429748081848607910e+00
-2.250497504000227522e+00 -2.609726989980091005e+00
1.000300999428699100e+00 -2.936197251957347376e+00
-1.278522193005930729e+00 -5.210543736416203053e+00
6.094178944637558271e-01 -1.016606489111882183e+01
-3.144200575811102460e+00 5.067714992535231389e+00
1.996174693349030527e+00 -3.062476621583702485e+00
-2.713040891026976098e+00 7.213124458453234134e+00
3.260617136768908519e+00 -8.832086800551161687e+00
2.405943218441658704e+00 -8.170149846059217680e+00
4.314643701243244145e+00 -7.876265348571259040e+00
-1.309865283344996412e+00 -4.880564641601463194e+00
-2.543177557156468094e+00 -3.751981697939605898e+00
5.278452509383822822e+00 -1.327725120361923916e-01
6.854337382342398755e+00 4.318708726751255833e-01
-2.066034907191145464e+00 -4.269741709553969145e+00
3.881427160965891687e+00 -8.590424117122006820e+00
3.953433034689080472e+00 -5.077429505766485995e+00
9.389458306020781464e+00 4.598484577230674830e-01
-5.134287090950107491e+00 -1.215459165205067915e+00
-1.188868273247196905e+00 -2.974369919766030712e+00
-4.247146030778473857e+00 4.278924152663005742e+00
-1.254515712758581092e+00 4.487935369751244963e+00
7.026046751869931661e+00 -1.669980199703266610e+00
1.942399106504058670e+00 -3.441891793435090552e+00
7.830115795436670467e+00 9.435839445189589947e-01
-2.664565991021999203e+00 5.869390999496773453e+00
3.374470952521592793e+00 -1.814770111507763684e+00
-4.684466125917738921e+00 4.751861354518931435e+00
-2.972712816764565780e+00 3.181149572920592306e+00
-1.011135888304888875e+00 -4.020189804319248772e+00
-8.674384522618607818e+00 8.691769490409097187e+00
4.440935732446884110e+00 1.153404306166033733e-01
4.229604312310323522e+00 -1.117136462972045230e+01
-5.323680228790776958e+00 4.821814169834815367e+00
4.799314826234864384e+00 -1.080931806260889161e+01
-6.492516420386493792e+00 -2.126374561003797403e+00
-8.140826980183563322e+00 -5.812231570733052965e-01
-3.127063183075845298e+00 5.976294503312204576e+00
4.514246863084639294e+00 -9.752989297557371984e+00
-6.669737339239306451e+00 1.125312446798113797e+01
3.940931080701792766e+00 -3.591552267493154371e+00
-3.750534222203808277e+00 -3.703994118358311827e+00
-1.472495298165281463e+00 -3.203608292176754802e+00
-7.890629865877084370e+00 1.056604378384108323e+01
-7.284134748792954639e+00 7.748291282428137805e+00
-4.590237694955195735e+00 4.373155554716867677e+00
-6.143988780821176832e+00 -7.086502581342403184e-01
-6.301809924207631752e+00 2.632088792796070997e+00
1.499257541795286031e+00 -6.385439165206938661e+00
1.983065630881215125e+00 -9.455275881264299187e+00
7.371621673611338466e+00 1.596899722147729461e+00
-7.195182341547099014e+00 -2.382086273216388328e+00
4.105016426722786882e+00 -1.834506663354990463e+00
6.478374445881413202e+00 -6.207852812487752558e+00
6.925991385813923262e-01 -6.788621180803887434e+00
6.174312137345646434e+00 1.841276029338800857e-01
2.783598651898624876e+00 -3.678873069390128592e+00
-7.048817759083989110e+00 3.998414736253881330e+00
7.134891629182371631e+00 -1.232032288404125708e+00
-7.666589960580260765e+00 5.208741503061721012e+00
-8.540079211702522599e+00 8.729508560566832998e+00
-1.596078517842143496e+00 4.754804601627541594e+00
-4.288986255828394434e+00 6.249687080033893949e+00
-3.467339607582887062e+00 6.873161968236667363e+00
5.571629039248998438e+00 -4.184200217749944883e+00
-6.255594976017973430e+00 -3.010803368287803927e+00
-2.384585670149776515e+00 -4.286954528852882085e+00
2.886627683633443020e+00 -1.021390086301273747e+01
5.799571048081665126e+00 1.111277539247268464e-02
5.350295203000702493e+00 9.106511947094042547e-01
-6.565869726766885961e+00 -3.926473718791768430e+00
-7.260248141665564425e+00 9.693623037515427754e+00
-3.095038513757411902e+00 -3.435089263565446416e+00
-5.363497976315014348e+00 -1.720194303346138875e+00
1.782360383895848166e+00 3.313267534029268102e+00
-8.824530435390665062e+00 -2.342894405953519499e+00
-8.545921278859122339e+00 -1.507899323640234712e+00
-7.468579589562520660e+00 7.526071758275527657e+00
-6.564216956729636010e+00 9.850739631217527048e+00
5.867927461286338797e+00 4.802230131080253983e-02
-8.655299248482076990e+00 5.976292151622736526e+00
-7.274174168741350144e+00 4.455146585331347886e+00
3.686702480908233603e+00 -1.076435432883245280e+00
4.814270985363391375e+00 -1.006751251592309160e+00
4.374045495026252617e+00 8.576696715138654170e-02
-6.130467331433309575e+00 -3.881017034540893640e+00
3.803672544795956956e+00 -8.075181352907899068e+00
-6.923855788231159991e+00 -4.279514734518112817e+00
-3.363143910843001017e+00 2.516033033440015387e+00
-5.355563170281468999e+00 2.673568777635555449e+00
-1.398698127620559895e+00 -4.413273182900169012e+00
-9.612724381204713620e-01 4.281830545420712397e+00
3.159432070444595286e+00 2.308975679546869664e-01
3.641292703222365645e+00 -3.343245582086080248e+00
-2.634625666363162200e+00 3.861057626704263779e+00
-7.100620464088017947e+00 -4.268834667439874053e+00
-6.308626618062228353e+00 4.442912903234908839e+00
7.351489263764706905e+00 -1.358411534113166752e+01
7.035218761248339669e-01 -3.919884317825669040e+00
9.524119824355422592e-01 -7.509994510893942099e+00
-6.856545599335983177e+00 -5.516822323366625813e-01
6.073441782154612945e+00 -6.065647037574765754e+00
2.889343970720231525e+00 -3.527156236104240339e+00
-2.343616010260437310e+00 5.812821974131080260e+00
-5.594330115464407172e+00 8.181258160804304680e+00
-5.785977279370513315e+00 -3.634219778959237424e+00
-3.732463113486184536e+00 4.199397517975194560e+00
-2.447512178456864085e+00 5.261110648358317654e+00
-1.306420943139833923e+00 -3.291867366293891983e+00
-4.949900460503494415e+00 8.683583869294880131e+00
-2.607290476046952410e+00 -4.939892694804985496e+00
-1.584832340691220143e+00 -3.636119714192641350e+00
-7.538899720315532349e+00 -1.514923769196306447e+00
-4.997907158677644901e+00 -5.307355376527904234e+00
-2.833099576096647532e+00 -3.159799533830645490e+00
9.212336722853720516e+00 3.825832664063614885e+00
4.193325798493344969e+00 -1.059238494072238357e+00
4.079923807434962413e+00 1.629269641585365136e+00
8.089282851653921469e+00 -6.607479779355141858e+00
5.633416794649728665e+00 -3.446109879444214652e+00
1.701885353432047943e+00 -1.330847540552293040e+00
-2.794954358312073506e+00 3.581484449333481201e+00
-5.705398562829869569e+00 7.780495110158469174e+00
-3.901653365996735179e+00 5.702800492062529258e+00
-3.673838876049635438e+00 -5.660238823829975452e+00
-5.995099662553031727e+00 -1.970932099733776699e+00
5.050523637858852055e+00 -6.370233576524566566e+00
4.413846676000710900e+00 8.856366735493379494e-01
-1.199676658434331689e+00 8.366247565645423379e+00
-2.944339276775238101e+00 -4.559644854568726480e+00
-1.996950837027416270e+00 6.568793985137470592e+00
6.863437169898285006e+00 -6.627548717950636714e+00
2.231963562456489747e+00 -7.684127898337853146e+00
-3.488155135044804567e+00 5.384613448191641893e+00
6.533785605724283130e+00 -7.442985102744993142e+00
-2.945060678154368894e+00 5.545703646185529578e+00
-8.180129789204185542e+00 -3.131784538103492554e+00
6.828399722387242576e+00 -6.876194021659781441e+00
5.332193576187317596e+00 -7.270647289949044634e+00
6.135071005499775687e+00 -4.853744505079035099e-01
-2.272475210144606628e-01 -9.977490848742990082e+00
-6.006380953160014080e+00 -1.999597670194509957e+00
2.868445157634327281e+00 -9.758155185372288543e+00
-7.672317086987034962e+00 -1.025473529899395331e+00
-3.575464981064256698e+00 -3.589002055829336513e+00
-7.639805249703205625e+00 2.097435429736060897e-02
-4.442599587685597484e+00 -5.062735545572906837e+00
-5.785392810513798167e+00 -4.748073902753647602e+00
-2.092795546495592518e+00 -2.920823225378064159e+00
1.627212532421574043e+00 -1.001986613672694126e+01
-7.058179788239203667e+00 -7.094837384297898453e+00
-6.675436565061814598e+00 -3.809534825902381794e+00
6.735561044585119284e+00 -2.024553978814924271e+00
-2.068354430806365052e-01 7.470448636787922148e+00
5.060487543835897384e+00 -9.327743489173753844e+00
-8.160439100191227979e-01 7.023399915377467551e+00
-6.959974084292023910e+00 7.634218172956278359e+00
-5.922327124876076709e+00 3.231317806153328753e+00
-8.386376735095648627e+00 9.587362627504610657e+00
-6.399489059164118032e+00 2.162935893111545660e+00
-3.507435002103680866e+00 7.117462359564996177e+00
2.933374629050858662e+00 -1.060443408186599790e+01
-7.798381768879488973e+00 -3.967606621076189999e+00
4.848325451238625905e-01 -4.784721904753113542e+00
-6.897453991576935728e+00 3.869090168554386366e+00
6.239071614605163241e+00 -5.959871939150220399e+00
7.551298309202093328e+00 -4.945645460579472186e+00
-2.986803681061046767e+00 -3.488800074599898160e+00
5.985299879501156717e+00 1.473505440954550716e+00
-3.428220930007220613e+00 -6.115023396666036781e+00
-5.657971550809196337e+00 -2.298211543894831177e+00
5.901048541033487638e+00 -1.257257773275161084e-02
-2.886622267332283887e+00 6.323460599513012426e+00
2.557612069584326520e+00 -9.828528907742656529e+00
-1.398899698394355129e+00 -4.876675132127440193e+00
-8.400425188356919648e+00 9.460943261384812786e+00
3.066922906566671436e+00 -8.709272273644068640e-01
-3.514064851619400631e+00 -6.302281907159355434e+00
4.003391472112383553e+00 2.443287811147234478e+00
-4.811543821343665428e+00 -9.769799040692109804e-01
-2.901689595825883927e+00 6.746755274909556732e+00
-6.576045548162844590e+00 8.328704676460985112e+00
-7.514959414835290730e+00 9.516062069360382125e+00
-1.437064604821398639e-01 -4.410144642068901000e+00
4.073453283778960099e+00 -6.352036372763786964e+00
-1.060390916220513180e+00 6.160618638893353705e+00
-6.618026082509159025e+00 3.117214386990358577e+00
-5.150652153502996988e+00 6.682676149892864181e+00
-2.959301378475648114e+00 4.598653475152720382e+00
6.091376794477938006e+00 2.879403213757944613e+00
-4.239111000348342984e+00 -1.321734646738851993e+00
-3.845963803907769041e+00 -3.279219242244262755e+00
-2.074736748971015565e+00 6.178172973991969741e+00
-3.434652891328858537e+00 5.424944239725767225e+00
6.258958953453142904e+00 -1.998930644161268644e+00
-2.867825910656540689e+00 -4.526644712511478374e+00
6.779062203899345995e+00 -4.992798186685678097e+00
-7.548470913319167419e-01 5.275621046040632756e+00
6.701433394402261712e+00 -5.003928442991234071e+00
5.437782256655616209e+00 -1.570154752239605545e+00
-2.655841624481983576e+00 3.320989383124665295e+00
3.042242486381863564e+00 -7.573170347902539845e+00
-1.201755942595827742e+00 5.804015891260256410e+00
4.148619284245122607e+00 -7.306426661930026434e+00
7.628393243197931994e+00 -8.556749586067244451e+00
5.756074470891201500e+00 -1.095022461498020228e+01
-6.437795397018711618e+00 -1.824866677498459655e+00
9.491622898977309930e+00 -2.613835136780668922e+00
-4.949319257709382747e+00 -2.814400544759180001e+00
-1.915268969236278096e+00 4.168183549929031173e+00
-8.526820298907212603e+00 -1.437453620053932291e-01
4.818499447796206425e+00 -8.521817131955414126e+00
-2.239706307841248911e+00 4.437540650718601043e+00
4.048785346843147614e+00 -6.361668217420049842e+00
-6.217060313541124650e+00 -3.336815693812037686e+00
-7.414473699223471215e+00 -3.215380000930069482e+00
1.326703339359471823e+00 -9.470029804130657425e+00
6.829795007175225585e+00 -1.263801146105588025e+00
-6.806654577900949299e+00 -4.316071129907670390e+00
-4.349653799425902356e+00 3.384798203197015187e+00
5.911837540513656286e+00 -5.333755261624866684e+00
4.787558591487115933e+00 5.877684980174429086e-01
-3.304675970030745979e+00 -4.173599940410304576e+00
-5.967739529227896966e+00 1.052523735659490178e+01
5.158617201584222656e+00 3.747882565477058225e+00
4.603103601806942002e+00 -7.229662648294149507e-02
-3.771137346567254411e+00 3.440151016700855546e+00
4.238364736047160797e+00 -4.968961231767372588e+00
-8.779303650797125602e-01 -4.533188235823748968e+00
-5.694110052536712985e+00 5.211763029171009975e+00
4.724802327184137951e+00 -1.033893700133495663e+01
-2.496831801173853282e+00 -3.300491379513780466e+00
-5.096149717739287155e+00 -4.799248036457974820e+00
-7.303476307514470633e+00 8.879300674824190054e+00
6.191497854488301478e+00 1.926605727522784584e+00
5.659397216911143502e+00 1.108186705089270863e+00
-2.074654599179014181e+00 -4.718188199872814792e+00
6.902174660745346024e+00 1.811999757201768091e+00
-4.158256004349613733e+00 -5.114998079591214442e+00
-4.004630360773822950e+00 -3.575050764639880363e+00
-5.544045443252572980e+00 8.903248243295635689e+00
-6.795573176806212423e+00 9.515397906354404967e+00
3.324847175533529153e+00 -9.402705151447863230e+00
4.880093603426936433e+00 -8.703049685614567821e-01
3.734544644976664607e+00 -6.011240821948376833e+00
4.849756040871841201e+00 1.377186658179140322e-01
-4.324849479881492265e+00 2.896714119045685543e+00
-2.965300904078741251e+00 -5.114000265994082639e+00
4.193855707856243065e+00 1.030297723563603052e+00
-5.938804790495599839e-02 4.925028011572399222e+00
-3.960477769193070152e+00 3.355001667585872038e+00
-2.589064539625326677e+00 -4.573690128545352174e+00
-1.985019991707582809e+00 -5.169224569691738935e+00
1.498783204711979344e+00 -8.377852249010159014e+00
-1.819935587319645443e+00 -5.172141433931173538e+00
-6.468276848564636694e+00 -3.870582538596131883e+00
-6.952051697803141472e+00 3.989657926377133013e+00
-4.972594613024926780e+00 -3.449535296822510144e+00
-1.553137092301185129e+00 -4.963547346784192627e+00
-2.481667452480171399e+00 -4.105728094902506342e+00
7.286725138986538397e+00 2.754428538429539941e+00
-3.651302654062547948e+00 -3.393669735484754479e+00
-5.501891773351366588e+00 -5.074194328461278936e+00
3.558971153567274115e+00 -1.050309860335273981e+01
-1.553947986268245041e+00 4.813464487324726093e+00
4.185389140434442545e+00 -4.659779067077317372e+00
-5.948630200325077944e+00 4.334663596004602937e+00
-3.266993489640315218e+00 3.941824792861818860e+00
-9.328230575268898761e+00 7.877178750826756115e+00
2.185026017149178212e+00 -8.517303607666201870e+00
-7.678325283897510012e+00 8.503650605849978561e+00
2.861004710736265277e+00 -7.909224728674832505e+00
7.839213079383340776e+00 -7.398210999224854589e+00
-5.966333303978810676e+00 7.593692451855826420e+00
-5.906938821518750160e+00 -5.212523077460538445e+00
-4.540510659285716955e+00 2.922347067861585934e+00
-6.304461320586705497e+00 -4.601344010985114252e+00
6.400552689997348388e+00 1.569805586960044241e+00
-2.630907253603840701e+00 -3.145102673942822058e+00
-3.881189274617104168e+00 -5.022332701018431322e+00
-1.724551401009604135e+00 3.012738565271576796e+00
5.098623959316510579e+00 -4.305264726306473833e+00
-6.318714775756010482e+00 5.301997685292210605e+00
5.304503860745093391e+00 1.080248214406112961e+00
4.539764558018334561e+00 -2.519270266505369005e+00
7.674234534941347441e+00 -5.614028229968615946e+00
-6.576891935049593130e+00 8.634709766326530200e+00
-4.743495825761655738e+00 -4.746645015274796542e+00
-3.616173389960156026e+00 4.731350149591811771e+00
2.814223348808634118e+00 -9.977000913508300428e+00
-6.580234827335278425e+00 7.921134425481265673e+00
4.020556069797940335e-01 -4.724059155391602260e+00
-8.535857056072673643e+00 -2.237344159023925361e+00
-7.681086132681770096e+00 -3.033133851115188406e+00
3.005898909377940242e+00 -9.910252448909425027e+00
-7.292666738753049493e+00 9.141881596190115644e+00
-7.019659019802078959e+00 6.525233865875592620e-01
-4.689057776751106132e+00 -4.175717771197162698e+00
4.031017215768711637e+00 -5.895651404063652734e+00
5.921018669922060162e+00 -8.981201566835013139e+00
4.327899830571660722e+00 -9.098954499314743316e+00
-1.932055099408219512e+00 -6.559728860390154459e+00
7.771268268242685906e+00 -7.799335482391904772e-01
-8.478027821833428845e+00 -2.418053113780402441e+00
-1.986738867362558558e+00 -5.498310041250903168e+00
3.151160754098841110e+00 -5.085245829738259005e+00
1.056854559170049335e+00 -7.417987611482045551e+00
3.799141442545610481e-01 -5.007785760822246246e+00
4.027834688259646967e+00 -6.941445837929479667e-01
3.305802088006574380e+00 -9.042995139839250740e+00
4.817957501848364466e+00 -6.847781377938773062e-01
-3.332859801329067118e+00 -6.091683586524656135e+00
-2.636029014979975660e+00 3.296666078497743513e+00
5.724688682313201937e+00 -4.898560210599869791e+00
-9.971538891256104264e-01 -4.227797028949158431e+00
-3.244850662964633869e+00 5.659536338490550378e+00
1.855904366056028820e+00 -9.798333970060998155e+00
-3.357824493090738827e+00 2.362947569189189245e+00
-2.673385291947966813e+00 4.263652070513968440e+00
4.173893265713465084e+00 -8.081770061708843045e+00
-1.571963188713983994e+00 6.740541002112061086e+00
4.480509390952912341e+00 -6.096068658005603602e+00
-7.220535677788387119e+00 -2.548614357839384947e+00
4.172289063214906335e+00 -9.413771104910304999e+00
-6.528263081189915162e+00 -2.504893551229107729e+00
-7.058696148490408717e+00 -2.191744744601215711e+00
-2.585734692224100684e+00 -4.147104599389455082e+00
-1.606493964789396101e+00 4.034007117861542646e+00
7.408989156476473603e+00 -7.026787908823823869e+00
-2.579792203845693077e+00 -7.822715790298613747e+00
3.008123389617680665e-01 -1.547037907322537986e+00
-7.861804296702874506e-01 -2.982773638774000702e+00
5.699520520395864764e+00 -1.012360297415290944e+01
7.722379892802823775e+00 -7.882986297745874005e+00
8.667428062744528816e-01 -8.421012250469429361e+00
1.965635208592297900e-01 -1.083002663636775864e+01
-2.449818962664454425e+00 -5.234208382545895155e+00
-2.750148796591621370e+00 -3.685244546533338994e+00
4.938597172185018813e+00 -3.160219653717223132e+00
3.407074068729992966e+00 -8.669511681133414527e+00
-2.429893879538052026e+00 6.087810379074397815e+00
-1.507735137046315010e+00 -3.713259226465497331e+00
-1.476850344877948640e+00 8.047456455035508327e+00
-6.992943587540683126e+00 8.728409860516388008e+00
1.140655845945168334e+00 -7.163142835313949242e+00
4.691148376066476278e-01 -3.339809451761848180e+00
-5.255535987911398976e+00 -4.273383538335717269e+00
5.999115722718737498e-01 -5.132914298677242471e+00
-5.178948794803547528e+00 9.008914769999670114e+00
8.342402899711693465e+00 -5.880302566017292065e+00
3.223906161047319863e+00 -4.143805106304353281e+00
9.063663716946095406e-01 -3.086804978068414584e+00
5.309488436866643291e+00 -8.300974694430967027e-01
1.895789423174739419e+00 -9.688646427663471172e+00
-6.973354217344446049e+00 9.279828303927541100e+00
-3.825204197006810247e+00 3.758729358191387426e+00
-8.012658773592136185e+00 -1.485219654592007776e+00
6.213338244063297822e+00 -9.960465651539662346e+00
-7.789957847971644700e-01 4.827420752471064169e+00
-6.731023337752562341e+00 -8.332947971176126734e-01
-1.969194504582290284e+00 5.036571858258701795e+00
1.128127517244643219e+00 -2.416354405221024848e+00
4.562282860502775428e+00 -1.229014661427909871e+01
-7.368084656841982216e+00 9.141086657682398808e+00
-5.155042495444095429e-01 -5.463781056552353022e+00
-5.582709889572997852e+00 2.686248748421338206e+00
-3.215719671707728100e+00 5.180931334212475647e+00
-1.710624711729938907e+00 5.521440095964114114e+00
-5.689067053675559649e+00 -3.152922793174655069e+00
6.798592798168715312e+00 -4.696554005669412390e+00
2.093046489749106343e-02 -3.290724899371872958e+00
-6.970526539895445239e+00 -3.908644349044997135e+00
8.759129444287445665e+00 2.254405937759134559e+00
-8.871788189450788842e-01 7.067675689871909306e+00
7.154029195548714526e+00 -2.318441269459945442e+00
-8.374551675658322480e+00 9.960766041429371498e+00
-8.925074886990978840e+00 -9.788480012225705407e-01
2.241687718993428113e+00 -1.021885160069128240e+01
4.420116194348544525e+00 4.436275635738307077e-02
-7.470187451548895297e+00 -6.655629074013440949e+00
-3.037002476975954934e+00 -3.772562743150123410e+00
5.668082429597507854e+00 -1.065901871662138589e+01
-7.824212181133011867e+00 8.851886769370544528e+00
6.042441666854450943e+00 1.453400760532342906e-01
-5.145901301815213102e+00 -2.627608728195105048e+00
1.279824736574660005e+00 -6.424998793852512158e-01
-6.915881226793459291e+00 -2.748391180017838664e+00
-2.263634182020437535e+00 6.086881708200557739e+00
-2.559183329437068721e+00 4.986843606883576641e+00
1.876617359965765175e+00 -9.052191453846777591e+00
-6.442146294294471609e+00 1.940953268673848431e-01
7.534818399504976227e+00 3.165389258570859621e+00
4.773862715419736169e+00 -3.294860870457972712e+00
3.546740885728409953e+00 -4.533134314590043346e+00
-6.785595018441035187e+00 9.469429577273464460e+00
-5.338625212702410749e+00 7.108858675358818324e+00
-2.486679577773098337e+00 -5.963323971077612029e+00
7.223790809880966002e+00 -6.608380676289487887e+00
-4.708272169908489957e+00 4.561137209578308926e+00
2.583642613471458294e+00 8.020611654849603145e-01
5.040158083629566299e+00 -4.369160135046639581e+00
8.041414960269081647e+00 1.449371629832978847e+00
6.640023763386638578e+00 -6.394898868246926327e+00
-4.846057342546079560e+00 5.023018808822661718e+00
-8.334051578473001598e+00 -3.856530464634549737e+00
7.141001416543477198e+00 -5.606490339770781262e+00
4.898119977923851565e+00 -6.423248952389186250e+00
6.805209498625420572e+00 -1.003046695621312878e+00
-8.094036809965786006e+00 1.042812904434042665e+01
-2.538795843512244410e+00 -3.805841758919061846e+00
4.521264848711055606e+00 -1.844542501428382941e+00
5.194729231464897623e+00 -4.737005613034774854e+00
5.834496818576959676e-01 4.805695261283286612e+00
5.505271299884685554e+00 -5.769467987420977551e+00
-2.410971274555888222e+00 7.595931879249274488e+00
1.680954530204055608e+00 -7.779660432426179106e+00
-2.977403028406061747e+00 -3.193883314292581765e+00
1.003074913245228128e+00 -6.069321708388834224e+00
2.904751739062064075e+00 -4.685128871842255016e+00
5.413134163619596206e-01 -4.228131339484828999e+00
-1.036985169958624775e+00 -3.844921718280534861e+00
-5.144265383718733986e+00 -2.123375677263460215e+00
-4.857874361479622927e+00 2.875965626527916985e+00
-5.155329257857817815e+00 6.474848946800873861e+00
7.309083727820169685e+00 7.207841414903592980e-01
-6.525293452443994724e+00 -2.241991675022344754e+00
-2.552387811108240978e+00 -3.371394983140053814e+00
2.549789640820236070e+00 -1.097305402618694359e+01
-6.190921147993378781e+00 4.456125048850817727e+00
5.591023823203315146e+00 -4.277456051034678630e+00
-2.224443600260349818e+00 4.908585353312094668e+00
-5.553610751462411343e+00 5.302440584971955140e+00
1.399359554156404783e+00 -3.895923494178338053e+00
-5.968003422832141247e+00 -7.474955227785852863e+00
-6.071402115896725959e+00 5.086685384703847568e+00
-9.878404106372529192e-01 5.720575735865692124e+00
-7.259979964279436260e+00 9.990931137752543378e+00
7.032713796615936985e+00 -4.752363335731780936e+00
-8.433429367604039939e+00 1.003935890805234799e+01
3.983025588809509632e+00 -1.102488804428108438e+01
4.602128124878909432e+00 -6.015202519820471494e+00
1.498055890810987334e+00 -5.783615403363713270e+00
3.802367315593956576e+00 -6.101196856239754496e+00
3.551593393959363354e+00 -6.103508676965160973e+00
6.337058863881651405e+00 1.352353278403869874e+00
-3.000663923458508631e+00 -4.067668243661874072e+00
7.361653985758143115e+00 -3.723501696592701471e-02
3.904643913137901823e+00 -5.972464157678920138e+00
4.788501025143293788e+00 -4.434072581987082984e+00
-8.532847637304514787e-01 -3.462112795130514620e+00
5.281924830374685520e+00 -2.351746821905314366e+00
-5.448841200996111134e+00 -4.422286238051787777e+00
-5.133745223640520550e+00 -3.782062496601144019e+00
-2.152682151951827993e+00 3.596135524936720174e+00
-8.062549634362442319e+00 5.508315937796299799e-01
-4.597997361681512629e+00 -6.674022176224609026e+00
-8.320141254165225320e-01 -7.267203319371247972e+00
7.013626006671582758e+00 1.658189420798730884e+00
5.349846979644196310e+00 -9.210088721281895374e+00
7.144392676429460742e-01 -4.042189298473639170e+00
3.417922355313729010e+00 -5.659986759247013666e+00
-2.807533655587178156e+00 -6.123893448603535461e+00
6.528483292708843422e+00 5.479786717453772882e-01
6.022739610631272278e+00 -5.857759682636208831e-01
-3.523018716839759978e+00 5.251326727231559133e+00
6.453592506817951602e+00 1.493015244114625828e+00
3.615365820018060283e+00 -3.735388799507516566e+00
-1.274390550032436620e+00 5.138000779507938987e+00
-2.814147915741656902e+00 1.495435406698355507e+00
-4.660772335428868374e+00 5.964984873056032200e+00
2.927873706995716141e+00 -3.268900442217977709e+00
8.158631426569053602e+00 2.760463217197264285e+00
-6.172271624099234799e+00 -9.262508446123042249e-01
3.267098686665121487e+00 -8.497449532722026078e+00
-1.161773988096940879e+00 -7.599861083947651252e+00
-3.560369805340394933e+00 5.630990160236835962e+00
-1.122884541045880091e+00 7.215438650600656700e+00
5.252806269439564524e+00 -4.948485502066040098e+00
5.888644928267880552e+00 -5.300612330137898454e+00
-1.276262811988264856e+00 4.136654862697082713e+00
-9.135052711471141063e-01 -3.597795633941544224e+00
-4.354794594428595289e+00 4.061425574983452691e+00
-6.205633549023347406e+00 7.514996174335631274e+00
-5.088887095490450818e+00 -1.319301601081277475e+00
7.276403801620920042e+00 -2.419939597779294793e+00
-3.644837157907669489e+00 4.687059610115798414e+00
-7.707242117437909101e+00 -1.012921639849822864e+00
3.915589797299772190e+00 -5.702452120678387359e-01
-2.307376595504476935e+00 2.728818770401749028e+00
7.819519085583871210e+00 -5.479794365862978189e+00
2.199134632941451617e+00 -9.662609003540673314e+00
-2.556836315789445813e+00 -2.375492252118705849e+00
8.470349428183691742e+00 -1.070713962396375507e+00
5.153128353783388960e+00 1.734023733561059766e-01
7.842512942408902399e-02 -4.417495368385806920e+00
2.146570826543063415e+00 -3.544108163103598663e+00
-2.743193091012391616e+00 -5.120469335530336785e+00
-4.955955675457717646e+00 -2.831345175993932095e+00
-4.091323252544860622e+00 3.347013533766554971e+00
7.892491738892797315e+00 -7.301374216397022998e+00
-7.062666494489204361e+00 -3.292369667852967918e+00
7.857179193660623895e+00 3.070424045213991704e+00
5.425710136141739248e+00 -1.057196667067231211e+01
-8.356395736139701214e+00 9.818097119321008037e+00
2.956621514844806065e+00 -8.644876580778445785e+00
4.917352701952648175e+00 -1.037328531639067819e+01
4.947098776603248815e+00 -4.332641951192949037e+00
-5.874962557078559300e+00 -4.284194475814418368e+00
-1.204746436096222340e+00 2.926119520648032601e+00
3.149515615518059253e-01 -7.601615945820244136e+00
-3.142826915693854417e+00 -6.051675019985593096e+00
4.702028713069758226e+00 -7.760931414460218392e+00
-4.597887055662370770e+00 6.702642841155354247e+00
5.360584473105245440e-01 -7.169742065213769777e+00
-7.359466283427444910e-01 3.233030995320308243e+00
5.897005542545314505e+00 -5.285756907115325198e+00
-7.688229083759911653e+00 -1.338664552718240364e+00
-7.495304122236746025e+00 8.012627543493392679e+00
-6.062282936377867415e+00 -5.571424702786790917e+00
-5.963158421077981330e+00 8.818250292107958188e+00
-7.142113831699582249e+00 5.174446884613471909e+00
-7.092395282676632995e+00 1.137348986105798510e+01
-5.427373436068542389e+00 3.203775233292019742e+00
-3.314966780844061489e+00 -5.172987375056432136e+00
-3.674532173001939572e+00 -4.484657777056883177e+00
1.828558480069735204e+00 -1.037700269358348137e+01
5.414861911891351021e+00 -9.023987604736163348e-01
7.632771773694273953e+00 5.238716881131000314e-01
6.638512524892027145e+00 -3.143055008518979232e+00
-6.574841059757471129e+00 8.228825957574091632e+00
-3.107937918962448531e+00 -5.314980706406720046e+00
3.125448929578433344e+00 -8.633993160586424409e+00
1.738804220913666043e+00 -1.015205157929062452e+01
5.089867121629892743e+00 -6.501280811480245170e+00
5.006402376325138626e+00 -1.891463495089848457e-01
-5.243810487934914555e+00 -3.915721543343538169e+00
1.246240924524038451e+00 -4.304766519434814143e+00
4.515110540337781586e+00 -6.126508891245528332e+00
-8.127082378179947497e+00 9.605504119932200879e+00
2.541226415894625834e+00 -1.248302590205282225e+00
3.328618323011321323e+00 -4.923044522310670246e+00
6.064574672715549397e+00 -1.573003206564386192e+00
6.781793202607535598e+00 9.149725378762838535e-01
-1.147027751212678126e+01 -2.320793588546943731e+00
5.006067735420325349e+00 -5.295965763033578799e-01
-2.493282198667619465e+00 -4.533524259103306697e+00
-2.028992613406584766e+00 5.368696049869667419e+00
-4.255533215763242616e+00 4.819603197506682868e+00
6.526001773487327462e+00 2.413563065250975637e+00
-7.168913212489835374e+00 -2.615715475635093767e+00
6.211063563088578654e+00 -6.138920720029479305e+00
-7.553916466694017728e+00 7.723779589749186769e+00
8.025389919813974871e+00 -5.831385080380543151e+00
-4.034061992486623005e+00 4.458520888973177776e+00
1.630764044487480025e+00 -2.558481808968974480e+00
3.979896699215800471e+00 -1.082275784734979851e+01
-3.898940638928415137e+00 -6.253070608359555749e+00
-5.220063653783977742e+00 -2.283709902457751184e+00
1.715248094859964878e+00 -7.961653893696672313e+00
5.689427881056919212e+00 1.415249044907007869e+00
-5.699806945215837750e+00 -6.307628883772804507e-01
7.188564602534280645e+00 -5.354159182782662008e+00
7.011867190424332819e+00 9.552154467296249951e-01
-8.983278680423680385e+00 9.927955426168479036e+00
5.414414000154073925e+00 -6.309204890518798514e+00
3.753004872374705592e+00 -1.044428005751053767e+01
-7.614183537027319204e+00 1.022842190532990259e+01
5.444725232992844610e+00 -9.049018189582125338e-02
3.611476307141941788e+00 -9.072652779383483690e+00
-6.621231682387008100e+00 -4.978716079809299089e+00
3.012460384844115158e+00 -8.633291675599343407e+00
7.098182941502704679e+00 3.210170705669009195e+00
-4.869273578673718461e+00 -2.457624682309542230e+00
-6.193382687441047807e+00 -3.474604906244712854e+00
-7.098493745327813187e+00 -1.647564068141441185e+00
-6.109038122897628043e+00 1.057084145654662244e+01
2.332960439780361828e+00 -7.179798159322198003e+00
-1.383795003209752794e+00 -5.303533175365171992e+00
-8.369392959852529401e+00 -1.673145651438475712e+00
-2.290151027956423668e+00 6.063685537695374883e+00
-4.309310630698210076e+00 9.235444614525091467e+00
-1.048102696102326803e+01 -2.616403356224493937e+00
-5.530118970932048406e+00 -4.578496809085444319e+00
-3.640611100180759507e+00 -4.864035725904495955e+00
-2.816995013420549032e+00 -4.896026848974063483e+00
1.278327874242635609e+00 -5.958776469894123018e+00
-2.792916239341519002e+00 -4.398356233053901221e+00
-3.686366604033011196e+00 8.003864658507827912e+00
2.552242261582005511e+00 -1.553611758102857454e+00
-5.810821653491523797e+00 -3.447446877601850090e+00
3.329179851852031469e+00 -5.788190936303843515e+00
-7.952750083531450187e+00 4.333010523176124451e+00
7.828729946985734323e+00 1.971609730967675667e+00
5.450345939593219668e+00 1.254889125250731485e+00
-5.231686868891936015e+00 -4.116995592137688398e+00
-3.851522742126448406e+00 -5.137702964148165741e+00
-1.087138360302801754e+00 -3.085808188045223499e+00
8.949895796222072875e+00 2.062419530153409397e+00
-5.860716013403479252e+00 1.012444532230244398e+01
-5.827123114784715341e+00 9.847711482221939150e+00
5.969086974367639797e+00 -8.844493725136777229e+00
3.165621909880393048e+00 -9.187727856565084394e+00
6.649683514392461525e+00 -1.039396395267865980e+00
-8.484437371423481977e+00 -9.873973356527865342e-01
4.723752066999986177e+00 -4.802580471202991141e+00
1.878859584932290661e+00 -6.914168711969627346e+00
8.666935225606049897e+00 1.449640939225100844e+00
3.755582872254326077e-01 4.350473012785378124e+00
4.136816867617288729e+00 -7.267141783712316894e+00
2.578384740114590734e+00 -8.341374608450351502e+00
-8.157927737907090915e+00 -3.958316428723900771e+00
-7.119268837082016077e+00 -1.209965067134637140e+00
1.169871619981687871e+00 -6.340897177855499223e+00
1.875950295708390669e-01 -8.654590931650592012e+00
1.548314893553016103e-01 -3.726644936619926352e+00
-7.398865201503047828e+00 -6.430215029791274794e+00
6.172623971401919540e+00 3.855677630085958540e+00
-1.613506306410226188e-01 5.102931351519220726e+00
5.744346152003847461e-01 -4.093563784395873206e+00
6.668717147663284273e+00 -6.955961092596448125e+00
-2.531105068539797998e+00 6.111863780977345506e+00
-2.331496904987770513e+00 -3.996138558085597925e+00
-4.670333874185495837e+00 -3.664395725482014310e+00
-9.878745321057103013e+00 -4.711994504268101736e+00
4.068248185772329606e+00 1.798307867682791272e+00
4.157977244782233406e+00 -9.153996379713559506e+00
3.318607373965839269e+00 -9.684612075293726363e+00
6.263696978709667462e+00 -2.847492380523463651e-01
5.639399845421397828e+00 -1.025931247505968535e+01
-2.865909231463330542e+00 -5.487078876103566927e+00
-7.844155423651432812e+00 -3.651692783115366936e+00
-6.145458543128245132e+00 9.672478502126264033e+00
-6.867159217655006920e+00 1.034424839737338786e+01
-2.877382564614723748e+00 6.646718877905630762e+00
-6.885540748003458056e+00 1.039852629007027751e+01
6.639460827408826260e-01 -4.065690237165691556e+00
-3.863684386948691429e+00 -4.300479350077772267e+00
-8.960176701663511878e+00 -2.306006274530691069e+00
6.068442467116190286e+00 2.171137806248629509e+00
7.988962995876793816e-01 -3.617380747084313342e+00
9.610411862642437297e-01 -5.328116254674445607e+00
3.804470854971444993e+00 3.222012739561804784e-01
3.138782055569175000e+00 -9.730263146331150637e+00
5.938876620476399637e+00 3.667151514234986420e-01
-6.709947047699482248e+00 -8.067356906205596090e-01
6.661607500954056071e+00 -8.459933741412171138e-01
3.354331763268604050e+00 -5.847825920904364816e-02
-2.223223499012489945e+00 -3.811028928833369633e+00
2.718881444658451940e-01 5.526600017185708147e+00
1.258998510185217246e+00 -3.799531015436387715e+00
-5.706531874087278133e+00 5.238652006943137707e+00
5.233851849613287754e+00 -4.520747100358186721e+00
6.753297148806847616e+00 -4.769730282650284536e+00
3.048024342347854798e+00 -9.639555403922560828e+00
2.921544518966729509e+00 -4.420065123253693606e+00
6.516413644376307657e-01 -3.623102395757448413e+00
3.119700264073729912e+00 -3.873484601767834157e+00
4.980728427340949338e+00 -1.294301500371213276e+00
6.545831172125366137e+00 -4.189429171134641194e+00
5.296911005283206464e+00 -1.037090890915713359e+01
-2.126635764048585564e+00 6.625573043942066143e+00
-6.318132579176241492e+00 9.068560035543038467e+00
-3.483406629024021761e+00 -5.621987852749086301e+00
-2.502708578663615846e+00 -4.907704683888807651e+00
-7.989306385346356620e+00 9.875872120304480362e+00
3.708202849253688704e+00 -5.577266350859397370e+00
-2.499689527134513423e+00 5.684098090060499153e+00
-1.178548884692610210e+00 -4.578451288704797228e+00
-3.207791086415157089e-02 5.485805458236531429e+00
-5.912580157145093551e+00 -3.459316043065599811e+00
8.390149218218607707e-01 -5.944471253946935541e+00
-2.652217005222753610e+00 -2.368435879337711825e+00
3.814927070174193524e+00 -7.201955079146072691e+00
6.411044122337610673e+00 -3.670745721037611542e-01
-4.403745888965729272e+00 5.751844834692965591e+00
-6.153049071563162720e+00 -1.987907445802007622e+00
-5.554762694531170553e+00 -3.460299495778724310e+00
5.997216089995665023e+00 -6.778473753962510617e-02
4.446555974553234591e+00 2.196840280136624912e-01
2.291277261476223348e+00 -9.937492728728511082e+00
2.002322214412378010e+00 -8.479757019813083829e+00
-2.338726216137749336e+00 -5.758105403849591575e+00
1.416046980702092117e+00 -7.884385443668090687e+00
-3.200693069383582667e+00 5.394389070787514839e+00
6.799813230806880604e+00 -4.742175349164902798e+00
-3.548811052606366978e+00 6.806418003063137157e+00
4.840909873050216028e+00 -2.825274502929865594e+00
5.138515407120663347e+00 -5.042545321629346766e+00
5.000648410324453508e+00 -3.258097595531408430e-01
-2.409871790854909435e+00 5.726545951170667337e+00
6.541967525649385884e+00 -2.616488878136606910e-01
-1.472599753760091668e+00 -7.473685811111907995e+00
3.408058021784868163e+00 -9.232367901104550967e+00
-1.364078527131994401e+00 -4.206097012835284588e+00
5.607522931981046455e+00 1.702531359096076002e+00
5.731898192582630891e+00 3.506506403246305581e-01
-3.045221840805276248e+00 -3.413130371619210734e+00
7.166191843841490439e+00 -7.505264765951200623e+00
4.980888701097438420e-01 -4.195429548961423727e+00
4.892062916389887661e+00 1.435892607035774704e-01
-7.558979429502143965e-01 5.023683812723323427e+00
-4.352798891799180225e+00 -4.112645940272847689e+00
-6.536631413491472919e+00 -5.373296505285055424e+00
-3.624632703035421954e+00 -4.891003092450199929e+00
6.414257838343416118e+00 7.480614898725743700e-01
-4.478689489102538168e+00 -2.310117712405038937e+00
-4.236712257133297577e+00 5.151548623068165966e+00
2.598401970550519025e+00 -9.536732180045046192e+00
-6.400087850296882763e+00 -5.071721142693577988e+00
-3.180015161828609216e+00 5.943269362916879572e+00
1.423160092320508330e+00 -5.471096104567413576e+00
-6.994831811632998608e+00 9.371457719527176877e+00
-1.982523984403436357e+00 -4.769129314668396624e+00
-5.862648554371792997e+00 4.296384322973452186e+00
-4.371759238654520985e+00 -4.914725511992231510e+00
-2.138262194556204143e+00 -3.805836626364369035e+00
4.979636428503660284e+00 -9.655746616738881016e+00
5.749128510234338130e+00 -3.626481411968689450e+00
-3.739187706048638482e+00 2.930007156471188701e+00
7.452194040685008680e+00 -7.015572398502020413e+00
3.969365497798609255e-01 -4.945008972223098986e+00
2.896635320318478035e-01 -4.898409587738326465e+00
-4.910469911402945087e+00 8.133483344811685001e+00
1.816184044012197685e+00 -1.039607524852199205e+01
4.600278655494799196e+00 -4.527256270413333006e+00
2.813905123449034207e+00 -5.358346422216108351e+00
4.076730320268007191e+00 -1.563319751629727694e+00
-6.533344733945070537e+00 9.545606806631989016e+00
5.346183492214892752e+00 -6.860712506803291477e-01
2.467074594585921155e+00 -8.734532522774012264e-01
3.754472916986804520e+00 1.033918933033202592e+00
-7.205612810525411582e+00 1.022907492655232353e+01
2.839173256146491298e+00 -9.321395888693688736e-01
-3.946953512965004407e+00 4.273246583711671320e+00
-2.614340150886055536e+00 -5.999863338027823012e+00
-1.324451812371394421e+00 4.233275758275267364e+00
9.918783988559541243e+00 1.420011249038166001e+00
-6.913661695492412385e+00 9.815603111362388944e+00
-6.874220402225994064e+00 -5.623333367358273271e+00
-7.263219784707553472e+00 -4.412578185626603755e+00
-2.727032766075279557e+00 5.725685964476957324e+00
2.171958174406471098e+00 -8.029619285727800815e+00
-2.284359654421057151e+00 3.955345291791475759e+00
4.977599724240890922e+00 -1.008095544894170459e+01
-2.196997632781192866e+00 -3.289361585073244054e+00
-9.348964073630549265e+00 -1.814972737387499979e+00
4.844704985478320403e+00 -5.289901575189281502e+00
-5.497145275661999619e+00 9.450348262085611850e+00
-2.793501837496227047e+00 -4.492015985151227575e+00
5.568948768728403387e+00 2.859158249172099708e+00
2.664604007251252682e+00 -9.694142697948407772e+00
-6.424007688351031753e+00 -1.078371836638472470e+00
-2.193217083112504184e+00 5.178606212728323221e+00
4.798016163854507354e+00 -6.830230560862476707e+00
-4.289910208768530353e+00 -6.865559394886089351e+00
-6.103992128568275888e+00 -1.677512376833979468e+00
4.261449984034438643e+00 -3.953470597821826971e+00
-5.574411696568748464e-02 -3.899033683902915381e+00
6.084677137956417070e+00 -4.512405116371729363e-01
7.442610785012149677e+00 -7.785568214027223100e+00
-1.967825996975333336e+00 6.181129890719998521e+00
4.085399111342974621e+00 -1.074357687197714029e+01
-6.943355354797994927e+00 -4.301199619907762894e+00
5.788658566490110680e+00 -1.044047592116301360e+01
3.363587074181432213e-01 -4.509665827987849873e+00
-3.170299876851705001e+00 -3.153824207430055537e+00
-3.525122795469675552e+00 4.915633926122067621e+00
1.442473391913475567e+00 -7.480089474727233068e+00
-3.543822351412884153e+00 -1.404156094014117340e-01
3.593508951910447724e+00 -6.899443762255563328e+00
-8.447869750740013117e+00 8.740845119124537987e+00
5.760917529307450380e+00 2.146017375736759991e+00
1.460997962318767662e+00 -2.129509156619968202e+00
7.415354755052020685e+00 -6.965819407080418912e+00
-5.819728662028026633e+00 7.911555154961622094e+00
-6.050509320380642819e+00 5.218963920851392047e+00
4.481629556630530864e+00 -2.180454645128557356e+00
1.093125223457432238e+00 -9.339650533831084900e+00
-1.249860356411981899e+00 4.794310043853523773e+00
-4.920361150347531520e+00 -3.319927748978223736e+00
1.098658531440630082e+00 -3.586371640546291761e+00
-6.175495058747725530e+00 -2.538038970522817017e+00
-3.411861738877028927e+00 -5.872815111712514025e+00
-1.831311927988888089e+00 4.397886715242449895e+00
-5.862664919000205366e+00 3.231431130138922025e+00
-4.929215843166416811e+00 -2.899308965952045014e+00
-7.514100035154933188e+00 9.578827963872633688e+00
-3.376694208861646729e+00 9.384755556067744919e+00
-3.840067825999636142e+00 -5.672205705640582352e+00
8.568027973109161977e+00 -4.994184962806939687e+00
4.812647285275909459e-01 -4.775625686696582051e+00
-2.618736085217048704e+00 -4.933153331911865003e+00
-3.204480426468856002e+00 -7.032787755650341310e+00
-7.507680327469067549e+00 4.654748652140908938e+00
-3.366796767050499906e+00 -3.477929123444061688e+00
-7.830081667399199086e-01 5.272296137237652225e+00
2.239807363069630242e+00 -9.321062761039730304e+00
-4.989245734145801414e+00 8.008970483917302374e+00
-6.468253852275170246e+00 -3.267462044558775425e+00
3.277144767580812079e+00 -7.872998633300388960e+00
8.631502587961719541e+00 2.399801800093583015e+00
3.736752326417183134e-01 -1.073454817850019616e+01
3.799216131451669920e+00 -5.013146764963362756e+00
-2.358286695035301417e+00 -4.330258934642668756e+00
-5.313171250452946914e+00 5.137607871951436422e+00
-5.221177180139017437e+00 -5.109007013547386400e+00
9.183852002081486887e+00 1.252469841135409601e+00
-8.968056639111310346e+00 -2.628620607560404387e+00
-2.097643928568606597e+00 -3.724985740180764893e+00
6.545373381571452320e+00 1.334292860078177823e+00
-6.072776014014150014e+00 3.378640209356142954e-02
-6.369787057036115918e+00 3.733109383998998165e+00
4.069144716627834057e+00 -6.564660128436819342e+00
-1.254140032542475192e+00 -2.878885954597340202e+00
-2.670635122847332177e+00 4.121407653492846990e+00
6.833398111953221665e-01 -5.223061789905958818e+00
-5.918277217091763021e+00 -3.638928337294939030e+00
-5.994898189874954042e+00 -4.193929962612345186e+00
3.509352698750385802e+00 -8.200923025945854761e+00
2.338543628472807612e+00 -8.893320482589889053e+00
-2.981897111685137602e+00 -4.063920490169067534e+00
-5.662647105365562261e+00 4.969558330605067908e+00
-7.632161605389889303e+00 -2.276349275496859725e+00
-1.529030071113173461e+00 7.058525877051263997e+00
6.374330450125349046e+00 -7.943423299224721124e-01
-3.727927786791431775e+00 -3.520368420927258768e+00
-4.330013621264849899e-01 -4.456236857292508624e+00
5.294376399008372536e-01 -5.497628319557959387e+00
-5.263334016671018745e+00 4.024090630495198440e+00
3.666122749320350316e+00 -9.475604736657155414e+00
-1.192001870705030608e+00 5.965929251484737961e+00
-7.879710069995256916e+00 -5.419425681667254580e+00
4.674723349557660335e+00 -4.827259749490130147e+00
-7.178492887175288217e+00 -3.627574325795722920e+00
5.712292257977370724e+00 -5.803811969538257287e+00
-2.260567305562877216e+00 -4.127961563683673063e+00
-1.282414381107153334e+00 -6.394520070672707668e+00
6.103499717057264462e+00 -4.715997994983363917e+00
-1.458321191984435217e+00 6.213442113891784579e+00
-6.691759017499541606e+00 7.809532811170292632e+00
4.079021729642295035e+00 -1.901737723024410909e-01
-4.215799355638352175e+00 6.431436059929423799e+00
2.815054210262517120e+00 -9.731260349567538270e+00
4.402646066248202317e+00 -5.657493232763869395e-01
-6.805976058413830465e+00 -3.427579511533413115e+00
-3.104809449023840706e+00 5.746049858416800049e+00
-1.558123628008440509e+00 -2.068218550947869439e+00
-6.170480022032476697e+00 -4.489316584022265744e+00
-5.053612428267629575e+00 -1.921035041512042518e+00
-7.695704626819443561e+00 -1.320869160092726258e+00
4.660978653633403468e+00 -1.018734947206133157e+01
-4.428233010367796041e+00 9.182828430168290978e+00
-1.506489986906565326e+00 -3.868252065787747274e+00
2.093150339125458004e-01 2.020385822260895914e+00
6.816810926011769745e+00 -4.734424135225652641e+00
-5.342213858258063830e+00 -3.483886746542592228e+00
3.134666983974829790e+00 -6.904901989084520686e+00
-1.266603038086633104e+00 -3.566890025048487622e+00
7.608787954228018791e+00 -5.423285650005327696e+00
-5.567252771600200489e+00 -3.301330899085642478e+00
-1.740434728980527979e+00 -3.155362744902430183e+00
-4.657273275248859257e+00 1.565714129422634215e+00
2.182530178712882130e+00 -8.356026260102241920e+00
2.472163641064644146e+00 -6.937879304110759371e+00
8.284038935982422913e+00 -4.723402369786044996e-01
2.188390456681437612e+00 -9.411788687013828536e+00
-1.930805649093164877e+00 -4.742531180885265485e+00
4.293352037741721361e+00 -8.002800940692868181e+00
-7.025850815811610417e+00 -2.223614221488696252e+00
6.199163276597134065e+00 -2.701473912278741230e-01
4.100787632300057162e+00 -2.912807749376781219e-01
5.403888077588942629e+00 -7.777444333813103405e+00
2.988371766157061238e+00 -9.030387620519697123e+00
6.896183639908310958e+00 7.185964276391025862e-01
-5.254253400303863231e+00 -3.366536870966496231e+00
7.289529831767294077e-01 -4.242080681440134171e+00
3.086545196227897137e+00 5.434971843689314852e+00
-5.484364728417985724e+00 9.160386957932416863e+00
-6.780999361804634695e+00 -5.523333134014686507e+00
-6.345262992616175879e+00 3.006302485792238244e+00
-4.241073303667699079e+00 5.500392873307175634e+00
3.278046959863154086e+00 -7.997182102738969789e+00
5.664473565634259522e+00 2.290120948045165861e+00
-4.493343941507523809e-01 -4.156706978034402589e+00
-5.739374998349840773e+00 1.950129708381318050e+00
4.911652254114250660e+00 -2.996222032494369469e-01
5.598928012016308742e-01 -4.817227368708407731e+00
-3.542735911351572398e+00 -7.158035933139291984e+00
-5.952774734733595530e+00 4.394757908448378103e+00
1.541638543190949839e+00 -9.993513556836770562e+00
3.360990790068571599e+00 -5.728039663952984917e+00
-7.129657474219001756e+00 7.231163378607406322e+00
3.280620965786203769e+00 1.341414263236252014e+00
4.631471669223488519e+00 -6.749762563438987950e-02
-8.378771015596093719e+00 -2.420217606472496730e+00
4.047280306235981229e+00 -2.953362103375838821e+00
-3.215049025269303584e+00 -3.996622279980645676e+00
5.058282934846879186e+00 -2.883630282635915698e+00
-3.512084474213898133e+00 -5.645537419011370517e+00
-6.612450183274717119e+00 -5.381762347666553481e+00
-1.983717934460846211e+00 5.330826449985247351e+00
-3.713531313455814775e+00 -5.070944191301803627e+00
-2.864211620810491077e+00 -5.512210300973774402e+00
-5.659604523984563151e+00 -4.212496578104845568e+00
5.748642538023299942e+00 -3.942600269655407885e+00
5.140677551912104626e+00 -4.202979342090946702e+00
8.127759306529982908e+00 -6.844619109021044423e+00
2.080940339617996404e+00 -8.183078940751279617e+00
3.710244013496845294e+00 -7.866041534706075922e+00
-6.550827731531983389e+00 -4.240606526489075989e+00
-2.222589555325678923e+00 7.864423406082424961e+00
1.798506953239003670e+00 -5.861628522599673374e+00
8.434848917092661935e+00 -5.733768998540525352e+00
-1.307874353442596504e+00 -4.616746965657027246e+00
-3.433183946749165827e+00 -3.954313810226855797e+00
7.417770069991874493e+00 2.170695565233093483e+00
2.386216453506243340e+00 -8.654500157901068746e+00
-4.392653442243708461e+00 3.212088032989618203e+00
6.167243000107604622e+00 2.629970653935678193e-01
1.699689424606833477e+00 -2.230857192173463233e+00
-2.354735358169424142e+00 -4.406023822382521438e+00
-5.520271828545397774e+00 -3.479839118823106148e+00
1.614526731440141250e+00 -9.488709705669363004e+00
-7.032446760903694916e+00 4.642354393645891975e+00
-5.614713438968512715e-01 -4.161851756686108850e+00
-9.495918535992462495e+00 -4.950889041017062731e+00
3.053708680858419733e+00 -1.024232934675236173e+01
-1.812751200651176342e+00 -4.137655422231327762e+00
-5.691062955474887275e+00 7.907919909955655413e+00
4.324040592915189940e+00 1.396622658756386803e+00
1.615602353151651460e+00 -8.591238981796019303e+00
-2.897336674810806478e+00 4.789540956792896154e+00
-6.704880946494994554e+00 7.427434974846716997e+00
3.735236731261002419e+00 -4.484106625291190973e+00
8.877837795762175688e+00 -6.019144241909177850e+00
5.196488958973790595e-01 7.868683180467771265e+00
-1.567224905565164583e+00 -4.059656280102404757e+00
3.207723543704166236e+00 -9.685888822078084104e+00
3.171944122671323640e+00 -6.865561627288209401e+00
-2.760275572694289359e+00 -6.977076401764231939e+00
9.743040848845653912e+00 -1.014867375924237702e+00
-2.002549101372088192e+00 -5.563901449229246232e+00
3.191877708059885688e+00 -7.904453829829392042e-01
-6.845028623694804359e+00 -1.041561648200085122e+00
-3.433633174894120454e+00 -4.287061440987144145e+00
4.020432707593245780e+00 -5.106941570882543857e+00
-5.535454086555693820e+00 -1.582140192758604513e+00
9.595837955509668449e-01 -8.522233966223495827e+00
-3.346772178235470907e+00 -5.897554454249879896e+00
5.079577551847179961e+00 -4.996110407864222225e+00
-7.858406948010405735e+00 -5.337919729872413477e+00
5.790659945780863183e+00 -8.404792818203890903e+00
-6.821006668444895560e+00 -7.862219698043985128e-01
-4.178882947912638812e+00 4.840081703422845827e+00
-2.365569376308001459e+00 -5.670972965422827805e+00
-5.322084061866673821e+00 -1.782035132292049351e+00
3.746170103481079039e+00 -9.679424317719325543e+00
6.685087288803039485e+00 -4.193324319947757672e+00
-5.694896918305590638e+00 -1.574053895657786306e+00
8.154976450192541471e-01 -9.098448102509495428e+00
6.325466649072868819e+00 -3.773142652929455387e+00
-4.635552490829637051e+00 -4.807699736390912193e+00
-5.002637026874054982e+00 -7.273020353214189271e+00
-5.721502389497079122e+00 -4.296603010007646439e+00
8.751733532476503541e+00 2.045180398255880050e+00
4.245550459267727561e+00 -3.820627266716461357e+00
3.612122770582608666e+00 -1.263856779358957905e+00
2.478489994579048117e-01 -4.681831509566316996e+00
4.024796866317416288e+00 1.037216824839003237e+00
-6.364707751896009569e+00 2.904457218491347525e+00
-8.374045568234304682e+00 -1.113647289497073922e+00
-5.663242505215217548e+00 -3.643340961367993902e+00
5.851695134099713869e+00 -1.134998823750559538e+01
3.596832138175827254e+00 2.491646486662576487e-01
-1.214618953055311756e+00 -1.128741076793690734e+00
-4.223493486557535981e+00 -4.421506000207952702e+00
-8.004602635602443783e+00 -4.291793206677976258e-01
-6.794734916347601406e+00 -2.946714629126675256e+00
-6.031210551080600446e+00 1.015574583677920373e+01
5.511030250968154576e+00 -1.032455244827709961e+01
2.773334696570762148e+00 -7.915263934481775010e+00
-4.431804555833215531e+00 -4.757920318401322568e+00
-8.118570830196411237e+00 4.439068039555345457e+00
4.258978768276979743e-01 -5.822944162618943764e+00
-5.252218542840445537e+00 -2.156547728329964997e+00
2.426654106023740987e+00 -3.798750415584539741e-01
-8.712231441320836822e+00 9.054821492727283427e+00
2.135722426652344019e+00 -5.946894225558017055e+00
2.250051290100461898e+00 -9.528903645037866355e+00
-5.858675154713870903e+00 6.786229833818072876e+00
4.225288403562566408e+00 -7.230670679110548171e+00
-5.459211846168547488e+00 4.167175076469342265e+00
-4.171347022728127740e+00 5.091269648648116153e+00
-5.109599613748956770e+00 3.811435028151218152e+00
3.614667709302878951e+00 -5.699938606870976088e+00
2.111566130468035318e+00 -7.488118460039020263e+00
-7.716887141137400263e+00 -3.181074210742229624e-02
7.056837771112469682e+00 -2.744219842677932952e-01
1.637700844494347940e+00 -7.339321738975843168e+00
4.438425287369447858e+00 -7.155453593690731751e+00
-6.698912060208948915e+00 1.003766962928372131e+01
-8.184216095502684141e+00 3.111078663074710260e+00
2.063682431421602903e+00 -3.703381855496542308e+00
6.254496465336615962e+00 2.900639681423418992e+00
4.559970854534128648e+00 4.342506239572808679e-01
-5.351132624361426338e+00 8.174264939200494240e+00
-3.770667024642797571e-01 -2.648833633840851132e+00
4.809626338977159854e+00 -2.885719597572116157e+00
4.448535944057094405e+00 -3.391878024236171463e+00
5.096988639111641461e+00 -8.346575198939852669e+00
-4.077198332182534024e+00 -5.684406008058203064e+00
-7.349797543971710034e+00 9.190355905813730075e+00
-1.597055873781322521e+00 -5.331487150371732042e+00
3.928573454290253952e+00 -7.140424764842083771e-01
-4.527875514056151296e+00 -7.006905168105991066e+00
-6.737055852064210981e-01 5.057773553182648207e+00
5.487689365826888377e+00 -5.447327465948341718e+00
5.113840736165674805e+00 1.980114140425310643e+00
5.780879607946988408e+00 2.733857103666223587e+00
-6.797022080980470449e-01 3.893225060863898079e+00
7.249465747452484621e+00 -5.833339130894851898e+00
6.549740817205307764e+00 4.043392593884429509e+00
7.621913681664474360e+00 -5.078643576788103076e+00
-4.622788166782813235e+00 -1.492139425621726634e+00
5.487218073039596966e+00 -9.175137327881794036e+00
-5.557138775608068570e+00 5.372490993830218109e+00
3.922975695453179146e+00 -2.163218168756683712e-01
7.944185609592171460e+00 2.422539921591308598e+00
-3.271148923547505305e+00 4.224776713368901149e+00
-7.132283776436295852e+00 1.016180092380465361e+01
-5.910289900286229248e+00 -5.336548768682379595e+00
1.201413034643566302e+00 -9.756924296827223841e+00
2.633429317151569471e+00 -3.708825895480020396e+00
-1.055423681034672434e+01 -1.548625830038259377e+00
6.574899487229498796e+00 2.349067162934484809e+00
5.031948638971990739e+00 -9.519030308233269011e+00
-6.796590843573509844e+00 -4.759187100166135664e-01
1.603496554010815256e+00 -8.347145342879688457e+00
5.452148458506256290e+00 -1.056273595674168497e+01
-4.210534568814803258e+00 -4.690388428500499529e+00
-3.403500799441228075e+00 8.016590739573304703e+00
6.082410951482357220e+00 -5.800285799391071251e+00
-3.922516954507686116e+00 5.433198558576084025e+00
5.782853481565381593e+00 -9.342426007799353727e-02
-5.769128828215201565e+00 2.910212283104989694e+00
5.194303704875739669e+00 -8.631773242843095773e+00
7.633182750407371486e+00 6.611018655301909019e-01
-1.926351027189933340e+00 5.168065705305883384e+00
5.188360294902593317e+00 1.966702247593374864e-01
-6.132728080252966230e+00 6.493549740260023739e+00
7.212203778931913334e+00 -9.264512245503149224e-01
3.557571626129843345e+00 -5.771615108273456585e+00
-5.317262863176229537e+00 -4.529358304692254755e+00
5.030421695610179711e+00 -2.297594852120373954e+00
3.961121618583166804e+00 -7.272611037354620223e+00
-3.555586607210346362e+00 1.070711611704916599e+01
4.882458813319933810e+00 5.117671099069897034e-01
4.145139546251283669e+00 2.952768637628087944e+00
-4.941300907260417929e+00 2.039454239343398090e+00
-2.102690702589880445e+00 7.257326022881038341e+00
-6.017891391794390366e+00 3.867072952898068294e+00
-8.557839831504420403e+00 -7.929675945717404861e-01
1.537935468220974045e+00 3.927235699663297108e+00
-7.918824948799878527e-01 -8.674512294558548220e+00
6.741281867515043658e+00 -4.051995458732721822e+00
-2.342045140062746889e+00 6.687946871386761138e+00
-2.326998256636873652e+00 5.224218343310910839e+00
1.097550317659263142e+00 -2.821778680067513534e+00
5.760525377832959926e+00 -9.268941569642146661e+00
-6.141707967715404948e+00 8.770694623792515188e+00
-1.168593964593732659e+00 -3.009034897164051259e+00
6.450018934656739589e+00 -1.098513224204203276e+00
-1.778968964651524765e+00 -5.338778802691550140e+00
1.676465201391144744e+00 -7.365614855774598624e+00
-3.578802553505055162e+00 5.771940270956067209e+00
-1.795874241695659457e+00 -3.511558640471097892e+00
-5.434203273594675032e+00 7.851225390870201437e+00
2.947126286882008728e+00 -1.022260533053222709e+01
7.514127121612174776e+00 1.697378051317336212e+00
5.689677396013219202e+00 -8.056898953749779935e+00
4.561950032616932660e+00 -5.680824493574927914e+00
3.790409071071135561e+00 -8.889869863486378421e+00
-7.896871952314424625e+00 -2.554483813127523817e+00
-1.951416446473216215e+00 -4.625121629429730596e+00
4.189538226967785661e+00 2.107592582003525283e+00
-8.048058033681311230e+00 7.465925314561591364e+00
-1.358282327756834107e+00 3.686141214284944567e+00
2.907406149286535957e+00 -8.064803558784063853e+00
2.061729648773936940e+00 -9.794276932703152028e+00
-6.982815116562490765e-01 -5.279385695422369906e+00
-5.375767580171254778e+00 -2.573906607353770859e+00
4.306234932555498496e+00 -7.326820504409994328e+00
-7.791021363034499991e+00 9.027299300989515274e+00
-2.048585846046936609e+00 -4.043893192204655485e+00
4.978791822612798512e+00 -8.889889712016785239e+00
-7.207129908008067076e+00 -3.664033331972567531e+00
6.478148334716675727e+00 -5.969166086870914434e+00
1.854772768494374002e+00 -7.760454684351015153e+00
2.059888181619261793e+00 -1.229463090419029925e+01
-7.744384626320514720e+00 9.474152979170302302e+00
7.276275113315149312e+00 -7.031481014096359061e+00
9.074716004353868826e-01 -6.964284051008975851e+00
-7.374209270109745695e+00 -9.462545506998070177e-01
-5.257001587726590763e-01 5.682379806761325369e+00
-5.643209862083754302e+00 3.169903056800746910e-01
-6.951605884902671839e+00 7.410698278825611496e+00
7.728645841467022493e+00 3.243658165182687902e+00
-6.735609377254631269e+00 -4.413523048906025537e+00
-5.771982158629198167e+00 4.109116879732319205e+00
4.943704571099825529e+00 -5.010184628310203614e-01
6.692329141915047686e-01 -2.592454366691669065e+00
-3.127575326077968398e+00 5.935871628461698357e+00
-2.437501119625153034e+00 5.480889583054135983e+00
6.309537716618967007e-01 -4.407736069551844160e+00
-2.962439680442742418e+00 -7.099848405926214134e+00
-4.257254998007720559e+00 5.736063442947364699e+00
-3.987290856272336370e+00 -3.932231446446393885e+00
7.084304398377616607e+00 -4.917806655408062610e+00
5.470946184570040227e-01 -3.463624542833715125e+00
1.906579425077121304e+00 -7.569236018779057495e+00
-2.582287719020515127e+00 3.705024162838588708e+00
1.284886398759861992e+00 -8.179624120323614633e+00
-6.920318621513719570e+00 -5.823987313410648348e+00
3.621789367027929085e+00 -9.714165873537760731e+00
5.201300396418698568e+00 1.745697595974190941e+00
7.253997743050397240e+00 -3.641375632050007471e+00
4.374710386505179294e+00 -9.043570957187581527e+00
-1.861066037169959886e+00 5.235497985961194978e+00
3.742843163655287242e+00 -6.284234307310745393e-01
4.585223005240981919e+00 -5.158997450848730182e+00
2.915978496314061807e+00 -8.281838745985551142e+00
-6.994948957742971984e+00 4.618142551364403658e+00
-5.854243428611760613e+00 -9.512657990719095569e-01
-4.712874874267546588e+00 2.669717691076322286e+00
-2.920294646198330124e+00 4.844551935766210349e+00
-6.909810620096459743e+00 8.799334449865620300e+00
-5.926118888133964369e+00 -1.876326743327842328e+00
6.608992933317295204e+00 -5.836820477442672406e+00
1.679738280506484216e+00 -4.064390397370354790e+00
-6.582538992933506528e+00 -2.239496374829227143e+00
-5.020404416590986685e+00 -2.148402808904167571e+00
1.008799491808147764e-01 4.876792553200867353e+00
1.401669627201794111e+00 -7.631803119494241727e+00
-8.255911390830471319e+00 -7.333347340584750462e-01
-3.483241415412472897e+00 -4.597144693415833316e+00
6.469282065544265770e+00 2.528984466580039836e-01
7.306585736244210594e+00 6.959965564804453386e-01
-2.292945960838276953e+00 -3.582580013730257473e+00
-3.618254972229765443e+00 6.421080156391453464e+00
-3.858784137524765789e+00 2.758517112708550822e+00
-3.089390258562536573e+00 -4.916591602296494834e+00
4.362344485107293224e+00 -1.046202711216922232e+01
4.977003586598310214e+00 -3.805804825869980590e-01
2.693089782291193224e+00 -8.443588708317976810e+00
6.979967860671683511e+00 -5.554499461385418613e+00
1.454524192105691172e-01 -2.223195023851973762e+00
-2.041965337552775317e+00 -4.228780805561433098e+00
-5.910839848102368954e+00 7.874669044277954555e+00
-7.006460247632163352e+00 -1.288213744849089348e+00
-7.073349923122042249e+00 -3.637134130562908574e+00
2.742177959871917814e+00 -1.107951731538772400e+01
-4.156862214725546956e+00 2.128273667872673691e+00
7.847981630819154120e+00 4.565007239698529062e+00
-4.894726285508806285e+00 -6.734299127073389846e-01
-3.905479466384585763e+00 -4.220665998864425283e+00
5.477570070436205363e+00 -2.221415107143760004e+00
3.031462563143516586e+00 -8.926256907500647486e+00
-3.393576016275399621e+00 -4.102974953305182026e+00
-1.411535635753175200e+00 4.295298662344817942e+00
1.900320354499206443e-01 -1.881406894259080698e+00
2.527602450600762829e+00 -3.223334517208965799e+00
-8.643023935644469802e+00 8.272846160863908338e+00
-4.537653296278955750e+00 5.073652229804016756e+00
3.160318002888367950e+00 -3.993929991851868699e+00
4.451931493351883873e+00 -1.092260944865786243e+01
-7.309582957102002787e+00 9.687622697452932030e+00
6.097805241408745580e+00 -1.903357213349915478e+00
-6.867710879979958882e+00 3.208962193296048593e+00
2.791304258072408562e+00 -6.876781469796428681e+00
1.535538847027079767e-01 -3.611885194713266412e+00
-3.806212112945537740e+00 -6.432061730947992828e+00
1.506062434950046658e+00 -7.545113473177996077e+00
-3.361813392057273475e-01 7.523265170935630408e+00
-5.793771472059813910e+00 8.754515248863407706e+00
-4.870279938579877843e-01 3.056072447198018072e+00
-1.261897492743537130e+00 4.739852400276768130e+00
6.381589373433159018e+00 -8.840228965210084056e-04
-4.925087376799710981e+00 6.738473108895353114e+00
3.811857709101495129e+00 -1.237547138792223400e+01
7.913690358816230841e+00 1.511215843653974877e+00
-7.712549389485945817e+00 6.119257729420519709e-01
4.717581824413056069e+00 -4.304704399693690675e+00
-1.181806158073797741e+00 3.292728448533929875e+00
-3.149443997911707704e+00 -6.035370256442146086e+00
-2.498056589440941444e+00 -2.089736322371004373e+00
-7.552052756810980760e+00 8.128198912037973400e+00
-5.266386480014885407e+00 -3.212730297017429848e+00
-6.593616570362859086e+00 8.482419817286926289e+00
4.663151847971134245e+00 -8.064678803603959611e-01
4.030516368093582713e+00 -8.306175417618126389e+00
-5.629772733037066601e+00 -1.015658367481769853e+00
-5.917337161799185452e-01 -3.564415817472777359e+00
5.078251985038923166e+00 -7.899105787806740331e+00
4.149130558977759620e+00 -5.913077497822236683e-01
-3.536495202952878003e+00 7.285661826012363562e+00
4.642528013904988704e+00 4.446946209315608911e+00
-8.888141593314557554e+00 -1.330508736150178617e+00
2.619459713876258089e+00 -7.264851931638834692e+00
7.213808887077957976e+00 -8.614613737713193942e+00
4.826897670971337817e+00 -7.697623584841315036e+00
-3.925207880758205814e-01 -4.912917403631600344e+00
7.397192930872481753e+00 -3.403274870215895476e-01
-3.191711892204526890e+00 3.876929186580458708e+00
-1.937640602168944959e+00 5.411277460126987293e+00
-3.616472445608078345e+00 6.601472825854367343e+00
6.692523141632467976e+00 1.799977733537706959e+00
5.558531345329300599e+00 -7.697447679561802758e+00
5.372106613363325955e+00 -6.318625345317329334e+00
-3.895344686343122032e+00 6.930648436003144397e+00
-3.604218065792307080e+00 3.965002883806111988e+00
-3.941177528313166256e+00 5.869036032818465642e+00
-5.907424771136987829e+00 3.455075047907288255e+00
2.883038762472315941e+00 -6.917065590507193384e+00
-1.791137137589192907e+00 -1.637268389728279150e+00
-7.256474204283403395e+00 -4.260696872075340202e+00
3.868373894218350983e+00 -5.974561341161586547e+00
-6.937623610170605026e+00 8.483143135585299532e+00
-9.063403065397478420e-01 3.601526425015046939e+00
-2.935425527297017112e+00 -4.921935966009324481e+00
3.364411720253102089e-02 -1.033866549914064414e+01
7.398864001653985056e+00 -9.099627664475669064e+00
7.707066700203513143e-01 -8.921560392448657950e+00
7.221223305487528776e+00 -6.606373508708427877e+00
-4.476993241076685948e+00 4.269102218913141122e+00
-4.193317654978315545e+00 -4.938855432570678161e+00
2.195719922881572472e+00 -8.727674237868937368e+00
-3.338841526585313080e+00 -4.556128530092517614e+00
2.135447658103658775e+00 -9.156683776064305391e+00
-3.748439109681871884e+00 6.914694803667793543e+00
-5.576337015292924804e+00 4.820430239696875674e+00
6.344532395739648223e+00 -3.984367522988554455e+00
-1.695690472112088010e+00 -4.435685755883046255e+00
-7.181295533349339344e+00 7.686053046678638090e+00
-2.259424332566232430e+00 5.047430046483811772e+00
-5.782095580657596656e+00 -1.101138481220673260e+00
-7.946550197515567238e-01 -5.007791675869431636e+00
8.032059254742154319e-01 -7.795679621327760600e+00
-3.010686784941720706e+00 -4.128511418582772485e+00
-5.793932150437083983e+00 9.592834205134696646e+00
-5.831490044208865520e+00 -5.760110958301135398e+00
-4.476171761788443781e+00 -2.956113404462759497e+00
-1.078757118172147811e-01 -4.657995285730162749e+00
-4.453105569338061898e+00 -3.813006371325033950e+00
4.887693872980412912e+00 -4.094850205685419020e+00
-2.226436472735598304e+00 -4.787050131010317955e+00
3.547870026664688758e+00 -9.026544174225298534e+00
-3.697139379418782568e+00 4.386321223961676452e+00
3.689926764090894373e+00 -1.066563286546250211e+01
6.425754452090583158e+00 2.484002579138775424e+00
-3.601038998213332842e+00 5.166758462378491679e+00
-5.107882422182257187e+00 2.948203221334038560e+00
-1.710994957159322816e+00 3.179092226838078350e+00
5.253592542330537185e+00 -3.526528786904085333e+00
3.976716830235253575e+00 7.344919742613164049e-01
-3.068960345163981973e+00 5.424807873813394465e+00
3.529587568350265769e+00 -7.951173694889630994e+00
5.654600793808911563e-02 -6.928159069865206021e+00
-2.739080987904090936e+00 4.236716182239611328e+00
-2.341986718493923814e+00 -5.315556519206546149e+00
3.144046027038793767e-02 4.799696964362220264e+00
-3.724550283550514429e+00 9.749387421646609653e+00
8.273814580546702047e+00 -5.837424764797560783e+00
4.774774509698294089e+00 -1.080001077013891120e+01
-2.723513623174202092e+00 -6.854917306853085535e+00
2.785188792290994808e+00 -1.004067423660728409e+01
-7.630819738411732445e+00 -1.369635903710708646e+00
6.210243873772635759e+00 1.484784478499387994e+00
5.003946043201585425e+00 2.901048277852744661e+00
-5.582070316383674680e+00 9.185100555621842133e+00
-2.458073244999955609e+00 -5.169213291720200054e+00
-4.675689106463580380e+00 6.755724017722159580e+00
-7.082940891790710403e+00 -1.260215071541179732e+00
-2.985190133694019199e+00 3.659642674405754192e+00
3.217404809950596967e+00 -5.218991877184124384e+00
-3.232781107189163450e+00 -2.965890997218273650e+00
4.150063472507087070e+00 -3.470335980473212789e+00
3.892100207997821748e+00 -5.585462763438069800e+00
-2.070474337330196146e+00 3.032648281517907662e+00
-4.289631328988592784e+00 -2.081260718032951651e+00
3.357815197275120678e+00 -7.573610121472924561e+00
-5.733459670458478818e+00 3.632614551059823782e+00
-6.078958018989293777e+00 -1.878710296837926119e+00
-5.558803451478259383e+00 4.345462281109971237e+00
2.623215838026405233e+00 -1.874739153414838877e-01
-2.884231531348331767e+00 3.013416724719992335e+00
-3.984456400064661175e+00 4.179380488321895903e+00
-6.520223712247364745e+00 2.886634421826000718e+00
-2.158546110502404858e+00 -4.481312443271847634e+00
4.646886703002848229e+00 -1.149814928251874768e+01
-2.717661649544544478e+00 -4.345432412076844386e+00
-5.129360817747134149e+00 2.406673840785128249e+00
2.340339175079193090e+00 -2.913045952055012044e+00
3.294901932561467461e+00 6.260838500131666873e-01
-7.169534749744940427e+00 -4.840833805630820663e+00
7.828350483185172237e+00 -6.031261295753854057e+00
5.871965596418857736e+00 5.790175781527662213e-01
-6.560365391995818918e+00 -5.245694268343217281e+00
2.011926870590364125e+00 -7.492199428808262951e+00
-2.266593036066411493e+00 7.057232623038467878e+00
7.471823618281743684e+00 -3.473241938485465141e-01
2.871869226173306977e+00 -8.262385840144501614e+00
-2.937699293120069832e+00 -5.374979757559781746e+00
-1.748249620593529841e+00 6.676967771097531035e+00
6.958898723891794980e+00 1.107616484000388146e+00
-2.615313067760817400e+00 -3.979197473089860715e+00
3.047027820971552003e+00 -9.694430120884469204e+00
-6.059978753390023343e+00 4.950705798264746882e+00
5.779781097996025352e+00 3.258166191357867447e+00
1.748858305592782658e+00 -5.935135207980820837e+00
3.304024837537868464e+00 -1.092821777598116384e+01
-2.722668661581985727e+00 -1.835163568166299886e+00
-5.119541439641126068e+00 -4.392137697724597167e+00
-3.786934890732544634e+00 -5.017821502766079078e+00
6.949126175558360430e+00 -6.968958914762193757e+00
4.037646098372557724e+00 -9.075410037765687221e+00
-1.810962418195877666e+00 -5.132333841604941327e+00
1.530978791551238505e+00 -8.981937444683810057e+00
2.830166259515337845e+00 6.388505296669506617e-01
6.776326333068578123e+00 -8.821581270374223571e-01
-2.461910145960951812e+00 5.481125178021372335e+00
-7.175540097689582453e+00 -6.427832194368146013e+00
-6.285329918154981321e+00 -5.590524567985314164e+00
-8.085398562996974903e+00 9.209580978131553408e+00
-1.665684206710307258e+00 -4.375971230285865765e+00
-1.330466875896660905e+00 -6.043772261535209189e+00
5.666265020261123553e+00 1.512435957645789752e+00
-2.146055260648099594e+00 5.274250417138400593e+00
-6.407385438842027270e+00 9.416341998451279949e+00
-8.850900238987320368e-01 -2.455662718805468714e+00
7.800665034552714872e+00 3.489616803866462114e+00
7.531332769760174628e+00 1.108175444962737455e+00
-6.984342263183138222e+00 -5.466488112077485972e+00
-7.007893336961342534e+00 -4.431656670032195766e-01
-2.529122496820477739e+00 -3.787723648784367736e+00
4.809399290473912458e+00 -1.167243177990470571e+01
