4.924030698290899899e+00 6.045354878873983040e+00 -2.009841222434998187e+00 8.457341861298267816e+00
-8.602107181789106605e+00 -3.054504957503074714e+00 6.980842932690594083e-01 5.343581184205838497e+00
-5.080113672895673282e+00 -5.699665396258978944e+00 -8.852676099245866681e-02 4.375751362938732569e+00
-5.642039371669264725e+00 -6.157571175339638714e+00 2.164094803730086891e+00 4.551082652443242615e+00
1.132802169297228723e+01 7.359788174555943030e+00 1.484861322386372917e+00 1.960486771042602383e+00
8.245484839893160611e+00 5.676597688431773925e+00 -7.309525003007142807e+00 -5.345226714496370768e+00
8.349811810465190831e+00 6.456560134242161908e+00 9.737505190266063648e-01 2.306259468741493457e+00
6.032099784416590893e+00 4.707142137004449722e+00 1.793940575243385460e+00 -1.961518384607466636e+00
4.696227535563973987e+00 -8.007751757233357637e+00 7.609666374214417495e+00 -1.037416614647810098e+00
-3.054613127889759916e+00 2.662867736417384723e+00 6.911214182412438234e+00 4.896816804878053042e-01
-3.185874415589594055e-01 6.965786282788264394e-01 7.942217417864970486e+00 7.044490309412695161e+00
-7.072271308089037589e+00 -6.416995084209244027e+00 -1.027205035683721679e+00 4.052435156612164135e+00
1.182918959673236792e+01 6.451453973582723656e+00 -1.395367989666748798e+00 1.869428230665512114e+00
5.382043238916169869e+00 6.558897963713540058e+00 -9.310309999537260683e-01 1.037221852727855875e+01
-6.909967851926150928e+00 -7.298108781476587481e+00 -7.147156665081684235e-01 3.758343868576253133e+00
2.378886512720822743e+00 4.632282426365943451e+00 -9.343291202082134816e+00 3.961484726870648565e+00
-9.110005337982171270e+00 -4.094947747561560547e+00 -2.091782027510916908e+00 7.767170289630456637e+00
8.537569085791318457e+00 -2.174327599225542862e+00 -5.833502772795664093e+00 -6.199783792457235876e+00
-3.645481455251171177e+00 6.137854789446292259e+00 4.855533043109403479e+00 1.395084005658131510e-02
7.707643817411991449e+00 9.062390876649546456e+00 -1.056483891311114043e+01 -5.973325225330555099e+00
1.057576690467952929e+01 6.487654883260548289e+00 2.185288380921509566e-01 1.680048972211341418e+00
-5.414281820246411137e+00 3.144960776289296156e-01 6.059842484428104470e+00 -6.011396400840762766e-01
5.146960228501630930e+00 6.333367738413034687e+00 1.729916180769611067e+00 -3.942973795506493406e+00
-6.971716292413749017e+00 -3.545425609905153763e+00 9.420391827891480219e+00 5.678909716904907867e+00
8.273679906755056379e+00 7.329274011428990931e+00 -9.339112212918767142e+00 -5.211566215707204464e+00
7.525083092815140873e+00 -3.730215787985854625e+00 -4.575816629882242026e+00 -3.217797757713770412e+00
-9.472601846819543425e+00 -3.851399449216668991e+00 -3.417132156964898471e+00 1.060159989115789969e+01
-6.910375753291409850e+00 -6.625777593783586994e+00 -7.079675972023544150e-02 3.992205197294608432e+00
6.566083244669705721e+00 -1.343219980738305619e+00 1.578760661859049286e+00 7.618453664864063057e+00
5.807785087292236526e+00 5.809034855405954545e+00 -2.117801722142991228e+00 -3.302947224544551474e+00
-3.258980287909011508e+00 4.541509526234656313e+00 6.910467016882130054e+00 7.584633851777144997e-01
5.706284711786334896e+00 7.311913079131900695e+00 -3.933760796852587394e+00 9.896596457545784986e+00
9.401640323679083977e+00 5.996034456024300852e+00 -8.473379867976926771e-01 2.131993115635660629e+00
7.832137909078858762e+00 7.192032353290402469e+00 -7.872875310984381869e+00 -7.387619890977047632e+00
3.154009425872784877e+00 -8.390948703039907031e+00 1.027709142432970957e+01 1.073482395918893273e+00
-1.616847713644275597e+00 2.591455886915701168e-01 9.881261493274704932e+00 7.435037562945311151e+00
5.191072012078592479e+00 -6.791437472311209866e+00 -7.690794817439927655e+00 5.338870386498916432e+00
5.501752666893040100e+00 7.536949203236794403e+00 -7.898092267353945317e+00 -7.060387811361984234e+00
-6.496203081250536471e+00 2.049008447247361531e+00 7.363918642220504296e+00 9.801354855306749769e-01
8.921136832937321515e+00 -6.138038241461492461e+00 -1.022301487308829948e+01 7.075612866072017226e+00
-6.124345463515101784e+00 -5.076048242445775571e+00 9.811907983285337309e+00 9.728379201847513258e+00
5.908329535094670071e+00 4.807194197143720871e+00 -2.500592310237141902e+00 9.288021289999473851e+00
2.766726412043872152e+00 6.230390371316092413e+00 -9.677055097141161966e+00 3.541249153613732492e+00
1.031406301660188873e+01 7.902926163944147042e+00 2.165792396924034191e-01 -5.002956580674877696e-01
6.553253466945684558e+00 9.843892930413014497e+00 -2.098326066251103406e+00 -1.437307660270210175e+00
3.242029552482526000e+00 -1.087845479185396691e+01 6.814625026799551399e+00 -5.264564409747267693e-01
4.210253226497585821e+00 -8.885975257633537794e+00 1.025948352696153876e+01 3.023323580405141708e-01
3.116782327661027363e+00 4.148341078739516519e+00 -8.694599972389216447e+00 3.013794500732513093e+00
6.755830935288445360e+00 4.990684398469205973e+00 -1.556903938292351741e+00 9.313679286863443707e+00
1.058659734259708607e+01 6.826441358497759460e+00 2.941388769283237448e-01 1.375094679173409995e+00
6.636505405091753573e+00 -2.696174625021499516e+00 -5.458528765532937754e+00 -5.443224637607388061e+00
3.545298256842214002e+00 -1.159202684743481537e+00 -1.481712278257113935e+00 8.024529182494932300e+00
-3.891615757227323780e+00 2.611005123386851867e+00 9.686525423568333792e+00 2.195770765774848421e+00
2.155689748601319344e+00 -8.174704315765277229e+00 1.015400847817681296e+01 1.782451502956381884e+00
-8.414010341807792059e+00 -6.900290924607589638e+00 -9.353790416356679849e-01 1.116225124065189434e+01
6.088340023015985203e+00 7.586661015513652018e+00 -7.651847492212029422e+00 -5.356087744558189812e+00
6.987831960046367641e+00 7.736648414578228383e+00 2.693655426935786856e+00 -3.125301303796855557e+00
5.785441532035319412e+00 9.661537273265187409e+00 -5.707635333121944932e+00 -1.151960798089345150e+00
-6.043698276872673247e+00 -6.560019392740009891e+00 -2.426942745751961894e+00 4.817988407055334932e+00
-6.012202965267528398e+00 -6.495353608132234058e+00 9.888334491023076822e+00 9.640591840277050295e+00
4.852168504251364922e+00 -3.182562370759635328e+00 2.309454082519225793e+00 8.454098427308009533e+00
-5.634825414133066701e+00 -5.444464843277128097e+00 1.586295342374970108e-01 4.233116566327573160e+00
9.496381376188432810e+00 3.809938066691299863e+00 7.795271594159538520e-01 9.531736639486332319e-01
-7.226952233042620577e+00 3.083940921218006004e+00 6.244131746086945434e+00 1.349475173799199457e+00
1.192424094049551186e+00 4.261433011618095179e+00 -9.152102999934395910e+00 4.466923660238970584e+00
8.124394458355622461e+00 -4.057692479597474922e+00 -7.883993121482926192e+00 -2.658602696809993837e+00
-7.777731538466723826e+00 -4.251866929938778128e+00 8.723596559459677380e+00 6.971340100739499945e+00
6.448411148967599260e+00 -4.335120480355468153e+00 -8.516859600634063554e-02 7.554728379869083632e+00
6.713522640935916108e+00 8.181384584922071213e+00 -9.782124202337159957e+00 -4.123184917212638467e+00
-6.815778732602000289e+00 -5.306061933540346942e+00 1.385658768196625257e+00 1.783629330341813812e+00
5.830529551702223756e+00 -2.452869483805964812e+00 -2.055766096637757112e+00 7.633270742900006844e+00
1.717905331281163184e+00 4.993599799664887762e+00 -9.551180734785049253e+00 6.114161916881366565e+00
6.774632292959566371e+00 -6.347025330818979683e+00 -7.564927347834244031e+00 5.443508254268436986e+00
-4.137804284958453316e+00 -6.699934604004655014e+00 -2.117279930795958887e-01 6.106736488377992877e+00
-9.252723244404883474e+00 -7.324856421253889138e+00 -3.036068305531917755e+00 9.993130473521205204e+00
6.377068983085874443e+00 6.924246889437406516e+00 -2.875431208542448935e+00 -1.532399026506119144e+00
-5.513004266026150013e+00 2.020191120606269930e+00 7.879523344129067297e+00 -7.822718815125412339e-02
-6.052742610008714941e+00 -4.962936771889097542e+00 -6.986064581808174023e-02 4.238924130807320445e+00
5.132292897864239478e+00 -3.238620445770082679e+00 8.608185069394873601e-01 7.323261377955447848e+00
2.486094514248657461e+00 4.561326583126578349e+00 -7.177991608491320008e+00 3.903681606199910448e+00
5.213003580169090156e+00 7.193908265861098883e+00 -3.536674864676627283e+00 -5.554384449282624425e-01
-5.149290160945602324e+00 -4.172512813526227049e+00 9.971217351164495923e+00 6.357377260875217928e+00
3.546657524316882970e+00 -9.811752361106556464e+00 8.279442796820241313e+00 -2.324262305756465974e+00
-6.618114739809523250e+00 -7.636267798460853129e+00 -1.217479349129986232e+00 7.173955960249072561e+00
-3.867205907391062070e+00 1.952247276638695794e+00 6.357169233664726526e+00 8.930737552421397218e-01
5.442234727643627146e+00 -1.211760028220054464e+00 1.361937289081516678e+00 7.370448738884173068e+00
7.441886041199794022e+00 1.199040973405887733e+01 -4.108904271368643002e+00 1.544038327591679138e-01
-7.713171876386135661e-01 -2.147177719684530695e-01 6.931990781778100796e+00 6.710194357933763065e+00
-9.180698232777533718e+00 -6.374410727194178783e+00 -3.340606676001814712e+00 1.002010123458277491e+01
-7.415468032739142679e+00 -7.053313448012488607e+00 -3.749202442572397431e-01 4.752257870312085686e+00
1.061604881240177534e+01 7.886481274085623383e+00 1.027452310309751482e+00 1.542482802286502697e+00
8.882395104536962904e+00 8.199532845001913373e+00 -8.794322506133358530e+00 -4.681513961012688796e+00
5.387917603921180465e+00 7.333989977082936207e+00 -1.123613833287846475e+00 7.638778619162841288e+00
-9.956062780287327385e+00 -6.133978125333730880e+00 -3.254628792072072674e+00 1.053910846682759406e+01
-3.191525008777187922e-01 -1.649674578257545488e+00 7.874209041372064455e+00 8.352133325539519149e+00
2.821817552797983186e+00 -7.119123357145150877e+00 7.130399073573926216e+00 -2.821229051144702460e+00
2.186522776403514445e+00 -6.031534918321350247e+00 1.027811538772734501e+01 1.587549474179033915e+00
-6.197956988791859523e+00 -3.700356608893810684e+00 1.071509109960530992e+01 7.527874226372544442e+00
-5.653924962884929961e+00 -5.050255666435364610e+00 4.396817986853057691e-02 5.142631110237027237e+00
-8.219143341783460954e+00 -4.699127734615816898e+00 -2.390793003765616653e+00 9.129202243696605379e+00
6.231959935909046067e+00 -2.957882081009938435e+00 -8.741235837955301236e+00 -4.702557918818349947e+00
-4.458775240093499903e+00 -7.759828897557913940e+00 -3.931748361324087504e-02 7.138205305283209512e+00
6.738096416270885847e+00 -5.431855170425802903e+00 -9.812685514743314741e+00 4.679579664010171669e+00
3.820371458695204225e+00 4.252174379286346451e+00 3.608617166010958943e-01 1.045092861603670009e+01
3.799369390233093391e+00 -2.610748702138570021e+00 9.907080256366723736e-02 8.957743376314734718e+00
1.247703271855847440e+01 6.736773464495242614e+00 3.706930880469188061e-01 3.494162373180917491e+00
7.304755388222353041e+00 -3.276024133282010364e+00 -8.085482693744889815e+00 -3.653769359703709085e+00
-6.653769063214474144e+00 -5.465211274795876761e+00 -7.255564221429882110e-01 4.489187858491982652e+00
-7.543241473107907602e+00 -6.373487829858039078e+00 -1.076943261373783933e+00 3.175883244140703887e+00
6.118108745403788795e+00 6.360566296651459339e+00 3.450287075649891566e-01 -1.847236686920028514e+00
2.710239999855152959e+00 5.419328449930281622e+00 -1.017352917909414067e+01 2.057309911551538306e+00
4.656818687498834208e+00 -1.088705976943554710e+01 1.013532469185189022e+01 8.774053105329192581e-01
5.874740880995229730e+00 -2.224900384774077367e+00 6.461569037009865513e-01 8.793541058181171266e+00
1.196487545312079170e+01 5.814786359572682528e+00 -9.800591234112894234e-01 3.016193109474905931e+00
5.816722738165408302e+00 -3.402997271138206159e+00 -4.038711605269890148e-01 6.528181949672506867e+00
7.168967185554302013e+00 -6.847844125368303558e+00 -8.844119809731747495e+00 5.997805926533488652e+00
-1.123672693345092455e+00 -4.812074981704813625e-01 7.497943315030781264e+00 6.226546651721586834e+00
-5.360193871933284449e+00 4.237741995473103707e+00 7.283437807709670864e+00 1.979266102088282686e+00
7.478338686833108540e+00 8.822987431861081475e+00 -8.729273581427611006e+00 -8.061143012638162020e+00
6.413171101767048299e+00 1.166036159788463245e+01 -4.209423403900621530e+00 8.638864751974828504e-01
1.082007718147366049e+01 5.834143371440976722e+00 -2.106457385027537654e+00 1.024268226480140598e-02
6.541309026339479971e+00 6.087259864148271582e+00 -1.095742029187940503e-01 -3.234279259065898859e+00
6.928608066439856827e+00 8.589652096250468105e+00 -3.784795621866923643e+00 -2.049971985740174585e+00
-1.786547914137126547e-02 3.025144626076194942e+00 -8.324618809643210326e+00 4.090406756059866922e+00
-3.781426101691758745e+00 3.516476867223615521e+00 6.224213619405603026e+00 -1.107024011372457650e+00
2.228047654414653245e+00 -9.515087160784982956e+00 9.217878136489217056e+00 -5.064933375752548317e-01
9.424021244663974173e+00 7.031620671804129863e+00 3.883375496120180514e-01 9.182613698592371199e-01
-7.057539985138196137e+00 -4.649680931765707292e+00 -1.302965661568968425e+00 3.181115171182135271e+00
6.547999855880735076e-01 6.137599701023651377e+00 -7.582354065003038102e+00 2.494332641739161360e+00
-8.328251784366090149e+00 -5.223816498364922900e+00 -2.014815695240011473e-01 5.220879734001410810e+00
-9.380378025231769001e+00 -4.265225724708844091e+00 -2.528371059177914049e+00 1.098002426422516109e+01
-7.369952796895895553e+00 -5.364860343917951191e+00 -1.742301161196889048e+00 5.455201666089760870e+00
-4.744693356292261299e+00 -5.304962482604159923e+00 9.477253656259478021e+00 6.070895739361710675e+00
6.535542787597607095e+00 6.144829455267147189e+00 1.544290739054764217e+00 -2.149415059212967272e+00
-8.532778571648577781e+00 -5.310589158724181580e+00 -1.705267308416716920e+00 1.069652503230290819e+01
-4.777684751683033859e+00 -6.977585539455363417e+00 9.835152415993553277e+00 9.286406462712266219e+00
1.072209343091644307e+01 4.621357206569734366e+00 -1.795798468441173745e-01 1.222440046568876504e+00
-5.784365782037196979e+00 -4.541723737171273534e+00 8.166696310877552989e+00 8.644200033881924483e+00
-5.922360560519423167e+00 2.445298013322791952e+00 6.250560151758518757e+00 3.090474303038808657e+00
6.178061470254424314e+00 6.290851712012932140e+00 3.448446076668771898e+00 -3.273285375332298131e+00
-9.804209374723371617e-01 -1.942698928937029557e+00 6.021109264318361021e+00 7.180448884537636189e+00
8.881524359652015477e-02 5.789334530777937360e+00 -9.516318696366942831e+00 4.027597756577812049e+00
8.218495058799314634e+00 8.271480175837455207e+00 -2.167611368037850816e+00 -1.149035833799719297e+00
9.216967233938614612e+00 7.665669620589945055e+00 -5.729246881212191056e+00 -5.368236449941955479e-01
-3.296403033420374662e+00 3.059375789169169302e+00 7.594551379674760128e+00 1.622560548771055378e-01
6.721337297682690171e+00 -3.692907947502283683e+00 -7.998221369874621622e+00 -1.904117813484309307e+00
5.737102072994356483e+00 6.324592114899620476e+00 -1.783441217976118098e+00 1.081992736445639558e+01
1.212030711291920504e+01 7.170040799901051365e+00 8.090901416395943624e-01 9.043478875519485038e-01
-5.844981724971293202e-02 -5.102727010632808202e-01 7.742462589138618512e+00 6.827302341862150570e+00
-7.053143128195809020e+00 -3.304711594900512139e+00 -1.837261153362405253e+00 1.326855842941135322e+01
4.428749491677800521e+00 5.139902233024087330e+00 1.465656056898866355e-01 9.860431876492095071e+00
6.720192048663149009e+00 6.752739843775905193e+00 2.465447295766836078e+00 -2.614501571489105558e+00
-5.974408425155949054e+00 -2.713623963812437978e+00 9.217030648134260318e+00 8.240217101375158393e+00
5.169982552975522339e+00 9.619722751871364608e+00 -4.800125578248426450e+00 -1.162939255737273081e-01
5.196337798961192966e+00 4.259076295862689321e+00 1.543589969068968948e+00 -2.073763910875736638e+00
6.156558632009282661e+00 7.288704761912552677e+00 4.747972099646026733e-01 -4.243164887249729844e+00
6.854254986522064108e+00 -1.863439014254092863e+00 -7.507307539437757526e-01 6.807710241772223725e+00
5.020113203050142303e+00 -4.329811600953131112e+00 3.302164590874001160e+00 7.011998892561082108e+00
4.907488835197995058e+00 -1.207265699686285920e+01 9.024580444998273165e+00 4.270699174390658825e+00
-7.648195436303944383e+00 -5.756362170858690952e+00 1.008240651748054617e+01 8.704100227520800814e+00
7.988462491360668771e+00 8.190964396012336834e+00 -9.017709962900681830e+00 -5.060630796507812335e+00
-8.326307154141899147e+00 -4.191219197121848872e+00 7.539053309568879868e+00 6.079729679693521405e+00
1.275934213294232622e+00 -1.161217591538007188e+00 6.306895912298208451e+00 7.884510157301162891e+00
2.555477834335944998e+00 -9.183790387858243420e+00 9.320629862144594213e+00 2.360652303657226003e+00
-7.111658765165913110e+00 -7.993857805190458521e+00 -5.206551326235765442e-01 5.785020628679223620e+00
6.307525914288409918e-01 4.389818989397166860e+00 -1.019380685071555348e+01 3.331818306979247080e+00
-1.115659407489474120e+00 6.360330330334649229e-01 6.782161878431047342e+00 6.270487314769204623e+00
5.725132822903963081e+00 -1.271351145528626603e+00 3.677697251380134813e-01 8.601268039497426798e+00
5.026990152354762209e+00 5.635516915836530139e+00 -1.072070591677520834e+00 6.896727595316933801e+00
5.185782641409470095e+00 6.245367652435754202e+00 -2.753914748217028308e+00 -2.279758836777777464e+00
7.179402724271065850e+00 -8.215518803555923455e+00 -9.439872646778107779e+00 6.581099359973410223e+00
-8.350821643372778880e+00 -4.642167699172270012e+00 -1.547345710103156802e-01 5.634966843533240066e+00
5.232756834206576890e+00 5.305960154693863728e+00 -2.256184049645796552e+00 8.829649584977403265e+00
1.187168342360104933e+00 5.283353951628612322e+00 -9.341140512785358396e+00 5.741316685099208783e+00
7.866938459315404586e+00 5.862023406775309198e+00 -2.077898141968752554e-01 2.783690008942052430e-02
-2.900739149525516591e+00 3.956754379869008353e+00 8.783216304226359128e+00 1.094363962808116986e+00
4.136124672263557400e+00 6.843984949225674796e+00 1.107753796767897203e+00 -4.335450316298249618e+00
6.867791596927178333e+00 5.520399781530350936e+00 2.113262505843527705e+00 -4.484654931342414663e+00
6.435510668664744749e+00 -5.638820784843802336e+00 -9.740973356736359889e+00 6.819267843567456744e+00
1.673711518588661962e+00 6.368872616166707523e+00 -1.058497265216415428e+01 4.929553616325368814e+00
4.748203481499531975e+00 3.166684722700209065e+00 -1.036737350322449203e+01 3.020356165147075167e+00
4.661031027841879393e+00 5.146235866535908698e+00 7.791360005330267846e-01 9.369609008553370089e+00
4.025264432426805428e+00 6.839031421503241504e+00 8.458318348868077985e-01 -3.160426973619232083e+00
-9.045962677634033611e+00 -4.978747523808968012e+00 -5.144877624545252992e+00 9.849273197891417198e+00
1.133818022122735947e+01 7.343869364278403644e+00 1.134458028211184688e+00 1.874374476561082359e+00
8.237840039352068544e+00 1.004427508032218697e+01 -1.105561313026411252e+00 -4.629070681412091881e-01
7.045361468986158116e+00 -6.323615523175227793e+00 -1.073726012557180276e+01 4.700839602050567834e+00
6.383759106239796033e+00 7.298499321102672077e+00 -8.570417524037343693e-01 -8.201576864796167321e-01
5.055263476365555064e+00 6.245850633600357860e+00 1.238794864826394670e+00 -5.171784650926062099e+00
-7.794356834822462332e+00 -4.220520736297103781e+00 -4.623354533886996798e+00 7.911046419723188450e+00
1.031647537014126392e+01 8.746965353454591252e+00 -8.825730949017045468e-01 1.615421578920006596e+00
6.388193731286955668e+00 -4.857065728407900629e+00 9.114007378047360719e-01 9.207469749783314228e+00
8.121217980636220801e+00 -6.036038167611960326e+00 -8.770958974728376489e+00 7.073712271645997696e+00
7.052600015985134085e+00 7.229925754114042924e+00 -8.205486673070405246e+00 -6.797483000354494820e+00
-4.994254202796328257e-01 -8.079545846618174654e-02 7.413383827877217058e+00 5.265298517136455914e+00
9.365018849357467090e+00 8.439849829475040366e+00 -7.750667945675349557e+00 -4.696453759122609206e+00
7.051875827632744453e+00 -7.243344719779147844e+00 -8.502896438684578229e+00 7.666123743188500761e+00
1.040030550358108741e+01 6.918534014563577195e+00 -8.920429602114015033e-01 9.060890410643782644e-01
-6.370489757747449744e+00 -5.013057930328955969e+00 1.136061997888894126e+01 8.390259129196934396e+00
7.299512423270072325e+00 7.599077305258138182e+00 -1.626130823965300731e+00 -1.266485021671418965e+00
-4.646604327215610120e+00 2.064991433527936682e+00 7.756746272534542186e+00 -1.076837152309301215e+00
1.029121610600191516e+01 5.489426567498643550e+00 -2.673094958482213013e+00 2.985473377191709687e+00
7.904323886230005591e+00 -7.113936585197442319e+00 -8.307499184084171873e+00 5.785332853303362555e+00
-3.456252386281879474e-01 4.994096016840607000e+00 -9.516267978157046059e+00 5.199451477213316686e+00
-8.137123468734232645e+00 -6.905578147350150076e+00 -1.014585334532985827e+00 3.562470057126082779e+00
1.042221659719660920e+01 6.578920278078951078e+00 2.131225208529855530e-01 1.094272989262686790e+00
1.130476934895670915e+00 4.784137266002313815e+00 -9.841715682620149508e+00 2.058471637487507166e+00
6.460100929668921133e+00 6.535417042917075925e+00 -4.445513289523200129e+00 -1.725433531679504195e+00
6.398412360778554131e+00 8.082684592412354263e+00 3.944408810775854590e-01 7.152457349009368137e+00
4.791093692733626064e+00 7.736782682955048784e+00 -1.256929765283768763e+00 1.020555303606868236e+01
1.446809445794233318e+00 5.778531018839410116e+00 -7.956716569133258865e+00 5.360718288294884282e+00
-2.126041415220190522e+00 3.519000333995020435e-02 9.286008777598460995e+00 7.234381953002859689e+00
5.378669961436392200e+00 9.165162388616359124e+00 -3.146811853114171331e+00 5.230301006858284474e-02
3.799491098049285309e+00 1.022670082027902794e+01 -2.393655145484308910e+00 -1.142713600009012120e+00
-4.064493591532063910e+00 4.943661793498221435e+00 6.761044381093770816e+00 7.289360465886758345e-01
-9.195745741230897607e+00 -5.750281442879721538e+00 2.205382158212547239e+00 4.105910099010163350e+00
4.695978900759325114e+00 4.560943927055422620e+00 -1.288557963203394330e+00 1.287293718622305683e+01
9.462927184366108690e+00 7.442301093376181065e+00 4.268200347834638086e-01 6.306614314228233820e-01
3.415597807138002207e-01 3.434029028971268716e+00 -1.116973054495824158e+01 2.988658992140307724e+00
7.782539833186471689e+00 -7.525545080390301678e+00 -9.183346318360491978e+00 5.566249299823715191e+00
-5.954965681031173297e+00 -4.613794578955886294e+00 8.696784018903805702e+00 6.064956728250949780e+00
7.454850592800439379e+00 -3.486325891216117245e+00 -8.354424007908070493e+00 -1.851605008527415830e+00
7.999868117685050350e+00 -3.105692211045808726e+00 -6.526642910078586546e+00 -3.177049683049414597e+00
2.811285685961243619e+00 5.555847653795788155e+00 -1.972906437241846778e+00 1.090188802332099627e+01
8.036301778957179565e+00 5.455879122173472595e+00 -1.261611471717202893e+00 2.293239591531413435e+00
5.083674032416383604e+00 4.823525750237640963e+00 1.429164465882015289e+00 -3.877429644342164750e+00
6.341014988581180845e+00 -4.138697856458155577e+00 -7.427228778785905483e+00 -3.114874432976681096e+00
8.843899490115276762e+00 -5.101818054858054730e+00 -6.591904587978450358e+00 -5.736428094488283058e+00
2.606889479135453325e+00 3.264352654694373079e+00 -7.864131399198038608e+00 4.806506108304040126e+00
8.316008730949210559e+00 6.978129922364227689e+00 4.423906740573603225e-01 -3.907495905893642707e+00
7.381262229456521773e+00 5.437198288048536554e+00 -2.433276064245966985e+00 9.189911399133501746e+00
1.038561122414576987e+00 -2.509119603339873716e+00 8.576467121250484382e+00 7.759266179260880136e+00
7.784590150680065435e+00 6.329513040717456462e+00 -3.703178564420923191e+00 -1.237285685887293152e+00
-5.126381178217330081e+00 -5.948685617196611375e+00 -1.749100012475031773e+00 5.006413020399268277e+00
3.623170800860527230e+00 5.603647906556022740e+00 -9.844480465491807664e+00 3.105090718002241346e+00
2.982701379347902026e+00 -9.296938385657249171e+00 9.117716736556108259e+00 5.674038026444525595e-01
-3.947089352143672514e+00 4.304701034870521248e+00 5.522932998093184942e+00 1.239539930286300606e+00
6.159393549178663996e+00 -8.301212344270748389e+00 9.321645756121995419e+00 -2.129073195946756147e+00
7.547215657559998903e+00 8.817759686208056280e+00 -1.465044425563351016e-01 -1.486677258077979014e+00
-5.834101404653316614e+00 -8.405822303757259917e+00 -9.594082567589627963e-01 1.006588542898522931e+01
-5.200754021029871055e+00 5.967924372244430842e+00 7.157431003032781902e+00 6.365828515142401001e-01
9.547680523157426435e+00 6.771918736647364767e+00 -3.448926266407484897e-01 2.521148242369910530e-01
5.906228507649870174e+00 1.073191466892509816e+01 -1.856454645037440843e+00 -1.461777373432638916e+00
1.770498675395846711e+00 -7.677232685435635418e+00 1.192771041646660812e+01 9.149475653931584684e-01
-7.671703280744475606e+00 -5.774165501143869506e+00 1.097163393105645213e+01 8.511296052833545289e+00
7.322955655113269735e+00 8.115576750349278612e+00 -4.266764047509575164e+00 -9.095633798117634949e-01
6.661754420233114260e+00 6.278200067706313448e+00 -8.122770526631688526e+00 -5.227708485975763431e+00
6.331986146298617335e+00 -7.026338007250167550e+00 -8.110581815990370202e+00 7.255006268051412022e+00
-2.300608122183474269e-01 -2.157821930624706397e+00 6.882878908108877702e+00 7.099930581142325003e+00
7.714096181079974635e+00 9.717390246953156563e+00 -3.777133656595145439e+00 9.050306466923045967e-01
-9.754214810762148247e+00 -4.624054606823754021e+00 -1.643236300090079816e+00 1.024767242241620124e+01
8.795449927920786948e+00 -5.611538693748871154e+00 -1.114466469058428011e+01 7.237523390704592607e+00
7.901058998938781386e+00 -3.548171105916458234e+00 -7.196632879357802715e+00 -3.095379613535294894e+00
5.818395309120815817e+00 2.201376981584489023e+00 -2.265176849147847449e+00 1.134230358614739842e+01
9.285981284399733582e+00 8.180212076369242524e+00 -1.057163778529765530e+01 -3.356474206887527956e+00
-5.822900894148433260e+00 -6.184232244965128800e+00 5.456213484127812041e-01 3.950306094901294252e+00
-8.433212518945053304e+00 -6.010342149006372203e+00 -4.078738236600151446e+00 1.068944853781563431e+01
-2.626203196947864082e+00 2.884636792206090927e+00 8.251878686904158045e+00 -3.237620191986201323e-01
5.601513739409382353e+00 6.762386364014487228e+00 1.687520043445916773e+00 -3.110737205825843343e+00
-5.156907190074830005e+00 -3.217783408457108862e+00 9.652084177421892619e+00 6.631141810280150928e+00
9.766949428534690725e+00 7.120242961736531484e+00 -2.650663370649447015e-01 9.971723683880715505e-01
-2.030688321838508337e+00 8.135692134101428774e-01 4.004578455306548435e+00 8.372613376034445665e+00
2.588202411048196261e+00 4.954400914831248670e+00 -1.201269249087681956e+01 2.787873550014087876e+00
5.213271222889949819e+00 6.009691214558863237e+00 -9.387360551593332048e+00 -7.094873512478764965e+00
5.859698517605492540e+00 7.244275393036000210e+00 -1.462514588518439185e+00 -1.462947794375603738e+00
-6.780186310688995022e+00 -7.081205094878975537e+00 1.342299432316447216e+00 5.290401468885891134e+00
5.042669182833476427e+00 -1.733837613925101273e+00 -1.062817073552051683e+00 7.990170361816990585e+00
8.770048084360587026e+00 6.181447959992406815e+00 7.136015370695870663e-01 1.100137394087332909e+00
-8.536855399929340393e+00 -4.282147810849004088e+00 -3.487337863411616556e+00 1.069335782481257624e+01
-7.647557257486015558e+00 -5.701316501888767263e+00 8.487389608826173548e-01 3.889824531436070210e+00
9.962911671476742725e+00 6.162050277142151700e+00 -2.781792134938615435e-02 1.025419167236050200e+00
6.407153215421784509e+00 8.940639861177547942e+00 -3.806108537931159219e+00 -4.961609618849396330e-01
7.492543725715344216e+00 -6.785875225570068281e+00 -7.869510298578703100e+00 7.236486791852458467e+00
7.094912678035369957e+00 -2.567104607327134858e+00 -6.563845958876061815e+00 -3.899349469767604326e+00
-6.944394243316716953e+00 -6.045352932550529523e+00 1.206255930668876930e+00 6.439504125455746575e+00
7.858723199497139156e+00 -6.856187954163737608e+00 -9.786211014299619038e+00 7.513638739470350103e+00
-5.242535157020677516e+00 -5.129828798334432172e+00 1.029343448142264972e+00 2.320538241374847210e+00
7.343638451527737310e+00 9.705240520806952986e+00 -9.015576603717750714e+00 -5.925609920826312660e+00
5.173455572172061423e+00 -2.422898905100499434e+00 1.279803034951300322e+00 9.293565331525293516e+00
6.227067015688376728e+00 5.331081029726190579e+00 1.695974962235354599e+00 -1.757978557195767788e+00
6.583929516300763840e-01 3.880402195202648841e+00 -1.140136573055355917e+01 5.220012209368639411e+00
-4.795142989975177628e+00 2.299680554451089431e+00 4.781409220671782201e+00 1.189339143655690822e+00
-8.271283516605178576e+00 -1.691293395274476197e+00 -4.052994124136498399e+00 8.966391559886931262e+00
9.096281442639710946e+00 7.443803311861420191e+00 8.594522934775802869e-02 2.213493178410250728e+00
7.455761054711010694e+00 7.316222868600291918e+00 -3.915475210902217729e+00 -2.331156271369349220e+00
9.242371935410901074e+00 7.860649707718922130e+00 1.079360349902240834e+00 1.070276597766151472e+00
-7.105139781073127381e+00 -4.277372515454353596e+00 9.169402175058065652e+00 7.629621608037577829e+00
3.251295305031048244e+00 -8.859803705794686124e+00 8.124963361954415930e+00 -2.004251110937485869e+00
5.706826509221175847e+00 9.167606372507556500e+00 -8.506244952814009608e+00 -3.089737313813451181e+00
-5.998186026387541503e+00 -5.682419071824285517e+00 -1.276661935429314942e+00 9.586488589984066166e+00
4.486898059245254977e+00 6.544921908784192333e+00 -3.088408800719139591e-01 1.059445939042432272e+01
1.119742948204800248e+00 7.243750171010699290e+00 -6.607028256596231941e+00 5.022242206834739875e+00
-8.098325724694724670e+00 -4.025989039503882871e+00 -1.395607765458186433e+00 7.484336700367839157e+00
5.596549475489386083e+00 6.524900328616903167e+00 -2.385713689527412029e+00 1.161173121320111967e+01
-8.094724528517117434e+00 -6.451956405288226115e+00 -2.364941109032840050e+00 3.277289232960348908e+00
7.295127138825287183e+00 -3.714874116503659174e+00 -2.730034421947270529e-01 5.606695718021081909e+00
4.982958762586473078e+00 4.769392862217468831e+00 -1.109791094548721713e+00 9.927089363674527434e+00
5.913619211760372529e+00 6.965143779005789071e+00 -1.098220128942508866e+00 -1.813708628486756513e+00
-6.239676661205187935e-01 -1.961360539556222582e+00 7.537497710581258836e+00 7.282210390371332664e+00
5.678075132287350613e+00 -6.666847417352920857e+00 -1.018681758174533947e+01 6.494933611251384242e+00
1.316295550739205567e+00 5.692917720376894586e+00 -8.704970769432852862e+00 3.487801192402312900e+00
-7.262163182063718914e+00 -4.234231399469789991e+00 -1.222562758013043371e+00 5.386180133421714089e+00
8.075379351979727005e+00 4.616322456612076408e+00 -4.963187176035155357e-02 -2.508140974020806269e+00
-2.898811238058670803e+00 1.252778040194741482e+00 6.858989382092853582e+00 2.180216825900694655e+00
-5.576187288672796782e+00 1.016090962695173960e+00 5.747010273601944164e+00 -2.168458431601386627e-01
6.106428852073164215e+00 9.054724853522298389e+00 -9.255036210279349973e+00 -5.258300154882956434e+00
6.170045162754047574e+00 -3.981897238196165478e+00 -8.514450731053813115e+00 7.017437788693589695e+00
6.741910760001605496e+00 -5.258940671218383933e+00 1.460385484884843654e+00 7.658944920487115837e+00
2.358943925090598359e+00 -8.507401350807175078e+00 8.796339212940596397e+00 -1.774934811870176876e-01
-1.186249224536125135e+00 -2.040589196988846776e-01 6.934482366334338010e+00 8.530962738543294677e+00
1.201185546092336054e+01 5.609629067138605762e+00 6.207967992164376003e-02 1.595040954185603876e+00
5.796775552325184044e-01 -8.003883171314100764e+00 1.265596777001139195e+01 2.347850208777518155e+00
-2.559801096471555626e-01 2.025075601883959964e-01 8.137095052243697779e+00 6.896789320519196131e+00
-7.565552027120234335e+00 -7.139987107507149489e+00 -3.867819136177045536e+00 1.013021257487359073e+01
9.678798746591741775e+00 -7.418372492577985255e+00 -1.011336112422189970e+01 6.046370047574306739e+00
6.762269423986246863e+00 8.092387352525365785e+00 -9.343466979826279273e-01 9.527245528379287620e+00
1.837136746266736731e+00 -7.504044830103605790e+00 1.070234956121723258e+01 -2.112460203409449733e-01
4.358457531286609843e+00 6.047748176407246490e+00 1.166772544667622480e-01 7.611926430656117404e+00
7.724619983572231341e+00 6.316825235673743322e+00 -6.747339469104236542e+00 -5.737473200971976439e+00
5.017722890328178309e+00 8.964104179679136308e+00 -1.224989286372593078e+01 -5.333867680327590399e+00
1.127908181972432011e+01 6.334099198756901750e+00 2.720315974351362964e+00 1.879104005367420616e+00
-5.118176361941198849e+00 3.953295104265440063e+00 6.364638224077794781e+00 -3.188355648499350270e-01
7.974095354668523150e+00 -7.345613707237783174e+00 -9.456883553353787164e+00 7.264046367403619087e+00
1.146143593868603094e+00 -7.152926261692996057e+00 1.222994275219680560e+01 4.418445162911182611e-01
-5.805913337663049845e+00 -4.450873058192185816e+00 5.340480787885099057e-01 3.879529099548667315e+00
4.441163936614131558e+00 5.095913894397542165e+00 9.032047902982088816e-01 -1.989565592914165348e+00
1.623393667686081843e+00 2.309443184589111020e+00 -7.909405116232774979e+00 3.946694315382374807e+00
2.460997574967211943e-01 -6.017452211427682940e-01 8.267584542547535165e+00 7.655247527101370686e+00
1.915888927946278297e+00 6.176082288078507787e+00 -9.824019811697455751e+00 3.810522298290931698e+00
5.720718506707357598e+00 -7.311908180709849603e+00 1.057008561397901225e+01 -3.301347235298877081e-01
7.283307783181833805e+00 8.341704123839274843e+00 -9.253217831269149318e-01 -5.032460821071800261e-01
7.831923267142238743e+00 -6.634104352115374859e+00 -7.743289059325373813e+00 7.220212497154604669e+00
-5.050162664724433981e+00 -4.414259256340264059e+00 1.076272173397516596e+01 8.354167371481366899e+00
-8.641144814442801803e+00 -7.042683562293212240e+00 -1.417297828456892450e+00 3.053551060693088459e+00
1.899810106386520925e+00 4.287637276963144117e+00 -7.714392911994194524e-02 9.764828977140192379e+00
5.121326687022158097e+00 7.855064239329186293e+00 -8.067945834558178930e+00 -5.808830674441298747e+00
-6.510262468634254951e+00 -3.832474003896553683e+00 9.914910275306121790e+00 7.223190550119253928e+00
6.206402137299627420e+00 -7.801598695422863550e+00 9.833860628535020965e+00 -4.324436900367042425e-01
-6.609703094266961898e+00 -4.239272361326645644e+00 9.760327814550938896e+00 7.105013991777833660e+00
6.019378764293969120e+00 8.621238601377150701e+00 -1.330034366526527734e+00 9.470148155808049140e+00
4.250654466150644240e+00 6.449925883753528488e+00 2.120759372260530462e+00 -3.315167160117428402e+00
4.207377965003205489e+00 -9.493242011219795273e+00 1.101422287002456457e+01 -3.140937784632334306e+00
-6.453676404530598987e+00 -4.708895263805402465e+00 -1.235644449361262276e-01 7.080330270778144808e+00
8.876428065462516059e+00 7.046915543022325146e+00 -5.596534134377351144e-02 1.536183048832859388e+00
-7.777232200980986221e+00 1.144239837606725985e+00 8.899917213386039805e+00 2.770987492569337851e-02
1.801526012596837312e+00 6.708693279455684610e+00 -8.931997231154538142e+00 3.848609785620640267e+00
5.431676531738212965e+00 8.557186363087053493e+00 -1.110739860826073055e+01 -5.150024577245047475e+00
8.341714603131716643e+00 6.636580898114306848e+00 -3.753317229208836814e+00 -2.394031621431897960e+00
7.805321835381885620e+00 8.769184077392369048e+00 -7.667034507920458708e+00 -4.914473838259761251e+00
-7.616984679673977077e+00 -4.121851198080553225e+00 1.037352566802744747e+01 6.157137917152948781e+00
6.923905505978816599e+00 8.798165404656431932e+00 -3.259080955243436772e+00 -3.884633994357479247e-01
2.522426856024035047e+00 -7.736749778671075717e+00 1.089936143118429435e+01 2.405489116263971994e+00
5.949894458419336729e+00 4.870728261187706742e+00 -1.314716865457201678e-01 -2.669512954230098600e+00
5.329124376633042282e+00 7.001156981144108116e+00 -3.146280506959470369e+00 -1.006311741929658776e+00
4.468393110302555371e+00 -3.311489888254896208e+00 -1.252305825036286624e+00 5.404458239958738197e+00
6.950471001698308449e+00 8.091396073369566011e+00 -8.033063139847932632e+00 -6.975282800571147135e+00
6.142128227548949049e+00 7.442626424863622248e+00 -9.528747017234625361e+00 -4.369080867036127636e+00
5.550277927034318992e+00 7.707152350850085654e+00 1.846092502585066741e+00 -3.110432976984854658e+00
4.044556517740264923e+00 8.743459924075764889e+00 2.481359893281128048e+00 -4.134502724707787458e+00
-2.640821809644696483e+00 3.753695198531100008e+00 5.785811179225963663e+00 3.706334775111768121e-01
8.076790084889946542e+00 -2.423066455375477268e+00 -7.092541402091738334e+00 -5.231420456876598735e+00
-7.839960439710672802e+00 -3.933951534896420466e+00 -4.473023056879796400e+00 9.635883906068237081e+00
-5.737598052108111801e+00 1.842254683039520335e+00 6.915899976141296257e+00 9.762899643322889842e-01
6.487926446271324643e+00 -1.204374896095761871e+00 3.751602837110493027e+00 8.028972072112022573e+00
4.640773461783841647e+00 9.897139454865966357e+00 -8.235957097395298909e-01 1.881363859483116574e+00
-6.347175133719792584e+00 -2.763461575347319066e+00 3.105094627550076258e-01 2.991465409580725598e+00
6.447432025044041559e+00 -7.462385928577086602e+00 -8.932928731143386258e+00 8.025565528384406733e+00
-4.909810935247943320e+00 3.131555716621238883e+00 5.249666381072842114e+00 2.102760039965665406e+00
-7.996761254403565111e+00 -4.805496526534626334e+00 1.106139520449721303e+01 7.198274397005137715e+00
5.625035999603524850e+00 9.582284836342672918e+00 -9.453040512331057244e+00 -5.656301065071247081e+00
-7.924541062841082173e+00 -6.241409138649858690e+00 -4.340350649508266656e-01 1.013970759196724991e+01
9.573958907666282769e+00 7.614509583082501365e+00 -2.091234438781745530e-01 -1.268261959003877060e+00
-8.889837966045298856e+00 -7.865752194348157644e+00 1.133248146961785885e+00 5.976089627405080762e+00
-7.404740226033084127e+00 -5.036778242431182662e+00 2.683879811547729144e+00 4.101019756712219078e+00
1.022511514086069973e+01 5.538048765120637817e+00 8.428818264102374558e-01 9.564246186080002099e-01
-1.393738219894057995e+00 5.644489714908726974e+00 7.430388758893088585e+00 1.049885711543474986e+00
5.777390839976085601e+00 -1.044100245544331429e+01 1.138268645108306565e+01 2.469332460228152171e-01
-5.867375735038641515e+00 -5.289083148342228924e+00 1.117529426557432792e+01 8.509687954913383479e+00
-1.321480560602081855e+00 6.458452907162255396e-01 7.157946145595843745e+00 7.141348284190423001e+00
3.312989535091234394e+00 -4.932541086353728232e+00 9.594360397941272822e+00 -2.165134402970407823e-01
-3.577841523563581649e+00 2.146756912067200762e+00 7.302504684803805546e+00 3.419207976187106368e-01
8.728597716565502651e+00 6.602294918474046703e+00 1.442090802946704109e+00 -1.745076183160531924e+00
-3.213035302229589441e+00 1.954300841866499550e+00 5.545824572001911257e+00 7.604621050864206477e-01
4.563224662454989478e+00 -3.885681320234584568e+00 6.556971298031472051e-01 7.844954224453802638e+00
5.861967383623021277e+00 -2.930463114131659275e+00 2.027062098938552936e-01 7.778306901989546773e+00
-6.315167588622562000e+00 -4.014210734782544421e+00 9.571161353077682676e+00 7.849414342884730722e+00
-6.873260321127501626e+00 -6.303653157286491115e+00 -3.054089256800127661e-01 6.536997414226350500e+00
7.206378726576994964e+00 -3.545729875234279849e+00 -1.169375810932854476e+00 6.504671455743824104e+00
5.967612412087629714e+00 6.971988344943322424e+00 6.876602747503723911e-02 1.012124830613633542e+01
3.997956987816142949e+00 4.035333133976580555e+00 8.400738862018082287e-01 -8.777055853423401111e-01
-5.334307179202434135e+00 -4.604055674162453649e+00 8.705718463343737668e+00 7.413461701786274283e+00
6.349775851868743715e+00 -2.976432825756230471e+00 -4.982626806767386229e-01 7.492865540272356739e+00
-9.999956740612532258e+00 -5.046376259066225778e+00 -4.435244036406481349e+00 9.149841608486420697e+00
6.692059665768983479e+00 -7.552885352225173321e+00 -9.979837228560246132e+00 5.684983994214594105e+00
6.847795841201969935e+00 -2.557506220528723340e+00 5.714274865251216529e-01 6.672957489422739918e+00
6.131898419330789274e+00 6.824436831642109347e+00 3.707459464203625377e+00 -2.974043201006515424e+00
-7.001006666533616141e+00 -3.865436545075717767e+00 6.820061434837233705e+00 7.750367566793530116e+00
-4.573245460574352883e+00 7.932323004747607875e-01 6.067515107484275028e+00 1.061278812330643806e+00
5.178179052880390820e+00 -2.873353068984037861e+00 1.963570462287766105e+00 6.575016875996161581e+00
6.030391609705013423e+00 7.617001144239409882e+00 -7.497959183511046177e+00 -5.780884039118819651e+00
-8.037264788286837103e+00 -3.034824928681371325e+00 1.293386003292029462e+00 5.574906233728182059e+00
6.123005546026305979e+00 7.785377617456289201e+00 1.085251267680059861e+00 -2.025350306894345032e+00
6.614464846290815991e+00 8.019207532054664966e+00 -5.331411162495403921e+00 -1.785530336745142943e+00
4.144620563202323638e+00 -1.240619969684968282e+01 9.077693574635706142e+00 1.611748494102222540e-01
5.223703351239704418e+00 9.010085986629913890e+00 -7.400829838813681505e+00 -3.114859346666043027e+00
4.122098737522351009e+00 -1.058168681464767857e+01 9.610124893599879314e+00 -6.078503146297895565e-01
8.626316391368193948e+00 -2.566167794265345137e+00 -6.694268557135122144e+00 -3.140384323806701516e+00
6.579250363076227792e+00 -6.644484379789181716e+00 8.166845049565640835e+00 2.081509105572859397e+00
6.001561778122740165e+00 5.239368662658463904e+00 2.185933695955751155e+00 -3.448286132324440700e+00
-1.041364040894348619e+01 -3.484068077609892455e+00 -3.114248428691638093e+00 8.213585074409195386e+00
-3.804646124788852113e+00 -2.502350577033776169e-01 6.969124420162507327e+00 -3.940037338424383639e-01
3.922967687950936977e+00 -9.557676417756351128e+00 8.408589341039499843e+00 3.421712061561614782e-01
8.861379337750687313e+00 -2.249618249288277916e+00 5.345049238639790756e-01 9.748588399310246899e+00
-6.509125853453048727e+00 -5.499571164895598940e+00 -1.418724905942598147e+00 2.166764274520417644e+00
5.183560276846395531e+00 5.970838603981188264e+00 -2.289203135222225960e+00 1.169989748876638735e+01
7.050814141279508007e+00 8.625626203658104174e+00 -7.176151796303077424e-01 1.001778827423252238e+01
-6.117189854409888383e+00 -7.026093654720009241e+00 9.285832515672287624e-01 3.983419898187864572e+00
1.110735097415186701e+01 7.652817895853692320e+00 5.440394189897665989e-01 1.993228982154668927e-01
5.021204321355269506e+00 -9.103350708095556243e+00 6.911865483744523253e+00 1.346068515006568100e+00
9.733346142125766320e+00 -2.216199687348483049e+00 -6.727081295263255711e+00 -4.982243726507264547e+00
-7.234686742461836850e+00 -7.347394879938966561e+00 8.016147979146250879e-01 6.028162151427288507e+00
1.146168769364960838e+01 6.405206017681127406e+00 1.228398994475941031e+00 2.127499751972645292e+00
1.722119820820444458e+00 4.844058516500525435e+00 -9.433521335548396891e+00 3.787502099033977832e+00
8.144676916762220387e+00 1.094798957759538638e+01 -3.395608530330662678e+00 -5.420768723683920820e-01
-8.850436596493299390e+00 -2.165196950435379630e+00 2.271438305247615919e+00 6.051646834226524163e+00
9.000807082844429985e+00 -4.055505029033804831e+00 -5.350268457293053892e+00 -2.918228974718987345e+00
8.949718086447997489e-01 4.211860292577565001e-01 4.786729673292349219e+00 8.238522889378105063e+00
4.993157089058389175e+00 6.062106379699256031e+00 -3.304327990779550861e-01 9.928715777822437971e+00
-5.905334217804721675e+00 7.532646653398175296e+00 9.559411524508897529e+00 9.968991602237882166e-01
5.502758026374813483e+00 8.208184992973876604e+00 -1.069378772097574171e+01 -8.571845720792058643e+00
6.442800613468102178e+00 -8.361754907561229189e+00 1.224618858674958588e+01 -7.576386965961134923e-01
-6.874791064326777779e+00 -3.632038440433268178e+00 8.945916148248731048e+00 5.537005513076646679e+00
2.335699125527462172e+00 -1.063677635068549776e+01 1.122760427617967771e+01 1.720234897445109823e+00
6.743462149372758674e+00 -2.389056459981363290e+00 4.293448944351543339e-01 9.650135969503162769e+00
6.072898834905797294e+00 -7.961026383268853479e+00 -8.372917116910288726e+00 6.413021233001393817e+00
8.418480820907795703e+00 1.156933216461501068e+01 -3.428266356047394492e+00 -6.015697498531615839e-01
-5.313933636995326282e+00 -6.163326716638821701e+00 -1.086938451784094983e+00 3.283305178885930431e+00
-6.676330500104837640e+00 -3.524770506044590412e+00 1.139805145105165174e+01 6.298423255377599617e+00
-6.154206195209183328e+00 -6.204672391261592423e+00 -3.117999991619112787e+00 1.144946623963294385e+01
7.582610044862781784e+00 -4.384118320221356058e+00 1.174214913875336386e+00 7.455379756212821896e+00
5.796579769177072627e+00 -7.067840257765513279e+00 -8.235608548357646441e+00 4.927425979410597456e+00
5.928709606184567882e+00 -4.055885373583117293e+00 -4.099733576651489741e-01 6.386872320353361054e+00
6.829623497117188968e+00 9.431552506319039964e+00 -2.618241024674805573e+00 -5.246812252851946745e-01
4.851725940776869805e+00 8.807330511885576030e+00 -1.018636207808587812e+01 -5.728112262109921637e+00
-8.172758603231438101e+00 -7.514019827482017355e+00 1.360259299310962455e-01 6.093622282697942261e+00
1.026979170384980833e+01 6.135171479000446126e+00 -8.789983869048227927e-01 8.628169824284535050e-01
-1.025831292765177594e+01 -4.442687861577036657e+00 1.694627567524925049e-01 2.544970271797020622e+00
4.291706596611222224e-01 2.323334123976483756e+00 -7.262372250409738328e+00 3.834168262032563224e+00
1.004290568295990838e+00 2.988955728067069995e+00 -1.141907991581332737e+01 5.216153930876185285e+00
-7.807694109194204257e-01 -5.330046489612461080e-02 7.299777368597441196e+00 7.562972737888545183e+00
6.462801172236127378e+00 5.690143606963871115e+00 4.959257465800178677e-01 -6.063651993719696875e+00
8.456718432786572981e-01 3.520727363287731393e+00 -9.763915857796947151e+00 3.739863389996236354e+00
5.583799811773079824e+00 5.803728741445190131e+00 1.072459687955033880e+00 -2.686752896295774296e+00
1.015312033489574439e+01 6.111362018239642424e+00 -4.050939653576988153e-01 2.782755975040936747e+00
2.399085232010729651e+00 3.447145527294191325e+00 -8.188095139592325822e+00 5.357289661874740538e+00
-6.713328429740283099e+00 -5.947012239332741146e+00 1.347767326614193184e-01 5.169589653506053040e+00
4.621954889610603523e+00 -6.801162931427764846e+00 -1.044004397720292232e+01 6.687993527563367735e+00
4.893796864801064572e+00 7.615358114389954025e+00 -1.725941421024321354e+00 1.096638972436063497e+01
-2.593643906245097330e+00 4.621300726669010928e+00 5.659252854620579143e+00 -4.409523399681398725e-01
3.080639639991697543e+00 4.419098335545834644e+00 -1.082800975841314362e+01 5.940598760594054895e+00
6.323777447052229661e+00 8.851953170786083902e+00 -2.632849500788430497e+00 9.767616795513415440e+00
4.361922248866010321e+00 -6.656437697553162280e+00 1.012527212259635867e+01 -1.657578032231490361e+00
9.123722613789375657e+00 7.605574389558944048e+00 -1.023285544377333522e+01 -6.335925550668924267e+00
-6.482994577149914228e+00 -7.683248767677189228e+00 -1.726586737077969724e+00 2.123025357178697892e+00
3.922562314511625292e+00 -1.009251211577831953e+01 8.799496433436846843e+00 -1.004385577429184995e+00
3.395266860710807855e+00 -1.198900479640708383e+01 1.029182129884483388e+01 -8.670137987918591360e-02
-5.204696837581227697e+00 -2.469412871737689308e+00 1.173932691159026476e+01 7.928784916544463712e+00
2.415542487262448468e+00 -9.279702359739605555e+00 9.712352940791083356e+00 -9.230585097374923720e-01
5.762058861330165982e+00 7.657674814868018487e+00 -8.301605172024714818e+00 -6.121452685348037548e+00
8.150587550806491777e+00 8.807187907389003811e+00 -6.714698282074929914e+00 -6.153279681980848181e+00
-7.427811878378241417e+00 -7.399743388675839029e+00 -3.669238575588076312e-01 3.027502423738229531e+00
-6.142366041791033737e+00 -6.633266035884379797e+00 -1.776881089635414357e+00 4.801543766019252146e+00
1.033238713906506590e+01 7.206865689012080800e+00 -4.117782068435435483e-02 1.596338342136919941e+00
7.702177077700659957e+00 -2.812916633214763262e+00 8.852483941829092373e-02 9.929330740604843442e+00
-5.004655087475223141e+00 -4.967618550668877475e+00 1.016920915665251002e+01 6.027092460615563141e+00
-7.035816587924009546e+00 -5.228315890067461780e+00 -1.647797351885308625e+00 3.319564352926644091e+00
5.487259194689675823e+00 1.090852297320367192e+01 -1.342985362314039754e+00 -2.446695182183584727e-01
1.278156691482930318e+00 5.383091205931406442e+00 -9.266415734922505365e+00 4.935935821024080461e+00
-5.550066305452840965e+00 4.889764348352578338e+00 7.792564538438991661e+00 -1.660884667000108728e+00
7.479165744220463985e+00 -4.695234379850012019e+00 -5.467818935368180533e+00 -3.983572868024984448e+00
-2.909486193555413713e+00 2.079520109226852043e+00 6.934593743135965660e+00 3.457087273037506292e-01
2.576845849945849309e+00 -9.806107888885744472e+00 1.174131573247675853e+01 2.179150455286188226e+00
9.047133987399753607e+00 -2.643728194046566671e+00 -7.313792395383481804e+00 -3.274565138449718749e+00
9.659575644926994276e-01 -1.179628428400954610e+00 7.663015771730159464e+00 4.252223203253427286e+00
5.572906177549677764e+00 9.812011500497566985e+00 -8.850266380198201333e+00 -5.084670212729110794e+00
6.286008414706408587e+00 9.660107958476368495e+00 -6.562071693806295514e+00 -5.815866961328187479e+00
-8.666319925227881082e-01 4.469347544202399991e-01 7.405761774087082472e+00 6.140038638676562854e+00
2.035994778618483103e+00 4.079869651105759054e+00 -9.271193136606147078e+00 4.604060362712323773e+00
6.041849727068127507e+00 -5.667295681343959224e+00 -9.587663218577285207e+00 5.458352078546036878e+00
5.552596584513894484e+00 8.906953741004292269e+00 -3.639891464016398182e+00 -2.444032613001865251e-01
6.588581135669560496e+00 5.385574705269185358e+00 1.079074333792589213e+00 -4.967376946711558716e+00
4.758860247749971073e+00 6.523296711015943217e+00 -3.679098847323473698e-01 8.990231908497817059e+00
8.856109784639556892e+00 6.828839677766143978e+00 1.103668963823654647e-01 1.833931955649451329e+00
5.996082073637514220e+00 -3.309837439043473051e+00 -2.309838482109749958e+00 8.110500143888343061e+00
6.332397038113315446e+00 -3.250712306869756762e+00 -6.474193951263715441e+00 -5.792184273059097777e+00
8.383395083551835825e+00 -4.801403358485750061e+00 -5.567120015987180537e+00 -3.736797744531840770e+00
9.566208087647215308e+00 6.740990615388508189e+00 2.431016608601640483e-01 1.063440664701190030e+00
6.444067412720408505e+00 -4.228311003417433156e+00 -9.846117390222461907e+00 7.039642432490617274e+00
6.030835845134459916e+00 9.198810689212891134e+00 -4.502935024614706627e+00 -3.509995698869297076e-01
6.266695608355123071e+00 -3.795862333372852060e+00 -6.416579324579146260e+00 -3.895056362185952192e+00
5.398334418692741110e+00 -8.978152639122287226e+00 9.854634017877350161e+00 -1.303262391103372719e+00
6.352111895019852739e+00 -4.765037807079499643e+00 -1.011086291786813973e+00 7.807854686572793135e+00
3.262056387277158631e+00 -8.591129621122121307e+00 1.067952024553038903e+01 -1.882564413235454648e-01
8.174669912405811090e+00 6.147078421230386169e+00 -3.293004844724313762e-01 9.189944437922806131e+00
7.372033528104618760e+00 -6.926971762062663629e+00 -7.872316907674087538e+00 8.002450831460681258e+00
7.456518785839721275e+00 -5.818776644327842362e+00 -8.818370533900324659e+00 8.019947490377434818e+00
9.561947796290962032e+00 3.801204771227712609e+00 2.337119855110275424e+00 -3.571737888068779121e+00
9.106069689212828777e+00 6.612620252335148052e+00 1.493614882480569506e+00 -2.876953220199938599e+00
9.168334303339113589e+00 7.788538518548722145e+00 1.323385700976978496e+00 2.099945109039175417e+00
-3.535847293691836146e-01 2.301526396578929656e+00 7.096244824060170764e+00 7.339115154761652882e+00
7.942380407383883956e+00 -1.587037816568874549e+00 -5.247528741698981314e+00 -2.890691302370317128e+00
3.620980597468492324e+00 6.951726627143595572e+00 1.036570410760384808e+00 9.326157366922300795e+00
-6.593467613565746177e+00 3.158244623086574165e+00 5.856849975994140145e+00 2.118316269860309298e+00
1.253822870625993602e+01 5.643723384790203745e+00 -1.044416202820576123e-01 -3.995618537645428958e-01
-4.243954272193450450e+00 3.925515236094310190e-01 7.828558265779969716e+00 1.397018447255485629e+00
3.252838928268904084e+00 6.494297920283581327e+00 -1.010018598761513120e+00 9.662457357119167867e+00
4.469686665327744279e+00 -8.329325684683482223e+00 8.805631800040695012e+00 1.441226580347462871e+00
3.552292708984309932e+00 -4.772911402427298277e+00 9.541425837110097063e+00 -3.164556405605503664e-01
4.522189773302619287e+00 6.029280604637087038e+00 2.196223800424878192e+00 -4.854550812097396140e+00
7.849367950709590147e+00 -3.989967785944645406e+00 -6.352184254172508204e+00 -1.727643841437527472e+00
9.205934514379936928e+00 9.407495164581385794e+00 -2.056579286445318289e+00 8.321506644305820544e-02
2.187858991364977967e+00 5.309867144756815982e+00 -9.604912791315127762e+00 3.956879876983343980e+00
3.115482139651403859e+00 -1.030687321147163615e+01 9.115588311823435319e+00 -7.663064868964514220e-02
1.000666506969307079e+01 8.305777780195834126e+00 4.414482083755560948e-02 -4.235874428281951598e-01
5.563112195435955698e+00 -3.667492745361002893e+00 -1.748972917325832821e-01 9.603198329821394097e+00
-1.792633696419191347e+00 -5.155115919534160041e-01 7.392868671533554981e+00 4.490496722546517105e+00
-6.757566443998490158e+00 -5.429283036038396126e+00 -6.180416325576685299e-01 5.839686828031858568e+00
-3.656362265723811067e+00 1.474193144344739803e+00 9.953773510878317410e+00 1.962729595739657773e+00
-7.605463586526198583e+00 -6.640625450977134747e+00 -6.718226180274469161e-01 5.030694647429103661e+00
6.664658469794288997e+00 3.802229913517458204e+00 1.160093686697929449e+00 -3.579316875780191420e+00
-5.617400253719770475e+00 4.325382592430031536e-01 6.227389758602283720e+00 3.155631437184224453e+00
6.625925601134881937e+00 1.010424050419118736e+01 -1.682156246811935763e+00 -3.067403037328902737e+00
-6.685933046795570434e+00 -5.944589412182835098e+00 -3.039648886438859332e+00 1.095228406348583405e+01
-3.719758540511915346e+00 3.213576640997434897e+00 6.646450604672188511e+00 -1.332756668852818072e-01
-3.500165762952667237e+00 3.113635485398730474e+00 4.355034003284849575e+00 8.303257338522477271e-01
-9.798998249223949131e+00 -4.288616816925520325e+00 -2.103993607299063484e+00 1.031547506181449947e+01
6.560906319220730865e+00 7.744451156959512694e+00 2.792407456730130466e-01 1.094934137556698772e+01
2.191115492053238967e+00 4.478567093449340675e+00 -8.727374655196271647e+00 5.971148464654926435e+00
-7.372943582804817986e+00 -5.742955568077011463e+00 -4.062246412974855225e+00 7.330150861136573326e+00
-7.965650408090882983e+00 -4.640713120125711022e+00 7.797678927462763809e+00 5.235332271051793995e+00
-5.152547221088783935e+00 -7.543055163771175131e+00 2.174458403632808956e+00 5.782958589210316802e+00
6.867116452388925651e+00 -7.598726330907176418e+00 -7.797528070506461795e+00 7.560871159364326743e+00
-9.091799172318852484e+00 -5.503240591728274289e+00 -4.081982422524185417e+00 1.007413053510723344e+01
9.143695197178697498e+00 6.979631729322565370e+00 -2.550181736599420823e+00 3.179194760016414101e+00
5.785654961291741394e+00 6.636712618474041037e+00 -9.045307777817289008e+00 -6.811647863722312124e+00
3.733115710742371363e+00 3.367321763883018626e+00 1.725165751378100687e+00 -3.085980445663336180e+00
7.828496288632572409e+00 8.038938937974272392e+00 -3.151889461739596499e+00 -1.325018510014280837e-01
4.039543327048290777e+00 6.160983583213126558e+00 -1.522193416880387673e+00 8.588183826196020831e+00
6.269930469755379931e+00 8.848372243708132245e+00 1.091213738707823788e+00 -2.673392421768752136e+00
8.322105128730322932e+00 9.464331522968155497e+00 -1.050605435234427532e+01 -4.798502886466069484e+00
-6.833854780986380995e+00 -4.872689007465641708e+00 9.849983625820311062e+00 7.238043650265618467e+00
6.668180378731466185e+00 -7.727469715265851136e+00 -1.227082859533008374e+01 4.352027281241749535e+00
6.578614125011552183e+00 8.601468607087600304e+00 -4.276218149429538151e+00 1.417163865221582331e-01
-5.886339328060777198e+00 4.780801457379016739e+00 8.707434474109581046e+00 -1.297481136905362487e+00
-2.636074761522714471e+00 1.977796745105171672e+00 5.528353611457633932e+00 9.744791488996904505e-01
-5.829239013346358078e+00 -7.206983921295954332e+00 1.634492507672671735e+00 4.843310455791230318e+00
6.685877948415972050e+00 6.447960619390350701e+00 -2.004209571671173862e+00 9.832603898161220712e+00
-4.502092441344549556e+00 4.065523852821300466e+00 8.178488960022036736e+00 -4.416191355140268726e-01
4.403005305855655749e+00 5.813730704121168102e+00 -1.013460874469374051e+00 6.423132663183235280e+00
3.457115308173881019e+00 6.743394091392652001e+00 1.202352894078066559e+00 -5.084696387711522547e+00
7.915461014342722201e+00 9.235940494730854766e+00 -4.824490936633933913e+00 -1.618558927083899590e+00
6.596854472718022500e+00 -5.669190730069304074e+00 -1.049782742406111069e+01 7.761807709661508348e+00
7.052431732720661373e+00 -7.832105116684669355e+00 1.080230563413576661e+01 -2.904339217437263976e+00
7.803047044222850559e+00 8.479585608863944302e+00 -3.613053314347143274e+00 -3.696003009520408833e-01
1.214060256984547159e+01 7.865902165119144307e+00 1.077658274587519838e+00 6.353419188486464364e-02
6.361482486169193429e+00 -3.805817065741553318e+00 -6.857136649991624644e+00 -5.103889687329013825e+00
5.959256634734292568e+00 -4.917899332023154102e+00 -1.133707069102787912e+01 8.926384342251271420e+00
4.046965108157058566e+00 -1.050455817747661058e+01 6.837997785436042086e+00 2.076377486500502911e+00
6.074417795433515455e-01 1.039720322974903022e-01 7.016614680670954840e+00 9.136631819408773225e+00
6.942253460856660396e+00 7.670005111089690963e+00 -3.487224162258820037e+00 -2.951183619405957970e+00
6.167210474624084782e+00 -3.360078875892177130e+00 1.156820044830929817e+00 8.921034984179042837e+00
