5.095132211891035823e+00 4.281811773665493703e+00 2.407427152331081288e+00 -3.552729279681214436e+00
1.820266810052164619e+00 6.777024107930559538e+00 -1.032297498657384871e+01 3.446996462135762496e+00
-7.767245764562639820e+00 -5.372700558825589390e+00 9.729231752811625000e+00 6.902924261247469495e+00
-7.956320123249823517e+00 -7.530600960882727790e+00 -2.332827610982823430e+00 4.796510461260623970e+00
6.951106998314950047e+00 -9.155700469652148232e-01 -7.337057454812756507e-01 1.019012514812047598e+01
6.791042232299969506e+00 7.340633678400144468e+00 -1.112354557685853962e+01 -6.387024447377051217e+00
-5.656877137475613715e+00 -6.097056598637752955e+00 -7.077867334838325863e-01 3.598888951406179260e+00
-5.666585600240174880e-01 -5.694349745815773245e-01 7.164716803285585023e+00 7.170823939882534859e+00
-8.760207803306728991e+00 -5.357053513828219593e+00 -4.535569873994830914e+00 1.145826215137387116e+01
-4.981733321325696018e+00 1.512560821214459450e+00 6.017208831435476135e+00 -7.587629380123345202e-02
9.776580381449516466e+00 8.839033131489813400e+00 9.863955242513570143e-01 2.365815577424452698e-01
-7.924025106100859084e+00 -5.382337816669748420e+00 -5.436967356981978305e+00 1.096432565473235954e+01
7.192075847524369792e+00 -7.386281617400694444e+00 -1.162659215136521773e+01 6.958002394635862231e+00
5.681384166770143906e+00 8.036805190862057913e+00 -2.552337090753860505e+00 -2.530225679035344122e+00
7.685478640022721741e+00 6.588370759255597342e+00 -3.281371148850626973e+00 -2.933366865093114395e+00
3.715356704101580476e+00 6.988580381493875393e+00 7.384017822994914937e-02 1.002472507632682763e+01
7.102733411957633081e+00 -6.226740185608339750e+00 -9.387769220510396195e+00 8.332240543941191291e+00
9.443209127471426712e+00 -5.321788660147215744e+00 -6.305624221334948487e+00 -3.255525031738216502e+00
6.473173074612333266e+00 1.101323752023877489e+01 -9.220393700135325332e-01 -1.544955887620676593e+00
2.227708564128215496e+00 4.718943669345838643e+00 -9.248507949468477207e+00 3.491373356898812119e+00
2.702079191007853876e+00 -9.420793698102439606e+00 1.025877397091550236e+01 6.069244172088605893e-02
5.750956618445575153e+00 -3.036240964406764498e+00 2.335903680021412576e+00 8.124151244470308342e+00
9.918597696434893862e+00 7.476604512696980009e+00 -1.712109391028785454e-01 1.666009027003646281e+00
5.765334980879678994e+00 6.439728107007882230e+00 2.841952745644845457e+00 -4.729269948331610074e+00
8.338697777043357462e+00 -2.605681763708141307e+00 -4.867505646091405680e+00 -1.650711020218321057e+00
-6.449677802528250403e+00 -6.184906399831730184e+00 4.925614801203241910e-01 7.450451994085578455e+00
-6.634244254911847882e+00 -9.643485842676627229e+00 1.941436523256112046e-01 5.637532123760371938e+00
6.712410812519658876e+00 9.258488320198827282e+00 -5.608985633196937215e+00 -1.309729302350637337e+00
5.412245134701493932e+00 -4.581614510541016649e-01 -4.999042903845307695e-01 8.107292885599068910e+00
-6.455389578666902217e+00 -5.732968383700134396e+00 1.115840549780820901e+01 9.476737738030582392e+00
6.913562059870143273e+00 7.942975755808893368e+00 7.047289592241628986e-01 -3.668655429424749315e+00
-7.906133495223822472e+00 -5.087655663422113506e+00 -3.457249494317980343e+00 1.069334840035380019e+01
-8.926166371285834344e+00 -6.090950703989174819e+00 -3.328722767067076038e+00 9.772681330567289493e+00
5.553072809219667505e+00 7.768531632750473648e+00 -7.993909876982769447e+00 -4.508210570439631582e+00
-4.048901591463499372e+00 -4.413786413209153991e+00 9.017741516250218581e+00 5.791074045038853590e+00
6.062290777733714719e+00 8.332003469536724438e+00 -2.529865956415985995e+00 -3.253079855288567135e+00
-5.479452913213645360e+00 4.520932952116198500e+00 7.613275880104021454e+00 -2.674996687336811396e-02
5.349763785224113555e+00 9.224516286830997558e+00 -9.178395808549636214e+00 -7.164973127692224608e+00
8.037138931784436835e+00 -4.809292304750114155e+00 -1.379185110281146986e+00 6.765126334997402680e+00
-2.966868230904608605e+00 4.549779589643618394e+00 7.180971133947537943e+00 1.180870502488317708e+00
7.313620299384504975e+00 7.253394474458803032e+00 -5.860559352285521939e+00 -6.027673504774157642e+00
4.380351332801373232e+00 7.955806737203253043e+00 -1.974325511313242965e+00 9.464141443318101921e+00
6.313828866556971064e+00 8.187682899008576598e+00 -3.586869010087029519e+00 -6.943192155716184644e-01
5.990908183232884099e+00 -2.622324601928011756e+00 -7.774742061467676102e+00 -4.590032163499233597e+00
3.417805752970493494e+00 7.521340811576672891e+00 -3.833601278001289026e-01 8.224639722882546522e+00
7.482619023104154721e+00 -5.775059932383585171e+00 -9.668510032997707171e+00 6.718863979737125902e+00
-5.788648455395113857e+00 -3.683445291760255369e+00 7.891266755998749716e+00 6.886311407139149132e+00
-5.154487435368771742e+00 -6.337542615580309402e+00 -3.818701351099266894e+00 8.825380709572858251e+00
-1.139047479613874536e+00 5.035585618837356670e+00 -9.008733456836912623e+00 3.330474514436893241e+00
8.454386953586471520e+00 8.594237520094804239e+00 -2.824458119045179405e+00 -1.075144164954697334e+00
-8.813722605584699110e+00 -4.485692815405778688e+00 -1.416403760254968391e+00 8.191344886717924823e+00
-1.612056113224707765e+00 6.485388758896252881e+00 -9.657344068454786878e+00 5.438673144355270495e+00
6.411015207312891206e+00 9.928881291906783702e+00 -1.788123515786075313e+00 -8.591424999802883544e-01
-7.620755537635305998e+00 2.435691055217694245e+00 7.533587475798327660e+00 -2.845221230972642124e-01
-6.718164967448057467e+00 -5.425319490403450295e+00 1.044284572175690506e+01 7.373097554109578233e+00
4.339979111504932430e-01 3.959034765490237362e+00 -9.151052096640670541e+00 5.237447836128677814e+00
-3.377656675949241905e+00 -4.662152754298480417e+00 9.833640940672623287e+00 5.080469913591446840e+00
-4.024022879361472960e+00 4.822576501117641357e+00 6.984826956825367361e+00 -1.807265949202395028e+00
8.040357367783371956e+00 -4.767034424705386186e+00 -4.081062105192982514e+00 -4.395214002807756870e+00
5.721153157707260739e+00 -3.263398799967024200e+00 5.926737776148094383e-01 8.485218872335806850e+00
-6.422972580429147094e+00 -7.447575255106633207e+00 -1.779687461042764318e-01 5.370644001545908708e+00
-6.262556203399361365e+00 -5.723255425311414513e+00 -1.431501636265355648e+00 9.440700053153175730e+00
8.352386461678250384e+00 1.128377784788358795e+01 -3.225258854411969356e+00 -1.027793498513202231e+00
8.273826366095377693e+00 -3.900726582609602477e+00 -6.121384005188542865e+00 -3.728093891953851546e+00
-7.617568803506381769e+00 -7.602220373997900182e+00 -5.787360758288078166e-01 5.714666022816404123e+00
8.358228420304319783e+00 -3.600952010336749609e+00 -6.661840888127236404e+00 -2.576524735161942026e+00
-2.872280493267540535e-01 2.728467327120612573e+00 7.438334406422286271e+00 1.400959689818763731e+00
-4.156687304838565522e-01 -1.151936669830023074e+00 7.172466538721011808e+00 6.978655081127923765e+00
3.674224168159988757e+00 6.298456851418285929e+00 2.229934257117062835e+00 -2.561260323756802570e+00
3.654990463900402720e+00 5.676469184794830092e+00 -9.347362194694779802e+00 6.116415847872280764e+00
4.767709992431274024e+00 -1.786657647803600923e+00 9.778870333414709792e-01 8.272145321088942183e+00
-7.098547563941972172e+00 -5.283047083840640923e+00 -1.025040243351332370e+00 9.247697945622638471e+00
-6.531059105944319043e+00 -3.745773411880276349e+00 8.913007611902877159e+00 7.996561475630274529e+00
-8.004183412733043568e+00 -6.826835816398619805e+00 -2.957770405957606208e+00 9.911452909797857203e+00
-5.803437503960273247e+00 -1.766253183045377373e+00 -2.423719043785771188e+00 7.746193172170743324e+00
7.735473484531170563e+00 8.980902759493721632e+00 -3.663341126307397833e+00 1.810243320173081649e-01
6.895444911460876014e+00 -7.473749147960246475e+00 -8.195674202963138200e+00 8.947810159506222050e+00
7.816134804595294305e+00 -3.507035350140963459e+00 -3.913084729383238258e+00 -4.785954366544872940e+00
6.705522625377829726e+00 7.934631227074485871e+00 2.625492739964094824e-01 -3.145992774176363582e+00
6.548097044350886797e+00 6.478258729015929696e+00 -6.552321599131558649e-01 1.348243188299147377e+01
-6.844835948287556704e+00 -7.988469876779282330e+00 1.244892752534277003e+00 6.260387348250235462e+00
4.204734607456798168e-01 2.211133735838612946e+00 8.911545947022492697e+00 4.920069395023771719e+00
3.895149686325619864e+00 5.946762632290319317e+00 -7.948253827498189317e+00 4.591384078947224445e+00
2.644888949505626030e-01 -1.034328552236148013e+01 8.042867232412826084e+00 -1.404093602313497113e+00
-5.826934900905440529e+00 -6.311361493952081680e+00 1.485735231233246356e+00 6.792996305871508156e+00
-7.573275418290895900e+00 -6.515665639144669896e+00 1.253760325951366328e+00 5.369174760441886463e+00
1.925879298055304112e+00 6.086417669627229188e+00 -8.891942765129847714e+00 5.527856937287101147e+00
-7.221059972038423425e+00 2.191470214159576102e+00 6.586983814343394528e+00 -1.608367644553437170e+00
5.147493897852642775e+00 9.931416086824180312e+00 -9.252029065720041245e+00 -4.515150840218597139e+00
-5.232927093352452985e+00 -8.418995887411466761e-01 7.362006469208763448e+00 1.383010598746062803e+00
2.674120612010989717e+00 3.924858399528442732e+00 -1.096569716014636064e+01 5.476327252710628812e+00
-8.285949850008705653e+00 -3.545745729304207838e+00 -2.073567705757386026e+00 9.093557648266029858e+00
6.561540782379220005e+00 1.119490114057125574e+01 -8.587978247733556003e+00 -5.848199962572603106e+00
9.737663589159350153e+00 5.931592299043384031e+00 7.829540267316683622e-01 1.218290656100851077e-01
5.910452748114033206e+00 -2.989205025990747888e+00 -2.019380100623376251e+00 7.241019959210092338e+00
9.025349037971354349e+00 -3.295654266771686380e+00 -4.786277133019869012e+00 -4.580977681672289137e+00
7.940900252896451406e+00 5.493384806643192952e+00 1.521592401078142309e+00 -4.656546693570597029e+00
4.049274700030182750e+00 5.152872775567693964e+00 -8.445028613445052512e-01 8.703331219400304519e+00
9.199883436664698877e+00 -7.051019977427058549e+00 -1.012867414721951853e+01 8.060282058039092590e+00
7.083468010611306376e+00 6.896239547729331676e+00 -2.383550524091682998e+00 -1.467041253749153285e+00
-1.328801762166295752e+00 3.440810909482380442e+00 7.495151309253545335e+00 -7.714083838384477865e-02
9.140383725521578739e+00 4.773012071130709799e+00 1.162907768185145407e+00 1.151136392625235150e+00
7.123262676503096635e+00 5.622634714653422350e+00 -7.304813351908503449e+00 -4.353834843628026974e+00
-4.721319681813783475e+00 2.945646433710587431e+00 6.035525348430878623e+00 3.218114567954511340e+00
-7.313906002292754671e+00 -2.321229566554098511e+00 1.122411297011407072e+01 8.345185664514440660e+00
5.998181915948633147e+00 8.528328916911572577e+00 -9.513385301405616445e+00 -4.350536085683863519e+00
9.493409795612690161e+00 -3.080937112273993694e+00 -5.568282952364914884e+00 -5.024485601324703232e+00
7.421930929125548637e+00 1.149937509347719811e+01 -2.892824703419444976e+00 -1.321121322966922973e+00
7.618606908739166350e+00 -4.051230465579522821e+00 -7.848981872799074999e+00 -2.315237288739472099e+00
-5.966307930839445994e+00 -5.045447454771034401e+00 -1.652338774928339804e+00 5.071080182682933035e+00
1.258566139284915764e+01 7.890828687707482914e+00 8.501487087544009613e-01 1.383508175467707657e+00
9.437858897413814674e+00 8.799462095870842049e+00 -5.139406155755560590e+00 -2.391426325093506833e+00
-9.674001904601396973e-01 -2.185289195252400951e+00 9.032914002292795175e+00 6.694632981638480196e+00
4.007786097857716001e+00 7.657973003583341765e+00 -8.693403531371153292e+00 5.553093181714275239e+00
5.989401116569224470e+00 8.656545801028219245e+00 -7.690301024608764635e+00 -6.301698416565541194e+00
8.479524731682472449e+00 -6.029771554181751370e+00 -1.066045581589795432e+01 8.032044785948073695e+00
-5.820369342056988415e+00 2.654280442327562550e+00 8.359043567246766671e+00 1.913984237108648401e+00
5.360792984001265360e+00 9.379357580771713998e+00 -3.869968410933133818e+00 -1.088093178832288954e+00
-4.232489327057908035e+00 3.339903074833445284e+00 4.650581129022005378e+00 1.993681218108106279e+00
5.345692946986249083e+00 -6.106713500360591240e+00 -7.790828196454848253e+00 5.758083764336528354e+00
7.107031710426233495e+00 1.032566188769576065e+01 -3.752515915511792866e+00 5.166432747838836104e-01
-7.611615333098665559e+00 -3.507420990278410144e+00 9.605088612267488557e+00 7.637263403132273254e+00
6.910239645396429431e+00 8.747571270535273058e+00 -9.721808360399192495e+00 -5.893845647414950761e+00
-6.901886546630612074e+00 -5.936177881663241784e+00 -4.385776060074315197e+00 1.084616554380472842e+01
5.891220586896603884e+00 6.103108737315880994e+00 7.860882980551386900e-01 -2.720649941568425323e+00
6.378133349709059097e+00 4.620695024415462981e+00 1.713155329917545044e-01 1.113532787840659033e+01
6.858359810845271909e+00 -6.036324221320950478e+00 -1.034557959801941074e+01 5.961017579151464574e+00
-7.292688923381304811e+00 -6.044584374124245763e+00 1.891692504199421199e-01 2.105741798300373890e+00
4.419342726896115181e+00 6.868407708322973093e+00 1.034595958300770890e+00 -3.233417977377511132e+00
-7.339332178961183395e+00 -5.748569672034745892e+00 8.861231645160306813e-01 4.105728985519172980e+00
4.264436128791182945e+00 5.936796519321312360e+00 4.226891674014318312e+00 -4.418878439691096283e+00
5.371865328696451947e+00 -5.728411903065381949e+00 -9.720156954426681040e+00 7.200112568809812430e+00
3.497537157691355869e+00 9.406918054936458162e+00 -5.144209325157103052e+00 -2.277258781932397724e+00
-1.952884947724917719e-01 -9.614037718523110732e-01 7.133636065209364219e+00 6.856646339282608693e+00
5.176081056148454707e+00 -7.616051758602294441e+00 -9.484217645659084539e+00 9.414975787161418808e+00
2.192988718331659648e+00 -9.663152093012566723e+00 1.233302416271578039e+01 -1.352639129151721908e+00
7.738497468795990208e+00 7.558056107279345071e+00 1.122454701755065232e+00 -2.503506342819543207e+00
-7.086223039632444376e+00 -4.240718751049477042e+00 8.728614446254043813e+00 6.889634040705941764e+00
1.150013228281970967e+01 5.960231957107913203e+00 -1.056972305841726190e+00 2.983718474090266248e+00
6.706087986938451984e+00 -3.782110395767097621e+00 2.821187432395145800e-01 7.142392026018511864e+00
1.075167767943956854e+00 -8.468210600308362146e+00 8.793212141348650590e+00 -1.713024113682265925e+00
3.303803696954181301e+00 -1.146241068825831277e+01 1.060516719393887364e+01 -1.417488047996454004e+00
1.131216144738886875e+01 6.097174512872308050e+00 -7.866088848022889657e-01 1.814161808621034044e+00
2.141918709246353636e+00 -9.236238289908163424e+00 7.456033693908434401e+00 -2.086010484572828894e+00
-9.730948392669976243e+00 -4.743553497948035158e+00 -6.358672960777395078e-01 2.919200642092276254e+00
1.034109672586081174e+01 -4.774748118850499878e+00 -6.041528798319231619e+00 -3.633765466741313066e+00
6.356524697514071676e+00 -7.284016632476538078e+00 -1.060242097703110709e+01 7.618039954866299368e+00
-9.699407332174275753e-01 -2.241531915949087850e+00 8.292887542750811747e+00 9.270037751317294905e+00
8.795220728156307288e+00 -4.934996813477801503e+00 -6.538296719688526437e+00 -3.508405559039967425e+00
-7.631398091291762498e+00 -5.572845136314068526e+00 2.527689392405419344e+00 2.335367339972765688e+00
-2.961723837580045426e+00 1.845830063423244072e+00 8.454740620501530302e+00 1.159367382645602129e+00
7.540203850925357720e+00 -3.076045209222236121e+00 -9.061367351137448622e+00 -3.910810578745878896e+00
7.612768587382033658e+00 6.557114300268285234e+00 -4.694355430432739951e+00 1.201054444787288400e+00
-3.048618952836233298e+00 -4.164736271879253771e+00 1.145223567509376039e+01 7.422388495870417380e+00
6.227061558889388948e+00 1.094244843432718284e+01 -7.230455934237758342e-01 -1.754694179371951268e+00
7.039610688551476869e+00 7.209167614759280696e+00 -1.217782701087740671e-01 8.328348546638727257e+00
6.931225499796708434e+00 -5.205885892252332781e+00 -1.024646758609531361e+00 6.199796584970521884e+00
-7.319330310246163762e+00 -4.961521464436106754e+00 -4.051169741253503709e+00 1.009776972789404148e+01
7.962739782336996086e+00 7.288500616181009306e+00 -3.997512826822854137e+00 -2.431055167463113342e+00
-5.534246152862469792e+00 -5.491155570762539462e+00 9.713737571609437182e+00 7.334972057994495920e+00
7.655108728562924902e+00 1.031285976405272464e+01 -2.274718146055084933e+00 -2.300187110137125401e+00
-7.580919268958510315e+00 -2.777874145371662884e+00 9.434099730043415732e+00 8.169314493454262305e+00
-6.071818277716524825e+00 -2.628257142738196883e+00 1.075294933111636198e+01 6.844296670161603480e+00
1.637953046753971798e+00 5.196989319946286656e+00 -8.957110984291748679e+00 5.289405409238619349e+00
-5.185493354562364487e+00 -5.165311020418189791e+00 -8.884162349138369219e-01 5.966038030181027629e+00
-5.695710814666476551e+00 -4.469815882192246903e+00 1.063171616302719791e+01 8.141108614219396244e+00
-5.971222976491031176e+00 3.042491502820934723e+00 6.429691818768515255e+00 1.076684948557135257e+00
8.876145298768118863e+00 9.604026547905125000e+00 -3.438848389366331748e+00 8.825795898492836411e-01
-3.359581078564729761e+00 3.608257598669162292e+00 5.061460551925599738e+00 1.650121009604432754e+00
4.074110344978271847e+00 8.133280140132384872e+00 -7.567787269225592972e+00 -7.563408746333934118e+00
4.612086514641558388e+00 -3.385165845667543749e-01 -3.429360874200204634e-01 7.159817382896024540e+00
6.613882531460962610e+00 -6.739811272068973125e+00 -8.857736348830048456e+00 9.046651979251880249e+00
3.866168013554815985e+00 -9.519432662526432054e+00 8.716737552136136102e+00 9.410046423252249603e-01
4.885883689900261118e+00 -2.567932238346876339e+00 1.820432477655151704e+00 7.680030146319455575e+00
-1.147255901157705793e+01 -3.581701997917729585e+00 -3.578114934161138017e+00 9.656825455699957317e+00
4.104529928412983253e+00 6.255772111250267997e+00 1.052147681348258423e+00 1.118827193858233038e+01
7.321416947141755394e+00 -4.046351793898192994e+00 -9.122703210908364113e+00 5.832569147751717864e+00
5.561110722106711535e+00 8.960963456997442123e+00 -9.219258227436709419e+00 -7.456037793154489890e+00
6.315647152016708787e+00 5.223892791656390422e+00 1.002658445117898145e+00 -2.317903797164487134e+00
-4.236304417780301534e+00 -5.365881428452466295e+00 1.087235310636350150e+01 8.051956937669460856e+00
2.890138284580173078e+00 2.683012920734617168e+00 -1.082065962868626130e+01 6.074794883195437478e+00
6.628481093764884591e+00 -7.480163666402743772e+00 -7.417130326372488369e+00 6.426013104732601455e+00
-1.012321666975617873e+00 -1.618690014753897621e+00 7.381900017802331959e+00 8.611049723071809936e+00
8.592843299535616097e+00 6.344207926808334896e+00 8.311074207618255327e-01 4.405019290693761747e+00
6.954024467503576723e+00 -6.870343504838789528e+00 -9.897872239838729769e+00 1.027970195300303935e+01
2.587072544555101494e+00 5.395390326769119227e+00 -1.676380710417993969e+00 8.268100764587414275e+00
-2.751319417302566794e+00 5.073132134146580707e-01 6.838674951476747310e+00 4.908369887680333221e+00
6.468197647853361154e+00 8.840631940981969805e+00 -8.831621677591417807e+00 -6.527211691756369838e+00
6.324809792085983595e+00 7.196330553313820211e+00 -4.187842538231317135e+00 2.856473268790713504e-01
7.920508808069107509e+00 7.223650298349592269e+00 7.178561211920354568e-01 -4.260268247558842702e+00
5.881597783719461958e+00 4.961072250601889166e+00 -4.019834726883062537e-01 -1.172671577771190243e+00
5.573733459739933060e+00 -2.507860080805414338e+00 -4.634985949988326137e-01 5.705494587409431162e+00
7.740660555080344452e+00 5.274917424572002744e+00 6.140565230373040695e-01 7.403338765996196891e+00
4.470434232508229577e+00 6.844021166390653832e+00 4.923199677706371347e-01 1.097956471605934325e+01
6.408034944950326661e+00 -1.487003871925675513e+00 -1.020570617666508140e+00 6.438861855128465095e+00
5.726410935792191736e+00 -3.812468859091482365e+00 -6.620699230448952477e+00 -4.943536509305348048e+00
-5.140460580148252134e+00 1.994099240589317645e-01 5.557825859234019283e+00 8.800448794754875959e-01
5.792855498925519875e+00 9.692225795045224856e+00 -2.446068148388660379e+00 1.971505921655909876e+00
8.072938654322797447e+00 -5.195128903165990408e+00 -8.105493215904111537e+00 7.402120833362761942e+00
6.650587735047855276e+00 9.504878293658245880e+00 -3.356152349886261543e+00 -9.634718070551309133e-01
5.804519176743452746e+00 6.088543071346023794e+00 -1.091672377223871138e+01 -6.071683298922025074e+00
1.039543337523498145e+01 7.444497985525406314e+00 -2.367632037823181879e+00 1.606926089118639434e+00
9.619052155202460597e+00 7.400946140077952151e+00 8.719957307850683126e-01 7.169040989954048593e-01
-2.142927000402198523e+00 2.479352118149367179e-01 3.958598714569897314e+00 1.818549831418668328e+00
8.345768527118899271e+00 -7.013776968574674697e+00 -8.778409532902955448e+00 6.495759224968039369e+00
-8.833135586727040689e+00 -7.001028393257168858e+00 1.129420631883955028e-01 4.429453038351769401e+00
-4.653962884178228343e+00 4.559351797944377616e+00 4.078370648149634903e+00 9.672512023996039376e-01
5.101509174819629067e+00 -3.593189470427015308e+00 -5.729992887700336990e-01 6.596511737685367471e+00
9.024512661018704307e+00 9.242954814865722568e+00 -4.238218538616613351e+00 -1.605683934651041866e+00
1.043866855119733472e+01 6.225195259875503595e+00 1.667613964010472349e+00 1.570139629819581994e+00
2.948585622349617186e+00 -1.014240824614035574e+01 8.557029540946537338e+00 -8.823228877088975519e-01
6.387901763676534728e+00 8.511003189258422807e+00 -4.912222179932311805e-01 1.233729638871559331e+01
2.094648314002105494e+00 5.883542502710956690e+00 -1.033553961296514956e+01 2.315236303549659258e+00
8.717143350443983252e+00 6.545191889693598775e+00 2.393651628211426186e+00 1.972923123737021500e+00
6.471621717831319565e+00 7.743149647690287907e+00 6.683712461561058804e-01 -4.343916236265112474e+00
-1.617927708481308180e+00 4.664188898750208923e-01 8.755882896388637704e+00 7.580094435596388180e+00
7.647529834557917461e+00 -3.850965223822854888e+00 -2.950737251355846080e-01 6.448596498042118874e+00
1.143535409544742532e+00 3.543672351917619867e+00 -9.103354963819672463e+00 4.519828820388815060e+00
-7.730119562650168419e-01 4.583430876167160939e+00 -1.066592061456438856e+01 3.569435353053904691e+00
6.571310015175745534e+00 6.455864398669305615e+00 9.645569569691860856e-01 -4.226546220041057289e+00
7.797183630565937662e+00 8.460552210148104990e+00 -6.005108864776712352e+00 -5.919106357778707306e-01
5.976541335118091602e+00 5.264569871405074153e+00 2.335609343220159673e+00 -2.531245807189100194e+00
2.755935359180241573e-01 1.791385825771938833e+00 7.202552421445820308e+00 8.292564221023923210e+00
-9.079849849305111631e-01 -4.003605308019793085e-01 7.256130512099910668e+00 5.999210043541042481e+00
4.688348963392979130e+00 -4.166647287796006793e+00 -1.252081558260838001e-01 6.293472074955410278e+00
1.089053929837549006e+01 6.971851778824782464e+00 -1.202519458024943422e+00 2.020428803902387660e+00
1.180880326862120278e+01 8.045882869340982069e+00 9.940365263109592897e-01 2.063153144588900201e+00
-7.048579646858968317e+00 -2.823454777958440243e+00 -2.673232117464532820e+00 9.003690453526264292e+00
3.289894514500226741e+00 -6.373204220517338925e+00 1.163920693973381759e+01 2.106244708313422809e+00
6.621331973965107309e+00 6.803804112709804564e+00 1.644341037991944976e+00 -3.926429232356367649e+00
6.772183783890447728e+00 8.557941918865740405e+00 -5.832741244956453741e+00 9.459501841895634477e-01
7.065086028943585283e+00 7.375731450737433192e+00 8.880411355849855415e-01 -1.868457542847604014e+00
-5.177539163553438684e+00 7.171294347333936336e+00 5.206817156801722746e+00 -1.581001686584082577e-01
7.868571268344627612e+00 -2.755936567848593644e+00 -5.557417611498773446e+00 -2.935517600303500174e+00
5.471173578566119744e+00 8.762544036855262064e+00 -3.017450245687238741e+00 -1.616597177897313387e+00
3.161488124783843556e+00 -1.012717617107470325e+01 7.347644753998868516e+00 2.510874880463579206e+00
2.059449999414308063e+00 3.875440631200964603e+00 -1.052419558322299942e+01 4.765529276466438091e+00
7.200938250839716837e+00 6.154649326314427960e+00 1.100115179972780410e+00 -4.531536283022841616e+00
7.535523419245307331e+00 7.015239211688454546e+00 -2.916818706288072605e+00 -2.800809151080276393e+00
6.197678587900715463e+00 -6.287795497552087554e+00 -8.593947727297370776e+00 5.837091546391962815e+00
5.851977526656185979e+00 8.526009427055335266e+00 -1.663577072884646180e+00 9.240938400999989533e-01
6.034705842723071534e-01 5.868743435609974135e+00 -9.241139695609183136e+00 3.765384417813765872e+00
7.605590446711881114e+00 -2.966646132032749961e+00 -6.540723636129589735e+00 -4.101783276223526009e+00
8.668731089717041982e+00 -3.831176340308597439e+00 -1.794876138671924082e+00 9.538136530737062913e+00
2.818855127641455738e+00 5.551978980814162412e+00 -8.729946234441305464e+00 4.952219599239090719e+00
-3.501298645835285495e+00 3.157043837401187769e+00 6.811004902615620082e+00 7.057624013018668485e-01
5.993494937261307776e+00 -3.501098785507526845e+00 -6.180260929685500670e+00 -4.016687022974966048e+00
7.314793387092853649e+00 4.967266504359487911e+00 -1.551015547073016920e+00 9.196632691727408826e+00
4.877457562435962402e+00 -4.967950490936311247e+00 -1.026901793583751576e+01 8.211231927431565936e+00
-6.515039547010308851e+00 -4.690009719060068250e+00 1.009324225391630669e+01 6.639735563905015070e+00
1.570498112776451682e+00 -2.657877448081873428e+00 6.742878625221522704e+00 8.306985413762491888e+00
7.258675714714764027e+00 9.047585942942999893e+00 -3.058871897028921705e+00 -1.196129920649578349e+00
4.294141383790666566e+00 -8.725161807663237568e+00 9.616997975547693756e+00 3.697315940277055568e-01
3.351759198522914485e-01 -4.657375314472139705e-02 5.275377088140167814e+00 7.759428224127939089e+00
-7.476915293117420092e+00 -4.148746649623434202e+00 8.801119746156761181e+00 7.445363992740022141e+00
-6.997442441665213231e+00 -6.650365471952419227e+00 -1.801602735189261173e+00 5.399094014981078438e+00
1.984441226907747824e+00 3.543049035414109760e+00 -1.181693865215924788e+01 5.634153691963337707e+00
-7.871089663637751421e-01 6.299606638746954701e+00 -9.898090488379100549e+00 4.264374698366363958e+00
1.273647044201604350e+00 -1.620197319228009691e+00 8.348888665669827347e+00 7.383888158500645282e+00
9.045971419458590290e+00 6.426716572461176114e+00 -1.240164758384664445e+00 2.173858358285913894e-01
7.354831085997481921e+00 7.436523908974037589e+00 -7.540099562679884571e+00 -8.569351699789585552e+00
-9.766369706058217304e+00 -4.931275553526423217e+00 -3.397561148709968837e+00 1.156562937380689604e+01
3.719883415616316746e+00 3.419509660904496595e+00 -9.592669305505545196e+00 1.552447908352252881e+00
-5.956831932401058793e+00 -3.742531946189529446e+00 -4.848412369569723990e-01 5.338521424175393548e+00
7.241774543460357982e+00 -4.734118436366125060e+00 -6.229333695394271508e+00 -3.865324931992653923e+00
-3.913275963118138634e+00 5.061770141283696844e+00 5.497991521339962162e+00 -1.386129353337351544e+00
-6.998896716251940653e+00 -8.488701793199709300e+00 1.147448564476290400e+00 2.163133693357243814e+00
4.170712182147522817e+00 7.868615937713336450e+00 -1.180057026586437408e+00 8.560589832144639644e+00
8.787569981089905724e+00 6.136011179068198373e+00 3.524833816995733282e-01 9.551422961374163023e-01
8.117448145939459181e+00 -2.639618735463255206e+00 -5.965071515774800659e+00 -4.335361451671613686e+00
-4.802471600176369648e+00 3.905013383278469696e+00 5.668179303800337188e+00 1.635823856849257352e+00
1.096237265769081759e+01 6.554641567054486195e+00 -5.478181759085174463e-01 2.267722139581912266e+00
9.038130536524953129e+00 -5.514017697132171492e+00 -9.949642712774453557e+00 6.659559534491039656e+00
-5.586727780379215247e+00 -1.918331966736100291e+00 1.107743823283678175e+01 8.231321309381204543e+00
5.152865071784046513e+00 6.669814893388003263e+00 -3.133864127135932875e+00 1.156849870984409456e+01
4.669345569715805944e+00 -9.557977628947007531e+00 6.896370630269233359e+00 2.400388292781951427e-01
9.088693395422227539e+00 7.180709352329114559e+00 -7.378437699088277180e-01 2.355663037817854466e+00
2.538160172969099015e+00 4.163668605847956172e+00 -8.387095388292015841e+00 4.899256952983531477e+00
9.455969367036704654e+00 4.996956026697932707e+00 4.024547295845368744e-01 1.706356233526501898e+00
6.079299704831632845e+00 5.883469849040293020e+00 3.231187548342236981e-01 -2.167878109592479063e+00
7.879172528817596444e+00 -4.020653981346264949e+00 -5.966156044301072825e+00 -3.442067748860778931e+00
5.618175964813378442e+00 9.401507309232142617e+00 -9.773491501918458724e+00 -6.416441447818787225e+00
-6.299030266217489071e+00 -6.081072780203060191e+00 -2.778084351988086897e+00 3.696839127622001619e+00
-9.060578175431405867e+00 -5.636824914227507755e+00 -1.238940891329376903e+00 1.164121837209764188e+01
7.506210866125477388e+00 8.582661832310273908e+00 -2.796042352778798978e+00 -4.024547005580796366e+00
7.937334776311053552e-01 8.992810845130618791e-01 7.287087877987190154e+00 7.869030270976479002e+00
-3.887338683435404008e-01 5.066182646665991385e+00 -9.091123718070663884e+00 4.352010623364682473e+00
5.307172639892157484e+00 -2.900689522261007181e+00 -1.593248856855912887e+00 9.602053069648118111e+00
6.251758173477336200e+00 5.889144252501792742e+00 1.501626747239982240e+00 -1.614123550613461466e+00
1.046162566107991054e+01 -1.989320305263437838e+00 -6.691882391051105827e+00 -4.297435455116849212e+00
6.853123197495289531e+00 -6.212285146194494345e+00 -8.928138349641077554e+00 5.912098337090500699e+00
7.889236274177709340e+00 -3.110703909338749185e+00 -1.386880725727947850e+00 5.033263989604357391e+00
-4.880983963453012997e+00 5.109186328669638399e+00 4.342192831734901226e+00 -1.150619896192299985e+00
-7.183598117005685069e+00 -1.052914745974213862e+00 8.816405852922905240e+00 6.769002766608282151e+00
-5.305228633704469843e+00 -5.420078966050677849e+00 7.799040332667908970e+00 1.164624747367447100e+01
2.681106928608705253e+00 3.497976711250997628e+00 -7.005466080167030540e+00 4.723013918627998464e+00
5.394950474459540679e+00 5.929279558506306280e+00 -7.426239960103276694e+00 -7.263336358170509932e+00
-6.416652863715739841e+00 -2.459550788409156308e+00 1.023637822296724842e+01 8.976206930192521583e+00
7.495296616766703224e+00 9.265406782933665042e+00 -4.696543168180708605e+00 -2.530984095347789786e+00
-6.193137444509903666e+00 -3.479223648200264751e+00 1.012004451186225751e+01 6.996184947823281597e+00
7.935118390428295143e+00 -5.900889926860307000e+00 -1.074518286203355721e+01 6.036499508304639328e+00
7.125482996461500740e+00 -4.547329764650779538e+00 1.708438893929790092e-01 9.098322434201643105e+00
-4.266549167311242563e+00 3.561682795584185879e+00 7.081610525991672844e+00 -9.297490466936308984e-01
5.183197371582573432e+00 -5.917721781390349989e+00 -1.710695323452882111e-01 6.628126127347087504e+00
4.606953871339874995e-01 -1.681087495308405400e+00 8.066229754545330977e+00 7.924869519343746838e+00
-6.983809807829865157e+00 -4.477889049384126352e+00 -2.072560996163161473e+00 9.644851056147764723e+00
4.265169003789255342e+00 -2.846200633590800777e+00 2.997379748403244948e-01 8.145913392750344428e+00
-3.868681618524186128e+00 4.818952700852750404e+00 6.784142543267342340e+00 -1.689543293256829948e-01
-5.620167848023307045e+00 -5.460880515928676182e+00 9.115967684670335913e+00 7.429704802564553567e+00
5.648619123826674304e+00 -2.608300168113620199e+00 1.967144181241803569e+00 6.198245782810618998e+00
9.987567435881384625e+00 8.065483898238449356e+00 4.162453916253524011e-01 1.237954442657577037e+00
-3.731132605495128818e+00 3.266282567015468263e+00 6.309723030240817820e+00 -9.717394962989198692e-01
4.359428038676583128e+00 3.589196034646226163e+00 -4.170852721957413189e-01 1.359237606493483241e+01
9.123502065358747970e+00 5.387291547689114779e+00 -2.665076738825735703e-01 1.196408041147435597e+00
7.614348732326072344e+00 8.866504729105892935e+00 -3.440424288094528382e+00 8.506547861227429230e-01
8.944969539674969994e+00 8.139883230201679254e+00 -6.274985710533809158e-01 5.382007024125844419e-01
-1.009290896066527665e+00 -5.770974393887942089e-01 7.412492453644479617e+00 8.168171841343539796e+00
7.493696331655092635e+00 8.924702534427124689e+00 -3.067575509558436941e+00 4.776414354644038518e-01
5.399858331257396671e+00 9.604660110059281664e+00 -8.351925217372629717e+00 -6.068305578828488756e+00
4.103843176296317452e+00 5.990356710747750668e-01 -1.409611311863929295e+00 7.411637081624260048e+00
3.029216380623679150e+00 6.017627703017843999e+00 -1.007206737897298154e+01 3.946580184092553178e+00
8.984833539727725693e+00 1.113835239257714704e+01 -8.569023431545778280e+00 -6.007858527969657025e+00
7.971149772277047241e+00 -1.016858174980101559e+00 -7.454020245361652641e+00 -5.398168043841771180e+00
2.552597822866383037e+00 -1.079065199121454555e+01 6.123114830627126359e+00 -1.561944955586665795e+00
9.740771809491754141e+00 6.768574043740176904e+00 -3.758490695698979422e-02 1.464042011305352275e+00
6.046341122927200828e+00 -4.143742957487856593e+00 1.117371829869232336e+00 7.357550971238575599e+00
2.011100161128055674e+00 -1.119106319078931477e+01 9.378115331744517391e+00 1.594523197277949889e+00
-5.493743382769096684e+00 4.251600063031935939e+00 4.616995021211542038e+00 1.282657411606777043e+00
-3.378130519122044095e+00 3.788774010021648486e+00 6.051950687143375696e+00 -8.190995143572432635e-01
5.056818408092512485e+00 4.466064280242036943e+00 -3.424273888847952918e-01 -3.011574352316037206e+00
5.236160834069915282e+00 7.512599416726568613e+00 -1.065814783551610079e+00 1.242710262131980592e+01
4.671546957913060183e+00 6.262628065368661012e+00 2.472036686244960535e-01 1.040460116781144784e+01
5.211512295092324720e+00 6.812109491108151005e+00 -8.115579366398273820e+00 -4.004038829702412094e+00
4.294995374124048748e-01 -2.095574822809866511e+00 3.992275946885520899e+00 6.903359427887119537e+00
-9.715343837894345747e-01 1.895029785631589636e+00 7.479152613294438368e+00 6.725403571518633328e+00
8.590223531507472643e+00 -3.524460974499666222e+00 2.863151449340770593e+00 8.836073236844423917e+00
7.172450083751386707e+00 -6.541175301206784809e+00 -1.034138507685039698e+01 6.827120755793817608e+00
5.378836432922835087e+00 6.150670628274724550e+00 -1.324844806301330058e+00 1.043214036682628176e+01
3.526676638260970442e+00 3.721733708189918222e+00 -4.046249812278920888e-01 1.006874984260839945e+01
-4.526645693332568499e+00 2.759795442192978232e+00 8.967373748960987712e+00 -2.359382426198737281e-01
7.603062289551385966e+00 9.600418647035223074e+00 -4.256997059894659152e+00 -2.106796317114593808e+00
-4.954262840975321325e+00 2.645286452946318700e+00 7.748016258904121045e+00 -2.681347266368459881e+00
-5.792650478687566995e+00 -4.406202773136145723e+00 8.988043178508572595e+00 8.629798776123243087e+00
6.046012367484671302e+00 -1.516111293266828142e+00 9.410142347456368350e-01 8.439761709096085696e+00
-5.075746004908856523e-01 -7.164891530977277601e-01 7.713579444483464442e+00 8.041859150436472703e+00
5.639047832195691612e+00 6.852931957861777335e+00 -4.287577375459517559e-01 7.182715040284906038e+00
6.434317241209179805e+00 7.592276986793208948e+00 -1.671735515879017919e+00 7.198782366595284365e-01
6.621774577765926040e+00 9.056164884455702335e+00 -3.748487275695957077e+00 -6.348196122589264689e-01
1.642747444870438889e+00 2.633600810591851360e+00 -7.559805710807223633e+00 2.535167831257656879e+00
6.668345234069834149e+00 4.963407783786314198e+00 -2.748645096039192826e-01 -3.247557935215297231e+00
5.020904844278037515e+00 6.422284204081528003e+00 -1.431368829883481464e-01 -1.268796775773173513e+00
-6.969741297550359427e+00 -3.866678874920559394e+00 1.002923871409695344e+01 6.995943060224608878e+00
1.529213273114992999e+00 4.592220278844519221e+00 -8.360425079669058235e+00 5.597949638576451115e+00
3.930990751482211110e+00 3.975348452374727337e+00 -1.482504666920090752e+00 9.944739103325135332e+00
-8.047089785783771987e+00 -5.428441953661340413e+00 -2.441879918996842314e+00 1.069678884116167694e+01
7.789214461059470906e+00 -7.862054896543892113e+00 -9.247824607191889257e+00 6.940950872872836186e+00
9.513358402964858129e+00 7.788681067883944209e+00 3.036252140114809039e-02 -6.527250484035351796e-01
7.693129814209563655e+00 9.151554540179732911e+00 -4.599327776424329883e+00 -8.273757577164686516e-02
4.872280965832410438e+00 9.273329690997332619e+00 -9.152736928417224860e+00 -5.641092138860853922e+00
7.536199545588068816e+00 -2.367462782428712664e+00 2.224521544867611222e+00 8.214082631011676128e+00
8.154715243925231505e+00 -7.658202400862858639e+00 -8.651346873442689045e+00 5.484147765740001290e+00
1.046620411575134924e+01 7.770331160863626963e+00 1.884389348944097708e+00 4.992175173913571129e-02
5.962094090009712133e+00 6.872467999378315540e+00 1.549490167260043627e-01 7.492832756910688730e+00
7.136491654780138028e+00 -7.375982582086032302e+00 -7.645716822828402037e+00 6.212123110683013927e+00
6.758735879523373846e+00 -3.926209166658457761e+00 1.021291171829611377e-01 6.222106221196932019e+00
4.612508930869491763e+00 -4.450442628909806686e+00 -9.781578433658344451e-02 5.846947118956777878e+00
7.933412252590286151e+00 -2.711950654425879570e+00 -8.148526859307052561e+00 -2.805628205357687310e+00
7.570517770042550332e+00 -1.531651865600796025e+00 -4.920601586032528729e+00 -4.655461298164215833e+00
6.306478797276453996e+00 -4.260957859205521281e+00 -2.226013792273073832e-01 7.222731809543730286e+00
5.087655552317994712e+00 -4.821860081330317627e+00 5.681817448964554540e-01 8.574839390940887540e+00
9.624084967153233805e+00 -2.796159452640063048e+00 -8.988188843944570294e+00 -3.278136208876039071e+00
2.230590502026805755e+00 3.582095074893781650e+00 -9.363253012251693264e+00 2.600764710860786089e+00
-7.438142893154444657e+00 -4.488056024474460948e+00 1.005504117726031232e+01 5.880085693749792952e+00
5.448196057385697344e+00 1.196585998641240067e+01 -4.010895107628593692e+00 1.518578668404753085e-01
9.802678791883110421e+00 -3.866997899638274561e+00 -8.945952972333955699e+00 -2.814782588995850432e+00
5.470055105460798650e+00 6.617137613048337030e+00 -1.189722991268834296e+00 8.168812434810046597e+00
5.519949980002525791e+00 -2.634695965873249168e+00 -7.611472944528683282e-01 8.007393453226812952e+00
5.937279925938153013e+00 -2.589393610327794804e+00 -1.201795911599384148e+00 7.724496775439770424e+00
7.749937047988533223e+00 8.400569484803618536e+00 -4.250383664715911891e+00 -6.330330133237692669e-01
-6.236277058675093521e+00 -6.154996032207939116e+00 1.528208912428791200e+00 4.716596459723393586e+00
-7.092654159749679721e+00 -4.979801347622357710e+00 -2.491121473186137525e+00 1.030808083892526561e+01
-7.034203724381729472e+00 -4.533994524738817589e+00 -2.157930938522873987e+00 1.018641900489191876e+01
8.298358356263502600e+00 -5.776866623649373977e+00 -8.080419473562379551e+00 6.130242086637924359e+00
-7.746494365986658970e+00 -3.882597037269130080e+00 8.845434383648353105e+00 7.982895417937122318e+00
5.648605038653446542e+00 7.935431571128785500e+00 -9.276353137583342345e+00 -3.498180041784106908e+00
3.688622787737460218e+00 8.988646955662844107e+00 -5.140605988661426373e+00 -1.556868243496374760e+00
5.168940765486690125e+00 2.560113998794209422e+00 -8.832202142904044262e-01 9.143877983931059106e+00
-3.248763878121559312e+00 4.966514255880498663e-01 7.976370294337867151e+00 6.665322437616975293e+00
6.546904733239813368e+00 7.348445816377182638e+00 -6.122788105927712277e-01 -3.999325518849404126e+00
-8.107455537567108905e+00 -5.019292872578793308e+00 -4.191880598805298064e+00 9.652217905941851583e+00
-6.197586797433896955e+00 -4.440047647253367202e+00 9.507678316522266471e+00 6.917354872850523861e+00
8.431247631304580992e+00 -5.227068226528524875e+00 -8.614316211686571023e+00 6.428286369890722440e+00
8.179999980986830010e+00 -6.502682046399535842e+00 -9.613979199359492966e+00 6.177244961360411679e+00
1.881217425308887803e+00 4.966992735352826038e+00 -9.457817426634179014e+00 3.924915441803898286e+00
5.293093681477294865e+00 3.913688790805262663e+00 1.453863702004243308e-01 -2.745182304043550126e+00
8.572795755129474671e+00 -2.502891475464546822e+00 -4.854968106766318847e+00 -3.345786981017431660e+00
5.526399053968180652e+00 -9.266823073294602864e+00 7.532191854922207774e+00 1.642704128046232337e-02
-9.058895384666663109e-01 -1.494005035111362067e-02 5.824180160295815867e+00 7.999999278960363114e+00
-2.462722543123570418e+00 -1.714270106340413657e-01 6.859208202551790201e+00 4.846261366920596281e+00
4.949066417380947769e+00 8.629373555266951712e+00 -9.822015522695904721e+00 -7.080950474347855739e+00
6.105245133974441352e+00 5.775931636766017618e+00 7.628837936379244677e-01 -2.066831636401759376e+00
-2.873828165757796871e+00 3.239026377700330306e-01 9.547136269618963667e+00 6.991399885046804208e+00
8.335165573698011698e+00 6.844688695078700036e+00 -9.083464671329073425e+00 -2.827618177957768264e+00
-3.839675738544337857e+00 2.931229028330885722e+00 6.536424826627219353e+00 -1.868731178897356404e+00
8.263375153610384771e+00 -4.502964951275877148e+00 -8.266607761692508660e+00 7.044777633361399616e+00
6.578882750938156221e+00 9.889718150326661572e+00 -2.921441630649427523e+00 -1.091511570938291431e+00
9.085628057287413739e-01 -9.766160084317785817e+00 8.781069226392581584e+00 -9.721862241424004125e-01
6.978426932687885831e+00 -7.335293018533757703e+00 -1.020908527335622829e+01 5.066940656165839663e+00
7.752882596525117798e+00 7.877689704740411081e+00 -1.024645237841138545e+01 -4.393545735944100805e+00
2.931029529184459470e+00 6.566140546718180815e+00 -9.369703334623626034e+00 5.660107309538819464e+00
8.253534332731579326e+00 9.827511482799904385e+00 -2.497218857283655336e+00 -2.274122741351213506e+00
1.561777467126724606e+00 -8.574573264451901267e+00 1.005186401723412715e+01 2.272061253920561352e+00
1.800992172326789653e+00 5.315836440209443126e+00 -1.002068089395446471e+01 5.213165955452224942e+00
7.200731887270542586e+00 -2.796544078575196934e+00 -8.833750889004028384e-01 5.900475788817641565e+00
7.550698804717314694e+00 -6.316432695857224111e+00 -1.031361278382930813e+01 8.271968320380640449e+00
-5.135539451089336183e+00 -3.080818376687344262e+00 1.037584016713195822e+01 7.673226112959290468e+00
-4.877869100397274948e+00 4.677134501054053928e+00 7.178184435558537579e+00 3.380223974380292873e+00
-5.585646631561693276e+00 2.401676997525733714e+00 7.514775960382174880e+00 2.098948069516481107e-01
-5.923431644000189067e+00 1.938201493863585867e+00 6.289259475974160907e+00 -3.204446576850992212e+00
6.563742006550632446e+00 -6.785862153139015085e+00 -8.120484679372276915e+00 8.495556748225215671e+00
4.177833748840316108e-01 1.379044907233966111e-01 5.198198967438592888e+00 7.017104667060413803e+00
6.042180437655838787e+00 6.561373848509976625e+00 -9.640504758310409983e+00 -6.697371267356912128e+00
-7.831714495458507841e+00 -7.719126102526302269e+00 -6.607602466221088600e-01 4.304288378518323022e+00
-8.711007947742949176e-02 -1.462302459452874404e+00 7.633114662659840732e+00 5.873191425368968765e+00
-9.016015915085533905e+00 -3.696325650707874111e+00 -3.058989321556958796e+00 1.134324573677108106e+01
4.993877877750058758e+00 -5.177473502975726838e-01 -1.345621445343023304e+00 6.923844592753729543e+00
7.198940277674975796e+00 -5.572286860996652713e+00 -9.785788109515451083e+00 8.459188919436014586e+00
2.441464512120951724e+00 5.970228515482956411e+00 -2.526757463869746534e-01 8.853218813574633472e+00
3.432166495186238286e+00 -4.282455007867260299e+00 9.898914565070549010e-01 8.743179163144880306e+00
-9.046238821014499720e+00 -4.388582922920858387e+00 -3.676130522190538485e+00 1.005541391712231736e+01
-5.761563410637250193e+00 -3.666004158993471762e+00 8.628214032199366557e+00 7.152722126652236945e+00
-6.619892018260662425e+00 -9.134256478403546708e+00 -2.125524402058284412e+00 1.191744442039434659e+01
7.885579048250039857e-01 -5.423909831742571575e-01 7.548079948351757551e+00 7.363501329777646376e+00
5.710945402109877556e+00 7.043906651566700816e+00 1.069729011538032015e-01 -3.331131931981611061e+00
6.797298742866589194e+00 7.674672672729724532e+00 -5.145458333494040915e+00 -1.388459359402383742e+00
1.432962853906190492e+00 4.867524831067105318e+00 -1.096919584067828346e+01 3.470204955303562766e+00
2.452916160257014422e+00 -9.802912051242696378e+00 6.903885562461861802e+00 -2.550497852778111696e+00
6.830626628684970392e+00 5.469093128130401382e+00 2.774591084229082405e+00 -2.312910473765036556e+00
7.458003356028310549e+00 -2.022122343268332401e+00 -7.266853977076493720e+00 -3.175192489319705658e+00
-6.268489838184290619e+00 -4.137429359536389128e+00 1.124273326826258490e+01 7.254167019560476604e+00
5.758508795733033203e+00 7.381999182485095901e+00 9.890043046967812446e-01 -3.377916704711347862e+00
7.635001440754389801e-01 3.595648738418031343e+00 -9.068552593035432707e+00 2.413924970129500913e+00
3.162219933090233415e+00 -8.129085377425722569e+00 9.760860492596082238e+00 2.648440329681640115e+00
1.677681361717048070e+00 -6.748982496155118582e+00 8.517552778931355206e+00 -2.850529874432492505e+00
-4.708032125754201935e+00 -6.592979881926453345e+00 2.064139548457064155e+00 5.079862697210663747e+00
8.380335534414001586e+00 -9.019553726530662452e-01 -8.495517700275593498e+00 -3.017253218286910954e+00
5.395863993206033271e+00 9.323320606919420328e+00 -8.769947171501888405e+00 -5.770060407991326912e+00
-3.046550251314683599e+00 2.483470504272984325e+00 4.998009641869509245e+00 3.214272606944832411e+00
7.525346233650488159e+00 5.707781110859176721e+00 7.055056643818420348e-01 -1.988496512961901663e+00
4.240569887545223793e+00 6.745449734462216185e+00 -1.293892065103567912e+00 8.652768413009621185e+00
5.800569522260383692e+00 5.385527748118752456e+00 1.027682100311406721e+00 -3.316442999395972535e+00
5.809805116803524960e+00 -3.362941001078602721e+00 5.193691827093274149e-01 8.817683970079752243e+00
5.689025745333206707e+00 6.528975621194007317e+00 1.645478482809803467e+00 -2.938924371124489454e+00
1.018483946448249178e+01 -1.945941605957007159e+00 -7.004304558263594771e+00 -6.385177083960305922e+00
2.026140049891168360e+00 -5.870638886288378266e+00 7.948374266253368070e+00 1.448602777387214546e+00
6.692556581685908945e+00 9.163099528742199240e+00 -9.900941768979153679e+00 -6.970913489709910316e+00
4.567869669863686255e+00 1.060168828088716353e+01 -4.088119202269144381e+00 -1.195328596217251516e+00
3.731480621782668372e+00 4.677973482392093985e+00 -9.157141847973182536e+00 7.196621852568320321e+00
7.318685317231681253e+00 -4.662854866140881960e+00 2.896902290796879997e-01 8.472425096225434160e+00
7.387629855459979744e+00 -6.904657892262871854e+00 -8.398254169295874760e+00 5.925587621113775683e+00
5.781037666219399185e+00 8.790811114738698251e+00 -2.501430423783868484e+00 -3.261966854538516092e+00
-5.578336518673610911e+00 -9.331085866041529897e+00 -7.079462721849200113e-01 3.882486472467250760e+00
-7.381383205182848073e+00 -6.616273259715494959e+00 -3.844943962206665677e+00 9.257883252812733943e+00
1.052848320365975709e+01 7.334116832370571437e+00 9.391770166526174357e-01 4.091173644209136206e-01
5.050356635782923043e+00 -3.639470007579989286e+00 1.315738592826532161e+00 8.935649632112225405e+00
7.459271533636594675e+00 -6.058581269269079250e+00 -9.352080438064751533e+00 5.153923306420657546e+00
7.397969866437993147e+00 6.007788638823237548e+00 6.935043314129016867e-01 -4.696094263432333271e-01
7.201564743065225649e+00 -4.476881777126443751e+00 -5.471819878032243345e+00 -4.019227650787220441e+00
1.122298034477272832e+00 -1.081800522640695839e+01 1.160416592674217640e+01 2.545977627678221555e+00
8.362508055013261554e+00 6.749858210643949974e+00 -1.505337544294469643e+00 6.414942426792233920e-01
-1.101614338608558397e+00 -2.197262375786726452e+00 7.678547297362689150e+00 8.498127667591315770e+00
1.955951071245620732e-02 6.448385536280645702e+00 -9.402565739826602709e+00 2.638169509188509565e+00
-2.226478219434387285e+00 1.176004673741860129e+00 8.505984377892675141e+00 2.758638132829605016e+00
1.014660520646143560e+01 6.966106481901591430e+00 1.128228352191547046e+00 6.911156282897120695e-01
7.291785881080750542e+00 9.416346779546184820e+00 -8.655681513352684320e+00 -3.003758424277187977e+00
-6.911385385030492046e+00 -3.383341190674246324e+00 -3.081014128798145180e+00 1.033739230806996368e+01
-8.064466887981602383e+00 -5.857365744741612090e+00 -6.241174497067762950e-01 9.488406607370398760e+00
-9.064773587558047296e+00 -5.531942398253924864e+00 8.114103629629031644e+00 6.954957286347993595e+00
-8.731230788349897409e-02 5.515766188345730292e+00 -9.054365856539495994e+00 3.270790369457764246e+00
9.260155132290250890e+00 8.050276402829904754e+00 1.982248215732443919e+00 3.694791727903383727e-01
4.314283113495752886e+00 -1.070272237545327343e+01 6.663018866922123529e+00 3.502862629024420249e-01
5.996740958217777084e+00 1.081193302653997890e+01 -2.469115455200497244e+00 -4.086464438908731012e+00
-7.516751183422553773e+00 -3.295301173140874784e+00 1.019639273746708241e+01 4.542516466239752582e+00
9.641266920935469997e+00 8.001421744385927681e+00 -5.102836186146534336e-01 1.410727689662758078e+00
-1.001345415911917502e+00 -8.101265386645351008e-01 8.412618611384251821e+00 8.483276054156075219e+00
-7.443925334188627119e+00 -4.688968362788543232e+00 9.409285101169173160e+00 7.173933382679197557e+00
-4.211344351866043390e+00 3.512543189115277187e+00 7.678523796036992977e+00 2.091164364062702230e+00
-5.318690919384374993e+00 -1.856621879116678642e+00 2.743160165048969201e+00 4.666481880838960095e+00
-6.737530719066238127e+00 -5.238619980835641066e+00 8.858021656857278714e+00 6.257176417538524049e+00
-6.705844291689131431e+00 -4.448211273837827662e+00 9.879251830283626745e+00 8.198556408464455103e+00
5.647153593877902722e+00 4.251726605736851461e+00 -7.077508154354306136e-02 1.111066330175752448e+01
-8.338497134882075557e+00 -7.281282641261377364e+00 -3.077391136473052402e+00 9.483911099406119760e+00
9.662667116276544732e+00 -1.816771416434615150e+00 -7.903605482061584198e+00 -4.301677775288045957e+00
-5.774479546012625697e+00 5.078133026918036919e+00 7.124262666746572492e+00 2.416466676980185024e+00
-2.619987863356891822e-01 8.214569828957445363e-01 6.939785073886534761e+00 7.083423826375124577e+00
-5.141227754834147845e-01 3.628178386994508120e+00 -8.845910514524282675e+00 6.112126480520054805e+00
7.303770636826826035e+00 -6.340263639263206130e+00 -8.748010857911996396e+00 5.403789363954134117e+00
1.010584800706173958e+01 7.289767586664662069e+00 1.729411266598638031e-01 -2.534710444311121247e-01
7.662521381691895783e+00 -3.979149073822633831e+00 -4.929260292785021313e+00 -3.209122598637669910e+00
6.041154827877448952e+00 4.929810742748408359e+00 3.117047257324845333e-01 9.764197095037047802e+00
-5.145907757114809300e-01 -3.131916729078423334e-01 7.370072210775129307e+00 8.009312141996151269e+00
-7.996870517485749730e+00 -4.183776788293190663e+00 3.255578185344985553e-01 6.518409793560654641e+00
2.369579694712426132e+00 -7.028365152079336653e+00 1.165158809092905301e+01 -2.659828347487112610e-01
5.095358532196738288e+00 6.318481024182497130e+00 1.049397571309468313e-01 1.028557347678453127e+01
8.007693886438731923e+00 7.167308513996187180e+00 -9.504016281026963497e+00 -4.916921203330005596e+00
4.060499643086358468e+00 -8.979801994166010104e+00 9.407111672871577568e+00 1.048131983597113681e+00
4.780964441716446522e+00 -1.181930728487131788e+01 8.840164464338604589e+00 -5.913394241268150608e-01
6.418527492747317709e+00 7.480238539523123009e+00 -9.866832633455791424e+00 -6.892579002352015927e+00
1.120898716168479226e+01 7.322572561096822419e+00 -1.051662156829605177e+00 3.462560353119183976e+00
7.367337877411745062e+00 8.770539006273830651e+00 -7.254535180300822894e+00 -6.323989111458956813e+00
5.785615670117561393e+00 8.463689711450184561e+00 -1.200877760579677478e+01 -5.721598035063098386e+00
-6.728092731406329463e+00 -6.493895115833784537e+00 -1.593913676124238066e+00 4.010596378793857220e+00
-2.308401648724647703e+00 2.466332583081941365e+00 6.519878424928963412e+00 -4.361182600582386160e-01
-9.067656312154854348e+00 -5.408222322642863844e+00 -3.418333777218132585e+00 1.119302049858550774e+01
-7.324651783624615220e+00 -3.987470185556365010e+00 1.118047564409776928e+00 7.356050057030145695e+00
8.098233267722227069e+00 8.109350195431192176e+00 -9.866861998976935055e+00 -7.025832896895322754e+00
2.383575629895960279e+00 -1.565095599114281200e-01 5.496998002330798272e+00 7.748336724133407571e+00
6.282525181743069176e+00 7.845852726560690549e+00 -7.723584194971167882e+00 -5.211307894674898300e+00
2.864324032410630494e+00 -9.169121310869321917e+00 8.909595052804469617e+00 3.580621174733114032e+00
8.221036211731570731e+00 -3.491622110174039229e+00 -7.399927578698238584e+00 -5.032564625927980373e+00
6.483000343620556549e+00 8.267859372991166467e+00 -8.340972439528165694e+00 -7.346888588223071892e+00
7.565152480593907214e+00 9.632897490350726954e+00 -9.221612200319642128e+00 -6.087365312295191622e+00
5.290782980613312425e+00 6.399041556236178430e+00 1.294558958928136327e+00 -2.118749015502359612e+00
8.858191431942644911e+00 1.023475072266933061e+01 -3.013890509918947025e+00 -1.775511815528088455e+00
1.202491046134758212e+00 -3.319148066166769606e+00 7.257239664351424757e+00 7.181440786118495900e+00
6.154160030060280562e+00 -4.867412739522588794e+00 -1.043641793187736866e+01 6.187810974063768121e+00
-7.084191597525146378e+00 -7.126175488431703897e+00 9.304941413905946090e-01 5.110257615933343267e+00
7.840947967721183076e+00 -3.819430151209002311e+00 -5.946920053630389447e+00 -1.504795585734658658e+00
2.772100846476494684e+00 -1.029059304717509171e+01 1.091202138671300936e+01 1.652443155547485887e+00
2.983672206243173086e+00 2.721115094251960631e+00 -9.210661667794196816e+00 1.804483767125661053e+00
-6.828494664448482965e+00 -6.451621018022886567e+00 -4.346640834247670782e+00 9.948401769465682776e+00
7.770087429051055317e+00 -7.598384000390637993e+00 -8.581482770835155094e+00 7.138097013981231420e+00
6.535509889874641765e+00 6.999789519963311335e+00 -3.659889239033233821e+00 6.611782651727713400e-01
6.716143717201174645e+00 8.877990654008451443e+00 -8.655183651826967584e-01 -1.294801462907489542e+00
1.076879949311916640e+01 4.824311534435119064e+00 1.036127650924004162e-01 2.698387742405303324e+00
5.187500539002086519e+00 5.612593845109986823e+00 -9.035089186371582093e-01 1.210647178820414460e+01
-8.270590157763173522e+00 -8.336011088741676289e+00 2.070440825776248772e+00 4.310397702168305756e+00
6.079058039409456882e+00 5.967412600271005729e+00 1.690297694890403601e+00 -3.500198819402094763e+00
-1.619721559975100478e+00 2.272626700062749805e-01 7.836855944858593048e+00 5.732363447150683911e+00
7.163368769463666297e+00 7.129767799213535540e+00 -8.482345366810211118e+00 -7.126039608422435556e+00
-6.067396570421972335e+00 -4.019534734102085949e+00 9.498458894256812002e+00 7.052519611666154375e+00
9.299228636167688578e+00 -6.817613832122774831e+00 -1.078714643392066108e+01 6.044119838199567774e+00
-7.675785007064268584e+00 -5.598316216695922165e+00 8.362867862420609200e+00 6.968787524074081752e+00
5.874801051737410518e+00 7.378241022457494580e+00 4.554118711663868169e-01 -2.981743867040731910e+00
8.114822408733518344e+00 9.504845517169098201e+00 -7.946025500540442543e+00 -5.346237277421117540e+00
-4.183713480328659529e+00 3.380277322531488160e+00 5.472826095870913399e+00 5.759555003582688126e-01
-6.796814686708915865e+00 -3.158838085983052046e+00 -2.644239527885970276e+00 8.838047748989417585e+00
5.442387917139729581e+00 7.287104373208752151e+00 1.023466633378856461e+00 -2.426153878204950765e+00
-5.898931250752230682e-01 -6.515004960155419411e-01 5.970387607421219656e+00 6.332538511044346841e+00
4.900202775352482831e+00 3.882057612605373631e+00 -6.477315907122076499e-01 1.025583593370366131e+01
-5.147215404333278510e-01 1.431855027529238322e+00 7.596612293101064672e+00 8.582552561831377602e+00
-8.115158245777120527e+00 -8.488997200173754365e+00 -1.561906733198029862e+00 4.933266003658165033e+00
9.105445079165207289e+00 -7.551147705657243137e+00 -1.049205030251824056e+01 6.057974944134389972e+00
-7.422894497805809344e+00 -8.094300098750164096e+00 -3.368259693411123301e+00 1.042114511015072864e+01
6.301446632736982245e+00 6.859482876569019894e+00 -8.381772131603691278e+00 -6.508572308005120988e+00
6.542713214542514422e+00 8.353807583334990738e+00 -3.152145582143432101e+00 5.628002756112182592e-01
5.970308947252484622e+00 4.899404586881335177e+00 1.449740269981163676e+00 -1.393619968829279410e+00
-7.896386796645521677e+00 -3.919253242486413491e+00 -2.284593039398522318e+00 9.715021773310084541e+00
-6.844501808110946328e+00 -3.745737123641868838e+00 -1.890361100860908916e-01 5.717446568526470152e+00
1.678810978695416400e-01 8.599246680360397299e-01 3.841553618838565054e+00 8.299866519486677419e+00
2.588688977271077496e-01 -1.512422279038140971e+00 6.702736430318942062e+00 6.582714632693868140e+00
7.416981335648330287e+00 6.094175477041639866e+00 1.893486013711633831e+00 1.636593753458232881e+00
6.493954753356986132e+00 -4.731441356656815422e+00 -9.684921102776955948e+00 5.833812933875017315e+00
1.670138508139766387e+00 3.643004631421218775e+00 -1.071821220246656026e+01 5.462493361484565213e+00
6.515102834619609595e+00 9.122273870293016174e+00 -1.592202762493983625e+00 8.622125062935024342e-01
-5.457158179793819563e+00 1.818692703148297340e+00 8.117519216564732076e+00 -2.473576627061309985e+00
6.966611219853858117e+00 -7.001615621018419944e+00 -1.046312938552526361e+01 7.924380386990564240e+00
5.175628522692102607e+00 -3.992686507330509116e+00 -4.932187361059542363e-02 7.560043449695542428e+00
-7.401035299786488331e+00 -5.289358567938804434e+00 4.809557611884706096e-01 6.232242518176052570e+00
-7.187552194086967106e+00 -4.919070903179330045e+00 1.468605418407131324e+00 3.290968135240479153e+00
-8.256553536333515186e-01 -6.583029760924938856e-01 7.395794483146319820e+00 6.298981723568480184e+00
