6.505747159005635716e+00 -6.915471999661551017e+00 -9.597490765054404349e+00 6.768298490306711379e+00
7.244409315702242225e+00 -4.231149918989114411e+00 -6.702149226846425556e+00 -6.170582036546126581e+00
5.051866614273555101e+00 9.516805121312277294e+00 -8.933880278041840484e+00 -7.211659330182735417e+00
6.567760509187023921e+00 -1.146259748074781548e+01 7.497224536830511710e+00 3.847949478953110458e-01
-6.190528277533568158e+00 -6.262769884261908615e+00 -5.162747732811255874e-01 5.504495000070124711e+00
9.762022982546019634e+00 -9.279289310583203942e+00 -8.313389403254323184e+00 6.299351382174172009e+00
-5.962020220765278822e+00 -9.187951535298120476e+00 -5.187074062257386320e-01 6.768784706829251263e+00
-7.162650422467979894e+00 -6.638411503765729194e+00 -2.606590361273800394e+00 8.995459642448347282e+00
-7.871606998779331121e+00 -6.718203830935737031e+00 -6.148897248683146133e-01 7.082846235464565154e+00
9.303059475369945375e+00 -4.254451367316553601e+00 -4.747157727648665393e+00 -3.170008692721727250e+00
-4.349655466550275129e+00 -4.220987832261199557e+00 3.771652043756081735e-02 7.183642778299759613e+00
5.779245724958940400e+00 1.036916489609136960e+01 -8.858892180096429314e+00 -5.296616447249651749e+00
1.783879895764605816e+00 4.871686669469464270e+00 -1.009933376851795828e+01 5.169054341630545224e+00
7.430157901779696594e+00 7.165715712719928909e+00 2.745198423776787244e+00 -3.576577638305492357e+00
-8.059788721742970452e+00 -5.820948899801823728e+00 -3.823452064846005083e+00 7.897271817691599693e+00
7.030981511532736761e+00 -6.266291516743280887e+00 -8.777853651630321608e+00 7.098034209128021743e+00
-3.902350179092452187e+00 3.313801446958027253e+00 7.193320545104525898e+00 -4.102440903829217556e-01
6.321516355524682496e+00 7.516786984880604372e+00 -2.445259205260052138e+00 -1.548126844440889105e-01
7.135757853057159039e+00 -7.321210697835053516e+00 -1.045103938935067944e+01 7.203290830736535533e+00
-8.192470897587062595e+00 -6.973195037064378710e+00 -4.703538296646600614e+00 1.052141424425330563e+01
-7.142743189321667963e+00 -4.977966666272167551e+00 -2.954808899995128080e+00 1.054244475945759874e+01
-5.896005210753996195e+00 -5.300048611308475266e+00 1.001237822036163472e+01 6.059541540919376246e+00
-6.586053271125161146e+00 1.745173238242544667e+00 7.319302891122401178e+00 2.756051192987573284e+00
1.006432097731760500e+01 -4.643597546078286342e+00 -4.705859379445468171e+00 -2.554337850450052905e+00
-9.938768970935553781e+00 -6.121615674716853306e+00 -3.634879880327616775e+00 9.376536376373463710e+00
8.297775630630515042e-01 -1.186053151289511165e-01 6.593215790341767857e+00 4.802632054036351406e+00
1.760110290775842579e+00 4.919717232359209547e+00 -1.083354119326376974e+01 6.656025899464426132e+00
1.129548661321136649e+01 5.897709361953401341e+00 -8.371780384896272409e-01 5.917240720257948006e-01
-2.191949385190336663e+00 4.162969529940197866e+00 7.035766773020921683e+00 1.753535944818294556e+00
-6.130001710407181115e+00 -4.867273213805373366e+00 -4.259177403282508045e+00 1.105231638227047952e+01
9.259098794773189312e+00 1.050047050310555719e+01 -3.485907623069907757e+00 -1.512745397867675479e+00
-4.255346388251341594e+00 2.941484377924636018e+00 7.763269824854287293e+00 1.106124869924206333e+00
1.733950761007676533e+00 2.934878828746176449e+00 -1.297903563614204536e+01 6.897071006520416603e+00
-4.761585549935534623e+00 3.077522956690158740e+00 4.582393577363540693e+00 1.708744528376188176e-02
9.327221046586837261e+00 7.383942512856640050e+00 -2.340558322762138488e-01 1.900618413481887981e+00
-2.979484559473513539e+00 -8.411030014758321016e+00 -7.792950608565579751e-01 5.021589210333331721e+00
3.990371981730473472e+00 -1.003895573639343830e+01 9.049149714582137349e+00 5.490920968356570731e-01
6.632335623076140330e+00 9.401680006455491068e+00 -2.542609995587432170e+00 -2.638777142702298795e-01
7.700265957122505611e+00 -5.829238273933482262e+00 -7.636892636094898101e+00 8.581201316087277320e+00
6.358349434998770811e+00 -6.321262811311196828e+00 -8.361541788801496011e+00 6.056844808814097370e+00
8.834336171483965217e-01 5.578369734773125366e+00 -1.030802451510622753e+01 3.658214050595850253e+00
-3.738189806401976956e+00 4.800783726151590436e+00 7.269296798764127487e+00 2.099867282713828942e+00
8.251242540643080048e+00 -6.049153456745086643e+00 -1.027826951597214489e+01 6.717222180146125154e+00
-7.013299156666759515e+00 -2.854637372506720894e+00 9.446813039856738925e+00 8.365542145769477855e+00
-8.704943069297293334e+00 -4.598258081651108498e+00 -2.173221185244323284e+00 1.063715357787191884e+01
1.821151268639416565e-01 -1.282542527312982461e+00 6.112291057250863524e+00 8.343601461671546815e+00
5.449849906546117673e+00 7.019710560581700065e+00 1.141980043294056335e+00 1.222638980781099249e+01
1.044759186351602764e+01 7.448534749949085487e+00 1.784525413436929941e+00 7.534233325039936258e-01
-7.357970393978665591e+00 -3.546707002915607365e+00 8.546179921594889706e+00 6.386946503040476841e+00
7.400215401392792991e+00 7.448513101604054221e+00 -3.379663750679907430e+00 -5.246148994738019100e-01
-6.501877671529618041e+00 -3.266563664088882213e+00 1.017142017307888935e+01 8.944692120354993392e+00
9.305005393057799168e+00 -3.669066037056472496e+00 -7.359003554991311091e+00 -2.374295200519310090e+00
4.706362697088351865e+00 -3.266968614171867458e+00 -9.676995526426570571e-01 8.020230782204265552e+00
-9.781087107341648323e-01 1.446119555738437201e+00 6.712315093929569265e+00 6.325837133784232513e+00
6.752705508815080471e+00 -6.054307458146868548e+00 -8.626456114259642760e+00 4.319217600503301391e+00
8.264227381659456029e+00 -6.769569974414162417e+00 -8.533781301486412119e+00 7.571162108346319641e+00
6.704059313353296190e+00 -6.444475255157469995e+00 -9.067326514094371959e+00 7.230957894288626342e+00
-4.086501110995405028e+00 -4.059945823790188868e+00 1.085024455727494086e+01 6.528355892703358698e+00
-2.996447739473152017e-01 -1.826086724852081122e+00 6.711471322900928627e+00 7.720505956598765707e+00
-7.496100300970322650e+00 -6.006901904619692090e+00 1.213177506761484725e+00 2.547852819504417887e+00
-6.466104259130271537e+00 -5.929987272768581619e+00 3.564753025186116475e-01 5.904114659067600357e+00
8.267786531960362728e-01 4.208799114101958949e+00 -7.742705265833867756e+00 3.950579503343840670e+00
7.486597536436265798e+00 7.924866497238692631e+00 -8.432626249099156368e+00 -3.507242600775661856e+00
-8.879860018447219616e+00 -5.711516561538907411e+00 -2.809264312414160969e+00 9.334574117450442188e+00
2.144034369526212735e+00 4.266795000144725236e+00 -1.217348271233155188e+01 3.627314156611499474e+00
4.978087466821873974e+00 6.309365300354535577e+00 3.221700728138848779e-01 -3.972752746522981937e+00
8.524223841363621545e+00 7.568600551390730402e+00 -2.246022593919544619e+00 1.055256125344586238e+01
5.716931529615848717e+00 -3.668213493755382970e+00 -6.082827891194767744e+00 -3.247009749686641467e+00
-4.353156300669762224e+00 5.504805396978706966e+00 7.426684314502091766e+00 8.793610768087158913e-01
-8.056080504613037263e+00 -5.427544047029937424e+00 1.011373184609338871e+01 5.634931560822324492e+00
5.997668576926436401e+00 8.185072782259686264e+00 -8.125027932421645005e+00 -5.171105600569116056e+00
6.940323503745442046e+00 -5.283523739391080554e-01 1.302566682838688816e+00 8.678635321505774769e+00
5.332564780553258110e+00 8.141626696603868396e+00 -1.877761680969148639e+00 -2.774917314814948188e+00
8.275437960654587144e+00 -2.805785555642413609e+00 -8.982652807518366700e+00 -4.500470608061863942e+00
6.046197838892049425e+00 -3.251905036886446165e+00 1.104254880836714747e+00 7.289595350476800739e+00
6.491747303598913277e+00 7.738062120224775242e+00 7.420192561683595089e-01 -3.913413225080390134e+00
1.044721325061538586e+01 5.411823574891460709e+00 -2.361009179508231082e+00 1.952469286407737759e+00
1.116469540493237211e+01 7.133505542444122050e+00 -1.235583954923363148e+00 -2.065279151181653283e+00
2.942345424164373391e+00 5.384967923262553136e+00 -9.958389065583967081e+00 3.696839995582080540e+00
5.330890204370429153e+00 9.434604330842141451e+00 -3.213101309226044755e+00 -1.638208672294722668e+00
6.732633373523452924e+00 -5.451331263465543309e+00 8.756375060698771140e-01 1.044954031041576137e+01
7.438704892793086998e+00 -6.265121678537892258e+00 -9.311048192417382907e+00 5.778865227596240217e+00
-1.480103419993136216e-01 -3.030408726339902881e+00 9.706110747085526569e+00 7.144411693175319655e+00
-1.145114964781971167e+00 1.005429148315999610e+00 6.667786474191500723e+00 8.636773097780590547e+00
-1.005955857995658498e+01 -6.994801406232666885e+00 -3.150653093015661099e+00 1.147068917112549435e+01
6.068822691016745097e+00 -5.232620774856097334e+00 9.619921993150697404e+00 -3.777739871051475795e+00
-9.019899298241709218e+00 -5.290861485521404894e+00 -2.590106779424622641e+00 9.794355896941809192e+00
-7.642771113603368249e+00 -4.992253770675185720e+00 -1.849415021110754065e-01 5.032928416728637444e+00
-1.259031914873417479e+00 1.161020563331291555e+00 6.796915763976507208e+00 7.633948416686694216e+00
6.340653723889214000e+00 -2.076589179853007838e+00 1.258193878289703971e+00 8.118201865676608620e+00
8.630609958194034093e+00 -2.296254564732097325e+00 -6.776816844774398163e+00 -2.728998672540452031e+00
4.584672578441772117e+00 -1.042182691105091408e+01 9.742177418513868759e+00 1.776523166902690853e+00
-8.449877118047734115e+00 -3.159797293193013168e+00 -7.582440730786037530e-01 3.988497628445190735e+00
7.758996973013853271e+00 -2.219401920239399750e+00 -3.847252303563892806e+00 -3.091899217410535972e+00
9.129092376992577584e+00 6.409601915827234819e+00 -6.850883332642451196e-01 1.417577334096113528e+00
8.164370576744177654e+00 5.848478520021947347e+00 -1.830654713077713769e+00 8.109972388885651196e-01
-2.519241687718792311e-01 -2.998951240672838026e-01 8.596683604854158389e+00 8.167299822623316885e+00
4.846248351149785805e+00 7.603508695256286920e+00 -8.045658786719529942e+00 -4.332574484391905401e+00
1.080044719355485050e+01 7.076282195895474025e+00 1.467438165488177626e+00 2.680878153488410742e-01
7.578525255871296551e+00 6.477473882877170297e+00 -1.679667087475047227e+00 1.034488556605478138e+01
1.111411324849456506e+01 5.597650192236363509e+00 -4.399352937856954027e-01 1.562478403612119093e+00
-5.812621033841142371e+00 -4.638513566508994934e+00 6.737496327824495923e-01 5.065502643414268036e+00
1.070267634920756450e+01 5.363184688343276108e+00 9.881023797279051557e-01 3.650793375764196380e-01
-6.781684551233746472e-01 -1.250925211872551124e+00 7.346792911064148335e+00 7.794169908076496789e+00
-6.716141475462652721e+00 -7.794816850067261882e+00 -3.568967313056582991e-01 3.504913223189068283e+00
4.212920059323078448e+00 7.295752397937623535e+00 -1.287644236701712908e+00 9.327176329686947653e+00
1.729037454795525397e+00 -1.171905009633938288e+00 5.878608457344353333e+00 7.570203972378662272e+00
-7.625062264893407438e-01 6.026973263777605894e+00 -6.403681223655393495e+00 1.601272443778583021e+00
3.878401613888716071e+00 6.423434627547696785e+00 -1.050056102700669491e+01 5.431731830205945855e+00
6.762612977197862918e+00 6.933176204577712554e+00 -7.522379610728812338e+00 -5.178471551394878247e+00
7.394624337446863649e+00 7.880389740963398282e+00 1.951980119770623245e+00 -2.098070797378682517e+00
-7.888269745413489353e+00 -5.659635564032414301e+00 -3.303249958117355334e+00 1.290244616665516020e+01
5.063842064384703079e+00 6.220728037858895831e+00 -9.892989470608187785e-01 1.208630437140302227e+01
-6.823025671586219865e+00 -5.826368302895862605e+00 -3.604086599550074155e+00 9.253869028888415116e+00
-9.368478754774544726e+00 -4.831429903576903051e+00 -2.896617509536464130e+00 8.348552097834513575e+00
8.653559745880851750e+00 -1.744354039131244871e+00 8.507123322339824600e-01 6.050823168712017086e+00
-4.432024300662734895e+00 8.456690498273289336e-02 6.751887904823273168e+00 8.182034805847304693e-01
4.606060549351729705e+00 -9.347032065338250817e+00 1.290275677778039309e+01 -1.088820913683701042e+00
1.578975162750410055e+00 4.840129772001482422e+00 -1.106690943046959319e+01 1.808309217188577289e+00
2.161013238331062514e+00 1.791048651640515299e+00 -9.474233518604156856e+00 5.602885949892031370e+00
8.082400068961408834e+00 1.112226420616933709e+01 -9.727022635192691169e+00 -4.752005690646434743e+00
-7.522507174805077135e+00 -4.711662380421187457e+00 -3.980464294000964465e+00 1.012417234819436196e+01
7.850166465384869952e+00 -8.993138730630404254e+00 -9.515343029399602415e+00 6.635928957578481224e+00
8.692915871540185080e+00 6.584117776427651947e+00 2.380708226421385909e+00 2.118325015013421186e+00
2.587469925316650432e+00 4.288077721510477502e+00 -7.934125244231815088e+00 4.096370971017907259e+00
1.968788811900052060e+00 5.650661165390115315e+00 -2.049947060267996335e+00 1.020965220488355918e+01
6.109982454020572717e+00 5.429886553179240849e+00 -3.817678983969523099e+00 1.061838853091885326e+01
4.573650027103490778e+00 7.126081753964575327e+00 -1.485102540820182337e-02 1.306080930139387597e+01
9.243264280091960217e+00 -3.685172514325134152e+00 -5.120338110357263162e+00 -5.515378956843324687e+00
8.873633088462469232e+00 8.266872902635730824e+00 -4.852833008353364619e+00 -2.606813973244070048e+00
-1.014217107315301458e+00 4.357413187876240102e+00 -1.105344062089422508e+01 2.913670565942377166e+00
8.321793119145052486e+00 -2.943452411364571475e+00 -6.515669064361833129e+00 -4.200798008760821212e+00
1.074455881060786933e+00 6.716789055749369020e+00 -5.580484101798768304e-01 8.315625405608368936e+00
5.445095822387353124e+00 -5.875525317174023598e+00 -9.356656090678226789e+00 6.492921131689121772e+00
4.003382375287707795e+00 -5.503579905296748009e+00 7.260727806934685891e-02 6.680163537092093762e+00
6.938804929461886317e+00 8.251141548490403821e+00 -1.159887137274407465e+01 -6.677993082222363874e+00
4.535826097744288354e+00 -1.585377127321163426e+00 5.823623794556518352e-01 8.014526384674603321e+00
-7.161793531742469909e+00 -5.418969804819371738e+00 -1.778561348556360722e+00 9.438329407584852504e+00
8.220897903034439125e+00 7.297240964913135564e+00 -1.535159977000621012e+00 2.382402348934555825e+00
5.946790378830640655e+00 7.331369253969342026e+00 -6.389918031259554931e-01 1.029724416142133414e+01
6.170120423493166584e+00 -6.804226484896444660e+00 -1.041651961818642036e+01 7.889074259743756201e+00
-2.966509733926629977e+00 2.818478726838141046e+00 8.306280606540852318e+00 2.645547576343771023e+00
8.350504099885144527e+00 -7.116800295581223956e+00 -1.051018091173280489e+01 5.516510119685842817e+00
4.859334177006941147e+00 8.412599096641859120e+00 -2.929346321792798413e+00 -1.367849825375451855e+00
9.171252035555667703e+00 9.888218130312946386e+00 -8.862709769584096620e+00 -7.296218847937365304e+00
2.521626219215153952e+00 -9.151663927448444369e+00 8.018397152504828540e+00 9.123221988998237997e-01
-9.239579984881048702e+00 -5.847104219407469827e+00 4.383375641521177202e-01 5.987673638544075416e+00
7.231427151259310016e+00 -8.789704533810873244e+00 -1.030639668542469778e+01 7.191626872634788725e+00
9.392755027547414315e+00 7.356040558605237756e+00 1.459103394355806715e+00 1.532434615658208488e+00
4.408731570552857804e+00 7.412709875386729763e+00 -3.382132554163868043e+00 -1.650739922179073504e+00
3.226033371757517365e+00 -1.033829209782798131e+01 1.053826355772052992e+01 1.105575803388462841e+00
-9.279141698896234303e+00 -5.060895170539605914e+00 -6.250791901607219536e+00 1.017325163154270129e+01
-6.490192615570603785e+00 -3.562540072052742257e+00 9.587896987569842766e-01 4.634934693770820680e+00
7.140342586287543591e-01 -2.475201459028826267e-01 4.740192706403725253e+00 7.228402792243664443e+00
6.562992646154620857e+00 5.857939823227969356e+00 -7.020470321995850860e+00 -1.304358567122730239e+00
-8.348178752751586273e+00 -6.228206343631130792e+00 -3.604063848733527031e+00 9.688781867865952080e+00
6.331603415378147304e+00 1.283080588424790669e+01 -5.020216720656994092e+00 -3.311669104040287248e+00
7.204933421475997690e+00 -3.704221778124829001e+00 -5.290866495351187027e+00 -3.311312034808118643e+00
-5.570577791410836532e+00 -4.790868144245053806e+00 1.168552573419936280e+01 8.246174016334210322e+00
-7.029880272529356766e+00 -6.637188584511639178e+00 -1.694827038725937651e+00 2.241226194708856312e+00
6.448469653927234368e+00 -5.351859093306828186e+00 7.133260561134888711e-01 6.406907372913219767e+00
7.232271794331344594e+00 8.402147588025078662e+00 -1.058152804382193324e+01 -6.231891291215726270e+00
5.498846035948339761e+00 -2.280720143582921189e+00 5.641691330953013672e-01 7.132081399514006215e+00
5.539450467433789882e+00 9.729701095552433898e+00 -1.165658589305058612e+00 8.304468996818748394e+00
-7.663567978263388092e+00 -3.191085634488485923e+00 1.107284583685197532e+01 5.832307231262211289e+00
-7.798362117695146978e+00 -3.840687969221906695e+00 8.725747399712384222e+00 7.075483951494327073e+00
5.319956182176495574e+00 6.957805510224471135e+00 8.680673108168082130e-01 7.831292538028417738e+00
7.337907418520538627e+00 -6.424805545370877446e+00 -7.126128938072604058e+00 6.984583307584012246e+00
2.462003370127102464e+00 -1.093456233486904949e+01 9.847136563393933173e+00 2.960276961982051258e+00
8.684315252599676072e+00 -4.735667667458312025e+00 -7.518745286203366796e+00 -2.739576847834173101e+00
-6.581726692911158416e+00 -6.457845735734561110e+00 -3.655562116885406332e-01 4.421741055034340562e+00
-8.235225362893821455e+00 -5.770915789261748863e+00 -2.772514721513158698e+00 9.668986306318840818e+00
9.788293846426650902e+00 -4.409873954598348078e+00 -7.408662466026117777e+00 -3.756934534850091545e+00
-4.777363947308303160e+00 2.446738486441247140e+00 6.574529477915447728e+00 -2.079740886775219177e+00
2.896371969691372339e+00 -8.001370905723749871e+00 7.626007656398374301e+00 1.066319716489428915e+00
7.236105802342603255e+00 3.482344457664494630e+00 1.657654096956876710e+00 -3.479384245748279092e+00
-8.084721568058210295e+00 -7.030779905646957317e+00 -2.499864088681452934e+00 9.976237380278053735e+00
7.364098102982716831e+00 -7.376107736875314735e+00 -1.062877560173771663e+01 8.125126481420466007e+00
2.428440891280774228e+00 3.623556249001040008e+00 -8.620737675608092232e+00 4.837815529183376206e+00
-7.709739138746082077e+00 -5.304280589958019654e+00 -1.845324245483421777e-01 1.052731580223078822e+01
7.486658135557545002e+00 -3.489601459377976056e+00 -8.479519701466555759e+00 -3.689542578035257758e+00
1.175369360812406505e+00 -8.075474224880622387e+00 1.107407989227860412e+01 1.240418219972525549e+00
7.486463817461499470e-01 6.038307207112421970e+00 -1.114070054453833514e+01 6.178743206507054886e+00
5.053325764475452786e+00 6.770076727678533857e+00 7.842022078224516468e-01 -1.013083279413105720e+00
6.515759856549399487e+00 -6.055696516115950168e+00 -7.529815060163818075e+00 6.642049563326687611e+00
-7.192654383923498429e+00 -7.190786751636603746e+00 7.042562338398622446e-01 4.736569346757140586e+00
5.372685737511565307e+00 7.759000308891680575e+00 1.357290711251952331e+00 -2.758014007811407708e+00
8.438105865118743054e+00 -4.261534438077870135e+00 -6.399430575102613261e+00 -4.596410653583999029e+00
3.080626667512999184e+00 3.431426447616937381e+00 -9.418121100862949291e+00 4.134028312247554737e+00
-6.881234676151852803e+00 -5.064188564696770811e+00 -5.199842215188235084e-01 4.687692851571559238e+00
-8.833158437611219327e+00 -3.063853840445926124e+00 -1.033821525485169313e-01 3.652153609193488748e+00
9.236089147109476372e+00 -1.346122193511494869e+00 -8.192317974684144133e+00 -4.171551938573867524e+00
1.260543901830044389e+00 -7.612539774901689427e+00 1.069097370267270009e+01 2.569766785123525632e-01
3.022765840466412168e+00 4.403575762163972840e+00 -8.461274369794107741e+00 5.093042696295507099e+00
7.962398220642658231e+00 -6.179020412239963456e+00 -1.007377044003196609e+01 6.027140092072453825e+00
7.928081506906534237e+00 -6.356708167650721997e+00 -9.402843366508053080e+00 8.033414747251788057e+00
4.571406127903738792e+00 7.475659435084147653e+00 -2.633387343568759142e+00 1.234349781589718642e-01
7.546442885296369418e+00 -4.549039002655633546e+00 -8.666547447672755311e+00 -6.356965129197247322e+00
5.791542683675472425e-01 -1.100904593485133987e+01 1.174133003153928456e+01 8.978096199318853776e-02
7.557770199097983976e+00 -6.421589323649424585e+00 -9.541004003414402135e+00 7.731541552673859563e+00
8.032198498491343486e+00 6.063215302238864624e+00 2.813211946908745986e+00 -2.875953894604637906e+00
7.277002051935014038e+00 5.115435865742796295e+00 1.167986334120095337e+00 -3.107318193019876773e-01
-7.210056103409599793e+00 -3.929502847111288499e+00 9.164140295352764198e+00 5.929754966499093172e+00
5.947791795479155041e+00 3.960898871333648597e+00 -2.163183265969516711e+00 6.797857717199603300e+00
-7.397878785793455592e+00 -3.796847122823227672e+00 -3.968330980534122698e+00 1.203717244626120220e+01
4.776944386603697801e+00 6.127457040782720910e+00 -2.451748002450047093e-01 -9.620578831462671676e-01
5.873215961759711057e+00 5.928733649700858699e+00 2.324682973405374220e-01 -2.802064644027754348e+00
-9.369120777613000328e+00 -6.487572334110575767e+00 -3.830493469216848634e+00 6.370264751201050402e+00
7.859133861022804979e+00 -4.967435010510898863e+00 -9.863818714166550095e+00 4.410176219514411855e+00
1.039734405128843164e+01 6.321084857716104288e+00 1.017885412495460162e+00 4.039944143213704209e+00
8.172384295546594402e+00 7.296283180395569445e+00 -9.844762411596265750e+00 -6.978995785359005666e+00
7.320486520955382659e+00 7.477630467115188750e+00 1.958373866582489908e+00 -3.274113151828664137e+00
6.239908080824941194e+00 5.487363299424833585e+00 1.722849364434209107e+00 1.028473511099843840e+01
-5.054666738186170960e+00 6.008388630267409880e+00 7.917295586691440512e+00 2.194000654038798181e+00
-1.027810807917557767e+01 -4.598027740509644801e+00 -3.130735951080390045e+00 7.962407071774231682e+00
8.406255019765335845e+00 -7.269976991249015974e+00 -9.885229288382689106e+00 6.748658029287422977e+00
-7.618929947657111512e+00 -5.365986534704222599e+00 2.229295362247777634e-01 2.997240108808376213e+00
-6.399056613722092557e+00 -2.239019855594255759e+00 9.284483970258412100e+00 5.491496990050306337e+00
-5.039281376994354744e+00 -4.141085651967659764e+00 9.834047573586435220e+00 7.178641036753697691e+00
8.793566617869336355e+00 6.470527043390161381e+00 -1.296652721019313725e+00 2.462231476948798736e+00
6.130077035828768395e+00 4.010645876946130173e+00 -9.728963530503442758e-01 -2.360473893100608400e+00
4.964786811144508150e-01 1.239515955073741127e+00 7.393962932225558227e+00 6.565015385446383966e+00
6.964788363371205548e+00 -4.769736745499299602e+00 -7.840567584784069233e+00 6.977626894081182307e+00
9.734317629193162347e+00 -1.837843535527465377e+00 -8.243471892821210290e+00 -4.301929909357694370e+00
8.404789661614403329e+00 6.051079551926947353e+00 -8.885963000533209311e+00 -7.194536303590723492e+00
7.403570181011811080e+00 5.312162074314684901e+00 -1.021952144505555715e+01 -5.942875071114028351e+00
-5.124442868261171569e+00 -5.826657917049442581e+00 1.020652781100287854e+01 7.259793431307199008e+00
-5.143386181030412452e+00 -6.337841561207749663e+00 -2.734424817266204677e+00 3.866405929486882886e+00
-7.282294041100215054e+00 -5.545065215271932857e+00 8.655621536200978738e+00 6.843526154497001635e+00
1.008681288507578344e+01 -1.316803546092840449e+00 -7.882549655246742226e+00 -3.757070189475995026e+00
-1.463866913698741667e+00 2.785575457733090454e-01 7.459725445283699408e+00 7.799678168239841725e+00
2.559278636103612392e+00 -1.081783443874135742e+01 9.568868741017542590e+00 1.345141974778230276e+00
4.181290028270375103e+00 -3.610167305823865469e+00 -9.383867523812166045e-01 7.691582773822428720e+00
-1.315535893674169010e-03 -9.852243350063194516e-01 5.699589031828820040e+00 8.109278521965126885e+00
-5.135139500033918836e+00 -4.660208247976091123e+00 1.074745133334588232e+01 7.411252599137114316e+00
-9.101069293570544616e+00 -7.207399204871473231e+00 -2.029964515964507221e+00 1.028468356505463355e+01
5.902580956013309788e+00 3.651169468971259935e+00 -3.929015409264280945e-01 1.066977953523052314e+01
4.978815277751442281e+00 -4.818373154529433045e+00 2.488384863522535850e-02 8.752985971113979247e+00
2.166719976820040028e+00 4.073062210283994844e+00 -8.788362084136307928e+00 4.538893907549108597e+00
5.511512329239260488e+00 3.360788472337378874e+00 6.864044683627283927e-01 -2.034634944128191236e+00
1.074225006582006969e+01 7.259966780272101516e+00 8.938109629592999594e-01 8.459848895055210871e-01
9.418611694124519929e+00 7.723493857310335997e+00 -4.328208561785762853e+00 -4.511213985419568751e-01
5.194741290997107797e+00 7.925248206693539466e+00 -9.393057839295904543e+00 -5.128306572502040694e+00
1.075515305207478178e+01 7.224041891202397814e+00 -8.357416453726747019e-01 3.316873903598913653e-01
-6.542678121462276231e+00 -4.196721349443207849e+00 8.223975926023607386e+00 6.328878561984232043e+00
4.035692484353638143e+00 -1.259728445134920527e+01 8.032227500292663080e+00 -3.299844476367036483e-01
1.100185856812813512e+01 6.299601206313877100e+00 -4.272289952650355493e-01 1.639592512142576730e+00
-8.489384264549979520e+00 -6.679114169003645962e+00 -1.831514984613243913e-01 5.965613757518042348e+00
-6.363923036224120366e+00 -3.185334500435798244e+00 8.444911438559458361e+00 6.942200448850056382e+00
4.355953762226963732e+00 -1.922525451870435775e+00 1.762266657461463715e-01 7.108627433588979194e+00
-5.883208117010275906e+00 -2.348082118200955470e+00 9.166386062169168625e+00 7.411056606294502913e+00
1.180829206504083828e+01 5.884009577095729249e+00 1.191651700350323750e+00 1.197725070523790958e+00
6.171574827868171909e+00 6.527499813640933013e+00 -2.295386834461411674e+00 -3.906474589508246886e+00
-2.280458283377515549e+00 -1.061480727475757391e+00 7.405788318466965947e+00 5.930519430232875422e+00
7.205854769464715481e+00 7.887782646564476252e+00 -2.602556859789511901e+00 -1.580362022171190262e+00
9.272008170106797564e+00 -5.005312776168628908e+00 -9.774328756875103608e+00 7.395629126818576538e+00
6.683127495461852696e+00 -3.611368918326140598e+00 1.116737577365309320e-01 5.695412844492929949e+00
-6.290234678205911756e+00 2.269409273953321371e+00 5.540801684048070719e+00 1.273569190212891611e+00
6.731897948950272159e+00 9.212062455622637813e+00 -3.545909979246951504e+00 -4.174868271918064089e-02
5.154100527711484858e+00 5.370565125937381445e+00 -6.109432142751536343e-01 1.057559792933138709e+01
4.922618590706763442e+00 -9.836536172949811530e+00 6.906389781963731878e+00 1.860016596172846981e+00
2.272419788338722046e+00 4.169089966635723954e+00 -7.673022648032205240e+00 3.899728527707028825e+00
-7.663462635083091001e+00 -3.909294725209216281e+00 -3.862198010112669611e+00 1.017218226508396661e+01
8.940007575777032756e+00 -1.767104948236717821e+00 -4.377060454710949955e+00 -4.556107904936063768e+00
8.960043734467006971e+00 -4.158683481169127560e+00 -6.694247140761697246e+00 -6.651674217726747607e+00
4.854588903736272165e+00 -5.123339302715025134e+00 -1.100889902050175451e+01 7.276836638143316272e+00
-5.923314293271499054e+00 -5.438573414806620931e+00 9.245875798561876968e-02 5.630614723876409045e+00
4.300477433334473076e+00 4.285909499842703418e+00 1.525656572724523041e-01 9.545096155216212352e+00
6.417749447292005804e+00 -3.565130824946328048e+00 -5.285581176799237779e-01 1.034930168755276014e+01
7.301771719081176393e+00 -6.331133249553174025e+00 -8.534788730211351648e+00 4.035586981183593380e+00
6.508303962902678208e+00 -8.303945563927809914e+00 -9.473485160449072850e+00 5.831352656847656135e+00
7.173836102849653784e+00 6.636141172964128643e+00 -1.425226412287794453e-01 -2.352235130722444723e+00
4.814461939710021454e+00 -5.743596057305749625e+00 6.362298857507855399e-01 9.194323136664714013e+00
3.709167409947557115e+00 -8.166275199628211467e+00 1.028398908230206565e+01 3.205786698048481709e-01
-6.142299031427620015e+00 -4.440305365155112760e+00 8.880066661778426962e+00 7.574546735798400654e+00
-6.080121012956803739e+00 -6.606635819389744313e+00 1.303684133299399361e+00 5.300679009590089308e+00
7.915159451111859923e+00 -6.268821421928781668e+00 -8.460433017235716946e+00 6.870408505571415247e+00
7.403656625230111921e+00 7.401087378316376864e+00 1.063845367415482634e+00 -2.070535100757256330e+00
6.995636338817065258e+00 -5.125974235106848909e+00 -1.075144045325658482e+01 9.548634044918673069e+00
1.005508440278186377e+01 4.210337838665155985e+00 6.576401427209224160e-01 1.227162491370502373e+00
7.452485175559316666e+00 4.853423066397152041e+00 8.977504630849665324e-01 -2.994174700095477260e+00
-8.909039873402849752e-01 -1.428690428104635757e+00 7.256527735184555183e+00 6.223357390037826065e+00
6.450007989521552076e+00 4.882512025534236244e+00 1.804576238468089455e+00 -3.041636691718165864e-01
1.275463489279973661e+00 -1.108367955110100311e+01 1.022785092382312300e+01 1.551334171061582445e+00
8.362842258369786563e+00 8.361096176594806195e+00 -7.133489850824251022e+00 -4.624204122811889306e+00
1.035872982349369309e+01 9.114892939142961836e+00 -2.384645415640399002e-01 1.128800415926002554e+00
1.219549535725261258e+00 -7.354462832971203845e+00 1.082650665765224574e+01 -1.807908091187811817e+00
8.242251558436096914e+00 7.824745866985771237e+00 5.364829819951579815e-01 1.144406846700617564e+01
4.963633396028442668e+00 -4.134634214851859113e+00 -2.047504018530431846e+00 6.910804060038964636e+00
-5.626394507130273226e+00 -2.833580208404978151e+00 7.966637490108312569e+00 8.592624043798494426e+00
-6.235033976525624411e+00 -6.407167200786855865e+00 1.027126511771426776e+00 4.945163967839912189e+00
4.974712604214861500e+00 8.197120636922306858e+00 -3.154576034223280256e+00 -1.464632340940288380e-01
6.937587976862193528e+00 -4.775283253744174061e+00 -8.234046449932412415e+00 -5.067392321689842660e+00
-5.239207826723291106e+00 -6.447921935660708037e+00 8.986154172038478549e-01 4.971860053296578208e+00
9.575343960921887998e+00 -3.958079751772847654e+00 -5.747404167790148399e+00 -3.977558175145452513e+00
-4.249064417510625802e+00 -2.764194181740242673e+00 1.071534643485849081e+01 6.413330415780890803e+00
-5.075804427921732476e+00 2.088416463780233379e+00 9.145966240836532535e+00 -4.717016358105570184e-01
1.268043272050647374e+01 7.295419154990213428e+00 1.694147440225473700e+00 1.496617984328807438e-01
6.912759783192854002e+00 9.815402333286931125e+00 -2.374140582053135606e+00 -1.593748576902428438e-01
6.279875827973578239e+00 5.387067711858490426e+00 -4.105182766433346231e-03 -3.150381207395905214e+00
5.554852203829208079e+00 -3.704834226040163436e+00 1.206071886057358045e+00 7.725305351159570399e+00
4.872261950085297499e+00 4.704499056322142714e+00 -2.374080083646616046e+00 9.519071725431940578e+00
-8.129708599070248454e+00 -5.620216842247597100e+00 5.530633619342328888e-01 4.764815702942682307e+00
-2.094355084264229561e+00 3.385879707863696630e+00 7.324695808339233061e+00 -2.661554993731296559e-02
-7.188699601644868764e+00 -4.584090770056696407e+00 1.216741868277623162e+01 6.934924871661236168e+00
1.718749630880371804e+00 -2.462879856791114097e+00 7.131969707456733865e+00 9.399361403868265796e+00
1.134325290457277369e+00 5.424614562842211107e+00 -8.951809203681932559e+00 6.299986135369826989e+00
-5.626358192108615874e-01 -6.672055992092555954e-01 7.857605605006910743e+00 7.486723346988522820e+00
1.727590976345331875e+00 5.302821996209183375e+00 -9.140893792975626653e+00 2.177713169226628498e+00
-8.238991909074554698e+00 -5.577454197567753624e+00 -4.274047401754179631e+00 1.221571452818219683e+01
6.003222228150111306e+00 7.690117833491427746e+00 -1.074104232831578187e+01 -6.402192689377609547e+00
1.608330684226751517e+00 4.409608723516861062e+00 -8.502006661581763325e+00 4.192092132902782708e+00
-6.107196032878318803e+00 -5.164310272038879823e+00 -1.053950121123592015e-01 5.272915440904522910e+00
7.087676896589370834e+00 -4.551527238309944323e+00 -5.784829015772276151e+00 -3.404151479682461900e+00
2.281132239503230963e+00 -9.363719263269377535e+00 9.440025032420981788e+00 2.191404215697311031e+00
6.769904324440704002e+00 7.669722807326853520e+00 1.529558232882004543e+00 1.224448556395376642e+01
5.591370286721590865e+00 7.329461846562483451e+00 -5.097348712387594905e-02 -4.657371524179372280e+00
6.771023564730909605e+00 -1.966571622600311153e+00 -6.880522051987699506e+00 -5.623295324498764458e+00
-7.284898960863844586e+00 -8.029088887685615461e+00 -7.902331050715225569e-01 5.157526496888694467e+00
7.141401269581315603e+00 -6.565295692655091386e+00 -9.317256682997388850e+00 6.196645506930843261e+00
9.832411083195344403e+00 7.830704992454141866e+00 6.118253391239556471e-01 1.012977939136053829e+00
3.169077264138382422e-01 4.370091414940478813e+00 -9.173605888917879980e+00 5.177370055541939742e+00
1.066220449747451582e+01 6.201132246390351099e+00 -1.498661573769273003e+00 1.121727912239047997e+00
7.765153700034057138e+00 -2.717306357967209429e+00 -4.623930455321853650e+00 -4.063827718184067628e+00
-5.552262797150879337e+00 -4.316287334348688276e+00 1.068789866963765967e+01 7.525682541978500950e+00
4.556934121466904131e+00 -3.235036023430330143e+00 9.754787375269382554e-01 6.915145727449040436e+00
7.457733450381775597e+00 9.021781758129225892e+00 -2.312790442438109828e+00 -3.359775395481992444e+00
-8.037684361415129430e+00 -6.051788040344230346e+00 -4.374979865933926071e+00 8.666884164387784750e+00
4.921819602664940341e+00 8.686749641039170911e+00 -4.817882451904242913e+00 -1.538921287533375093e+00
-6.510854299247102794e+00 -3.647506315786619879e+00 1.023428301293585285e+01 7.651232116128543481e+00
-5.260572104540367278e+00 -5.354838521787760541e+00 9.765016872714442187e+00 7.325955588658556117e+00
6.274691173630571939e+00 5.657975971876491705e+00 2.531689669613502502e+00 -2.160640124924178007e+00
2.623440932645378254e+00 -8.547379195294656284e+00 7.948340764952119386e+00 -6.793835398074932197e-01
6.702780135728616528e+00 4.427107554759441399e+00 1.834079328476917237e+00 -3.260283809555541978e+00
6.730390809380679684e+00 -7.317825253659941964e+00 -9.682530995227637050e+00 6.681191995029940323e+00
6.524240693197493890e+00 -1.823085540303428509e+00 -6.497321233878387226e+00 -2.840882175640599971e+00
-7.542220183365596853e+00 -6.444923397735687232e+00 -7.629589721769030053e-01 4.675220819452329479e+00
6.803896926801031420e+00 -1.711083536193597210e+00 5.434062644453355739e-01 8.415381914139654640e+00
-2.524264457926297389e+00 1.686862971301498204e+00 1.228198600668748952e+01 2.776426058490852333e-01
9.949453701130774874e+00 -4.979449526174789753e+00 1.824597828522886545e+00 7.564200382050107585e+00
-9.381742608321408383e+00 -6.344156624212655693e+00 -3.077485623698885231e+00 1.000635539887214520e+01
6.093192051087157779e+00 6.822956927439105534e+00 7.791077701771806918e-01 1.165026637392601927e+01
6.876289687841163456e+00 -1.527772467559490366e+00 -6.352361204664902949e+00 -2.872983827614140395e+00
9.315445894092325929e+00 1.234250776832778840e+00 -7.239811389740676617e+00 -3.460357852195612871e+00
7.082792419472724532e+00 8.535263083380856486e+00 -3.542507799594837969e+00 -1.279916556029951913e-01
6.328896354428011684e+00 7.630321678918388528e+00 -7.191940984756085342e+00 -6.181438713396840257e+00
5.573342233674156709e+00 8.614681301770319877e+00 -7.603493711111350528e+00 -4.826789887561509396e+00
1.237932708410293436e+01 -4.240374755102718218e+00 -6.761756164368533994e+00 -3.639445299248926791e+00
-7.232923446034223325e+00 -6.326065012846733282e+00 1.015833803326387219e+01 6.788443963951810822e+00
5.406799681980862360e+00 6.602641433812549643e+00 1.247907746946751439e+00 -3.254162150156076905e+00
3.867900897726463505e+00 -7.026144566117293877e+00 1.032682561643111008e+01 -1.223913355683237114e+00
6.001160918197776084e+00 -2.354699072172787400e+00 -3.132285986355786367e+00 7.682892799521908067e+00
-7.313587497296864193e+00 1.860387333867280057e+00 7.421261704238724555e+00 -7.554980368813901670e-01
5.855578097920018266e+00 -6.747256609571379293e+00 -9.011923871766517991e+00 5.819953947423440965e+00
-1.059729667458541025e+00 -6.963214705432266838e-01 7.384436340687499545e+00 7.563034698021035673e+00
4.447587575898330314e+00 6.232603829238141380e+00 -1.785929364951463594e+00 -3.454325975698155915e+00
-7.076067935686829458e+00 -5.946116862069050768e+00 8.572950928088056699e+00 6.277942042695192626e+00
8.082907049939501931e+00 -3.533086870556025438e+00 -4.944531501835235154e+00 -4.581519483258079894e+00
6.221373187231761470e+00 6.612997495892072308e+00 1.252106147535554381e+00 -3.757326160963299966e+00
7.872345472807213973e+00 -3.028285596962156934e+00 -5.857368786420260598e+00 -3.730129265746366496e+00
7.252258147565821211e+00 7.130892687957002707e+00 -7.652564005426601312e+00 -6.051862263588535740e+00
9.424395754657266977e+00 8.195689661625303657e+00 3.971348804725491899e-01 5.156042474532273046e-01
4.964519969601868254e+00 6.838369553871794793e+00 -1.068097296062403778e+01 -6.174498800741375248e+00
3.169302439374162006e+00 8.706084622835028597e+00 -9.196946070118110939e+00 -5.419341318794550943e+00
1.021098032086836760e+01 6.195961570294454823e+00 -2.842328816649271062e-01 5.576438762688196160e-01
2.846205277256029564e+00 -7.912605670605267427e+00 8.843369342789321408e+00 -2.129673738141168449e-01
6.165835686054469633e+00 9.065413286425410888e+00 -3.396203459757373810e+00 2.873299537746858423e-01
1.132595350301047787e+01 7.417406242000686767e+00 1.086300693191048605e+00 2.284172680573596015e+00
-3.775193680572476840e+00 4.102940076871800734e+00 4.265788283960269212e+00 4.526678035800194011e-01
7.723743837067791773e+00 -5.835780576982766199e+00 -9.490007405401048146e+00 7.136735948116871064e+00
-6.759745688337239322e+00 -3.841582454680071645e+00 2.662338205497333243e-02 3.568869194156646607e+00
7.423176466203794455e+00 6.763902450781536402e+00 -8.856784798772448397e+00 -5.411440344061630547e+00
-7.485228063157162381e+00 -5.521187408969352006e+00 8.740366440278498628e-01 6.042011285559799383e+00
5.108099900239447599e+00 -4.112860183971887906e+00 1.095462367133927639e+00 4.377187226784354124e+00
5.388962865754385767e+00 -3.009129731121582108e+00 -4.630562159756921314e-01 8.593672287096968176e+00
9.774456384865546354e+00 -3.578782529952026614e+00 -4.091310984158673669e+00 -6.138638715160377402e+00
5.521832995367097041e+00 6.003619151277258759e+00 -9.192368778935955387e-01 7.525054206680037439e+00
5.591254143922732567e-01 -2.827252550149961241e-01 6.650530341599143469e+00 9.879948336356267902e+00
-1.606634627360103984e-01 -8.294588021383118015e-01 7.062900261077068365e+00 5.409159302061759433e+00
7.555939249694271886e+00 5.947867673387111864e+00 2.107603980543161448e+00 -2.382758359569139728e+00
4.750750612445543197e+00 7.010617115468143368e+00 3.388388635267436388e-02 9.316465669666316174e+00
-1.177844923299495861e+00 6.581314846304224808e-01 7.232899263033190529e+00 8.349896759962645021e+00
-4.942976084571403028e+00 -6.211945355788471623e+00 -6.015753555593427171e-01 7.286564710513307119e+00
5.618475326121461499e+00 -4.382390820589045610e+00 3.237478334715634398e-01 5.494114004933575934e+00
5.981381151263400753e+00 5.927049375471071357e+00 -7.043477555965433901e+00 -6.187257436686103063e+00
8.530093588043792252e+00 8.675988952185386793e+00 -8.311333988973998999e+00 -6.194105446666581472e+00
1.039541581264995784e+01 -4.358691278793264345e+00 -5.859854327174272015e+00 -2.886154933554006874e+00
5.972869277064735805e+00 5.499071505282095096e+00 6.981317450260577928e-01 -2.848840043977288516e+00
-6.522995599265017042e+00 -6.175351525862599722e+00 -1.453319278050512420e+00 1.247101651784396470e+00
-8.025561748877354518e+00 -5.244713577892674117e+00 2.974175332123655036e+00 2.878701493829499913e+00
-5.964460581615255386e+00 -5.143246367740013092e+00 1.318246232533098139e+00 4.184264384961368322e+00
-6.202695470019965462e-01 3.993589301822034976e+00 -9.319684356956674520e+00 3.395665306377715353e+00
1.049451227242540696e+01 6.083979580906416551e+00 -1.344110218357100206e-01 1.944121664234052638e+00
7.305259075170077665e+00 7.947322403928645862e+00 9.503123297484391552e-01 -2.963190368312593748e+00
9.339113444199989900e+00 7.567674832487853998e+00 -4.461632397876396094e-01 2.403410927970863753e+00
-5.168932800473018396e-01 4.635353115186402473e-01 7.120205297640097797e+00 5.609010630140285336e+00
-4.574594851697572295e+00 -5.714173030701987344e+00 9.683497770586040332e+00 5.423111453837773155e+00
5.648324026503009243e+00 9.426383238962515065e+00 -4.693940411173240790e+00 -2.572695758767704177e+00
7.684945814665931962e+00 6.539128116621440334e+00 -3.124598187123710069e+00 -3.493866513401582274e-01
-7.029110253390629559e+00 -5.734423503663170330e+00 3.182696485026794142e-01 2.973124517961479363e+00
1.503183138540091779e+00 5.348183807752340257e+00 -9.981337004693095594e+00 2.634217690168866532e+00
4.780524612079263491e+00 6.955459870617406892e+00 -9.764414164458260714e+00 -4.345583905865473717e+00
1.007606155023003325e+01 7.620259230291242858e+00 -1.424896189153910919e+00 2.242482747006355748e+00
-4.373632250873288996e+00 8.622383551201444618e-01 8.584230314380667082e+00 8.133046708893376664e-01
6.934084722447000360e+00 7.394033663314403704e+00 -1.120555342471629068e+01 -5.347003335913601774e+00
-7.975542836642131483e+00 -5.728385590757250512e+00 -2.807332377634410125e+00 5.269574439209894656e+00
8.514478847649236570e+00 -7.227155009760262594e+00 -9.212989214347699019e+00 8.337229153721501973e+00
6.202130363430854665e+00 6.205751617795105979e+00 1.388884324328480968e+00 -2.845093515420870300e+00
1.006662264933774509e+01 7.123408470533446391e+00 -1.853900919346547216e+00 6.275732759193642929e-01
6.871908107599562499e+00 -3.427094034647797383e+00 -6.239831942227260342e+00 -4.400874515222664485e+00
6.877681259754647947e+00 -1.716582725857872083e+00 1.831809254997437852e+00 5.797048090063201542e+00
6.257229942006765633e+00 1.024114436761754021e+01 -8.495116554884905469e+00 -5.497533978845060787e+00
9.478613757089206615e+00 9.690437765306914031e+00 -1.108031513603127349e+00 3.360947710695270096e+00
2.054410673689245570e+00 -8.835863625100859764e+00 1.072936616715039548e+01 -1.168327205753755482e+00
6.079644676197862196e+00 7.208812351598664847e+00 -7.094100037550822968e+00 -5.521374904129931593e+00
-7.302956614546430636e+00 -3.925397605360898101e+00 1.003084348890790789e+00 4.987723120286635670e+00
3.515435449565488923e+00 5.481995675643275945e+00 1.865795788904301311e+00 1.092293017494096929e+01
6.695893032963796898e+00 -7.529686739507825521e+00 -9.851243648192305358e+00 5.858146770578313678e+00
5.231498546773703850e+00 -2.908769174730093443e+00 -1.611749206874170115e-01 7.473994317095264073e+00
7.195832936474547026e+00 -4.132450432363345527e+00 -7.060414304266600993e+00 -4.847903395083299927e+00
5.464387511017514854e+00 -8.412909138055768565e+00 7.613502410321666858e+00 -1.949158978965918720e+00
9.475279518039281257e+00 4.375743233234038243e+00 -8.049249210113673669e-01 1.746161188281857291e+00
5.005017962717250413e+00 8.225803659640096299e+00 -1.076764878196992115e+01 -3.339286640543484008e+00
5.922745378527725535e+00 -6.709348040333550145e+00 -8.367916014973868499e+00 5.865564773533379572e+00
4.949033470395542977e+00 7.275143279516987249e+00 -3.055495550344000666e-02 -2.344077280462708135e+00
8.385816956148438805e+00 -5.360164507386916632e+00 -9.601984033639087812e+00 6.941507272740977008e+00
4.535602451616061792e+00 -9.589886317436867813e+00 9.532894835007795109e+00 -1.145464027164927678e+00
6.335325350323939730e+00 -2.802025685276511524e+00 -6.055167139373109464e+00 -5.675410569296666097e+00
-5.603120087529988247e+00 -2.787626202169965595e+00 9.057070808344517943e+00 6.834330734255567918e+00
1.424082736304328023e+00 5.538954246714525631e+00 -1.080971017868221118e+01 2.735401502235332849e+00
9.240378781191834534e+00 -4.051828661213072280e+00 -6.043080881940111837e+00 -5.857129439991327402e+00
9.587285567755875704e+00 -7.229057056300226769e+00 -8.864468566426227270e+00 5.048022075013960830e+00
4.242960886159951039e-01 -5.699024751410823875e-01 8.211074961087453161e+00 7.519113929573062016e+00
8.909010508770766279e+00 5.566778744292014025e+00 -2.082763280840360109e-01 -4.156416816554302507e-01
9.596799010638852323e+00 -3.443550076645949254e+00 -4.991620176123394259e+00 -3.177516373498348479e+00
5.687000541695221401e+00 6.729463847053643200e+00 1.548562451167063259e+00 -2.919129931973730496e+00
8.333887554921338037e+00 -1.784716545364252616e+00 -6.395371150337871846e+00 -7.901944290853761821e-01
-4.372610816581889104e+00 -5.556668567559171379e+00 9.427857957651502474e+00 6.864728185099142621e+00
3.029942030330769143e+00 -8.961375873213532017e+00 8.766706642828406615e+00 -8.635164400176301713e-01
-5.753028665643300954e+00 4.939014997857103850e+00 7.425867978516034640e+00 1.697583557018957467e+00
-6.759372718655692225e+00 -6.804707716197954781e+00 -3.907609757311560461e+00 9.823607033550597833e+00
5.595982183894252948e+00 6.855596241804556179e+00 -1.061930197550172705e+00 -3.245916981375889243e+00
-4.796911747416689131e+00 -6.097690880165377081e+00 -1.605123838395831282e+00 2.963657995368149223e+00
5.116538044360272153e+00 -6.077114400587341869e+00 -8.667617555316248001e+00 7.213285871628164259e+00
1.050628706037043969e+01 4.988761214683871792e+00 -7.505074950375865139e-01 9.456102546638400774e-01
6.980905337941331723e+00 -6.914544624604594070e+00 -7.193004510548885122e+00 7.197420033356744185e+00
2.945836206262515855e+00 -9.667929126744059687e+00 9.622054612382608951e+00 1.527536952978354012e+00
2.258762998286941048e+00 7.631714879705093324e+00 -8.818586970460751573e+00 -6.453503431773496501e+00
-6.833975762418729172e-01 -2.679409888959005670e+00 6.742399666474701903e+00 8.641472292566632518e+00
6.192013589197105539e+00 -2.258457560903551098e+00 -8.184228251475419214e+00 -2.637187702735803718e+00
6.000659891950810731e+00 4.500259881107613325e+00 -1.767158658717776998e+00 9.799037247568714193e+00
6.660854780623227001e+00 7.513543723402478669e+00 -8.427798005849666652e+00 -3.135156175441533133e+00
6.552296220065017884e+00 9.849974462150001386e+00 -2.080425348439201905e+00 -1.074173050658902007e+00
5.198191659360393402e+00 8.024562883956452453e+00 1.753634528119302205e-01 -3.141762129311182594e+00
5.152086205219244874e+00 6.550242998228784863e+00 2.315228859662854077e+00 -4.032499654982943937e-01
6.411690546623460385e+00 -6.302106860190718862e+00 -8.652227938060688572e+00 6.771973569926423409e+00
4.733375856245047864e-02 -1.190899989736840858e+00 8.264764792733531706e+00 7.277264707467066884e+00
7.380100436627829552e+00 -3.125119015480147588e+00 -6.122461222438727368e+00 -2.966246646912670926e+00
-3.376856534484318217e-01 -7.111906090354399579e-01 4.151725209647734616e+00 7.297073300970910559e+00
7.091154492584896829e+00 9.336619384302817792e+00 -2.477475875243266401e+00 1.739133745700227607e-03
-8.062487411910666424e+00 -5.439277375369719891e+00 -4.165281002125679422e+00 8.146249658147203476e+00
9.646513108458547592e+00 8.559011691891260654e+00 -1.162283773119011654e+00 1.076751237711610631e+00
-7.550115935611896312e+00 -2.868216613728952424e+00 8.146799660540391841e+00 6.396020691515767354e+00
-7.056603714808374894e-01 -1.403826285868849499e+00 8.507946915260703236e+00 8.057225873926798343e+00
5.085348678145335199e+00 -4.942053331521283788e+00 2.060094587676725431e-01 7.638091695120423630e+00
3.598985913077340726e+00 -9.410630286361264751e+00 9.165053296658559390e+00 -7.680893682050317084e-01
3.181221164330465534e+00 -8.278440854849691277e+00 8.526152107489645360e+00 -6.985886600718484996e-01
9.953015582156636398e+00 6.148728029991501920e+00 5.430376375096652719e-01 3.391962532873411540e-01
5.517128555358182140e+00 -3.649579124748707049e+00 -9.077181880621354448e-01 8.626848667761764844e+00
6.957316056545650440e+00 6.233841121078322445e+00 -7.450575750493398708e+00 -5.840503830768343896e+00
5.424934638056290837e+00 6.769158427836167391e+00 -1.242731876881919995e+00 1.057485744320480592e+01
6.832095906240033933e+00 6.037496062906956951e+00 1.168344235761203498e+00 -3.617955314904676367e+00
3.567105626454829981e+00 3.483965654834275671e+00 -8.185958485945402430e+00 4.116302626283529165e+00
6.447790500080167853e+00 -5.619264882574142916e+00 -6.416207270798577333e+00 -4.159594036175398024e+00
1.753181642092257908e+00 3.579192219594860447e+00 -8.449749399037337128e+00 5.444415197118081196e+00
9.923528477240962431e+00 6.389885996387825173e+00 -4.146782356404716818e-01 1.701468224475638724e+00
-5.559189881611381168e+00 -5.142169604265658833e+00 9.889420787365400756e+00 5.806686466179453276e+00
2.220995882960242085e+00 5.749928608959364418e+00 -2.689100343008981042e-01 9.036240174032876382e+00
-1.001851216868820948e+01 -6.915435495147775669e+00 -3.479159629310721868e-01 9.997759206465303805e+00
5.984803246223166617e+00 -2.172760535280962024e+00 -1.169082627415857001e+00 6.741187789348889403e+00
1.028623663645748643e+01 6.399605466613799365e+00 3.496839196194929666e-01 1.552847627247755824e+00
-8.134462436485639714e+00 -6.933384206359949786e+00 1.812993607199694157e+00 3.052796852503514735e+00
6.849829712095458767e+00 -1.736236634302956938e+00 1.602943129185933513e+00 6.286290092376851213e+00
6.061525331575035480e+00 9.592909670725790150e+00 -5.309887022496426745e+00 2.257350211868018874e-01
-5.098006788380812893e+00 -5.299263543999918724e+00 9.093488157922207549e+00 8.547712734870414053e+00
8.195128520887731582e+00 -2.185999218717831649e+00 -6.221907191055020547e+00 -4.703440003912495726e+00
7.862059822464770864e-01 9.268544487214823491e+00 -1.032222514807280156e+01 6.372655628207786194e+00
-6.131450302902763383e+00 -2.971979062061062660e+00 1.080691558997090951e+01 6.769804939181564230e+00
2.646521465399477968e+00 -7.365119363812178577e+00 8.248849973090027987e+00 9.169829699075144891e-01
5.505739884273204154e+00 6.844407264606751085e+00 -7.575431743773682669e+00 -8.170783786809050042e+00
8.261225121154110340e+00 -7.669171197981524024e+00 -9.817688592103751333e+00 8.539711455852584621e+00
6.381457092283674193e+00 6.137042727373992257e+00 2.657689388378830841e+00 -3.491262591413572647e+00
7.438288958855832078e-01 -2.525987164644441396e+00 9.678009963013714412e+00 6.191404866421337694e+00
6.328424025483431414e+00 8.273968524828575255e+00 -2.527737337156641395e+00 1.000359200668413173e+01
7.957166351994221287e+00 9.920168135438883539e+00 -8.590449197565513728e+00 -6.359088974415745277e+00
4.153602792269004418e+00 7.021712343783814703e+00 6.414573123619344841e-01 1.100787806992981999e+01
-6.341834071443096299e+00 -6.359702877905579754e+00 -3.079405072029025026e-01 5.600648558765609408e+00
-7.511478266312187735e+00 -3.500294481865053431e+00 1.165374265353089100e+01 8.674608014777897225e+00
5.952157958927300818e+00 -2.682259947416301582e+00 5.647477102267880467e-01 6.637665794162115773e+00
6.779499647917660354e+00 -3.708647950650374892e+00 -7.360367619131635841e-02 5.860879934752162512e+00
8.417129173397240649e+00 -2.428722229166166979e+00 -5.282751308147584979e+00 -4.818471181885215060e+00
5.752458726783950205e+00 7.450056681012130255e+00 -7.304704223382173289e+00 -5.686654766093451663e+00
-7.827528740439032795e+00 -4.740685119397377356e+00 -2.408798919180301645e+00 9.030732245466701613e+00
5.729691398742873254e+00 -2.317513672554326831e+00 1.475661630361231325e-01 6.352166391609017637e+00
-1.332737876632801022e-01 1.596176271200324681e-01 9.562788330435743944e+00 8.278084655034950501e+00
5.579334000845832975e+00 -1.994701305788182610e+00 -1.743171984728397739e+00 5.614225732230083921e+00
-6.850186726434560391e+00 -3.637521723585113165e+00 -2.778832618696632561e+00 1.141692463307051320e+01
7.165629863503715669e+00 8.598506759459599635e+00 -7.497268960562322171e+00 -7.122711201574198014e+00
6.124483121988670398e+00 5.920581028450441430e+00 -2.207317112794121794e+00 -2.781353637039739812e+00
4.872438301046747355e+00 7.472738072058948688e+00 -1.797437213204655437e+00 1.125540914770342127e+01
-5.777600475461989404e+00 3.782353619617399243e+00 5.547336636723786185e+00 9.268677363455249951e-01
-4.078764076390816840e+00 -4.529280249852326357e+00 8.164745992931193186e+00 7.450153612022663019e+00
8.527070355876562147e+00 8.803738139567817811e+00 -7.305099797464221112e+00 -5.998478785260223489e+00
7.621336512088214832e+00 -6.673740973998451231e+00 -9.207310348153352919e+00 6.147664927567335624e+00
6.113811842273785935e+00 1.105940687054004457e+01 -8.633520145265245915e+00 -4.421301791202291831e+00
1.014824129314729717e+01 6.250522054865757404e+00 -6.111837904369153973e-01 2.791500454870710968e+00
6.064687129711917812e+00 -2.817998624354432824e+00 -9.765474466075103610e-01 7.866116720996233269e+00
4.212567677612589101e+00 -2.683361706056571538e+00 6.951666153770523771e-01 6.871500730942019075e+00
6.897190042462626458e+00 -7.286452212201945500e+00 -8.663464516288538420e+00 6.624439953497986089e+00
-5.427517744148634193e+00 -4.417301658764205108e+00 9.387042805593456052e+00 8.720631145078144186e+00
5.522122213233371824e+00 -7.658805114790087742e+00 8.535594006624226182e+00 1.894915962058767445e+00
-7.559959440760089855e+00 -6.509296499163680139e+00 1.727517096483311754e+00 4.540256287549916614e+00
6.416187041524934465e+00 -5.275146287899663555e+00 4.507671201312180020e-03 7.625443158738958616e+00
4.160043023010056906e+00 5.643825823156245924e+00 -2.759597932793500519e+00 1.137208770047508466e+01
1.041837493542653448e+01 6.668401743170878859e+00 4.043176109910640026e-02 2.422075072522920980e+00
-8.308255569252686712e+00 -4.181248106638157935e+00 -3.445185519968231080e+00 1.005435927688992059e+01
5.732642943787132239e+00 -4.471148842987505034e+00 -8.105638835591477687e+00 6.697272230031875218e+00
6.010068792733160414e+00 3.936113674734087464e+00 2.540414795158578709e-01 1.160278113964482571e+01
5.412125762720746414e-01 -1.643860402011223965e+00 7.842296727401705247e+00 6.694740690903135061e+00
-5.710195752985935513e+00 -5.369213324357123618e+00 -3.176874170222902194e+00 8.642493025776207816e+00
6.990956030234530161e+00 -6.697401924267444961e+00 -8.691974580043872578e+00 6.710891838940180598e+00
7.000969471656744325e+00 -1.661457964557449207e+00 -7.824656367019422021e+00 -4.999736640052136138e+00
3.028994615062561735e+00 5.045806687733183971e+00 -2.633910468319145437e+00 9.924819303468716214e+00
7.200707864284346726e+00 5.873327645465431956e+00 -9.824396196122512137e+00 -3.822379063975253732e+00
6.630869567673817855e+00 -3.284948019427911703e+00 -6.910090624600919718e+00 -4.279198440556204019e+00
1.001933482004652731e+01 4.961351313335924829e+00 8.483895296382341078e-01 2.253485608905050785e+00
-3.511826923711351967e-01 -2.195377680416144894e+00 7.692960127805359427e+00 5.621968613848740581e+00
6.199579606039343105e+00 4.990696428494541870e+00 -5.144193242915287012e-01 9.578831097408308182e+00
8.831246271772887013e+00 7.188397071821452045e+00 -8.093914176700516272e-01 1.487680280189983772e+00
-7.124831192790296086e+00 -5.921257736709424790e+00 -2.624061405306215455e+00 8.945180110605209123e+00
-3.769007569598334495e+00 4.052443024312541553e+00 5.103980069644414641e+00 3.544257381974502685e+00
-5.410750686978630597e+00 -6.384264457337666343e+00 5.920928734739230315e-01 4.440756638205774820e+00
1.470500043334565188e+00 -1.011365211336641146e+01 8.998878430815748786e+00 2.452143641640289307e+00
6.069590091488419326e+00 9.464099325532108864e+00 -8.610727778457313519e+00 -5.940069974531235530e+00
8.034344346821903571e+00 -5.983261981609417468e+00 -9.442568107429714530e+00 6.640219533243744365e+00
4.852309391507042768e+00 5.519911933181654184e+00 -1.462841127416906195e+00 1.067763113690139321e+01
-5.051997336940513783e+00 3.757539313086322164e+00 6.855283807717113653e+00 -1.287448351833920812e+00
8.789717357399219111e+00 7.161549940505384626e+00 -9.978806628298443115e+00 -7.286685114062789737e+00
4.863574889435574811e+00 -1.769483218459974694e+00 6.104014441350360531e-01 9.357893369692584784e+00
6.498503003329155980e+00 7.916289263862241299e+00 -2.311999371149831006e+00 8.895249615586255487e+00
-5.517804438017085644e+00 -6.026219998119162646e+00 2.256242235037851263e+00 5.515856641366211122e+00
2.732034864268582552e+00 5.469512573063573413e+00 -8.908281735669202561e+00 3.717054850413200384e+00
-5.471518153407076923e+00 -6.466378853492702028e+00 -9.244830041131806286e-01 6.452300516432809552e+00
7.414267113131561837e-01 1.318573043667880196e+00 6.074406627820559734e+00 6.734089752654029759e+00
7.800595429300423156e+00 8.199226562602278889e+00 -4.956391335121317354e+00 -9.880494268146999826e-02
5.991998942272880768e+00 8.425756680144493416e+00 3.355790327588140665e-01 3.181785305136575204e-03
-7.246579143710611959e+00 -5.117173705573931919e+00 -6.712955782941698590e-01 4.768705408649369204e+00
-6.306897351641134186e+00 5.085102102748030539e+00 6.494690867956200542e+00 7.333560838695640793e-02
1.021956829100500386e+01 6.999261520344777665e+00 1.819202590111076712e-01 5.587550467059878567e-01
8.233703444445527708e+00 -6.093744641629976755e+00 -9.301005651015122666e+00 5.638417317651076566e+00
1.089671610346970887e+01 6.316733758946286414e+00 -9.416277262301988582e-01 7.682672683611887487e-01
8.141497730484850148e-01 2.117860166722049797e+00 8.546759562713766911e+00 8.437803247192299239e+00
1.807217262330105267e+00 5.286443914204149941e+00 -7.375614574900795084e-01 1.022326823626801762e+01
-5.243588172858189012e-01 -2.012131482333996413e+00 7.901989331328976185e+00 6.681045248333881581e+00
6.049255249825449710e+00 8.733434954677020912e+00 -3.988935790265239589e+00 1.923766193678493774e+00
-7.751564889439617190e+00 -5.423854087311557493e+00 -2.554233260819281259e+00 1.149398772750843989e+01
-6.368986320869543860e+00 -5.032255677764259083e+00 1.002494267139472761e+01 8.402265572923285575e+00
8.855758519315804378e+00 7.596751231138733296e+00 -1.685004088747676265e+00 -8.419573792835352011e-01
6.565227759465637192e+00 6.466772641762283946e+00 8.383869309727712826e-01 -4.286718670560476951e+00
5.626784958341805698e+00 1.101602960137032383e+01 -1.837698743688201075e+00 -2.440383599971441164e+00
5.930574838093341405e+00 -7.018408712532643534e+00 -1.011986254439768906e+01 4.647310723019280054e+00
-5.663894582878441497e+00 4.350879683925073849e+00 7.017108108088560670e+00 1.521765232603448537e+00
