3.892401152511151707e+00 8.347880784858944025e+00 -9.425976296873027849e+00 -4.934331364784472207e+00
7.352062646475639340e+00 3.234273617719456428e+00 2.190575416474585424e+00 -5.467863491525518427e+00
-5.306643130567335831e+00 3.782879222684107035e+00 5.378731640560745930e+00 -7.022510223926334838e-01
-5.764652535613421946e+00 -4.051833740403165685e+00 -5.238383419199344609e-02 6.000438791007589145e+00
6.211869570484862102e+00 -5.555919744574859820e+00 -8.797375120214640631e+00 7.626378488353940277e+00
7.156082065420051208e+00 -6.547715960890141851e+00 -9.504545810620468771e+00 7.733670649222958104e+00
5.173140936131731316e+00 5.740465121168520035e+00 -5.276219822320173947e-01 -1.372851909565883100e+00
4.309387276254419419e+00 9.126727877917396370e+00 -7.952323088649537297e+00 -7.817771974938672486e+00
-3.344388809436995125e+00 2.133381369317351783e+00 6.852186717618031331e+00 7.531721771550952127e-01
-6.870066351108774505e+00 -3.956428393521727482e+00 -2.559908042226687996e+00 1.161703188698039924e+01
7.254918425320879827e+00 6.515155530088565961e+00 9.184064517293881735e-01 -2.264617850641213792e+00
8.346908302301139670e+00 8.104058234678662487e+00 -1.021203778993787026e+01 -5.955635850540041965e+00
5.368846683736441250e+00 9.150245590260203343e+00 -8.062569199493777816e+00 -4.932379908931666002e+00
5.422525936060303309e+00 7.997335938586338067e+00 3.225600101409229925e+00 -1.340764172079182970e+00
9.129792706598589547e+00 5.460590486557558521e+00 2.629492264708799265e-02 1.683457573908780480e+00
9.027479637089694364e+00 7.204431479723769627e+00 8.002075651844384740e-01 1.874760370234709317e+00
8.630290248546698351e+00 -7.349801940969990177e+00 -9.567862597422674753e+00 6.853925239949861137e+00
2.259095525839602381e+00 5.263146574474098394e+00 -1.012017469070853259e+01 4.982416740639005859e+00
3.949301022975462594e+00 3.954585172070641974e+00 -1.871435975287656373e+00 1.000059123357791080e+01
2.591718719098942358e+00 -9.797742168147722808e+00 9.938603973988463736e+00 -7.547716067861580669e-01
4.825907338635943233e+00 5.947669293901291176e+00 -1.136685129506201442e+01 5.382206028850157864e+00
6.067662955072926856e+00 1.913260781428445689e+00 -6.888552657384530153e-01 1.054225655354256652e+01
-7.251226985657782897e+00 -3.396396609989629667e+00 9.222346568303224856e+00 7.022348271902246530e+00
7.019659898798473741e+00 8.242949994797982072e+00 -9.111219000518348210e+00 -3.425851044013955349e+00
5.927876538000821149e+00 7.422520663541762431e+00 1.594696294098624456e+00 -3.811656101510226158e+00
-2.912715465252364022e-01 1.068813401077142622e+00 8.245189349626185660e+00 7.779420462901469158e+00
-6.163740253984768991e+00 -2.946710882431496259e+00 -2.919323755962600409e+00 9.406856061896704091e+00
7.405952459036708291e+00 -3.147642541460157872e+00 -6.551789472951735860e+00 -3.120425776067146550e+00
4.258538003214551448e-01 5.696041551689793536e+00 -9.751019802431862615e+00 3.783776274951003327e+00
7.006681529887901050e+00 -4.409679078070718461e+00 -1.504340714716022154e+00 8.527434865583030543e+00
-1.057417232917670447e+01 -5.554345979372120823e+00 -2.652532242628223180e+00 1.094745856067824974e+01
-8.040792349614925172e+00 -3.839811010588056295e+00 1.856683110995589470e+00 4.521939690285019964e+00
6.861131713830263656e+00 -2.215256411213073484e+00 -5.364782461909000766e+00 -5.065675724639076449e+00
3.178379873255888555e+00 -9.120085078138115975e+00 9.876527156392548079e+00 -1.128578399713425218e-01
8.295452378544641903e+00 -6.084916526982913965e+00 -8.371586315966037972e+00 4.322234245305773825e+00
6.822207789288760260e+00 8.891576803914921001e+00 -4.710033926007905158e+00 -8.579814239946863541e-01
7.859696702837303484e+00 -4.492264092783955221e+00 -7.558216445918784387e+00 7.580095915824800024e+00
-6.612263229106485340e+00 1.315505670349335521e+00 6.023214656730090155e+00 5.006180412236002075e-01
-1.257757526949297766e+00 -3.736240177457761380e+00 5.835455696053849728e+00 6.092790999518137518e+00
7.566903991530947948e+00 7.487700268014935823e+00 -4.572799228913596359e+00 6.436225164416820022e-02
2.251631240499417430e+00 4.947179805800386632e+00 -7.589073847727137334e+00 3.521000157903478200e+00
6.566139157437918428e+00 -5.370282107148859119e+00 -1.038365974847238782e+01 7.359100866662681817e+00
-7.941785339622914108e+00 -3.837191549293885284e+00 1.084259831862964951e+01 7.352910370451656519e+00
9.846151369409547272e+00 6.573802990295012805e+00 -8.468891069652149106e-01 2.585492575971588991e+00
-5.866507190395639171e+00 -5.306152864536293201e+00 8.323718629672876901e+00 4.931975058449626914e+00
-4.905993877101355594e+00 -5.417630628460768705e+00 2.018103324703357515e-01 5.189969044305215107e+00
-6.619639412378243826e+00 -6.262807700085629037e+00 9.619741906480634430e-01 4.447508181081341938e+00
1.425593801148962614e+00 4.619980839147016738e+00 -7.980486466177710625e+00 3.039717139414678471e+00
7.460854514362909029e+00 -3.565719163416532389e+00 -7.418091634242786725e+00 -3.774732724770841763e+00
8.382648046635610584e+00 1.005588811881245448e+01 -9.226842335659798167e+00 -4.975947761371923406e+00
6.155905983458689334e+00 -3.361869039862477315e-01 -1.456167999731952545e+00 7.529275382587846899e+00
6.020794314647050172e+00 -6.291440286781226021e+00 -9.712936837464734907e+00 7.082549322523447266e+00
9.125276642360949708e+00 6.515903363377860025e+00 -1.499506198691347159e+00 1.248798190595494351e+00
4.559145243712592332e+00 -9.519475466952718179e+00 8.278521629472834320e+00 6.273783408153801311e-01
4.470963791401771914e-03 -8.621209440044340866e+00 8.379531855004914931e+00 -7.590642576087867077e-01
7.173368403941320359e+00 7.624620172213378844e+00 -2.802469097986571622e+00 -2.429865114001777293e+00
4.667161428159817937e+00 8.039016981576022403e+00 9.510193995838784886e-01 -3.722747245888642809e+00
-1.289066038453662300e+00 -1.001836074649169905e+00 6.804369765661261837e+00 6.843637033677106629e+00
-8.969253878289338289e+00 -7.182543115604920203e+00 1.066753233220223862e+00 6.431787245395991448e+00
9.137923109820356160e+00 7.564553687451697428e+00 -9.628317775224918051e+00 -5.995583417445732977e+00
-3.955236252028889510e+00 3.677792932693486616e+00 6.868766949232515628e+00 -1.791453723477250737e+00
8.434707484454527560e+00 -5.885857483031233350e+00 -9.144496675186893242e+00 6.060536050375276318e+00
2.317955159553725331e+00 6.478598596058728454e+00 8.061258516737859203e-01 8.638094915286254505e+00
-8.961071113290859813e+00 -6.226989376344914007e+00 -3.126633819986203711e-01 4.879300615282313736e+00
2.110328447891687276e+00 6.728547747496425480e+00 -8.697513702248802048e+00 4.700216187310247484e+00
-6.180335732449933062e+00 -6.251713306668370329e+00 -7.618072802316758763e-01 6.645216106156740743e+00
7.161728779488257146e+00 -3.064421009138235341e+00 -8.243785348332496099e+00 -5.522940537675402162e+00
3.791239654773165491e+00 -2.722896785098679384e+00 3.111115359804548230e+00 6.144922905469027974e+00
-1.861306826774267620e+00 3.379969321182346498e+00 6.144833045335595934e+00 2.744028031037723525e-01
1.858554100270835230e+00 5.011085484718972083e+00 -8.653141957149976804e+00 3.977764464224578855e+00
6.926838869403251664e+00 9.484555773422339797e+00 -5.140585172494500199e+00 -1.089606818050234738e+00
9.745100596390653180e+00 9.364571110546883403e+00 4.893836221425356126e-01 2.115552336306952164e+00
2.292995322134665059e+00 -6.867209716792529228e+00 1.184333431445282692e+01 1.187023750553305224e+00
6.525849246473502063e+00 1.123214164337964860e+01 -4.163308182041951078e+00 -2.302016359791581035e-01
6.865235612173653301e+00 1.003927202780079497e+01 -5.513286647716054034e+00 -1.320918260794057275e+00
-7.407224453736415803e+00 -5.559256507336401754e+00 -2.869670926607951422e+00 8.710117332648922073e+00
-3.181829700050038401e+00 1.041661275826193611e+00 8.721623962270793839e+00 2.730977899794845065e+00
4.526782386147200299e+00 4.799864005657640043e+00 8.717111233128113090e-01 -2.612870491065207190e+00
6.818560080911066024e+00 3.623520526401359021e+00 -1.368014058338759442e+00 9.156549218260652268e+00
1.777718930604904823e+00 -6.343495053969613551e+00 1.220223620403702469e+01 -1.129018430655154726e+00
-6.439878652068485643e+00 -3.588684354364418461e+00 9.229306673771015213e+00 7.308211585536350086e+00
4.955387532982397758e+00 5.697975735251791463e+00 2.366577544287149948e+00 -4.671900889790444822e+00
-8.790053546133608009e+00 -5.662187088740433971e+00 -2.237382928716933339e+00 1.093859912675469559e+01
4.006965285619978889e-01 5.714906558866065467e+00 -6.202253081220870712e+00 3.510771890032297282e+00
5.147486567870943830e+00 4.914356165327767201e+00 -3.058622409552888555e-01 9.746149183034418684e+00
-2.285304294853495399e+00 1.374942183679928931e+00 6.257607231194298514e+00 6.146510553105569485e+00
8.255305070677220414e+00 -4.336661286777405699e+00 -1.033168039913088343e+01 7.350393166900135000e+00
-3.994954672221124881e+00 4.751411418464479119e+00 5.277992873154309095e+00 1.813590340258929512e+00
7.115034483253335651e+00 -6.123535085990738480e+00 -8.900494713496977184e+00 4.198257014077247717e+00
-1.114809761564180768e+00 -8.775615254669746346e-01 9.046981449999513814e+00 3.920177016545959958e+00
5.634948559927377865e+00 7.475551264613851110e+00 1.580419112340673227e+00 -1.963862880250649923e+00
-3.738876083291295060e+00 4.136518917326845290e+00 8.010218754194749380e+00 -8.897484072028236657e-01
1.827976910060379989e+00 -5.461980539142747837e-01 6.833830838257867413e+00 8.560934225847171675e+00
-5.869721459579498202e+00 2.628112262843331770e+00 7.482549732832022293e+00 -2.541123898666559633e-01
-7.302603014030763617e+00 -7.411671596931589612e+00 -2.007896226977536003e+00 7.252533885674086633e+00
4.095864223010534211e+00 5.003280091833515186e+00 -3.764794035569780650e-01 1.170877707226954989e+01
5.452881565792611518e+00 7.188205437531853370e+00 1.582587213800753512e-01 -4.580791407776404256e+00
3.050159663248793507e+00 -1.029464306167237275e+01 9.213114481889089546e+00 1.756067470421219134e+00
-7.893550872211746672e+00 -5.876840360562796128e+00 -3.281385360607010693e+00 8.710858414802803651e+00
8.800898326737030430e+00 9.157931595056171048e+00 -7.839526550162799978e+00 -5.326697485809754440e+00
5.976645874249018053e-01 5.770285243113872475e+00 -9.681567896627134573e+00 3.181055508754393024e+00
3.553819013961201367e-01 5.689467913488777562e+00 -9.663956882873542042e+00 7.189078992033823390e+00
1.823092730181727683e+00 3.511122052798146598e+00 -8.632451356470408399e+00 5.011444068378377636e+00
5.970912301262977451e+00 7.311308403375938347e+00 -1.874018092536456237e+00 7.064959557547314528e-01
7.492595906184053689e+00 9.248531230319265717e+00 -8.043186071267831139e+00 -5.623195711649677797e+00
-3.612915780111122799e-01 6.570795030985727703e-01 8.743291794696187225e+00 8.375627632427374181e+00
-6.310735904126060447e+00 -4.361935916307698946e+00 1.084389657162313547e+01 6.231146793853778121e+00
3.648206389383078285e+00 7.261644550304355406e+00 -8.365179397296590436e-01 1.068494665634339569e+01
-1.427261664278795861e+00 -2.041205669589759353e+00 5.843676825782562645e+00 7.137054543822134001e+00
-5.937107995108664937e+00 -4.350746253302689937e+00 -1.714222021534374640e+00 5.581403495647872859e+00
-8.341619356286646081e+00 -5.102061346272928510e+00 9.875635087051193750e+00 7.439794570271687668e+00
7.023088029548620881e+00 5.784519847180173535e+00 4.368048091937357658e-01 8.739698233435316155e+00
7.796296726396442445e+00 -6.802201181348005221e+00 -8.341022355855042036e+00 8.253506394502915455e+00
1.125845082200389768e+01 6.766488609988771330e+00 -6.747769182479859129e-01 -3.852462242389587121e-01
-7.261437221444366763e+00 -4.986493806597641409e+00 -3.308844658028109009e+00 8.950506269781683955e+00
6.881280907380157075e+00 7.003479671496805281e+00 -5.700403966562229030e+00 -5.354880272030126065e+00
4.383036162217527121e+00 -9.588852695489961775e+00 1.030683316647259851e+01 4.730790466099424885e-01
6.039910484628088660e+00 1.015674814213793198e+01 -8.842510545600747562e+00 -5.104556832325789273e+00
-8.606179381590134625e+00 -5.190834945404805723e+00 6.309440473009588768e-01 5.333077983746167483e+00
-8.460575190050898087e+00 -6.647753603256068899e+00 8.258411206262160631e-01 2.319676057761613563e+00
-8.741698153784197567e-01 -1.289105750664115702e+00 7.117036207762105882e+00 8.388396127261074753e+00
1.031462323855148178e+01 6.410387247085139073e+00 1.019821039424967379e-03 1.379032787458058129e+00
7.817739862680753937e+00 -1.588968262493472450e+00 -2.236797326224529758e+00 6.498956228670117241e+00
7.874580180980126798e+00 9.826437951716378905e+00 -8.582993281901917015e+00 -5.256685936950218796e+00
6.639174753462847356e+00 -6.948008090897527467e+00 -9.903710063925988294e+00 5.691608989564505450e+00
4.211395273508276915e+00 8.761994394690439947e+00 -3.935198002364152181e+00 -3.450388890011576448e-01
6.217358700769437085e+00 7.028465197418189092e+00 -8.889916895456194013e+00 -3.817747730402658135e+00
7.536306859386772139e+00 1.021429866020554300e+01 -3.454410469800791361e+00 -8.514310423458064658e-01
-4.172883770978786266e+00 -6.033654858066656246e+00 -2.065981713338635117e+00 5.245162837600235939e+00
7.263445579544245412e+00 -6.343966489891810667e+00 -8.056368405428267820e+00 6.564074466689161724e+00
5.775346512382121489e+00 6.076754585036235667e+00 3.882927288219624185e-01 -2.372534470111857363e+00
-7.603094228945106892e+00 -5.119606944604431220e+00 -3.034944255099179866e+00 1.036768158530376738e+01
-6.177557178192468079e+00 -4.885382787478829592e+00 1.003490436522922913e+01 6.377965330204772521e+00
-3.461992374523466420e+00 2.232717266209976348e+00 7.775120995800362422e+00 6.303296799123733196e-01
8.145685558818358984e+00 9.549499878841832157e+00 -8.509356995093611431e+00 -4.975953438253236882e+00
-1.707730643598840858e+00 -1.241742575873206800e+00 7.663532176070047441e+00 8.214658810391551214e+00
-5.849446875279889824e+00 3.960880676330996941e+00 7.716111067835402793e+00 -1.095105127926273347e+00
2.673660780949662641e+00 -8.790094055862896383e+00 1.090885261725951239e+01 -1.404669573078896283e+00
6.806057461453989710e+00 -5.558318542366849968e+00 -9.691654234048018068e+00 7.017756517810319394e+00
3.627140032463168851e+00 -8.265393700958773238e+00 1.036565072458468606e+01 -4.900974380776245143e-01
-4.924208105588902207e+00 3.571142937082536939e+00 6.463563143790062249e+00 3.728505333005798228e+00
7.576224070710274816e+00 8.407684611247002948e+00 -9.829045706753372968e+00 -6.328613705220314856e+00
-1.172483319711896899e+00 -5.427072885875954267e-01 8.398605539613830828e+00 1.022702578304291698e+01
8.959376544002957132e+00 -3.031506447914902758e+00 -6.708720804935905058e+00 -1.668149421264693899e+00
-6.424097426760949858e+00 -4.042468622385007926e+00 9.207656374134534971e+00 7.895638017478049164e+00
5.677075907081628792e+00 -3.095537559163876740e+00 1.190405066676484491e+00 5.886752287913441961e+00
7.892828575026785032e+00 -8.643744279671983222e+00 -8.513114307969475547e+00 7.740849515993431851e+00
-8.745802941603045610e+00 -3.179471871980831921e+00 -2.226860189825628389e+00 8.593265538347861110e+00
7.241619343735198555e+00 5.763686287187119284e+00 1.221145288010711871e+00 -2.960313819603760166e+00
6.960159508235659764e+00 6.739675092972287729e+00 2.745277383934583870e+00 -3.622992344764740302e+00
7.643412972604305189e+00 -4.262041299408068085e+00 -7.647713073965294761e+00 -3.453667039256378857e+00
2.163945359038508709e+00 8.494753563276940866e+00 -7.809098958146200031e-01 9.685645464613154232e+00
4.329502058941212539e+00 -9.233256664560860472e+00 7.420496942556006559e+00 -1.412032473693510592e+00
8.887157415420873008e+00 5.452009974582200158e+00 -6.041946535748892178e-01 6.780301037810189113e-01
-4.235814876521542871e+00 2.812031667687364678e+00 7.680564653262892172e+00 1.458392792005873129e-01
-5.959055501524040288e+00 -4.872962832739405670e+00 -1.199924104123512719e-02 5.721678955303828751e+00
-4.256950636742822258e-01 1.147827101456921239e+00 8.768747590379216916e+00 8.437308118525615797e+00
1.451472029189131874e+00 -3.074947591907764011e+00 7.197936871465168807e+00 7.218661488946846561e+00
6.926001642679358916e+00 -3.552362452658583969e+00 1.546554289712554375e+00 5.827876039739828151e+00
-6.662814058952664986e+00 -5.633593810221691811e+00 7.952505154818676480e+00 6.877688299633572200e+00
-7.060019938677027262e+00 -4.734622005983039728e+00 -1.098449165804588290e+00 4.547105908140040675e+00
7.276116309466963195e+00 9.619975898569895989e+00 -8.917801892243746309e+00 -6.714463651213163686e+00
4.051080932583197569e-01 5.051207753919923604e+00 -1.016625048403029830e+01 3.355941831505811379e+00
5.211876204923568068e+00 -2.248305544396184796e+00 -4.745564454904193097e-01 5.955830689253113874e+00
-7.582675904865146421e+00 -6.099970240466978666e+00 1.991638671772013036e-01 6.253043045373093634e+00
4.936272094590436588e+00 8.506734931821380741e+00 -1.301482625075671695e+00 9.826424429626674950e+00
5.871256166258902454e+00 7.888527026207810877e+00 -1.902036429403120898e+00 9.147206254709537632e+00
-7.294153498691487769e+00 -6.020825944139986063e+00 -1.427128107617584574e+00 1.049211418317723421e+01
-1.052688570400583146e+01 -3.720881557123631111e+00 -2.821498656590328835e+00 9.027135551422063031e+00
-1.795901410229742146e+00 -1.111481942582344118e+00 6.041969322509857854e+00 6.903440492693324160e+00
9.538587761089665662e+00 6.645577728392189520e+00 5.895832308818244050e-02 2.065761097578612926e+00
-3.121439958341498233e+00 3.265430075180492775e+00 6.535763620197720059e+00 8.930813734144573690e-01
-7.078504622804233648e+00 -4.396195987351335432e+00 -2.169541212484342285e+00 1.093870811501497187e+01
-7.980560373847811029e+00 -5.049846292146310311e+00 -1.588645948823118603e+00 9.634448307117814636e+00
-8.456492410100743484e+00 -4.923758742551476608e+00 -4.203209315392810730e+00 7.752947359819351902e+00
-2.615025124440544246e-01 -8.340142664496461578e-01 6.795598550151981776e+00 7.154708000922727074e+00
6.900579838612292072e+00 8.475739092050906365e+00 -3.435915282240149971e+00 -5.409581265252531024e-01
-5.509815995729836047e+00 -5.684452037411952929e+00 1.102060425691082557e+01 7.123075449114859126e+00
3.813198304964087182e+00 -2.949900985817503596e+00 -1.363002577789605985e-01 9.099783546197087958e+00
7.675054015118219830e+00 8.075428451155152842e+00 -4.629730374304796392e+00 6.383191252344500022e-01
6.019077140413632954e+00 6.507809439143882990e+00 2.096433168034865346e+00 -2.998571421379768953e+00
7.194162833788183775e+00 7.761548420086399780e+00 -9.311064504670953923e+00 -6.981232983038411888e+00
7.753379246029616034e+00 8.291986187038611789e+00 -3.377612585051334104e+00 -1.524619222798478280e+00
5.622773635239060042e+00 7.454671179646142676e+00 -6.967483345484508206e+00 -6.157676862139692453e+00
-6.342131122209718974e+00 1.086943283977891195e+00 5.950610293156313624e+00 2.530163463951701441e+00
-6.806299323884048569e+00 -3.834287111092865796e+00 9.369142963488030773e+00 7.757298918859412140e+00
-6.177762618410896245e+00 -3.525881700628549886e+00 9.944520300651948475e+00 6.396821985324302240e+00
1.151031445028553257e+01 5.822215407343120930e+00 -2.785623787422150666e-01 -2.641092833981415477e-01
-7.869133444087287543e+00 -6.542900019295950997e+00 1.815415653535450202e+00 3.228228986986255489e+00
6.366775055912171410e+00 -4.843864588268877114e+00 1.567576133941833483e+00 7.050103578572426422e+00
-3.168783726436667503e-01 1.149400880004260106e+00 7.949316738540735727e+00 9.092131495233315874e+00
-3.289263408219346374e+00 3.412590570439585136e+00 6.392790611401848011e+00 -5.461221655075247927e-01
5.584523298687300574e+00 4.487472813868140342e+00 3.503193977645466806e-01 1.072090501403226526e+01
-7.617656217467927426e+00 -3.753638170196374801e+00 -4.350480105654382257e+00 9.381544807334208258e+00
7.526076289899172878e+00 7.022081667626144608e+00 -3.878313003322066521e+00 -1.509419805148269011e+00
-1.864758470299718029e-01 -1.634427350695254910e+00 8.159535955144034958e+00 5.832132494343808204e+00
3.060030037872810471e+00 4.985861746722739518e+00 -9.200166057715934542e+00 5.188843758856234167e+00
-4.961968097988402882e+00 3.659214758136664969e+00 6.844508220742369531e+00 -6.902320294683204072e-01
1.715856953303317667e+00 5.864014748163228319e+00 -9.758101463657821384e+00 3.819551539047174593e+00
5.446607564626938291e+00 9.461809153621235424e+00 -1.117365957828882905e+01 -5.322981594568233277e+00
-7.738901241777493389e+00 -3.874860352462495605e+00 -3.343632382382846213e+00 1.007818586502335378e+01
4.610928307143030480e+00 7.596755197976882812e+00 -1.020464648868985247e+00 1.026929023403896579e+01
7.654454521246112364e+00 -2.636000002987245683e+00 -6.428764567259113605e+00 -5.713329515047791851e+00
7.817326771184527345e+00 9.007605830066475860e+00 -1.062006509041816926e+01 -3.988827413969878943e+00
-6.464384686933458468e+00 -4.281380312074994698e+00 8.191962904830674574e+00 8.646492770716692533e+00
5.471742355599524821e+00 -8.603554502661364012e+00 1.089785612408258508e+01 7.583507055368561289e-01
-5.683026013341257787e+00 -5.654750424882386106e+00 5.350742405493495724e-02 2.648041286679504225e+00
-8.478702680510970424e+00 -5.906188202622529637e+00 -2.912894060660681461e+00 1.069195103224825516e+01
1.024793369561146861e+00 6.140691033013474964e+00 -7.726144153822645855e+00 2.733324842357635731e+00
1.475558683467763865e+00 5.882955447441327479e+00 -9.259081420537116358e+00 4.073954703877246786e+00
7.250771894237457715e+00 9.280148614938928731e+00 -2.638741852095348506e+00 -2.468319722394459736e-01
-8.374107700887993389e+00 -5.547270331350424577e+00 -3.385347704174235250e+00 9.271163952026087784e+00
-6.139325769522415044e+00 -3.290021719769169017e+00 1.188184196738578535e+01 8.028115061234949223e+00
4.038758878844957989e-01 -2.011104451082578848e+00 7.762282842243475756e+00 6.961157069466033853e+00
-1.024977216665809987e+00 -5.988606291625034883e-01 8.411384265154685735e+00 6.360046902333445829e+00
6.302702629066064155e+00 6.337357746067301179e+00 -7.237720733757020852e+00 -6.136532048491499580e+00
1.033036932886586889e+01 5.942164051553555204e+00 -4.587938231308033576e-02 7.375327456315821095e-01
3.052807851588016153e+00 -8.655538412999850273e-01 1.018632899456604513e+00 8.676889385277393174e+00
1.873467841464226513e+00 -4.750431666573792788e-01 5.846943098959101803e+00 7.905717423798552801e+00
2.396354883112717715e+00 5.913006616544684846e+00 -8.880498505101387607e+00 4.050268639651437574e+00
3.089905285183442096e+00 3.105120397995767778e+00 -1.018893045579586421e+01 4.528731334786385787e+00
2.070893359548493073e+00 3.363365541075113541e+00 -1.100760042154428042e+01 4.129297409133730667e+00
6.863877805521298114e+00 -3.010398872975852846e+00 -4.952490931787987272e+00 -5.998792388636053019e+00
1.466471494655788632e+00 -1.123573929255248771e+01 1.297151121591853595e+01 1.466536537138561469e+00
6.419340350550585939e+00 -8.216615196292607948e+00 -7.472929202344078981e+00 8.070149913914585582e+00
-5.944223863283753850e+00 -2.636619041273357666e+00 9.740699136198955443e+00 8.138727316815026924e+00
7.999655023182160818e+00 9.335753861580813329e-01 -1.092375409427722044e+00 7.225068674620472642e+00
7.444460698417855404e+00 7.220461299961426604e+00 -8.011804594181771932e+00 -4.260969685388180217e+00
1.239356877530276568e+00 -4.223388732389151135e-01 8.788629170247205025e+00 7.598349571936894975e+00
3.817453912120628789e+00 5.620572769432132354e+00 2.532809181480457639e-01 1.048535429174640754e+01
-4.999224458698747320e+00 1.461170567125226638e+00 6.642810663100036983e+00 1.813151558639091387e+00
5.775239203253078379e+00 8.066231303891241211e+00 8.122556984205714370e-01 -3.508127053967184494e+00
4.814769405671405877e+00 5.572118987024358816e+00 7.005563099811953354e-01 -2.532631796188371087e+00
-3.133581417765162414e+00 4.312711064850001996e+00 8.107470659739369978e+00 1.748829364105673190e-01
-6.514444774915777892e+00 -4.123727824588689472e+00 8.372570226799064486e+00 5.710694248086920055e+00
-5.797617422537113541e+00 -6.719701851501978851e+00 -1.260473050263613004e+00 1.919547007387139903e+00
1.058221933645639989e+00 -7.322508554398734937e+00 9.357546062219354255e+00 -1.001152313313021569e+00
9.761160969644830487e+00 8.325024387646031698e+00 1.354135515499890197e-01 2.737210951787163005e+00
-7.940245589338303489e+00 -7.997663159014491541e+00 1.668689463325188305e+00 4.527533121741187827e+00
7.917404530663781692e+00 -3.765406485232256628e+00 -6.690782164839976787e+00 -4.421673295156520744e+00
-1.749543558289687661e+00 -3.269536129100710786e-01 7.877314376226569159e+00 7.904120454423365416e+00
7.213520313166604581e+00 8.363714902376376159e+00 -2.643995339139243672e+00 -1.091822087052797485e+00
-3.810517345477281714e-01 1.912419111712751807e+00 8.741410342795568056e+00 6.564094315195744045e+00
7.210060347259529046e+00 8.090475977420572562e+00 -8.007455246951609595e+00 -8.825324638280905631e+00
8.475272547482623153e+00 5.122205122161219037e+00 9.647611877023355709e-02 1.766434340186039620e+00
7.435466139046083001e+00 6.568700539422052564e+00 3.310836594030985847e-01 -4.182825753855517803e+00
5.982393555490647330e+00 1.020434606612697337e+01 -6.973348018014334571e+00 -6.176067038067055925e+00
-3.034007996220627223e+00 3.649396082141449060e+00 8.029087321713005210e+00 6.992524699337105965e-01
5.068956299019721001e+00 7.279879074286738749e+00 2.129251084774130831e-01 1.035417492719900601e+01
9.569500464163946063e+00 -9.770275409601980598e-01 -8.146226748963874442e+00 -3.898638708458653124e+00
7.335150092179024028e+00 -4.827774951508012613e+00 -5.752889484830869371e+00 -3.232074482114652092e+00
2.073546252168199544e+00 6.477883616445136994e+00 -1.000853037962291303e+01 4.379990365884554926e+00
-4.313471108677033317e-01 1.309550187066238491e-01 6.484918629685211933e+00 7.513335233919878675e+00
-6.188532212182279224e+00 -2.353167803861051510e+00 9.108390587165573038e+00 7.151590095240066169e+00
1.851757313441850128e+00 3.915837017600541259e+00 -8.051651776880609290e+00 2.287555227788435896e+00
-6.905111637918477818e+00 -4.945581946033955845e+00 -1.679280560593836791e+00 2.816318126640942499e+00
9.744924451030176904e-01 -8.274236453578572181e+00 9.215042103699703446e+00 -9.858657723159567343e-01
5.177279156635179902e+00 6.940928066707376942e+00 -6.898433116613224669e+00 -5.872456261126241195e+00
-1.257265741921114177e-01 6.173287133801060200e+00 -6.587635241992519042e+00 5.569904918151755702e+00
-8.221968609727042576e+00 -5.551553013516345558e+00 1.240141575693012399e+01 6.303565061471099185e+00
2.665674011710995606e-01 -1.543040970427487224e+00 8.290470968433441001e+00 6.695848346556976693e+00
-1.000298172285698683e+01 -6.894533880756238631e+00 -3.272838185832828817e+00 1.091778718740786758e+01
-6.685315413609963286e+00 -2.915619332778448758e+00 9.740933527528152780e+00 5.152532028958809462e+00
6.454314800404373109e+00 -3.625554839172619115e+00 5.392403666939534768e-01 6.898130696017775065e+00
6.396465721317031061e+00 -5.523178059274375329e+00 -1.089763227677561552e+01 6.432209283072192640e+00
1.146147275877667582e+01 5.867686154637811846e+00 1.324976105119153313e+00 7.968181764503192710e-01
7.091086931153935069e+00 -1.171451817541111273e+00 1.903961595632996273e+00 8.997793489542198486e+00
3.800807012708165900e+00 9.246215518722074478e+00 -3.744971227490736965e+00 -5.006678292245214656e-01
7.581483938235976439e+00 -6.612725525154850459e+00 -1.025907077220904640e+01 6.928482871707305257e+00
5.713927349865413063e+00 7.446933262803827169e+00 -6.102818452275037941e+00 -7.094532484931601601e+00
6.260737700595585764e+00 6.416501007797446476e+00 -8.167136192393263272e+00 -3.198420388914525958e+00
-5.348183375199100809e+00 -3.762241093268055891e+00 9.496430442535073624e+00 7.109452582089141437e+00
6.293791314701246087e+00 7.934949036736146155e+00 3.425413319157956327e+00 -3.716229244078562477e+00
-6.569393025476889747e+00 -7.838578162037398656e+00 5.718932511371146443e-01 3.443622165305511018e+00
6.612633677641995611e+00 -7.269271296562314078e+00 -7.892383399729952842e+00 7.585905476754189358e+00
9.017186263107229038e+00 6.819436218441209618e+00 1.652513165848402243e+00 1.628648328980440763e+00
1.060305760229818262e+01 8.073992537008670922e+00 2.008796799007424305e-01 2.277086460041302551e+00
7.993878906369679349e+00 8.815344789248506174e+00 -1.000323113862854463e+01 -4.936258980976798938e+00
-8.918217941074358279e+00 -3.701477048739395315e+00 -2.464008683017466339e+00 8.976719251441940273e+00
4.346265802558952451e+00 6.338285598683056854e+00 -1.908668263002190724e+00 7.950691804298335441e+00
8.696822175934824983e+00 5.406275517156238664e+00 -6.519456420568520150e-01 1.476654473406111334e+00
-8.585274732024021915e+00 -5.138809855290995543e+00 -2.148142250237855766e+00 9.923774013781327952e+00
5.063237251162990837e+00 5.183231855453096060e+00 -1.077010163413013188e+01 5.225482530671879289e+00
6.399131227010465217e+00 8.549151499605240900e+00 -3.275562580725235318e+00 -7.071848347515308220e-02
6.206688985942171222e+00 -4.997821986348787604e+00 -8.504842988696411865e+00 7.007367211019975173e+00
-8.478102550374750024e+00 -8.354841779484491582e+00 -1.311691468296042995e+00 3.142593085808130127e+00
8.235009539203051787e+00 -6.517548825904041720e+00 -9.039309767770644655e+00 7.665188786005873389e+00
8.320580694829258661e+00 6.859639029525014919e+00 -1.753890652017622842e-02 3.669520409337043709e-01
-9.659378831825959466e+00 -3.985195992221716388e+00 -4.564014629387717292e+00 1.029014760058800704e+01
-5.743514550324111845e+00 -2.922010443554834414e+00 7.552307610057249931e+00 8.702142248052815887e+00
-8.214900791143206149e+00 -5.322346411114681430e+00 -1.093083154527167089e+00 4.604395455429316719e+00
-2.839943924688306254e+00 3.034693209540678893e+00 4.752806179441013690e+00 2.391027352379752280e+00
8.359914581427501545e+00 -6.153846962597432579e+00 -9.914166444535510436e+00 7.055241163402015125e+00
5.643826483813656480e+00 -6.086610436535047519e+00 -9.780448008509935676e+00 8.400459075797892083e+00
4.000110233159083428e+00 4.262007020783078914e+00 -7.001420973797162217e-01 1.018572823814294637e+01
-8.419667789389562174e+00 -4.096100368710244410e+00 -4.153816313959945994e+00 8.937303917792752017e+00
6.845823371057855766e+00 -5.343692942043935190e+00 9.638043245273640869e-01 6.006496325291870164e+00
2.739377281266333952e+00 7.757652952076207420e+00 7.019664831913734471e-01 -1.297588114341603260e+00
-8.376930950369914086e-01 1.701770618620574993e+00 9.336442785683404466e+00 8.109243187071824011e+00
6.477156617843644604e+00 -4.606488295948565792e+00 -4.144173794881936601e+00 -4.512609861392646415e+00
8.449657118068444106e+00 6.177256244490012982e+00 3.330558122614794225e+00 1.347800394322967943e+00
-6.947768847445528806e+00 -7.250716498410734623e+00 2.511440104689025343e+00 3.947479570955151118e+00
5.674123774594934666e+00 4.990898207552239008e+00 1.230019811477446767e+00 -3.593117674451228094e+00
6.963824313938139277e+00 5.712782101174314064e+00 -9.338359490047873912e-01 -1.599313361540840583e+00
-3.146297925938419837e+00 -7.927001060596077231e-01 8.493450453835686531e+00 4.442608587999039571e+00
7.512701387528947450e+00 -3.972169785827256216e+00 -8.454772691396490458e+00 6.980593362215185671e+00
-8.572596685744157119e-01 -1.665887964298091051e+00 8.685927531915373478e+00 8.728741024991956365e+00
-5.118700898376859598e+00 3.407519914456154986e+00 7.159764740807823991e+00 2.001800893722189001e-01
8.216669212843290993e+00 6.793684215901454770e+00 3.732827982947223289e-01 -3.461036668109458425e-01
4.689644675653192429e+00 5.351475290575102406e+00 -2.252906143076720102e+00 9.928361303426278539e+00
-1.543412832292915926e+00 6.221024182062813157e-01 6.372577379847673029e+00 7.414490666962959331e+00
1.153101464573630430e+01 6.569146393780807003e+00 -1.278247186538494229e-01 2.595251552745288848e+00
-7.599125384733837585e+00 -3.940875371251655768e+00 8.894656998830823724e+00 6.704401123158835851e+00
3.148394433041745266e+00 -9.339396769444146429e+00 8.229276326458132118e+00 2.757246333747795042e+00
-3.807343402657559217e+00 4.346282166785149670e+00 7.184749806679196382e+00 1.005414017439264507e-01
6.215179574284713127e+00 -2.655544294093241220e+00 -4.618368766531911973e+00 -4.937824802488233189e+00
4.678024860142690144e+00 -2.580001839255415597e+00 3.411488373471327051e+00 8.532264262571542801e+00
8.873748399742245496e+00 5.383588539782507176e+00 -2.094608616283775704e-01 1.695150825823702245e+00
4.215136093578430554e+00 4.936086357886939169e+00 1.061782047713663246e+00 9.829805756029779573e+00
-7.539290130554033631e+00 -4.241062698544816101e+00 1.154704791513932527e+01 6.571774537237006442e+00
1.043333884226587749e+01 -2.829674030413109165e+00 -6.132242795134541069e+00 -3.019449993125353338e+00
1.382377988547111913e+00 -6.380400315180053683e-01 8.566347374110851121e+00 6.671824110603487235e+00
-1.537863400347203147e+00 5.958919334742986962e-01 5.106564352001162987e+00 4.608050421993649337e+00
6.517096420729055595e+00 -2.722371267526438654e+00 2.461889887083352768e+00 8.316136035585518727e+00
-4.178440436211650066e-01 6.541384193959316473e-01 6.450455493838854970e+00 8.491638161371154681e+00
-6.509950723676684703e+00 -5.175237430397039873e+00 -4.484104196259948161e+00 9.975932645117730146e+00
6.166606755866873790e+00 6.730791278116504017e+00 -5.522733043711607337e-01 -1.809702579311276427e+00
7.366178745947039808e+00 -2.352660342339605748e+00 -5.952067024850546950e+00 -4.573770459555324130e+00
3.682811350382829030e+00 -6.803417573597948298e+00 9.688219852475741689e+00 3.035559342757994106e+00
8.907019391412280385e+00 -2.999297439596824155e-01 -5.090441358252564719e+00 -4.180074569116186467e+00
6.616856365701806020e+00 4.541049131037453890e+00 -5.783515293178578265e-01 -2.878295660223836983e+00
1.285105152692669894e-01 -3.594348133592555339e-01 7.587474980182920881e+00 7.937509566439788777e+00
-6.842032774207851276e+00 -6.282090611224542265e+00 -2.892044802907292933e+00 5.835681671705890139e+00
6.311604246241058647e+00 9.320414064226486772e+00 -3.241538542942920653e+00 -2.367580090747276600e-01
5.304435741472597776e+00 4.457385408754392486e+00 3.931343642569595787e-02 -2.756648509363159860e+00
-8.822439060209385175e+00 -7.460101096345656657e+00 -5.076525418703702108e+00 7.934148259487740162e+00
7.434684770332595782e+00 7.135976970058808710e+00 -9.662686537464622916e+00 -6.955904311929345774e+00
7.507151172140122064e+00 6.367813375387092023e+00 -2.471485989351167145e+00 -2.092919530683240659e+00
-6.087651255282416907e-01 -1.717989015187982416e+00 8.159725264959078572e+00 4.748952660224896150e+00
5.523068220863617261e-01 2.420752867480200354e+00 6.434593896349211306e+00 7.358213471734067035e+00
4.648828663692369467e+00 -2.714668341144220509e+00 -6.131919806991805721e-01 7.995151320953373109e+00
-6.848464088751944345e-01 -5.614337627369324624e-01 8.078784494790415494e+00 5.272750807931940287e+00
-6.623672048272602808e+00 -4.566877155975480385e+00 1.018834459584410768e+00 4.165669739765574420e+00
6.212873076949812834e+00 -3.915328909621646591e+00 -5.098155221347140387e-01 6.393694819523373596e+00
3.889189823055062334e+00 -9.783620875379822834e+00 8.178509229692283000e+00 -6.352810747814574555e-01
-2.904167235520681345e+00 4.249998319455624340e+00 8.921442880418227972e+00 1.583252241409840444e+00
-7.307598084381591974e+00 -7.138419859852167981e+00 -7.700397146001292104e-01 3.870869576601875472e+00
4.357426677853927899e+00 3.863391243437330314e+00 -2.464113796215571028e+00 1.122983301527493971e+01
3.877914294047289268e+00 6.917490167053580663e+00 7.809622456743070540e-02 -1.995004428772090943e+00
6.632003239754995505e+00 -6.250544617508486667e+00 -8.710210535368531737e+00 8.183147049840963305e+00
1.097084375613507135e+00 4.418435375191227088e+00 -1.003422776825180485e+01 5.879009160902124442e+00
-1.259217848412229612e-01 -1.847708161740803323e+00 7.065644280762604978e+00 7.055183481475356899e+00
6.366612058736557778e+00 -3.437023775378302393e+00 -1.325276384829373377e+00 6.442687125901590761e+00
1.051174042631061178e+00 5.309547616306654838e+00 -9.282029601607812097e+00 4.884823899770820432e+00
5.765316844043773870e+00 -1.640945513926285848e+00 1.345048288488077448e+00 6.440927704888009586e+00
2.840925158096294645e+00 5.544006027386732427e+00 -8.059519645753240980e+00 4.870597512717584898e+00
9.813141031406784620e+00 6.854646621468446277e+00 -9.569184928690106506e-01 1.543803932402988632e+00
5.714022532446739078e+00 8.537959510885286818e+00 -7.022722766936944083e+00 -6.431282115135809718e+00
-6.114621711034630813e+00 -5.042633537922680986e+00 9.810510958778293045e+00 7.578854463744071346e+00
8.373554528932649177e+00 -6.769866596144290760e+00 -9.551825336160069568e+00 7.421411790017468313e+00
4.070075956549546348e+00 7.069448986823565484e+00 -8.926258232557849226e+00 -6.206781735347575157e+00
-3.698862915790398276e+00 5.419876329338251253e-01 4.869795511153727219e+00 1.898294518509574536e+00
-4.870090228761045026e+00 8.334121908142058111e-01 9.080716290123319823e+00 -9.528413412885341494e-01
6.067288995975149923e+00 -5.362732853338869177e+00 -9.401202334386754345e+00 7.158660847251502979e+00
-6.745680308735453323e+00 -5.855773358598857392e+00 -9.656612419290281357e-01 3.377479747866589221e+00
-7.914208841226243685e+00 -2.871756410214222566e+00 -2.968728336002227408e+00 1.075216407103437355e+01
-6.017112774035718203e+00 -3.311212059795075380e+00 9.258771815211577660e+00 8.640847237539945880e+00
6.763970044933670600e+00 9.655842251336576254e+00 -2.632113183553827618e+00 7.970995792022967930e-01
6.743692001163748451e+00 9.944980193983766981e+00 -8.899449931650478263e+00 -5.113244245267336119e+00
-5.885737385507875175e+00 -4.889195118555326403e+00 1.022702643142733159e+01 6.731077032355971212e+00
4.941121731776251025e+00 -1.923428914220954633e+00 1.378450194801997819e-01 3.373470012009238239e+00
-8.134951938410415195e+00 -4.404262099050657575e+00 -1.629628954703855603e+00 1.033412067718875704e+01
3.105233547103716241e+00 -7.315376751036336778e+00 9.060321538175214684e+00 5.765922756780383907e-01
5.214987583368468904e-02 -6.411105632375156960e-01 8.326824611117253028e+00 8.577581529915891068e+00
1.898691374945453481e+00 -1.128053005502197692e+01 1.041599235873113116e+01 1.412092380366498867e+00
5.991016167551205918e+00 7.788425447851672345e+00 -7.631428751240318942e-01 -3.773582104267661830e+00
9.238230142153938118e+00 7.344866406120246438e+00 -4.798922018077849128e-01 2.346864677770499341e+00
-5.399992079793003441e-01 1.360633494432461621e+00 5.977084837807078443e+00 7.046387779870378232e+00
9.994395084245335070e+00 6.081967921050320136e+00 -2.733115759901600939e-01 1.085890685404734102e+00
4.022200125131925930e+00 -2.549422857572772649e+00 1.809113616753713627e+00 6.663570935929881145e+00
-4.669282899885175198e+00 3.619102525911283230e+00 6.321288010550866865e+00 1.807991812391177344e+00
7.389589819265405701e+00 -2.544248330230580724e+00 2.012865490205198782e+00 9.157668377895513245e+00
8.616818306831916630e+00 8.277347136943285832e+00 -7.172364464768531178e+00 -4.164723152122593142e+00
-8.290097483184031280e-01 -1.024492475519852785e+00 8.190364935015692183e+00 9.259222039394821024e+00
4.039295000704075989e+00 4.099703620758449851e+00 -2.378401451237269759e-01 1.075484612039418231e+01
4.796755202467312351e+00 8.442184597955757042e+00 1.310024796630248289e+00 8.290556052668119236e+00
5.307233262249077654e+00 -1.942779682397792751e+00 -1.053669580069810596e+00 6.678282069349496197e+00
8.466983559303445261e+00 -2.409455259105429903e+00 -1.118713397596460268e+00 7.701686346765735713e+00
5.138559388838113584e+00 -3.054161025162556165e+00 5.772837373868738853e-01 7.471865064876384466e+00
-8.784918953481613002e+00 -4.457536363702597093e+00 -3.511923317111863785e+00 9.348532160339788177e+00
9.252620512657676599e+00 -1.761292052518321549e+00 -5.680486464123587709e+00 -3.839142307830964551e+00
8.121960880141779526e+00 -3.779659187091842121e+00 -5.854393931351286717e+00 -6.582614654835345469e+00
3.113982276161784579e+00 -9.419931448496363657e+00 1.142992141294395481e+01 4.938521673582217941e-01
-3.642787844779769912e+00 9.270172163205323557e-01 4.351691967231150926e+00 2.012748641114173509e+00
6.190804689284458817e+00 5.247717408283610219e+00 1.328575152003558690e+00 -2.484405434876145513e+00
-7.626372790231974896e+00 -3.052473475308569384e+00 -3.296568501031576837e+00 1.014693952872221416e+01
4.576631973178676205e+00 3.351114006490790498e+00 -1.466107861262150092e+00 7.915428855605139091e+00
6.336282516015398159e+00 -2.953118682982636134e+00 -7.633004086197439975e+00 -3.317156837977715433e+00
-7.192927366936077149e+00 -5.023646940626873558e+00 -2.054017517409439719e+00 8.668835899989291605e+00
8.158786772839086154e+00 8.768105368480487272e+00 -2.421307057282771069e+00 1.337375440978131103e+00
-9.080301372985273289e+00 -6.596170460843088890e+00 -4.129114579341983671e+00 1.065656336185121056e+01
1.161654482202909300e+01 3.737200382420371891e+00 -8.957502094400524584e-01 2.603319791125573879e+00
1.224061536601487754e+00 5.923273827174089234e+00 -1.030167302081513192e+01 5.595912202969476112e+00
7.654660732338932405e+00 8.573704308387615214e+00 -3.722926095691021064e+00 -2.131217527945684864e+00
6.777276297789538440e+00 8.889575750592207726e+00 -2.793736631403003212e+00 9.013148190482973554e-01
-5.744753201247620567e+00 -1.085504489941054018e+01 -2.231725734767897595e+00 4.533921725857255502e+00
2.547619746691882625e-01 5.723024156828488973e-01 5.569383394361144823e+00 8.435992588596628039e+00
8.801349265806853950e+00 -2.030610680197916018e+00 -6.952687065622296103e+00 -3.925799342334403086e+00
6.205685055955839857e+00 5.186196740760776080e+00 1.368633550013943490e-01 1.025230888233681625e+01
-6.576065753131078218e+00 -4.685811072360431595e+00 -3.528281820787798395e+00 8.960743126883274456e+00
3.414457567732425147e-01 -1.767634440669834328e+00 8.211992721635043679e+00 8.113320317767236389e+00
6.209009695331238810e+00 1.063740165567931939e+01 -8.936695563881431603e-01 -1.580288040962225526e-01
-3.133458741809171055e+00 1.794381550285861771e-01 8.023727444223849758e+00 5.620056080301477408e+00
1.023585263158180858e+01 4.863522879095759421e+00 1.577591788324573141e+00 6.444684742570351288e-01
6.596493236435189367e+00 7.733325954926849377e+00 -4.986125735916196788e+00 1.477247469468134788e-02
9.396925364359864474e+00 -6.083971440378094009e+00 -7.817238079612008228e+00 4.681037263531007575e+00
8.914330739971749296e+00 -6.463917054011758090e+00 -7.930905955416526432e+00 7.247538892535967392e+00
3.555841012589528560e+00 6.552177278000862692e+00 -7.775815081471739720e-01 1.079592947444367468e+01
5.724944975600767094e+00 5.094366031356045710e+00 9.932548585283138554e-01 -3.020632644919984067e+00
9.146149522890260286e+00 -1.897985773458803926e+00 -5.134559836977443226e+00 -3.226503785564161397e+00
-5.269909767376405263e+00 -4.488551929019006792e+00 1.033178174555137652e+01 6.785111675004882770e+00
8.466922381571269085e+00 -3.391766597405418082e+00 -8.720873943941997553e+00 -1.323048211041855549e+00
3.086245208519242222e+00 -1.221671141978407960e+01 9.971322126666459340e+00 1.125068565144789812e+00
6.915051358177667140e+00 -4.765076288477994915e+00 -7.158705353565047780e+00 -4.449995592510727072e+00
6.606024757436791184e+00 6.712063499627259233e+00 -8.539089328385204070e+00 -6.421516731653707843e+00
5.109195357987797337e+00 -2.006659280318912053e+00 1.785825359777844845e+00 7.312726107190417046e+00
-5.657432795105355794e+00 4.466797994791501303e+00 6.437678782404316458e+00 1.909057764966102244e+00
1.154885327994381505e+01 6.474148309706516891e+00 8.717432607626621754e-01 1.258670508729893056e+00
9.856842402616750931e+00 6.172298648753674399e+00 6.846787496325891231e-01 1.634466841693331451e+00
-4.419149645956520489e-01 5.038928447022231749e-01 6.688627516810679907e+00 4.551740277690116798e+00
4.852621520679352152e+00 -9.304600562068314318e+00 9.586979459824625849e+00 -2.007799583470987415e+00
-4.840294875996652202e+00 -5.628926483618475807e+00 9.515733804760177605e+00 7.641183044990447648e+00
-6.648006833321050024e+00 -5.603302078519560858e+00 9.905819051171723899e+00 7.086167796460174806e+00
-7.467281338754020226e+00 -9.610139050003224881e+00 -3.792637993143022079e-01 4.470219512176178078e+00
-4.688378630810008829e+00 4.377171928602045625e+00 6.135710896017840810e+00 1.113360276835139384e+00
-6.079782922847333460e+00 2.950319463568003897e+00 5.261102368901574344e+00 -1.855820292571303654e+00
-1.900934582292855834e+00 7.287626478173814260e-01 7.594430551707891830e+00 4.210602708898246505e+00
4.315512245205036734e+00 5.347056044534331143e+00 1.300849708981584474e+00 1.086223104170744591e+01
-2.913715850763334281e+00 5.313401369235789318e+00 6.253872440775454677e+00 1.588954753575671175e+00
7.941398190039371308e+00 -1.989751695484477834e+00 -9.848298417419499629e+00 -4.245070097474878068e+00
-4.974103083024209226e+00 -2.065097976730593032e+00 9.578901345207048834e+00 7.514521415683634409e+00
8.359652989445371940e-01 5.832392154349614444e+00 -1.094610822913115555e+01 5.900860788384145295e+00
5.961190434550458050e+00 -7.378458514630582776e+00 -9.954944813965461492e+00 5.595491128416082205e+00
-2.328525107176618647e+00 -3.280443575591319050e+00 9.668695402804935668e+00 7.740391324994803313e+00
5.163680357022228939e+00 7.357513426584874061e+00 9.460810507697814398e-01 7.947068656443668111e+00
-7.128506443243219692e+00 -2.170235531398886142e+00 9.223436838650471259e+00 6.940308222119047521e+00
6.756283287521181791e+00 -4.217227476225374971e+00 -8.864497879143064196e+00 5.602831412476079187e+00
2.610104519867138428e+00 4.445515449990134371e+00 -9.787206888484254463e+00 3.853730276641390784e+00
7.150093298255686847e+00 9.339506339846645133e+00 -2.736357076783552777e+00 -4.292990595258428854e+00
1.395540935524017367e+00 -8.964694624131642087e+00 9.856621934403792196e+00 1.233105040789547857e+00
7.904857527365269476e+00 9.514774763864192408e+00 -4.292907023016093504e+00 -9.797612519665233055e-02
6.929254791219188192e+00 -7.546300353406699024e+00 -1.007676524880442237e+01 7.720218018782659009e+00
-6.539370570102868818e+00 -3.853768895825332663e+00 1.016984934821831210e+01 7.262406012321330095e+00
6.577691644453347308e+00 -6.195196485679783649e+00 -1.076526158180104886e+01 6.913109815585193552e+00
5.843321352880803232e+00 -1.039762121118886284e+01 9.624188907141704163e+00 6.853648955387041386e-02
5.618347214381627097e+00 -3.427071549344354651e+00 2.575300602606142575e-01 7.070865663710210747e+00
-8.015754104517167633e-01 5.119907492637212343e+00 -9.806956816875096905e+00 6.725435532962434237e+00
7.085440303902844406e+00 -3.323611803791480135e+00 -9.014634065395986440e+00 -2.931923902038218621e+00
-5.774390990976502103e+00 -3.360319922026633321e+00 9.878892897279419216e+00 6.076523806950604012e+00
-1.436985143245535390e+00 -1.495765007141232283e+00 8.029112386514340116e+00 7.702452927920502290e+00
9.219938141645693364e+00 -7.221277030310031542e+00 -8.809273598887767065e+00 6.946285536236864289e+00
-9.800626730645486395e-01 -1.158400919356742609e+00 8.590379010201669274e+00 9.079419176619332177e+00
5.116384644982300500e+00 6.614517362409336521e+00 5.234312121003916740e-01 -1.400371707403215593e+00
6.167927557956043749e+00 -1.419321968709739812e+00 -8.882316417271374220e-02 7.651802886058391984e+00
-6.459000463319357621e+00 -4.529760779344977450e+00 9.146940013942968406e+00 6.190508775743243319e+00
-7.698335983252024839e-01 6.530375763064761863e-01 8.803922125463468973e+00 6.427432390261400563e+00
1.322623526126135429e+00 5.326050347331852564e+00 -8.554809964432966041e+00 3.854051259009357189e+00
-6.361555782648812496e+00 -3.802124240808886668e+00 8.687864299443054605e+00 5.977573421632286887e+00
4.578423327707608514e+00 -1.221086764492094190e+00 1.728933595731582784e+00 8.117477663354561557e+00
-6.361116413641106249e+00 -4.865014241618757396e+00 -5.036460082129902815e+00 9.576112486614526631e+00
-3.369715024567260464e+00 3.354997933880413008e+00 6.251796177335637417e+00 -2.113091383032983384e-01
3.579466236567108162e+00 -1.110662100895486759e+01 6.294548366206082157e+00 -1.065892681542247367e+00
4.334434249440800579e-01 6.472356308778681733e-03 8.722578518091237854e+00 9.299741004052899385e+00
5.417691508524502098e+00 5.511381822578387712e+00 -1.142046002966348173e-01 1.064227640889472148e+01
1.039829363807005436e+01 7.757141608311094672e+00 7.172629938587836707e-01 3.611936445094282799e+00
9.386837531214791142e+00 6.339814707856157305e+00 1.077964377908467331e+00 1.062809138667173192e+00
7.724437671359707380e+00 -2.706215879310576611e+00 -5.294006074873683687e+00 -4.056711764710819068e+00
7.707544572374292358e+00 7.972597540113577352e+00 -3.554823244857464370e+00 -1.212949114353617963e+00
-5.438506562212634066e+00 -3.659887246751128753e+00 8.897803213420980128e+00 6.313627954768425532e+00
6.785394911299301945e+00 6.970581922949311782e+00 -9.609356996548983787e+00 -5.410446290946445025e+00
7.811177266500495264e+00 8.243317791454440879e+00 -1.122510878027978221e+00 3.202145628351174000e+00
9.937898459320653188e+00 6.525832659322938767e+00 1.593873735680890968e+00 9.738807221104236467e-01
-2.146452343574500432e+00 -6.555700418673715557e-01 6.897392185734668502e+00 8.948052741777491548e+00
-6.605555546648030685e+00 2.351374326573584916e+00 6.353755109309608962e+00 2.308990283346946670e-01
7.759136366101797577e+00 -2.938404012371936602e+00 -7.754231099832141538e+00 -3.554787765068486483e+00
6.729751449470297686e+00 -3.898207454039261499e+00 1.135824312850065576e-01 7.461133091276749063e+00
5.148356140250318624e+00 5.484371657515503706e+00 -7.577029741631884363e-01 1.128664703460360030e+01
3.688526953595690383e+00 -8.504151987595403028e+00 1.002826013087636703e+01 2.593516270237656407e+00
1.076665415711840268e+01 6.016916192531567731e+00 -9.147600891139564538e-01 -2.044543743642698530e+00
9.712537371277948139e+00 -1.997079652433378705e+00 -7.770591367246517223e+00 -2.929716035625987924e+00
7.283067359936783447e+00 -2.191371221387191870e+00 2.331056441070200325e-01 6.000468654372410171e+00
-5.276956601762910815e+00 2.995244118018420831e+00 6.871318539880641119e+00 3.955118850974294609e-01
8.207471279240435180e+00 -6.629732809528418258e+00 -7.886951335579555966e+00 9.609646843045881681e+00
1.077001634309269207e+01 6.039760607903434497e+00 8.369884639278064586e-01 7.919207660387664882e-01
8.670762731775962351e+00 7.256830725395276183e+00 1.725005728125912352e+00 2.181459800373367397e+00
3.986249959093253192e+00 8.283610442202544277e+00 -4.200307267515041687e+00 -3.947724280744064451e+00
-2.600488395294695110e+00 -6.426009145268319900e-01 8.449091371343820711e+00 6.866859368803599928e+00
4.588945138233846421e+00 7.022782479526160415e+00 1.581433067275732629e+00 -2.777412989083640316e+00
7.487425547460020425e+00 6.219647044774059275e+00 -8.690653438435340661e+00 -5.555246198937159541e+00
8.144993020880308521e+00 5.825280153682697026e+00 -1.023749669534014650e+01 -7.081545060092307331e+00
9.422945439056315209e+00 7.112295823230216918e+00 4.297326878093893354e-01 2.024031751492911813e-01
8.435547705653764439e+00 -6.741700479549932012e+00 -1.188024201105314859e+01 5.790508514655895667e+00
-8.309594392840160992e+00 -5.897137484047474842e+00 -3.135180571877555611e+00 8.248576152705071607e+00
-7.637532988558063174e+00 -6.607128501537404830e+00 -2.019860523391270313e-01 3.807983571015980395e+00
-7.750809354960754405e+00 -6.381485303282124377e+00 -3.234538715301893852e+00 4.745422261339324876e+00
-6.057403721983041223e-01 -1.006162038698505867e+01 1.241270897416343999e+01 1.743091147187147527e+00
1.849010134654427651e+00 -9.219638288946807592e+00 1.151668727534012859e+01 1.086791392185775695e+00
6.733328552082550544e+00 6.434021744125788977e+00 -5.720699094306256338e-01 -4.441230711868285219e+00
7.280446207748178189e+00 -4.630891782981152005e+00 -7.395005199625254377e+00 -3.278168938103601437e+00
6.434599961906035226e+00 5.816462840184295047e+00 -5.101247221588816050e-01 -4.053072631330517872e+00
5.574145837082665977e+00 4.295142291191229589e+00 -1.913803103594591271e+00 1.076103275800292103e+01
-6.484716126524197044e+00 -6.755230786533379828e+00 -1.827891133048125560e+00 6.060340564770816840e+00
-7.072153535368690846e+00 -4.666138408504683532e+00 8.208535718274374560e+00 7.292217704296498404e+00
6.058040760752197329e+00 8.862165075349002663e+00 -3.842947395152058743e+00 -1.912509617061880274e+00
9.540018950178197343e+00 5.684407160901841394e+00 -3.765528413982832667e-01 7.056627149285091827e-01
3.426587845340809846e+00 -9.741808533261169245e+00 9.074775130012795898e+00 2.217109835509970317e+00
1.054032888163466808e+01 5.249743481873274220e+00 8.969715465701466606e-01 2.952433608663435294e+00
7.567458644665606471e+00 -3.436601717150284063e+00 -5.742820758071195186e+00 -5.236462053612912726e+00
-1.633575846278334076e+00 1.192603254924171186e+00 7.601551669530619115e+00 8.130306560836057628e+00
7.503067149777365330e+00 7.866200210075282584e+00 -8.044238192112814545e+00 -7.971277500945124217e+00
7.937106052026747349e+00 6.157421696128903221e+00 -9.044297883495650225e+00 -5.974378197081112063e+00
6.407317641146485165e+00 9.913907126664748048e+00 -8.012875239856574794e+00 -4.946503945350458231e+00
8.282556489786284004e+00 1.000940462461002234e+01 -2.966751528181364783e+00 2.558286474164022106e-01
2.511050335038606640e+00 3.780581825932060269e+00 -1.045431027091816034e+01 5.398523749038595554e+00
7.133689951995251910e+00 6.629516192944893582e+00 -9.623024868186647041e+00 -6.533864427530039265e+00
3.603925207070374004e+00 6.733218761783262174e+00 -1.002249374642700097e+01 4.409719516661112060e+00
-8.544641826123541506e+00 -7.434327769084819515e+00 -9.215851288742201719e-01 3.160684301744968394e+00
-3.758175707387674258e+00 -5.090498819278995946e+00 1.875335744379034719e-01 4.264098960576881758e+00
4.483777719819781460e+00 7.543403104575476803e+00 -1.918923239292964489e-01 8.624347074726314233e+00
-6.130582290219408925e+00 -5.886276015738397760e+00 -1.635309972697981173e+00 4.432768396058778038e+00
-3.817253655688986225e+00 1.715768654653602843e+00 6.499462714691899734e+00 -1.898953305226691590e+00
3.239126725454507749e+00 5.384199808465564452e+00 -9.634581497759475255e+00 4.562014025212081769e+00
-5.292435756593553364e+00 1.926895536172348322e+00 8.962631140561081011e+00 9.361717433617966488e-02
1.067150952793561380e+01 6.694132710742132453e+00 5.266884532982314682e-02 1.354232765845364117e+00
6.601333790480739871e+00 -7.375599595170649891e-01 -9.810542611700880933e-01 7.172526881778497732e+00
4.542398047673030792e-01 -3.291611923140410068e-01 8.796450813132882018e+00 7.470407205580919197e+00
1.172673107199914178e+01 6.688553727351578715e+00 -5.349020344791477477e-01 2.215278694890985722e+00
-6.571068398560586665e+00 -4.636505990114787146e+00 1.059635529392204623e+00 4.460950860417164598e+00
-8.788401427724836790e-01 -1.790251476652204854e+00 7.456398461649653697e+00 8.571435447919029116e+00
-6.744408999717339981e+00 -5.026449579113441146e+00 9.234503170996353205e+00 7.784574848355314103e+00
5.645954037291721406e+00 7.967978306211556117e+00 -3.760674987965093585e+00 -1.726214755539672296e+00
6.779132507732981594e+00 -2.141544933978857479e+00 -5.206437162536921903e+00 -1.872343467698814434e+00
-9.309232596580978125e+00 -6.998046617868260988e+00 -2.053668559239302027e+00 1.047458563549998267e+01
6.376938037903337353e+00 7.921742010303690407e+00 -9.289018976998242749e+00 -5.047087705081487741e+00
5.698431399134549658e+00 6.925300191854109499e+00 -4.096563656156824607e+00 -8.636086638438197349e-01
4.269471575804276497e+00 6.634540254227886180e+00 -1.024124301090292377e+01 3.559025228826801168e+00
5.778934812832000389e+00 4.851734915118520064e+00 -9.923334537685877255e-01 1.040459266088496015e+01
-8.917562553750549625e+00 -7.335597129656074245e+00 -9.437147419330078613e-01 9.841419510325151165e+00
-4.727328987385257086e+00 1.799356896039783438e+00 9.677868618291896041e+00 -1.264264659535816016e+00
-1.290627309610438811e+00 1.073359053809819441e+00 7.571310056316628234e+00 6.733952064618542011e+00
8.763670498722708757e+00 -3.187475686405353503e+00 2.737668848430074853e+00 9.602895363858410249e+00
1.008715624271458466e+01 5.154962449739049823e+00 1.549055822845885277e+00 2.008880752790447310e+00
7.685981576331499809e+00 -6.832387530749144844e+00 -8.355851887931216027e+00 7.684527916956500171e+00
5.725488173994887298e+00 -6.095986386040332050e+00 -8.634962520327968960e+00 7.130544534719410521e+00
-6.999549981041845115e+00 -7.234452358643041592e+00 -2.140217189372336293e+00 4.736528498645750318e+00
4.851599792507047759e+00 3.591352472122210315e+00 -1.281982902282072789e+00 -1.886287903169116875e+00
-5.121443156951412945e+00 -2.881781814727599755e+00 1.050106275558648150e+01 7.807376094668017075e+00
5.486822019844723730e-01 2.489290694791462144e+00 -1.163710737835159392e+01 2.890392977254960805e+00
4.594444531468310444e+00 8.971240456071276625e-01 8.074001942292136080e-01 6.765873598348754570e+00
8.900536327770575795e+00 -5.507272571340262601e+00 -9.508958097594540249e+00 6.982945986119310611e+00
2.892076784964729086e+00 5.642929516621752128e+00 -9.782300520452592352e+00 4.999826116671245657e+00
6.560592458858253373e+00 8.187094345878158208e+00 -2.828665331279665018e+00 -8.282345133429824813e-01
1.193293444716644913e+01 5.479371648222269187e+00 1.344937910606800457e+00 1.467608346997756996e+00
-3.882309350038911866e+00 -8.879393928377108836e+00 1.157149032252083876e+00 2.810241543230997507e+00
3.311532510592501310e+00 6.239136059886512875e+00 2.975007927206267944e-01 1.248354290116082765e+01
3.620297660861670153e+00 4.818878021253691912e+00 -8.282459450076757435e+00 5.160942430952115245e+00
4.624145210118767224e+00 4.872239953207245122e+00 -1.564536845787610098e+00 7.571264247602567110e+00
-8.898084910411377280e+00 -5.005973308249945575e+00 -1.245571547659879874e+00 1.128454018122514668e+01
5.995794027918466718e+00 5.017599095775390872e+00 2.121295268971873149e+00 -1.721997764477166903e+00
-5.698131652470923569e-01 9.488676273611864609e-01 1.008945462962256912e+01 6.940472072413022886e+00
-5.678053409454181022e+00 -4.553730194436061751e+00 -1.282782647705899670e+00 4.910091450981080463e+00
-6.058645899591189377e+00 -5.187306121214614762e+00 1.138125090324603184e+00 3.600492117553451443e+00
