7.968090728884649643e+00 -2.941950126506204466e+00 -6.695025491490788738e+00 -5.174904137624162459e+00
-3.819664339169906442e-02 6.457452512540751144e-02 1.020766002596317001e+01 8.765105328616263236e+00
-1.954875498072792039e+00 -7.601427658234614082e-01 6.844252776723310561e+00 7.168957130231163433e+00
9.777404531070292393e+00 5.932792110135048702e+00 -8.642265488059623912e-01 5.325768980799581165e-01
3.542731082375057738e+00 4.957134853031761601e+00 -9.716832995373703596e+00 4.102963325097006120e+00
-3.225402916701653133e+00 2.507858406244291682e+00 7.484528577287904660e+00 7.972995656555144084e-01
-1.905483258429176985e+00 2.051933257935237176e+00 5.668731551669154101e+00 3.719309480121931522e+00
-8.270677461925762586e+00 -7.545176737592549365e+00 -4.190213297088650535e+00 1.039312925420435185e+01
5.517830253934659979e+00 -7.892222345192442035e+00 1.001546036370577397e+01 3.985939650522129618e+00
8.862577090543707570e+00 8.113920320112894657e+00 -4.142674557765395171e+00 1.024263354800015069e+00
-4.720430353057204487e-01 8.504410634372145950e-01 7.663914252385609416e+00 6.582281825244730378e+00
-6.444950823434283826e+00 -3.888754892185198209e+00 9.906483962896643902e+00 6.636859704669991089e+00
-6.001711820128230457e+00 -3.617328746176681875e+00 8.959552205456420282e+00 6.926938270581404211e+00
-4.921123709901126908e+00 -3.291085578015008117e+00 9.726071927521109828e+00 9.030135910006164224e+00
-9.318552462633398648e+00 -5.619962191598014023e+00 1.002211055026016950e+01 6.871015784676208327e+00
6.081106445226343027e+00 -6.596536117710338765e+00 -1.033509101504487759e+01 7.669839896043455951e+00
6.131515090627145170e+00 3.734249253152612358e+00 -1.356855525554462538e+00 9.929940897672990374e+00
3.570823478914933791e+00 5.881182808084613356e+00 2.917566614286650761e-01 1.007546777457824660e+01
-8.546913724736928231e+00 -4.816411866977163392e+00 -3.277055656195791311e+00 1.026150835167605813e+01
9.211589017941717472e+00 9.170055969405439100e+00 -1.250249972856378911e+01 -3.651226510901600442e+00
1.042322140694682275e+01 5.033244394821720924e+00 -1.126964440484026886e+00 4.458302878399806879e-01
2.294163293829049710e+00 -6.991790796727054946e+00 8.564261045396351690e+00 7.247117271022368579e-01
8.310245244873392778e+00 6.401685671515487286e+00 -6.831179467251303095e+00 -4.265276356491830789e+00
7.584558326613707102e+00 6.452087722208606380e+00 -8.703873968193378552e-01 8.928640769485655326e+00
-6.872668930083395189e+00 -3.346664429644144789e+00 7.635573762869720227e+00 9.803039636505658905e+00
9.985206370206224591e+00 6.148934649151573062e+00 8.189689348304973748e-01 7.407494732418442585e-01
1.986878430739658974e+00 4.086091968574407929e+00 -2.480217844158264739e+00 1.001594857713224052e+01
-4.541063554667828406e+00 4.665498349008978529e+00 8.981800662976102245e+00 -1.320588412104495291e+00
3.146415677667790511e+00 6.624907663170488625e+00 -1.471721788066548520e+00 9.040762965898558434e+00
1.310761016047667482e+00 -9.648365509020658592e+00 1.089824796720114897e+01 -2.574505437916046358e+00
-2.918291434257640482e-01 8.005100908752531552e+00 -9.466275287001060690e+00 5.076793905725069500e+00
1.261346665740268769e+00 6.880222577238964909e+00 -9.187879700195450638e+00 4.499708221868579550e+00
7.126043702636665422e+00 1.033120142260803576e+01 -3.694167893722152929e+00 -5.273127167063760279e-01
1.061055102727175914e+01 8.542085495613838120e+00 -3.784028212962986526e-01 1.037924359345623326e+00
9.921369677777860829e+00 -9.995565477157644096e-01 -7.627603951977327768e+00 -3.019022372810723720e+00
5.282841305597131054e+00 7.013270988367713343e+00 1.131667930717322301e+00 -2.592875520866682493e+00
6.833632517279054852e+00 -6.145022979442649635e+00 -9.764914635404027266e+00 5.023097793006815692e+00
7.187729195649716907e+00 1.061999605778909128e+01 -8.742450319135537384e+00 -5.215714915772614368e+00
7.705114131698640456e+00 5.202355747496849148e+00 4.973805425748783482e-01 -2.548221441539084697e+00
8.443228472651115979e+00 9.014421420874452195e+00 -3.220062662848747426e+00 -7.912021038896789316e-01
2.975791197963413293e+00 -8.887157775275777993e+00 6.422312668418699744e+00 1.250409129028214439e+00
5.597123898479181570e+00 -4.240933687039373012e+00 -1.737033501638840516e-02 6.406818109746519774e+00
4.570279185150306844e+00 -6.076393182191807796e+00 -8.947071044330302314e+00 6.637653680615043683e+00
4.839216137124687123e+00 6.057028070599211667e+00 -2.259794780018192561e+00 1.073213497779571313e+01
1.564040215021305524e+00 -8.909500443640945733e+00 8.990078048586564563e+00 1.779319018864326640e+00
1.803667203641610373e+00 -8.940642415396263587e+00 1.120651165409658212e+01 -1.498903601854455481e+00
6.832361204631950180e+00 7.831661964719810243e+00 -1.020893164628312100e+01 -3.728231823952985913e+00
5.569883623066088418e+00 4.854595201128098836e+00 7.226425797523710060e-01 9.419936599938862898e+00
-2.053022487379707328e-01 4.808207260374676162e-01 9.079967136945590767e+00 6.825385876585021272e+00
-4.718111451071561824e+00 1.689707425327124479e+00 7.343522550678857286e+00 -8.132065449608474328e-01
-6.741247061268394347e+00 -6.329454249480677142e+00 -2.350689518502480535e+00 6.056592550413513187e+00
-3.904271876878724346e+00 3.465798183984324154e+00 8.904470521660062587e+00 -6.348081382878512091e-01
6.642878434366920715e+00 -2.372460208049889108e+00 -1.588293422853599868e+00 5.724983931346619315e+00
-4.467685229733579177e+00 2.675479258279868766e+00 6.944950065979814013e+00 -3.564011249364460454e-01
9.940370246467598037e+00 5.930404193430572235e+00 1.531620146959094209e+00 2.555412287316701114e+00
8.037790540531659644e+00 -6.306911383035457952e+00 -7.260506055350609778e+00 6.815575944018556598e+00
-7.144635182811731156e+00 2.224716976119789358e+00 4.641445997680025748e+00 -1.953249662040394963e+00
8.860648992133491220e+00 -3.160719954247247276e+00 -6.711771005175363847e+00 -3.941114590910832050e+00
3.497920374128972831e+00 5.493690660657017055e+00 -1.037432167961701346e+00 9.457549625114967995e+00
9.312145555231026606e+00 8.324407270339658993e+00 4.017932758095457135e-01 5.558269169047723723e-01
8.354935942134913418e+00 -1.454942546499320866e+00 -8.653820273518103789e+00 -2.801450917445967637e+00
-4.707785107912005884e+00 -4.576107904781331115e+00 8.081660580932404914e-01 4.749389831568489484e+00
6.574476674834653700e+00 8.785455151150536324e+00 -4.054549170450822082e+00 -2.159566853895588334e+00
-9.926702441584103198e+00 -4.075387804507879963e+00 -3.469194341530264847e+00 1.201164627368574500e+01
7.005241972044691678e+00 9.617021341545942903e+00 -2.911761351862989233e+00 -2.493806498018680262e+00
9.019910679652852536e+00 -3.367392667747686197e+00 -6.705951891133890896e+00 -4.708454254079696533e+00
1.962052710840222591e+00 -4.525106499638959501e-01 8.825201385566655787e+00 7.529391827186985076e+00
7.697848415019639567e+00 -6.382630088468819629e+00 -9.300149154564941512e+00 9.015590115283810491e+00
6.194904387694250225e+00 8.760942666385593824e+00 -4.549105624551392779e+00 -2.404972840968820247e+00
-2.607599184196722319e+00 -2.761487747585734454e+00 7.546089918197741220e+00 5.870690820436060164e+00
6.707547979316217379e+00 8.986253190830291615e+00 -2.442405786733469419e+00 -1.484289055621145881e+00
-6.130073021184971882e-01 -2.966243459853511233e+00 7.837395312226539623e+00 6.288392126271842741e+00
8.001380151306245025e+00 -7.341657054106094371e+00 -1.014411351690733909e+01 5.407069051824713313e+00
7.657877269442842083e-02 1.319379538604450453e-01 6.393372447550657256e+00 8.484265904306065309e+00
7.031447978796943055e+00 6.541885386488866416e+00 -7.862695702792075636e+00 -4.312040185370307199e+00
3.516257179740862604e+00 7.729933572989224899e+00 -4.984008095145623929e-01 1.193506267811960164e+01
-3.660826872818034872e+00 9.676195218869874104e-01 6.380090302617146492e+00 6.639936642100393582e-01
6.325309119027884286e+00 4.959774926623029323e+00 1.772334619283493229e-01 9.397319689549606281e+00
6.193876410864944226e+00 -3.497027289885390910e+00 1.360881926751997817e+00 6.569138648292273786e+00
1.091669780207854323e+00 4.589712914326287141e+00 -1.013837180625946033e+01 3.370540352873589551e+00
-6.947911141634013354e+00 -6.038467223810835449e+00 -1.478914059835352290e+00 5.951529650456159892e+00
2.519651141630967928e+00 4.469099046977352607e+00 -1.136046246443387098e+01 5.660909697711014488e+00
1.322148777583245449e+00 -6.345560282877338310e-01 6.428122436735430156e+00 6.214441705067465627e+00
9.050984433440428134e+00 -2.828315125478067404e+00 -7.483504992903855957e+00 -3.927794100152235401e+00
8.278422917740330789e+00 -1.517535217619664145e+00 -7.983759980130954226e+00 -4.316648945654590896e+00
7.239352639574956783e+00 6.106156792364837216e+00 -2.141652895874746054e-01 -5.662242130445700461e-01
1.197637563432086161e+00 6.234247937125931394e+00 -9.575743234352509958e+00 3.455529756686511078e+00
8.446811473116639490e+00 6.331661071704363764e+00 2.902445004686685093e-02 3.245437147123567900e+00
6.107688436220203521e+00 6.982136610963517676e+00 1.672638260227621965e+00 -3.220226977595867179e+00
-6.840152590484017914e+00 -2.985761368333357257e+00 9.955033918034876805e+00 7.277429289825358083e+00
7.267632989807066402e+00 -2.943870440215427209e+00 -7.584564366856581863e+00 -7.599517035288210209e-01
9.518518490195375659e-01 -1.861568279296889339e-01 7.788204976376158051e+00 6.434133171887825853e+00
7.588431303444090226e+00 -3.920364455285124894e+00 -6.960698775940534766e+00 -3.262331934855338123e+00
7.424018415357456213e+00 -7.029633839200538858e+00 -1.111627357828723461e+01 7.440414923150131976e+00
6.718456505219796426e+00 8.606475105921221669e+00 -3.593866985384415180e+00 -6.446488935533889464e-01
5.888779134901454881e+00 -6.060938659603676726e+00 -1.034919083263666550e+01 7.616244915409909666e+00
9.437149705300948099e+00 -7.829669867246893844e+00 -1.003990863664943767e+01 7.514204276699071094e+00
5.581875564350536223e+00 6.485571426415783769e+00 1.066602200742942097e+00 -3.061784466607207378e+00
3.931745768147838049e+00 -9.394012854852864081e+00 9.892706018115465127e+00 1.895742638006702618e+00
-4.969690749471973312e+00 4.933996227520135669e+00 6.217332097368205801e+00 7.294177401915211689e-01
2.820665847440175789e+00 -7.454970542027187896e+00 8.806475888066604085e+00 2.525804915973576925e+00
5.511549405168642224e+00 -4.186121497218126208e+00 2.883551804493428294e-01 8.507716625000421473e+00
-6.021052863516061393e+00 -6.922964794225732632e+00 9.367942586622076684e-01 4.807980290125040135e+00
8.680904237342486951e+00 -5.194791403208450120e+00 1.385323481954740199e+00 7.358611150948487278e+00
8.520412542693357238e+00 9.625644632736825912e+00 -2.478718269764704996e+00 -3.069856819810016457e+00
7.520922481142611637e+00 9.921749360030933218e+00 -8.526672844728320655e+00 -5.715536149641426533e+00
3.093888253032567981e+00 -1.172600606593024430e+01 8.495993018747416414e+00 5.745652471809631345e-02
-1.368623193260890547e+00 -2.592918867823536644e+00 6.732656271323720354e+00 6.907686890239943089e+00
1.172064624535025468e+00 9.659564898986177095e-01 1.043879878548539786e+01 5.765563741969669920e+00
-4.454327189857590907e-01 1.346939445175262096e+00 9.835068439851404776e+00 6.967893616336369611e+00
6.234140455869006558e+00 5.885012223981924251e+00 -2.291925350817436424e+00 1.063420491922150113e+01
7.524826026153781378e+00 8.740200566391390424e+00 -9.293690159856767607e+00 -6.485256832734196841e+00
4.594818063460889945e+00 -9.748634619853604022e+00 1.089730271051476684e+01 9.206462535460233632e-01
-9.462845526214104908e+00 -5.975585355810734356e+00 -2.890651750467179149e+00 1.011339810790807903e+01
3.769346009623174787e+00 8.599855560309920932e+00 8.441499928774401917e-01 -4.908488049261610087e+00
-5.903650360726709678e+00 -3.671907321821457959e+00 9.251640754263704025e+00 8.368364427561941099e+00
4.919143582589853736e+00 -3.690104218733231356e+00 -9.893138828797831685e-02 8.130893965620858310e+00
6.834024167541842054e+00 -2.218235265337334283e+00 -7.871828467850214395e+00 -4.756153366707047248e+00
-7.325609134489647012e+00 -4.509802362407132392e+00 9.176807109354417236e+00 6.784805238252260118e+00
3.897945912687756476e+00 6.265963583694155403e+00 -3.730969599311413365e-01 8.585015402599925238e+00
-4.821700594285539765e+00 4.254349998807385624e+00 7.939125835605836734e+00 -5.010477961656553125e-01
-8.079301176523598471e+00 -5.695679509533743357e+00 -1.971503647081995769e+00 3.704746878863602433e+00
1.015585241185102383e+01 4.683545568219543043e+00 -1.346567795471784512e+00 3.434441634167887170e+00
5.601913533256286826e+00 4.373946674263187617e+00 -2.960504496639646099e+00 1.095431112442720512e+01
2.603422369563589189e+00 5.252607362390271373e-02 5.963479379529973201e+00 6.599349962197619490e+00
3.396838363284479634e+00 9.172007981609720417e+00 -1.470366441147868741e+00 9.715668959012356609e+00
-4.898803183151140495e+00 2.164863280072971907e+00 6.585649230756884798e+00 6.458768238807364170e-01
1.136911126316005927e+01 6.420723723143658468e+00 -6.019522458354632510e-01 3.819750464878550744e+00
-6.066355276534874719e+00 -6.152051042590857222e+00 4.527916052849620399e-01 2.621279565979097281e+00
4.804301089782617495e+00 -9.145983309857582455e+00 8.531689771268725409e+00 1.225054489446296024e+00
8.379485595621581240e+00 7.443273170275472417e+00 -2.942069695322889089e+00 -1.707068050860464314e+00
6.156516062263963640e+00 -9.656118419930749042e+00 8.828518879790246743e+00 -3.229660485059948072e-01
7.125419597936069493e+00 6.198424829653451873e+00 2.087851267795304722e+00 -1.227602821227731678e+00
-1.245915519067074761e+00 7.024905398697003367e-01 7.105141605273139760e+00 7.335351848906027428e+00
-5.123074274700822883e+00 2.086436709662657041e+00 8.440735240858073141e+00 9.575669327819950061e-01
6.692488655646720019e-01 5.913912308647991445e+00 -1.095579386223553442e+01 3.302481602755292123e+00
4.401225373822352793e+00 -1.140674454893816936e+01 9.445276642048741067e+00 -1.555730393144488133e+00
-8.382247255599725833e+00 -5.696029856855647999e+00 -1.103182274062515456e+00 1.794721200539752370e+00
-3.863941820119193959e+00 2.416375589788135159e+00 7.232594070195375480e+00 4.380359931019752739e-01
-8.077355343571053226e+00 -6.474499356347489964e+00 1.351842879000122233e+00 4.097127435928899608e+00
8.794580925775903779e+00 -2.414551422539601422e+00 -5.188362225849433074e+00 -3.757363382002023133e+00
8.917366861019072388e+00 7.519166960466457716e+00 -9.609659702904075118e+00 -6.558081414560600564e+00
8.373330022093214975e-01 2.063469601510336648e+00 6.358399219151031900e+00 6.825957601858878121e+00
8.694529238892618750e-01 4.363502309895825881e-01 9.319188402340252253e+00 7.662944919659988585e+00
9.537996401165219851e+00 5.106746323976783408e+00 2.517727382427137783e+00 -4.589747981082459738e+00
1.009351430790477444e+01 7.889457131441392157e+00 1.186466664224992584e+00 1.067349324757183693e+00
-3.684095748172572460e+00 3.530782955605411999e+00 7.683853135345063201e+00 -2.308762650287699003e-01
6.656562647483171169e+00 6.518141835681889873e+00 1.641679058315485218e+00 -4.562125983312749433e+00
6.484022478350780716e+00 8.514721603101875758e+00 1.401563162395996320e+00 -1.246698196541633719e+00
1.100470736817192119e+01 5.418182250758509788e+00 -4.911059562113395671e-01 1.011644767394009659e+00
4.117885766377193946e+00 5.309498092755488230e+00 -9.705304546886724282e+00 3.855291156626562632e+00
6.034610974706917652e+00 9.905662462863283224e+00 -5.181462933495254219e+00 -3.495292397994308464e-01
-8.796063110297833276e+00 -7.453430448417910803e+00 1.952303798136297841e+00 3.714471219386272338e+00
1.040420562773730495e+01 5.283792751218069128e+00 9.834232471516535234e-01 1.343252448917654718e+00
6.601444672848286288e+00 7.903084290225878661e+00 1.836181173785766285e+00 -3.081975445029248473e+00
4.458192759183708276e+00 -4.396731829783165679e+00 -1.162304758100195512e+00 7.832956746112282431e+00
3.076698694595709771e+00 -6.909238247303807867e+00 9.765043085639698361e+00 -2.115926528909918947e+00
5.811089603560206207e+00 6.155479140817798900e+00 1.871784244711582890e-01 9.655030702488851091e+00
-6.993944727816099771e+00 -7.346802813368940477e+00 -3.461940033280091478e-01 2.677184874784140689e+00
7.432201381844909527e+00 -3.365124135751692780e+00 -1.285176614761587066e+00 7.720390690814512347e+00
8.995541305211048666e+00 -8.414625123247803096e-01 -6.646269068514357059e+00 -3.627095932573347170e+00
5.992035212767685692e+00 4.221602953920956303e+00 -1.271898885596266737e+00 9.302099465694569247e+00
9.126555046831771989e+00 7.122412261958703361e+00 -8.200825350069601560e-02 1.355369542296482432e+00
1.026770595528492258e+01 -3.234653756486897791e+00 -5.025330318789738016e+00 -2.168044379105614539e+00
1.076110077625955697e+01 5.218495263087434388e+00 -5.168236585724148568e-01 9.629426415720694354e-01
-4.890305850053811909e+00 -5.214334768244581753e+00 1.002305625649821152e+01 5.107747413275457227e+00
8.528287814656472676e+00 7.944021877745366389e+00 -4.234496829536253948e+00 -5.993722384138799875e-01
-2.240241243668338988e+00 3.435695439141381868e+00 7.750650946975834010e+00 -5.590581371084644147e-01
4.476911442785304729e+00 -3.061364248490412443e+00 -7.513622758362012988e-01 6.277099155357425353e+00
-3.706709772968048711e-01 -8.473896383605380223e+00 1.114674091499298214e+01 7.981559430090225948e-01
-8.126112914194033365e+00 -6.007315388347360674e+00 1.661753039359020745e-01 3.534287879249441211e+00
-5.459252065956176736e+00 -5.181103542581927179e+00 9.689219415645233369e+00 7.706776485472907723e+00
6.808851357705391294e+00 -3.875190317201911760e+00 2.813138351593704289e+00 8.009611802100339517e+00
1.470628422898421883e+00 5.639106202163730153e+00 -8.910465254471137797e+00 3.842704146647152985e+00
-8.569493236070419684e+00 -4.182266640739563002e+00 -2.452499375612398058e+00 9.988499004168799544e+00
3.747907344154652876e+00 5.894752583095834275e+00 -1.900867766873191034e+00 7.534522493618990069e+00
8.509841127347959500e+00 6.685420061255422652e+00 -9.463950471166038270e+00 -5.545053687373996176e+00
4.370391499115768852e+00 7.984484484484329236e+00 -4.309441343914324207e+00 -1.017118982991534359e+00
1.845535242088474748e+00 4.761748680648739018e+00 -9.597237027182053737e+00 3.688651694714339957e+00
6.701121883344627328e-01 -1.022300103465517251e+00 6.894427195642045092e+00 7.198257106185607768e+00
5.163471564112141365e+00 6.487551647908559538e+00 2.108526941385636455e+00 -2.778545108008039666e+00
-7.680487725933263121e+00 -5.828131906334421686e+00 1.921963541309776036e-01 2.583252478677335873e+00
6.496643335660058582e+00 6.113224231671651410e+00 2.729634194817371906e+00 -7.233950402841933247e-01
7.030216837622267789e+00 9.193916601957303314e+00 3.755405406034111326e-01 1.163436854685549982e+01
7.135987382497975595e+00 5.262235883277663007e+00 1.116673418681869645e+00 -1.750527540125980996e+00
-6.622107991982269404e+00 -6.414750585760633506e+00 1.049119787264153203e+01 7.864857818170959192e+00
5.612857817809398853e+00 -3.305549084361296241e+00 -2.338140699413974177e-01 8.636003489189656435e+00
6.853551005818838249e+00 8.990739104847623508e+00 -2.208173349607023717e+00 1.806615977685362751e+00
5.850086113209286509e+00 -3.639968446193746487e+00 6.783179216103726317e-01 9.255392724927927972e+00
2.453207787800605555e+00 7.586614323451962072e+00 -4.758854019336621888e-01 7.766389343579650273e+00
-4.203446919273440940e+00 6.328218383948954084e+00 7.202577318632472192e+00 8.806839105907726672e-01
4.002005361637272607e+00 5.787354744264716189e+00 -1.005358226700859348e+01 4.718255040785955146e+00
1.152515224644040881e+00 3.576799898899555075e+00 -1.048962888725678511e+01 5.900824022588752271e+00
-7.348545709424815442e+00 -7.336051054705889918e+00 1.271679853111910452e+00 4.314992069219356630e+00
4.067731755591253773e+00 -2.192691393427173452e+00 1.020362097522244049e+00 5.492312592188937082e+00
-3.939580703741949463e+00 4.395614506172117686e+00 5.168285934114086544e+00 -6.265884350296453409e-01
-5.934787140910667169e+00 -3.820026863622569824e+00 9.639249194082006866e+00 7.683768573057364826e+00
4.483705086392625994e+00 7.179232948835091221e+00 -2.202275700089923571e+00 1.047353106764120945e+01
2.728443698736019662e+00 -9.806367239955395831e+00 1.083288501296017259e+01 -1.164998150550448641e-01
-8.874036277647839199e+00 -2.278530357803435269e+00 -1.741578930404426906e+00 8.465332567252554341e+00
7.807383163514667324e+00 -6.156971953289981592e+00 -9.164694653233880217e+00 8.044947059073834339e+00
1.021825946412525710e+01 5.952976938890690128e+00 2.374648745027901908e-01 -2.854396480086549559e-01
5.974802181233172860e+00 6.661951190369933329e+00 9.818641020177770740e-01 -2.139359653850252840e+00
7.036961316936049649e+00 1.144649938576820958e+01 -2.450403653772978529e+00 2.915159387691295123e-01
6.643577701141683001e+00 7.045328650596023756e+00 -7.724538347191128196e+00 -5.584668536505396297e+00
4.790592093647617844e+00 4.996553254885192530e+00 8.291568521023935379e-01 -4.040395194334097440e+00
-4.138865490299159511e+00 4.892912165559946125e+00 7.878990120092694838e+00 2.162503070805408711e+00
5.278523044086777638e+00 5.334036504987457405e+00 9.470651319860271533e-01 -1.840682252928965923e+00
-6.188165531224522731e+00 -4.697225062968916731e+00 -2.400766074357159940e+00 1.052888813550338298e+01
8.434676666303131398e+00 5.627205230269549219e+00 1.933317978342108168e+00 1.422924221682220436e+00
9.841239634858681029e+00 -3.250370579731775678e+00 -5.930391769316784689e+00 -3.738108286337507025e+00
3.705238350525213775e+00 -8.108741672363656505e+00 1.008695684022018924e+01 -1.888973590203306685e-01
-9.646708237423892385e+00 -4.773737417677382133e+00 -4.452603986799194224e+00 9.672352210027066022e+00
8.572459428660328840e+00 8.124063845600495881e+00 -9.084351091041824589e+00 -4.469731820829686342e+00
1.814296829776554265e+00 -9.413599475626796220e+00 8.313405269675454790e+00 -2.471042454145727651e-01
7.274970832925811592e+00 -1.146971911458532833e+00 -6.307406618005026111e+00 -4.193282264261860348e+00
2.310709576822545408e+00 -2.990965080670454634e-01 7.535035320394315228e+00 8.407464025953036213e+00
3.012317059687491305e+00 -1.018227121164904325e+01 8.867482386764516278e+00 1.721760728692604436e+00
2.797168063586138231e+00 -9.209953197851881157e+00 9.385795210589964910e+00 -1.520423515965311223e+00
5.275704901667054969e+00 8.409986917996404188e+00 -3.356334522952375998e+00 -1.663830259278739288e+00
3.189288829359018695e+00 6.688262732260307430e+00 -7.861229302880280656e+00 7.654008178968405574e+00
-8.471037799664069112e+00 -5.054703133890376066e+00 -3.494818750098801718e+00 9.850600901653789876e+00
-5.738597338818063776e+00 -4.946878609405754190e+00 1.876332594939230658e+00 5.025212397129031672e+00
7.814643093644756178e+00 -1.785562639194501866e+00 1.879643317253043122e+00 6.398285004342637805e+00
4.318503892808655209e+00 4.635566007047838610e+00 -2.790932166118682112e+00 9.869034688104045827e+00
-6.746765931381988324e+00 -5.318338548038654245e+00 -1.783425985929254942e+00 4.537641510877582718e+00
8.534799859441015712e+00 -4.259792091090038646e+00 -6.428325953142085325e+00 -3.700773831103698175e+00
-1.888560647702151041e+00 3.074896450984351937e+00 6.239575323967923914e+00 1.188134215626487800e+00
8.750224569150354625e+00 -1.961826009278111460e+00 -6.370312891656755738e+00 -5.127778471787062031e+00
-6.167862292804845659e+00 -4.053979770599259069e+00 1.011758909314282029e+01 8.206958684552578376e+00
3.300490435031679048e+00 -9.765492330844688595e+00 6.697138382126943235e+00 -2.440287606552837829e-02
2.225169980025404115e+00 3.511350636476203491e+00 -8.980619206289032874e+00 4.838433875747652380e+00
-5.673109035584141147e+00 -3.675086698712344280e+00 -4.521689499634975462e+00 8.838573962686483654e+00
1.648146717116100390e+00 5.497110582048211569e+00 -1.022074714884692348e+01 4.781060538152472894e+00
5.112870736646396352e+00 6.601946807677161466e+00 -3.281577282187157163e+00 9.567361574710334438e+00
2.063349648625864674e+00 6.076906875883449466e+00 -1.089976620310014255e+01 6.098503383428700353e+00
7.958690209230772084e+00 -3.783742612983176823e+00 -1.082414307053464642e+00 7.638298631722483911e+00
5.815119333334274110e+00 5.803811670146410862e+00 -1.725256287505443797e+00 -4.142159507307766830e+00
6.393416434277943594e+00 9.051877582891322049e+00 -3.461784496893399954e+00 -1.969100713359251298e+00
9.848297158430664666e+00 7.023798846353155767e+00 4.651005009931933887e-01 2.389931025980116530e+00
7.681914540702530658e+00 -6.855952107540252527e+00 -8.339759037780313022e+00 7.140921837810407347e+00
-9.604286679951861139e-01 6.506646019778944634e+00 -9.054819498124484056e+00 4.373531547299752908e+00
7.119543940553960226e+00 -4.247390500255003865e+00 4.351497983026252570e+00 7.593597300127150618e+00
6.733445326524411634e+00 8.650448534720299065e+00 1.976383481437816281e+00 -1.503822277973649646e+00
6.945156134523205793e+00 -4.493058640507614498e+00 2.898485714060035079e-01 5.874681668101948695e+00
4.868377805732610142e+00 5.935661035678692521e+00 -9.933778129833063630e+00 4.737760383777406936e+00
3.958031223648712960e+00 -1.798912861386397610e+00 8.796036918022415163e-01 8.896733565987911874e+00
1.510375287451898974e+00 -4.650790044441891480e-01 9.655162328656830439e+00 6.675884116121128642e+00
5.890828789472080551e+00 5.424566951941381276e+00 -2.712372171785089048e-01 -5.195163594359614834e+00
-6.732115934408503755e+00 -4.152064552524033836e+00 8.513471328333571009e+00 7.538008785423891744e+00
4.563096259584780157e+00 7.882180455146754028e+00 -9.944202171283881952e+00 -6.160238168945735282e+00
-6.648946002754843043e+00 -4.704738465447499962e+00 -2.689047565892663805e+00 1.106693054317045011e+01
5.747217996119537098e+00 -9.231246001572696258e+00 1.042476864989003360e+01 -1.780679836517881642e-01
5.425945461670279357e+00 7.355124910583981546e+00 7.275981154766240078e-01 -5.029178776618019597e+00
8.212974989532098036e+00 -5.847207467946379467e+00 -9.843068299487988781e+00 5.634678169501038170e+00
7.249831371363170796e+00 8.474809484413031058e+00 -1.048698619930647702e+01 -3.257073399449880835e+00
7.537402059358109696e+00 3.941520339121764582e+00 -3.320875694544373147e+00 1.052470874437269366e+01
2.339541429682726381e+00 4.729882590956194122e+00 -9.401184919391406325e+00 3.993701933611504273e+00
6.372690298218786964e+00 9.631228664837983899e+00 -1.037488979421568125e+01 -6.911205143729823419e+00
-6.552251593685268993e+00 -6.166624103911617638e+00 9.812606536928607071e+00 7.035600723461592487e+00
5.435253436581827025e+00 -2.537473907334276468e+00 2.058982900477105638e+00 5.760934091438908666e+00
-8.545239122644970209e+00 -3.999822101168856392e+00 -3.246755780529215318e+00 4.411056503479863444e+00
-5.636772711990990281e+00 -3.575066413977820989e+00 1.058746796057412531e+01 8.698177519593199847e+00
7.061219244703658582e+00 -7.894057198646057927e+00 -1.092944643227621171e+01 5.792326399701125617e+00
-8.439439240285496746e-01 -4.073806656970757611e-01 8.689247706900543378e+00 5.944489066196918081e+00
-7.677576069156022420e+00 -5.783602761043546536e+00 -2.924542508409012864e+00 8.538933026764404133e+00
8.434336155616337649e+00 -6.567756254447878028e+00 -1.071697728047400489e+01 6.451677481474006548e+00
7.682423690111302328e+00 8.147707861219066316e+00 -8.747073308450339368e+00 -6.824022507802646409e+00
5.435618183306163864e+00 -2.060305372269433555e+00 -8.633291465208645654e-01 8.272663638033982636e+00
5.010713671640298017e+00 -1.695340938449018342e+00 1.696936293316276378e+00 6.763941636541783708e+00
5.691724747797763939e+00 9.332284258628256168e+00 -5.400470803001071740e-01 -3.015493598526983288e+00
1.116708291760757366e+00 6.128050469706403547e+00 -9.313382949382205567e+00 5.052631042756024371e+00
3.667934301053643154e+00 -9.470387522073920650e+00 1.039952244058197550e+01 1.054032645276772318e+00
-8.129742890956048740e+00 -4.277443026316224639e+00 -5.112407533146629213e+00 1.084796728149897049e+01
3.072186637698505862e+00 6.748100922019915515e+00 -2.605301212615719564e+00 8.378756415398218138e+00
6.525788114481126279e+00 4.002051164563672714e+00 -4.760709822292663596e-01 -3.391058900254052322e+00
2.667521394619321029e+00 5.930962571225895985e+00 -6.301835743766444065e-01 1.209604943362963070e+01
7.390306528589661639e+00 9.352070144762206994e+00 -9.555554435155757531e+00 -7.257460953757922439e+00
1.007421915074994700e+01 5.763761967709924328e+00 5.489922964909397241e-01 8.569004702366838089e-01
-8.327433562837500247e+00 -5.944599757160654363e+00 -2.898971891140959212e+00 1.223367210672850547e+01
8.937137414608276487e+00 -7.123546042539763867e+00 -8.898887451469626342e+00 7.058344624338872109e+00
4.511475479737803163e+00 8.850165535135701589e+00 -5.358193854597582906e+00 -2.053187979321509093e-01
1.232673288007550028e+01 4.182009712963211001e+00 4.918098663803470716e-01 2.018197686010127612e+00
8.259419477784815555e+00 4.287436483857801406e+00 2.484483237434730540e+00 -4.484996449275266528e+00
-1.303775400650585836e-01 -1.252137430291625719e+00 7.585073440320654115e+00 6.748336546933058067e+00
4.972378110150606823e+00 2.656380721474441486e+00 -2.028455538260955926e-01 1.131905840999118418e+01
1.145204229735025159e+01 6.656300212761353308e+00 8.214333203729197175e-01 2.198613513037479983e+00
6.449708061647618784e+00 8.731376327037216001e+00 -5.703723758878362915e-01 1.571755826375089704e-01
5.402332095639096110e+00 6.791122226228332615e+00 4.567967266300987372e-02 -1.175031964271700202e+00
2.162513864085417570e+00 6.224235368686512615e+00 -8.782139821829836990e+00 5.479414967378470003e+00
-3.264106414862955496e+00 1.666217483442042679e+00 5.118082706823618544e+00 5.513812435755529595e-01
5.420982151724438758e+00 -1.443113127252194205e+00 1.306069058802975302e+00 8.019551319339777606e+00
-2.864708122645314603e+00 9.567270086157382281e-01 7.784645519966939098e+00 -1.630633929375695068e+00
-7.536189543933366153e+00 -3.268650855743039152e+00 8.387897588080448941e+00 6.943225917977478900e+00
7.248885591117026017e+00 -2.210230745104335259e+00 -5.600120649613050006e+00 -4.071293384885207089e+00
-7.919963273604694542e+00 -5.124384322951087256e+00 -3.123537486180516076e+00 1.000770578908655395e+01
8.424403458221158658e+00 -6.132829901896114322e+00 -8.559647865746635276e+00 7.045574856683805010e+00
4.588789461712019069e+00 -8.712568752255434035e+00 1.064446884841435548e+01 -1.102651633029502198e-01
3.488620004856842538e+00 -3.324193644157416472e+00 -1.320880561924249408e+00 7.364567945796993698e+00
2.744864940249773788e+00 5.719945718687482028e+00 -7.861037291029370877e+00 4.649722940556998196e+00
8.314134908680298253e+00 -7.307368839921133841e+00 -8.910456508214391391e+00 5.435102673297794063e+00
6.067030280394832609e+00 -2.297030311628772914e+00 -7.416715061615825277e+00 -2.415137908978470804e+00
-5.349615742986975064e+00 -5.431114705693322442e+00 6.527129263971426232e-02 3.440492414787001074e+00
-5.897648071747130238e-01 -1.785157727972508157e+00 7.792264248672271520e+00 7.721269339161025869e+00
9.088651262531278974e+00 7.187271596160764275e+00 -9.392793398214188016e+00 -6.609127329351597524e+00
7.413228770641905108e+00 8.430326657027439552e+00 -3.968145490274773035e+00 -2.336507640719920786e+00
-5.167356935334471046e+00 -5.591411084790252062e+00 -2.939278869687616869e+00 1.006954621415979112e+01
-7.606412096489058250e+00 -5.649123857477264643e+00 -3.138636782631648581e-01 4.817863507948899837e+00
7.939777956408545556e+00 5.671028414668255024e+00 -1.174115122773310205e+00 1.923260836866029555e+00
7.695190027188074211e+00 -6.358021556351209469e+00 -8.996455756956548200e+00 7.869316099403398823e+00
2.728055164800950116e+00 -1.178648615119053389e+01 1.167301271125345963e+01 1.841227643341984965e+00
2.409849760055612578e+00 3.876679770750001808e+00 -9.784757547823337731e+00 4.735582180238016470e+00
1.170900167391583402e+01 7.124000326080302870e+00 5.995653241782328280e-01 1.701621074477977169e+00
4.624736017460646664e+00 5.182785784349139391e+00 2.254966759932035547e-01 1.060870873415131399e+01
-8.556878508977042941e+00 -6.387066279952739123e+00 -9.870018762741591400e-01 5.751610210617140950e+00
6.088796275435822913e+00 -2.325681252382925113e+00 3.917117452754453888e-02 7.024541604526003624e+00
8.933289936676805709e+00 6.094394262619182712e+00 1.224073653112961874e-01 4.459855780116810386e-01
6.383031935254500411e+00 -3.143544836050367497e+00 1.481632347070231948e+00 5.524499628655480166e+00
6.275175737766009121e+00 8.054912065956798983e+00 -6.288620652673229117e+00 -6.143172614360688399e+00
1.143491863311403556e+01 5.427476828506380357e+00 -7.241259921442277925e-01 1.819142032708974899e+00
-4.307978668245552534e+00 -7.123536228896165667e+00 -1.133932611921817601e+00 7.412739255775926850e+00
-5.442239159789344249e+00 2.888929205221351992e+00 6.691124376005363139e+00 -1.090457767982930593e+00
7.959387409739634656e+00 7.338763841057707182e+00 -2.119291205951022050e+00 -2.166217937654453252e+00
5.152172216930956949e+00 7.967081972462985107e+00 -2.793783636744052057e+00 -3.201528615786199961e-01
8.317958993139930257e+00 -2.411883207745910251e+00 -6.863232703253149936e+00 -5.649155708543879939e+00
1.775628155032466182e+00 -8.568167167035845466e+00 1.107865049789966605e+01 -8.020017798578176205e-01
2.213962242163731275e+00 -7.479495081494636821e+00 8.526634593102897952e+00 7.348826485611831272e-01
-9.029714927519727041e+00 -5.254304833191336677e+00 -7.166182588079017535e-01 5.491809466330003886e+00
5.657537463816193934e+00 -1.343873477055888221e+00 -1.790948777714600482e+00 7.129985666356851937e+00
-6.937238580155352885e+00 -6.973342944203649196e+00 -2.504226583636535164e+00 4.102118484666919862e+00
-5.872273884841537672e+00 -4.500616177805818907e+00 9.953493353869642846e+00 7.250713751687082542e+00
8.578520167797394791e+00 4.923254551439271154e+00 -9.033700419549783867e-02 3.011997469962973906e+00
8.702610949662773265e+00 7.097217696506435303e+00 1.344009040849341696e+00 -1.796986408873351149e+00
1.547857374786583806e+00 -7.547392362256591269e+00 7.872571946041181157e+00 2.616627340091326914e+00
4.056313425559045172e+00 7.563586725041345993e+00 -3.446928791088699207e+00 9.948776004863505662e+00
8.340151278537019763e+00 9.180553190594062940e+00 -8.050784275096205533e+00 -5.955117643422980223e+00
-4.525905357829717701e+00 3.765358387995963341e+00 5.121399338283566749e+00 1.540329601517359315e+00
4.038360197456624334e+00 -7.379382354397186816e+00 7.705581295410836695e+00 1.585840514657652633e+00
6.657863569706986340e+00 9.656346364615256306e+00 5.990588481756675687e-01 -1.984137229383105439e+00
7.604686343169215768e+00 9.174004175844810760e+00 -5.199142435752107438e+00 -1.057369124272243388e+00
5.750186672065470184e+00 -6.475983044946953981e+00 -9.871753585297062372e+00 7.002314619013564112e+00
5.333050683495253352e+00 7.705580017443280028e+00 1.424937873036050462e+00 8.614991802433632273e+00
7.060597247777010033e+00 -7.557862451899610257e+00 -9.878064665155021018e+00 6.319267437852835734e+00
-5.913026028520018684e+00 3.109626769972725580e+00 9.194071616951564607e+00 -1.306947777468304484e+00
-4.135248671512109730e+00 4.001473357682725940e+00 8.317796448481360017e+00 3.096175327214436557e+00
-5.000925520694822879e+00 -5.461999933985590694e+00 9.398393873241881025e+00 9.069233216831399602e+00
-1.426512181721610650e+00 -3.502330487625356370e-01 6.178269815760142336e+00 7.155868707129974027e+00
9.670922654178227162e+00 7.800729204736591704e+00 -5.019193643821070472e-01 8.055906507304356756e-01
7.958311672980621587e+00 -2.685520159161419951e+00 -6.642854162530493767e+00 -5.597368300602949986e+00
-5.235456698821657540e+00 8.695742311810521485e-01 6.468194254793086628e+00 9.586667245007608473e-01
1.043911961375846786e+01 5.595525512390493006e+00 -1.962099870598338569e+00 1.016411868299145649e+00
-1.104009633760239417e+01 -5.612390219609993736e+00 -2.680984250475394681e+00 1.030428054330750776e+01
4.523273643308560743e+00 -9.479169314050247763e+00 8.647859070222187583e+00 1.728134567434329139e+00
8.802776582982469122e+00 -4.046942530761241663e+00 -5.568605786221842102e+00 -4.685762240139621504e+00
6.042994939834416712e+00 5.215518427129626211e+00 -6.664580548868484833e+00 -3.850807315785938378e+00
3.460357593728236481e+00 5.139648827761716277e+00 -1.181390309978024966e+00 8.062390647958048717e+00
-4.850502290402302741e+00 -5.678138254030679732e+00 9.114040119060559775e+00 7.334604536210150627e+00
3.227279699023311466e+00 -6.864443583390341885e+00 9.982741798106800957e+00 -1.525723900425746571e+00
-2.179624075734873045e+00 2.626294405491863770e+00 5.720261702927162517e+00 2.171187028859625556e+00
6.280110681392967464e+00 -2.339249648308318719e+00 -1.892713931109192282e-01 6.270706829116340586e+00
4.467657155060975604e+00 4.219238989439279663e+00 8.771195092094361545e-01 1.091330651158542508e+01
6.271983607122598947e+00 7.060742036348317541e+00 -1.471000777842794704e-01 -3.611180745122624547e+00
7.090328208133386489e+00 9.710567214925610813e+00 -5.433694685567385108e+00 2.602009827248468632e+00
4.537904995657238594e+00 6.480202057568242857e+00 9.993881329651128631e-01 9.628470432905933407e+00
1.013334108962119018e+01 6.567689424241788032e+00 3.559305466025832754e-01 2.632528369855249295e-01
7.830350151215948351e+00 -3.759464626182498215e+00 -5.674035207167276162e+00 -4.716706768939700645e+00
-4.430152402484084817e+00 7.406437121168694127e-01 5.724309835417448866e+00 -1.804663186504505301e+00
5.645227398373132033e+00 -2.357724864242098484e+00 4.276542281006042723e-01 7.243246847975146174e+00
3.854344152931537870e+00 4.634947815195583409e+00 -1.017466836080907022e+01 4.178103749003470924e+00
7.974789797932745117e+00 -5.968683017499686549e+00 -1.061926762269685831e+01 6.894993245556297445e+00
8.241501638458053947e+00 -2.207190277214677199e+00 -5.210693100960463120e+00 -4.992432033828567484e+00
5.156549911609198844e+00 5.531042526447874863e+00 6.146460084426597081e-02 -4.865865949802093304e+00
1.118504547784392322e+01 6.032737895923614424e+00 -6.737194492577693872e-01 1.191333923459782174e+00
-5.635385639979368477e+00 -6.144575173637401022e+00 9.155230111412823724e-02 5.819612435173953102e+00
8.060030942812439037e+00 -5.267851134407564473e+00 -9.343562073236702403e+00 5.876862120527396982e+00
1.386706322728990637e+00 4.922463202328037468e+00 -8.974027117863990100e+00 5.340302146822917706e+00
-8.065429220824281487e+00 -6.112600440458354711e+00 -2.486292663788606028e+00 1.002309433920074966e+01
8.913824659295951136e+00 6.981322180021059864e+00 -4.768581623422758486e-01 1.530649271999929839e+00
6.230487785202162065e+00 -3.248103304778346967e+00 -6.783361118180937233e+00 -5.501870565037997096e+00
-7.076100026566246370e+00 -5.012840286513709387e+00 8.863104238917339117e+00 7.054188344665053734e+00
-7.290803997165049566e+00 -6.582538062065079743e+00 9.288101308220793939e+00 7.830794837735837177e+00
7.849730116589625162e+00 4.538325513587236237e+00 -7.502338478953596290e-02 -3.492905074118989095e+00
5.526348919556724582e+00 5.000250839806930969e+00 -2.320960882452634877e+00 9.689910325283619841e+00
8.583268135597629467e+00 6.350469178941118287e+00 -1.091303384510177832e+00 1.221134292681272715e+00
-1.752514852037832860e+00 2.237409300751384222e+00 5.286667205802190850e+00 1.164237743891974652e+00
6.258185871267208711e+00 5.579184929182797958e+00 4.973916566251510574e-01 8.230658583905501757e+00
5.985770231435959765e+00 7.325448231801826360e+00 -8.526153154729632533e+00 -8.727197615604207925e+00
1.299737703759519802e-01 -2.403777791703982203e+00 5.962549783816321280e+00 5.028365844605072077e+00
-6.727761562042933186e+00 -4.298696989051158823e+00 -4.492432573729385759e+00 8.036826036464194800e+00
-1.266625856338299938e+00 -1.509034061054279063e-01 9.219679696301938066e+00 6.868134564024058974e+00
2.130898198538298427e+00 5.292576653879554449e+00 -7.231414696562702638e+00 3.432151270215087813e+00
5.977285052167863100e+00 5.633492562631203349e+00 2.607074213183026234e+00 3.659317018123244836e-01
6.830503349126074042e+00 7.249640874304962068e+00 -9.705968206256173403e+00 -7.083823790067962811e+00
-3.181770720652741247e+00 3.128471680261124543e+00 7.878027862589277674e+00 -7.301429490230126884e-02
7.973760544237347148e+00 -5.829292045046496895e+00 -5.622789972831809813e+00 -2.734646525996511812e+00
6.725191852344523546e+00 -3.183021343032350181e+00 -4.055962815102081009e-01 8.743029769209902824e+00
5.124189608422420328e+00 5.989224075641591760e+00 2.015922953827549158e+00 -1.684089108513728839e+00
8.013432803139911798e+00 9.770554336956681851e+00 -9.655716756590692285e+00 -7.184045120165009735e+00
-6.489112468602298733e+00 -7.749847814422608394e+00 8.380037433626779109e-01 2.715541330692367694e+00
5.943924024659883898e+00 1.152938182574420978e+01 -2.235080316386891308e+00 -2.231738065086398271e-01
-1.639348932628994726e+00 -1.291524106306809694e+00 6.344568422468957358e+00 8.208012308932730150e+00
-8.766361598410014722e+00 -5.170743872742816549e+00 -6.424151315093015180e-01 2.568119003193822358e+00
-8.923307839098702843e+00 -5.108217566982999891e+00 -1.875498429274013557e+00 8.759138851309225871e+00
-8.275154441957504048e+00 -6.165189054729254714e+00 3.404180348432118697e-01 1.601957384464952394e+00
4.377229521449468308e+00 1.039791566963587499e+01 -9.204386555988214980e+00 -5.191710697977060640e+00
5.631276678253748003e+00 -2.572107733065299939e+00 -1.804758310019069611e+00 9.073539527270273908e+00
2.098010555114751430e+00 6.856753593808229574e+00 -8.690721129070780648e+00 3.191500172523134893e+00
6.338515893077301122e+00 -7.877833806069961753e+00 -9.166374048734823532e+00 7.320043144544964520e+00
5.593641908330768686e+00 -1.875653917984519081e+00 5.291475264054978922e-01 8.096927820420606992e+00
4.823514558273345187e+00 -2.515193764018611944e+00 1.847419026569701250e+00 6.102150384048099063e+00
1.516126821215426856e+00 -8.844002387700893308e+00 7.445381023201912640e+00 1.786990236561814660e+00
6.656584667972612834e+00 -3.265615176634050876e+00 5.486210464763725536e-01 9.067776576041209680e+00
3.174713750630628883e+00 5.434733958066423121e+00 -8.395868228942259037e+00 5.075438635378044516e+00
6.542618595216110222e+00 5.875925588904685526e+00 8.356937111010704911e-01 -2.737115078270713209e+00
-8.622865107728401313e+00 -5.258614607738958391e+00 -6.336138777963675750e-01 1.016320444385815236e+01
6.758730863737512529e+00 4.198938008816725187e+00 -3.555993208553914098e+00 1.225173944091896416e+01
3.479877957736761118e-01 3.895541712261981093e+00 -1.227775697233361640e+01 4.220229613219764531e+00
7.838095794326779497e+00 7.294761852153792248e+00 -3.696616971403156260e+00 5.632086853450912756e-02
-6.935382387157558171e+00 -5.690451486960377281e+00 1.027375440695917774e+01 8.215132730720519305e+00
6.336420788704970164e+00 -3.020714047894231147e+00 -3.597810677794540668e-01 5.717917247250818846e+00
2.492005748441454838e-01 6.317574471088109433e+00 -1.242425995370213343e+01 2.529563548538987128e+00
-8.733471679067639215e+00 -6.179685013530022530e+00 -2.826122444111220933e+00 9.698404899177113236e+00
-6.921381240661739653e+00 -4.613652882300939062e+00 8.306807889513953214e+00 8.488332084648291698e+00
-7.640993316130109569e+00 -4.201535555685543599e+00 -3.438678311313086322e+00 1.036990974906352569e+01
3.843795659130716302e+00 5.727933923129887361e+00 -3.347111267599813811e+00 9.054088192699873971e+00
6.817092728777481625e+00 5.697948386680593558e+00 -1.482759438007687391e+00 7.756473083464939577e+00
5.035299616813282420e+00 -3.421500184566890645e+00 1.375268284193920554e+00 4.883086433807582338e+00
8.367434730113116004e+00 -5.167704413355007631e+00 -1.258767325358750888e+01 7.148511050146470147e+00
8.339096432032887307e+00 8.398168012067143806e+00 -3.494155619808897661e+00 -3.127054465597016275e+00
8.226969429469281891e+00 -5.296626374555586381e+00 -9.943249334402004536e-01 7.726001109955016766e+00
6.385022352460882900e+00 -1.422252953441679235e+00 1.096129567707365693e+00 1.065685707133639504e+01
5.779179673996771349e+00 7.273689670359504866e+00 -4.028879397428242193e+00 -1.904153869681508571e+00
6.237759469777256705e+00 6.439388932927629483e+00 -1.680566107350688565e+00 -2.700423723471115700e+00
-1.340474114290828300e+00 -3.133841886374335584e+00 6.596978687341185754e+00 7.066177821585232444e+00
-4.436564467203539586e+00 5.147746356821432556e+00 8.164742364477044489e+00 2.953501055290064237e-01
1.092784666323512788e+01 7.805076707983514162e+00 -5.354475714552260346e-01 1.191585157762284908e+00
8.463309652609309452e+00 -6.551199863789543443e+00 -8.742535473977646632e+00 7.101242602226819578e+00
-7.949000292457968797e+00 -4.988098909790385171e+00 -2.613760765992076962e-01 5.726082499656516944e+00
7.398488108506372285e+00 6.741299943977051790e+00 -1.076086369138691090e+01 -6.132473765055206805e+00
-9.054338390986433893e+00 -6.226115403220898514e+00 -4.482001422549641845e+00 1.085824221573696313e+01
5.452974242272400573e+00 -1.597706016123470185e+00 6.475146113136729387e-01 6.498156284889748058e+00
4.712573848121305531e+00 -6.541394397714010545e+00 -8.107735447965559672e+00 6.244203463337018256e+00
4.486768127283137453e+00 -6.166488593698402632e-01 2.496663669427240384e-01 8.469199716592120453e+00
2.603922775644041288e+00 4.270119202448359630e+00 -1.250836944789525873e+01 5.592146433371781633e+00
9.627558270491359593e+00 6.704163683797218276e+00 1.727349013477931461e+00 3.657999492764410387e+00
-6.882416280837332145e+00 -4.294357748213137427e+00 8.239664632030475389e+00 6.754539213015265275e+00
7.058224252851113434e+00 -7.426875454670833321e+00 -1.031921341761708888e+01 7.806419182033077497e+00
9.962501198639831301e+00 6.660176036350476281e+00 1.330088870935113965e+00 1.059952864200701228e+00
2.355084589165739928e+00 5.274849808114598027e+00 -9.424045500932830777e+00 3.808571626943336064e+00
2.284492162279200933e+00 -8.830995199746238811e+00 8.581215266003404452e+00 4.160634447880504627e-01
-5.869850299150167316e+00 -5.878936874849025607e+00 -1.286693228723838622e+00 4.384009158008721485e+00
-4.853386979757744690e+00 -7.674233131949624642e+00 -3.252129959778368162e-01 3.835697868164352098e+00
2.948011993269749720e+00 -1.975580710417388808e+00 5.269164575944396134e-03 7.021451368650729385e+00
4.837072038051855927e+00 7.827772367968668377e+00 -8.662794020781099391e+00 -5.511296058868331293e+00
3.607181007610157142e+00 -2.318943932922603146e+00 6.878079768626996771e-01 5.558399408363319694e+00
7.247993945881294309e+00 5.941345768722338327e+00 1.027725282446728894e+00 9.514978323504324820e+00
-5.855249525099976537e+00 2.142375899146052198e+00 6.307183352382335073e+00 -1.591757299043469187e-01
6.549918093077585546e+00 7.550953040620787426e+00 -3.354537033269331392e+00 -1.893923414093945379e+00
1.153583171366454829e+00 -3.050061110443516910e+00 8.476334697324352518e+00 8.763094358607606438e+00
-4.797863473436464687e+00 -3.120957281625190483e+00 9.564912790689513500e+00 8.636646396735827125e+00
5.419490295408961877e+00 9.623990591725801735e+00 -9.222038303407961379e+00 -5.812606574186062858e+00
6.454549855893437993e+00 5.468347604354081071e+00 1.069151956424166050e+00 -4.607414939361135886e+00
7.358091436331580582e+00 8.128547846363503027e+00 -7.956065442794360010e+00 -4.219910455963886697e+00
6.322270014342082689e+00 8.311336720639276976e+00 -8.495613192903176625e+00 -6.456665333203504886e+00
6.542340345549063407e+00 8.349651774954347516e+00 -8.965898369158741943e+00 -5.009383309163908393e+00
1.056570150620169990e+01 6.390114569631986541e+00 4.404146357101137443e-01 -6.042316557971476598e-01
-3.055067543612985936e+00 3.398927232549885158e+00 5.910740945586368866e+00 -1.216351091846864518e-01
5.261481842669748055e+00 7.342860202071529230e+00 -7.487535131410175460e+00 -9.173223642845380610e+00
-1.409449324106168522e+00 -1.367710172347123443e+00 6.447087022741983198e+00 7.617292666984097238e+00
7.663335790749784771e+00 -2.919474090399766020e+00 2.555303190336466468e-01 8.403643961863661360e+00
4.772404922292024843e+00 4.482699558843341592e+00 -6.530267439597368107e-01 9.483960935890676680e+00
8.950149859189004076e+00 -2.311097973293463337e+00 -6.563563002773946664e+00 -4.418976574663209256e+00
-4.310040521219716148e+00 2.877902659309917954e+00 6.849017122327580864e+00 1.012132130306732769e+00
4.934104052247082706e+00 7.741400264680629917e+00 5.127114079973176253e-01 -2.734076983988579901e+00
3.699487693089529294e-01 -3.167600893581747012e+00 5.959714360832402136e+00 8.023470895637210276e+00
-7.950625443997013875e+00 -4.888883308082084156e+00 -1.948404802275150560e+00 1.009780580623713320e+01
-7.803540466292590239e+00 -4.527851812380172092e+00 -4.452472011151468179e-01 4.711399188499898472e+00
-5.276355364227114819e+00 -3.744598513477245927e+00 9.826146933794426275e+00 6.777065512552685966e+00
-4.186484965434814853e+00 -5.736408880940051525e+00 8.184133769291126015e+00 6.355059284633265193e+00
6.564877734792136099e-01 6.136265191440230637e+00 -1.151644336827664716e+01 3.425179784020065732e+00
-6.535915480839157299e-01 -2.288926392868473325e-02 6.168004075713488632e+00 7.330559032855490820e+00
5.871883737243825507e+00 6.046653825888654410e+00 -1.037597137796883828e+01 5.616009800889727011e+00
-6.115811510795207795e+00 -3.669965560394471638e+00 1.018983443179208059e+01 6.609782817513583097e+00
6.364649519796233612e+00 6.900546823188109968e+00 1.205714033033127519e+00 9.558218775454157878e+00
7.073272196106506371e+00 -2.886581038053004367e+00 -7.359586533888862192e+00 -7.932895611045207573e-01
4.572272942943712337e+00 9.367794340241974993e+00 -4.504150678469689417e+00 -5.362603714475606687e-01
-6.977186390778132186e+00 -4.994531816756273557e+00 2.269433344535078112e-01 4.903445175448458926e+00
5.300800306044525456e+00 -8.413615141027445787e+00 8.410239788249773696e+00 -1.715693276110956678e+00
-4.196018356457737575e+00 3.952159906420457336e+00 6.486142970400831764e+00 -7.638488359114261605e-01
8.041525640294331367e+00 -2.031828377636382577e+00 -6.002534817315234861e+00 -2.777580166350090973e+00
-7.461994576544361379e+00 -5.032418094497224992e+00 -8.997564981697560027e-01 2.382820308962350531e+00
3.018096895874052166e+00 3.970786046598319352e+00 -8.863419763899504034e+00 4.712113995562675406e+00
7.071495577842327407e+00 9.403496206442143901e+00 -3.026688947599000201e+00 -2.391410561482571584e+00
5.309252140196956127e+00 6.070020987426796744e+00 -1.096855733038653913e+00 7.566742609032591993e+00
6.971063808675275197e+00 -5.470239593767095343e+00 -1.075449684508132719e+01 6.554944253380361019e+00
-6.154523386593640844e+00 -3.304136652145026609e+00 1.025304071235185610e+01 6.398949203123178719e+00
8.769917023542836532e+00 8.479132031186308538e+00 -5.019335027436515162e+00 3.449027454837381157e-01
-3.312800116633246361e+00 3.411009481018002276e+00 7.690005098272598261e+00 1.013713837363304782e-01
-8.275979045822873914e+00 -3.699658710275126161e+00 -2.367805281167518761e+00 1.107641242138790005e+01
-9.383810477225457802e+00 -5.385370291001859933e+00 -3.157131164304409321e+00 1.085442714340299553e+01
6.371225654850286801e+00 -2.325024277329653888e+00 2.417335999363279253e-03 8.399480000621304399e+00
-3.694664106291248640e+00 4.266434541738183484e+00 4.534510149353433661e+00 1.394684499442828240e+00
6.723133384940183532e+00 6.981276142665063134e+00 2.645422721894803431e+00 -4.009924897392396659e+00
8.825589456833570878e+00 -4.399127859440818078e+00 -6.326533879032067986e+00 -5.598482884992922237e+00
-3.605828521564055755e+00 4.065009060946005448e+00 6.819453142166863380e+00 -3.680080685853492906e-01
2.527456489147856811e+00 4.481047844176903716e+00 -1.088933512064707720e+01 4.372515442941920405e+00
2.689871535209154008e+00 4.440423228103927755e+00 -1.070639468834357544e+01 6.245631795925380203e+00
-2.738904837694233763e+00 4.698909894068371784e+00 6.835043434692055442e+00 2.027697559507553038e+00
1.804850435784943308e+00 -1.103678290843746979e+01 1.157920227102807509e+01 -2.639793944838007889e+00
-3.186173197468847640e+00 -5.508424353386414118e-01 5.833960233480040003e+00 2.469454397762469888e+00
-6.249214575455207310e+00 -4.276862508305070421e+00 9.722780132323787683e+00 8.354607040136352580e+00
6.292575394476404682e+00 -1.435299126657354263e+00 1.857427038512819539e+00 7.134884692133582895e+00
-8.461466671211654855e+00 -4.685639848725173806e+00 -3.188082593716486723e+00 8.610296497518918457e+00
1.658785574530841522e+00 5.594644818591664404e+00 -8.488841699644865457e+00 4.224574469592593751e+00
-7.424097316345156905e+00 -7.151223558719815188e+00 -1.235461973249394815e-02 4.417998131707285836e+00
3.330875757504703216e-01 -7.148047633818765512e+00 7.868457289421628253e+00 -1.247287416688863892e+00
-9.533157768728317549e+00 -5.687661648021352434e+00 -5.175763717770928807e+00 8.268632432936675158e+00
-6.981064143321744631e+00 -5.462810966509179522e+00 -1.824137675223730826e+00 1.107702042250405050e+01
1.023647029682011222e+01 6.167705268394835016e+00 -1.015046866153147764e+00 2.684117739133172975e+00
-1.080169824195570172e+00 -1.416610823648122963e+00 7.195375241191598548e+00 5.882120285200205245e+00
9.716066250370651858e+00 -6.877561198020427646e+00 -9.912351685094632714e+00 8.945813324177610326e+00
-2.709800882113024278e-01 -2.127581467163321527e+00 8.516618341924955260e+00 4.743078856441631075e+00
1.040041183958488702e+01 5.590684576453459620e+00 -1.108540975312629850e+00 7.683852549633599649e-01
-7.997299765298802932e+00 -5.679730021123686967e+00 8.630997302165260621e+00 7.099026709678725844e+00
9.399495756751138131e+00 6.782103663749297517e+00 -2.130551809450023093e-01 4.047862009034864705e+00
-5.842449968046469877e+00 2.290360649668039095e+00 4.117425341656167248e+00 4.875602663433409312e-01
1.097056022364239780e+01 6.655890922812789157e+00 -4.030992100428655300e-01 2.675282942942565967e+00
8.018484157719917960e+00 -3.699187245974240312e+00 -7.523714035778527709e+00 -3.924258343019068285e+00
6.962515156852629339e+00 5.854166165400095601e+00 -4.245926896424556674e-01 -1.966017693524370724e+00
-6.557374784360250786e+00 -6.392985600040741012e+00 2.265748757624379828e-01 5.223278446554205701e+00
6.995721806032720202e+00 -5.780282798866158700e+00 -6.141402536979009952e+00 6.828245696404333209e+00
9.713955135965157694e+00 7.765584125561986184e+00 4.484151577479144613e-01 2.009509543051110292e+00
8.122617589186877041e+00 -6.789057622132417258e+00 -9.496489860128276561e+00 8.824800197842391114e+00
1.604655742319982981e+00 -9.084891008908198007e-01 6.183979049080471135e+00 5.135994705827593876e+00
-7.177963960331580573e+00 -5.809723689650398093e+00 -2.150303730882644260e+00 7.778608218983897871e+00
-7.260047875319018296e+00 -3.924840239083383864e+00 -3.418441893568307854e+00 8.515237521830439249e+00
-1.203525956136680675e+00 -1.175872744633843503e+00 7.847054725153645549e+00 7.918335226413160122e+00
-1.003183678006868185e+01 -6.100730846957232778e+00 -3.829068804167390816e+00 9.681930498363399806e+00
-5.640125262160523789e+00 -7.409127327635557592e+00 7.145261768156758730e-01 2.953766680725562033e+00
6.650780467654052508e+00 7.887605393540897403e+00 -4.124933034557410672e+00 -1.146943587526155994e+00
6.334446914208590407e+00 -3.527949713104718388e+00 -4.667458583753103518e-01 7.306675716491628947e+00
5.545693389220897274e+00 7.956449762578385432e+00 1.749690640500863870e-01 1.048133298413521963e+01
5.792888073137890892e+00 9.395747849426101084e+00 -3.141697435408067562e+00 -1.437402185322025128e+00
2.167217873975193498e-01 -1.097259904560289634e+01 1.243928676844172543e+01 -7.231367300375832752e-01
4.057230824028918548e+00 -1.791426951917736377e+00 -8.193021138091556299e-01 7.347136530640006491e+00
4.857444094956703928e+00 -3.417156260535395340e+00 1.602070819573172766e+00 7.533847162545459497e+00
6.806147783727821476e+00 4.958595548491181226e+00 -2.750925158269286186e-01 9.953581095431417225e+00
5.490990836028812438e+00 5.842551751366522161e+00 1.458259639600453683e+00 -2.570162049067441501e+00
1.005002575766101103e+01 7.677528391102026006e+00 -1.496745751935086299e-01 3.449413459834715923e-02
5.598949848109735505e+00 -3.161820086928298856e+00 -8.253786972565986257e-01 8.304978030054122939e+00
-6.248012892769681415e+00 -6.261843500465390733e+00 -1.626185102125950133e+00 1.169910590950212104e+01
3.666669853385470912e+00 6.422720639741181792e+00 -8.793556354705953648e-01 9.898761022868994175e+00
1.887253860577554843e+00 3.931773559046776167e+00 -8.166894546663565180e+00 2.626349216784779728e+00
-2.175512429802142211e+00 7.288813525068502663e-01 7.716416537317000390e+00 1.816677759356570832e+00
4.497505918767412680e+00 6.453268312420773256e+00 1.763571546234828258e+00 -2.570085431384812935e+00
-1.700929127843001099e-01 -1.904157191753382605e+00 8.797344162841101323e+00 6.730330756794743685e+00
-6.941485935346675795e+00 -7.323657098808000754e+00 -1.057528822202677743e+00 3.539047373234830651e+00
-7.300581017233680470e+00 -4.177961395566437197e+00 -2.440230288958341598e-01 3.462790250393836367e+00
8.988359951443712248e+00 -6.521941486736280602e+00 -8.819083305996825217e+00 5.928887031879423120e+00
-7.330857835645296028e+00 -5.879463663725839950e+00 -3.068301092460893553e+00 9.264399312111153861e+00
-3.145914457540409437e+00 1.964409141748511223e+00 8.536813704887752152e+00 1.365826015894820444e-01
-6.369235515132532832e+00 -3.565299973828333524e+00 1.578178992795837843e-01 9.449776645304053702e+00
4.940298888476776895e+00 -3.405866266787009877e+00 -4.689861571210485192e-02 8.986457819528192559e+00
-7.644577214461533821e+00 -4.918673082305874189e+00 9.141604659098348407e+00 6.773641275259436156e+00
6.708622876611336494e+00 -4.131329631383695578e+00 2.253663990465132050e-01 6.663098892231404058e+00
-1.014172017403608805e+01 -6.697325444755580115e+00 -4.311469571127603650e+00 1.021773111206940676e+01
-9.809627332870357819e+00 -7.618095593133508814e+00 -2.013746507333209035e+00 1.209604481555543387e+01
1.492134717344216543e+00 -8.093363636403070771e+00 7.712056310113533542e+00 2.504419778475397873e+00
-7.783059960877112715e+00 -5.371171690304731072e+00 -2.862724701375041647e+00 9.985128445186012058e+00
-5.686524188385783773e+00 6.509174069519916728e+00 9.646904894708494993e+00 -1.365822099852504357e+00
9.406662801152213760e+00 -4.491155385134304012e+00 -7.621273712938091194e+00 -5.787892304723587955e+00
