7.137771931921699675e+00 -6.841576649973791113e+00 -1.040529310809800734e+01 7.006334626470602345e+00
-8.321506472484394124e+00 -1.684028189765151673e+00 -3.697457853335261113e+00 9.295024122579331305e+00
3.004588739291757626e+00 6.227580281401012385e+00 -1.077414389968967079e+01 3.525656637782227598e+00
3.612031358074525134e+00 6.555989639475923170e+00 -3.844855558032889142e+00 -1.678518926438898218e+00
4.725535036011637935e+00 -9.894631381353324429e+00 7.958477554386650610e+00 -7.372571706646546819e-01
5.911466850230810977e+00 4.910125027008122700e+00 8.918632255839191725e-01 -2.439249058172293427e+00
6.033249645833251407e+00 -4.955617578362964792e+00 1.318329297160179214e+00 9.160148810642080974e+00
-7.072346515928295219e+00 -7.074134900030000672e+00 -1.200667287149694618e+00 5.011783941171253254e+00
3.027712324721946402e+00 8.199371949636134360e+00 -1.405864286549392883e+00 6.454923499793122410e+00
7.295968619423079282e+00 -6.746730204816532961e+00 -1.023128190934604476e+01 5.855082500152702707e+00
9.066406444354825567e+00 -2.537233981383884451e+00 -6.005812581000579797e+00 -3.083357889622509340e+00
5.595949004016170569e+00 6.019525250401976280e+00 -1.189463286218575666e+00 1.002327059178092128e+01
7.901322755375780105e+00 5.238178143873748027e+00 3.156854250000781237e-01 -3.169380766497877921e+00
1.128586317592527877e+01 6.254348568316660639e+00 5.815945288401469515e-01 1.329770892451258124e+00
8.274909182317959022e+00 8.554000553531016848e+00 -7.462049812807048710e+00 -5.165367884589139535e+00
9.942782038458835014e-01 5.154634449845714173e+00 -7.619836181703419697e+00 2.373252140817645017e+00
8.416566656266043722e+00 -8.025337841423894503e+00 -9.316169581823928070e+00 8.297693900393792177e+00
-5.475141067208356915e+00 -3.425690930471764428e+00 9.944455843673013717e+00 8.551319818191501554e+00
6.072816693786698750e+00 4.648760497518617640e+00 -2.189199447991947434e-01 -1.619655250395778845e+00
4.785711840359686775e+00 5.816799697997148577e+00 1.809530833504105818e+00 -3.342564657964568031e+00
-8.198486992711430332e+00 -1.793209186798814692e+00 1.173674911517382036e+01 8.537174814775605469e+00
3.290348706095766573e+00 4.242787440541195387e+00 -1.235214326178074629e+01 3.175107112789329555e+00
7.423372663047242526e+00 6.120185391510881701e+00 -1.507229021348520437e+00 9.784124529965112060e+00
4.842379929210487433e+00 9.166161789070541133e+00 -1.180301688798978432e+01 -5.233278090689752915e+00
4.157555441821347841e+00 6.606626260592828537e+00 -3.429582516179514151e+00 8.768312820440240074e+00
-7.587809061907393904e+00 -4.551132847878526455e+00 -1.953963061249309519e+00 1.042540586773392519e+01
-8.713735597335158900e+00 -8.310771712827458302e+00 -3.575122053173126702e+00 1.001846880802432871e+01
4.196323296248964496e+00 -9.689741409775647796e+00 9.071680083208953249e+00 1.976528229583822238e+00
5.503890308540631437e+00 -9.541808038743369025e-01 1.737188400641746844e+00 6.466939627659687773e+00
1.116345234229758532e+01 5.048327418825827806e+00 4.997798163434022389e-01 1.032334995557363522e+00
-8.527251878012108932e+00 -6.292593929980265344e+00 -1.321488599181725343e+00 1.059398918935584533e+01
8.985135555305177046e-01 5.344210827914841033e+00 -1.024995430453585854e+01 3.488457649618796008e+00
6.815450550312210254e+00 -6.592489624804565906e+00 -8.095989497013066583e+00 6.615692563264588877e+00
-1.668306737885318247e+00 -1.640789102964525181e+00 5.987028224524685527e+00 5.707432621955231156e+00
5.236231119000653855e-01 6.266223046091245585e+00 -1.055990633064162942e+01 4.009918994437103201e+00
5.538851561402605483e+00 -7.556876699131204411e+00 -8.006290669580632624e+00 7.542242971818272856e+00
4.000157829744372506e+00 -1.155253049879236116e+01 7.356333341237771606e+00 -2.502891759508617753e+00
4.682728694669645364e+00 8.760379093117027338e+00 -4.826762810134140658e+00 -1.148926608969461860e+00
7.794391021810898046e+00 -1.994019920713464344e+00 -7.266293413348717145e+00 -3.388799453142361529e+00
4.964185424273671821e+00 7.560930036238637797e+00 2.020721458003755799e+00 -1.418496602672900453e+00
6.731187844630226458e+00 -2.580708146754010723e+00 -4.577264128405158949e+00 -3.704851314194889333e+00
1.056267721740234933e+01 4.688009312069485901e+00 -5.365298494263843754e-01 8.228829894044290549e-01
4.467349710923164352e+00 -8.964567050594144604e+00 1.035580120899602008e+01 6.765000264721199308e-01
6.115241442330149546e+00 -6.086579710107542063e+00 -8.535639757882304224e+00 8.614440667348750580e+00
5.536044300947096986e+00 5.407690271107040481e+00 8.201346267263999179e-01 -2.730046906013166907e+00
2.845223967540996934e+00 -1.218576061427252988e+01 1.036592863863426217e+01 3.314130665936714237e+00
7.391995613286354683e+00 -4.664995020176903928e+00 -9.716230839496944327e+00 5.495317208669954212e+00
4.926841250748553946e+00 8.100927021696918473e+00 -1.075926365358637860e+01 -4.350318407233278784e+00
9.203022176483161232e+00 4.871724286823993388e+00 -9.935945642067822714e-01 2.320100142865484827e+00
-6.842440600854502009e+00 -7.111551862387793577e+00 3.567096234903744389e-01 4.372424323679553915e+00
6.120128327589279493e+00 -4.692478810145601642e+00 1.459963021765926738e+00 7.067212388753496555e+00
-7.435584366314859750e+00 -5.814414860469591773e+00 -1.520583920076345796e+00 4.468187346198146948e+00
4.947613345791215700e+00 7.695776181991315745e+00 -8.600017683509408428e+00 -6.059302376318020045e+00
-6.001551454471669711e-01 4.713402618873315797e-01 7.534246558243409275e+00 6.486416047041013044e+00
-1.325868882326111997e+00 2.868427498181115975e+00 5.057477704385132000e+00 9.512062125773932397e-01
1.127226414743426020e+01 5.473753831025206296e+00 8.422674548428539243e-01 2.482414820575184145e+00
-7.582817795622318613e+00 -4.895314561683707488e+00 -5.019571925683104396e+00 1.057289255287200902e+01
-5.610456768484104018e+00 -3.366200189959910105e+00 7.460866083883329836e+00 7.706411632673326295e+00
6.872897519929720644e+00 7.048224084416994550e+00 -1.508353234192948866e+00 8.635463298592936709e+00
7.478255725972511314e+00 -4.444617773032609520e+00 -9.210537502459795078e+00 7.930014319086906127e+00
7.726843535947669039e+00 6.945178298251867055e+00 -3.128558898128892540e+00 -3.468107479944667837e+00
2.097323075659915492e+00 -5.430978485538982881e+00 9.555801179152730640e+00 -9.874181759457687502e-01
-1.336257195604550585e+00 1.969899134275037600e+00 5.350598976647743754e+00 7.801537465707026442e+00
-5.795455296378282384e+00 -4.495132929007453093e+00 1.103046256923119017e+01 7.361113618707135764e+00
-9.473039507991822816e+00 -4.995142430663040756e+00 4.825806615078605949e-02 3.924874347774445660e+00
-8.100010597814595315e+00 -4.998029335118868488e+00 1.059453432499547354e+01 7.195680665974650836e+00
-7.734430139255180414e+00 -5.859642333842556283e+00 -6.242024465332121075e-01 8.568937361572015021e+00
-3.109995617313057181e-01 -8.060853070972404666e+00 9.745778337871563224e+00 -1.563435384705266218e-01
1.002274226366875798e+00 1.636347666938374967e+00 6.593257004942552513e+00 7.356601143369339901e+00
7.438082462080123136e+00 -7.346521557899500898e+00 -9.165946146205442346e+00 6.723355622823270927e+00
-2.549753320327420081e+00 -4.896428849032379738e+00 6.434334028118894544e+00 7.536688207403576811e+00
4.878320646841075359e+00 3.112137389383155206e+00 1.306060515264521271e+00 -4.206657310488433943e+00
6.774101351785382086e+00 7.314504318863353838e+00 -7.000910286424364415e+00 -2.983183703755837080e+00
5.020413240760764673e+00 7.135417149937522296e+00 -2.201872107409102997e-01 8.093006801103806325e+00
5.188493340823046474e+00 -8.079815335697842826e+00 9.518068143172360607e+00 2.533080512588269606e+00
8.001663238348413643e+00 -1.204343376002105837e+00 -5.528559018455498020e+00 -3.049183823716062225e+00
6.829953056322366933e+00 6.011501516861354588e+00 -7.597954883526655046e+00 -6.077951152612380170e+00
4.836699232200035503e+00 4.773185104115294841e+00 -3.304429506702907471e+00 1.016395229895886487e+01
3.015016011104048044e+00 -1.085333163622987485e+01 9.410106677902891903e+00 -1.997834336243884956e-01
-7.816628567197295041e+00 -5.458469599421063023e+00 -7.438240509229997466e-01 7.112636717582783596e+00
6.316870896386392431e+00 -5.903034640614021278e+00 -7.436363747196347518e+00 6.514561069387767134e+00
-6.743060753936358509e+00 1.792972091172433613e+00 7.213650446848314246e+00 1.099131717497860761e+00
-8.099514438542737338e+00 -5.106098898400031061e+00 1.130221921926189754e+00 6.251077457246552171e+00
-1.008071288558227252e+01 -5.722934231013849349e+00 -4.157149350078424455e+00 9.782662035464674943e+00
-4.853020522758242805e+00 3.212017215350940536e+00 5.162802647177437976e+00 1.092767178842068976e-02
8.031801386228499595e+00 -6.336719166378219192e+00 -9.603128906892546723e+00 6.166296460780981370e+00
9.042053602243687038e-01 5.499683846652055230e+00 -1.025784773597853139e+01 5.305337639958800366e+00
7.003613154663196561e+00 -3.217444638869033202e+00 2.579850923570336629e+00 5.228724318239596158e+00
6.031871346764632769e+00 -7.352226655828664192e+00 -7.654224430936182877e+00 6.574100373784929729e+00
-8.616080291011636305e+00 -6.730375058893376838e+00 -3.307482017278036590e+00 4.683581071458515765e+00
8.984852028714106709e+00 -2.548664692712462099e+00 -8.430264540883937840e+00 -5.469262908981593618e+00
4.950935055444714905e+00 -6.443633699934256498e+00 -8.448297752276376471e+00 4.158865769152755298e+00
7.466427965807113765e+00 9.395527122043670687e+00 -3.539225639820617886e+00 -1.030348527030624295e+00
-1.566381406590978020e+00 6.240056457021307956e-01 7.275001283013369680e+00 6.872707035735643011e+00
3.360022948780221341e+00 -1.051954627698728117e+01 9.112124078043919440e+00 -2.681767661413024140e+00
2.436376927433929307e+00 5.325142323003058564e+00 1.080135643104664700e+00 9.134072390439870404e+00
1.310200272092242546e+00 -1.110128569071762961e+01 8.161998110667500583e+00 -1.311261805520044232e-01
7.177563468343974407e+00 8.997053172915771668e+00 -9.426147526158015211e+00 -6.615498299195026632e+00
8.109069431689901464e+00 1.020709861972034815e+01 -8.094483190524316640e+00 -5.208744226926244281e+00
6.610805570541309351e+00 6.406402492281585204e+00 -1.124332399285003614e+00 1.004410222275982179e+01
6.303416235948964719e+00 -2.034331680607087023e+00 -4.083877162622193691e-01 7.811877043010616362e+00
2.778876803239842097e+00 -9.388633218845724215e+00 7.870922440141644216e+00 -1.465226436988643854e+00
-9.188304304332222117e+00 -6.155313220946450947e+00 -4.025411953592880288e+00 9.582717669664964077e+00
-5.399209273145406662e+00 -2.046602611434287677e+00 9.143885841560647876e+00 7.017484321165235350e+00
-6.451026630029381259e+00 -2.695028374121632098e+00 6.228083663859410812e+00 6.711637250445912528e+00
-3.620499342176937141e-01 4.966787952973131581e+00 -9.662022576771130744e+00 2.755925278154739644e+00
8.641271786725360116e+00 6.841532513598203913e+00 -5.426053097090848709e+00 3.329288174041278303e-01
1.133108547154145285e+01 4.847642427606093207e+00 -1.072784716524933790e+00 2.336301226110660156e+00
-3.004408477007645573e+00 1.192452279975075191e+00 7.192994675498979085e+00 1.220610514456426543e+00
4.161811360142333882e+00 5.007140251658689145e+00 -1.015902046080740462e+01 4.231608235929968487e+00
7.523460993565049826e+00 -8.310657968206205837e+00 -1.118032509477277081e+01 7.181817870594281672e+00
1.108591314073468936e+01 6.186046097094374474e+00 2.084329634333962566e+00 8.889653038702490795e-01
2.022452202454611658e+00 5.884807477040407520e+00 -9.788881614486365734e+00 4.932696588420055761e+00
6.284819690536398440e+00 -7.613252409907447671e+00 -8.349743248494705838e+00 7.527390119720102746e+00
1.784015116144028745e+00 7.231424865094250976e+00 -1.367876683453994602e-02 8.253044507066823243e+00
8.527293576389450180e+00 5.076832223177620840e+00 -7.104364066248142207e-01 1.130983728950274436e-01
3.604459515032389483e+00 6.133943094387211303e+00 -2.481592220037193153e-01 1.087534437227548345e+01
6.009453766861422963e+00 6.927738009652748552e+00 -1.013422269843403001e+01 -7.621329600356886225e+00
7.309516429989195707e+00 -6.523853590587466833e+00 -9.236496286628943508e+00 6.574180787289727768e+00
-7.317514064661262196e+00 -4.867332868546199620e+00 -3.767491521996786830e+00 1.162432868036438016e+01
7.236176021446139472e+00 9.983067228975539109e+00 -9.202230899217569871e+00 -4.939650771129907803e+00
-7.298766018906834852e+00 -6.939678014924552940e+00 8.436180783014460616e+00 8.438999669079828791e+00
1.006827901185557650e+01 4.676633710043776482e+00 9.915407570596064257e-01 1.471417103777181046e+00
3.945391875588466490e+00 -1.024697813887875952e+01 7.246762181741313924e+00 -2.706251912986863850e+00
-7.163339150224385943e-01 1.656687538262328729e+00 7.935467096305650614e+00 6.835378681803607748e+00
-9.665870661824591537e-01 4.889542569291112528e+00 -8.371182508805665279e+00 5.276119291749605367e+00
4.787690656185341176e+00 7.639036510881426878e+00 -2.211290417749120607e+00 9.098440293886945085e+00
8.445609895803815048e-01 4.776156392466647027e+00 -9.882255063768640824e+00 3.550335110513965109e+00
1.128888016658631699e+01 5.977258079966310866e+00 1.665166905996127156e+00 9.627823245410833675e-01
7.479950570406677990e+00 -6.243854817793285328e+00 -9.709203379047027127e+00 5.432972934810884169e+00
1.044594016149646798e+01 6.883898912707718587e+00 -3.231199287339289739e-02 2.086425095404351282e+00
-2.150322014077203470e+00 3.680819743896909024e+00 7.715755368820533810e+00 -1.608163568847716718e+00
5.700090248476412214e+00 -2.332889753121157206e+00 3.862871890785271045e-01 6.830938193428975680e+00
-6.550784403814988721e+00 -6.544131283398678889e+00 9.629414847880992667e+00 5.227617605969252068e+00
-8.181241704441470475e+00 -7.499293828541963691e+00 -4.342510906958161887e-01 5.275353647313621330e+00
2.028388578976076939e+00 -8.890448104746814906e+00 1.132995174325567866e+01 3.044972462612066111e-01
2.905759376978233055e-01 4.134650986128827199e-01 8.242044256344636111e+00 6.417678571632476903e+00
6.617423390800079019e+00 -4.512043770170217627e+00 -1.023057806842489192e+01 6.453435507675968630e+00
-7.131224766610728238e+00 -5.729761193896147020e+00 -2.091622248046157040e+00 8.813265936388633648e+00
9.309390132997645395e+00 9.325468144712674601e+00 -8.009905862566164103e+00 -4.907888155550276466e+00
-7.714951409533202131e+00 -5.037430280133775362e+00 1.121939431075348326e+00 2.717296358910253673e+00
-7.953088834757850556e+00 -6.982397925478184497e+00 -1.430018316928860056e+00 4.483838354021689732e+00
9.208607138503181133e+00 5.337136958544256515e+00 1.112151106892919294e+00 -1.417744148298385465e-01
-6.637984636474596467e-01 -3.740700991626443872e-01 6.646158623352170558e+00 7.305381092969168044e+00
6.013996868138582030e+00 9.414748556907278854e+00 -3.525093837015065734e+00 -1.898485295771803028e+00
5.471543238379457108e+00 6.483519541530089469e+00 -8.433347651621978969e+00 -6.784230806686133874e+00
5.884605399485774768e+00 1.007889456519879090e+01 -4.524073818758891363e+00 -1.359933528524145174e+00
9.870243068153536470e+00 -4.088128715401754043e+00 -5.805500287942373383e+00 -4.792470328175062022e+00
-6.313269011660244345e+00 -5.348974697857903138e+00 -3.387851860724198971e+00 6.911833097901382672e+00
8.302378809419165506e+00 8.674811979640109527e+00 -8.813429060273891835e+00 -6.488001444113843164e+00
7.410699660215113838e+00 7.853024233945131272e+00 -1.030381493216124689e+01 -3.836449145056505916e+00
-8.710307301386185586e+00 -6.239437439603125135e+00 6.401716401851373917e-01 5.100125046640838100e+00
7.546750008042144131e+00 -7.952354621913208632e+00 -9.074875919950034842e+00 7.326926717743833528e+00
8.167996364587441604e+00 -3.222471287444007348e+00 -6.866725910620664841e+00 -3.447179064724567699e+00
8.168229868153362716e+00 5.900323642605103558e+00 8.215292350374248098e-01 1.132615272037572618e+00
7.330298783477739555e+00 -7.170498003831215605e+00 -1.005142711823445367e+01 6.923228483093449626e+00
5.777651490306089599e+00 -2.907858655024729622e+00 8.250843378489840507e-01 8.134411249751266837e+00
7.749719230601685105e+00 8.479972931161231742e+00 -8.978883655394925611e+00 -3.880995310438339008e+00
1.076632491513449352e+01 8.539834181851151840e+00 -1.043655743422560356e+01 -5.755660459919901939e+00
-7.481146750618691499e+00 -5.214354047184486696e+00 5.927179462332671234e-01 4.671936450871851498e+00
-6.994473041337468722e+00 -5.362226293222303042e+00 -1.306334150033104935e+00 1.009151220293845164e+01
2.231926071675265355e+00 5.010885991892327418e+00 -1.853460500489430007e-01 9.865223980527197511e+00
1.100848686603752036e+01 5.993421424199418368e+00 -1.126341622359471106e+00 1.376122538777852844e+00
6.964507932994226991e+00 7.739693184227347977e+00 -8.825248743371986393e+00 -5.120470945337629587e+00
5.388551572065273021e+00 -3.532647167563669033e+00 -6.267163511740437620e+00 -2.412169125190202656e+00
1.526407557736638276e+00 4.869992755784678273e+00 -1.081753628108308085e+01 3.384104554672072496e+00
5.649670138211856596e+00 5.906519393121786976e+00 3.146793818310033686e+00 -2.353709061100149658e+00
-2.394304687706986456e+00 1.078301975639631261e+00 7.897642038752555216e+00 -3.029730491648236157e+00
8.059788221560213017e+00 -6.138298240867925415e+00 -9.541979139779076746e+00 6.586211955459591927e+00
1.187061628765073040e+00 5.071659501676785142e-01 7.152774351982436940e+00 8.102814766717663986e+00
-8.338556322774246521e-01 -9.301137506780241537e-01 7.537946517432096094e+00 7.943561216092389188e+00
8.098337175096945728e+00 4.029151769717340237e+00 -2.051294822050709898e-01 1.787130851982012825e-01
4.866079485727612841e+00 -4.661917986951767290e+00 -1.965256023080306225e+00 8.010481832022724902e+00
8.513886156963987872e+00 9.471098312923775353e+00 -8.224817887265006178e+00 -5.720743746896883586e+00
-1.242650804780156992e+00 9.364704696621770630e-01 6.307585393106369231e+00 5.053363696743613964e+00
1.875057965801697923e+00 6.191156228742038081e+00 -9.021229847140052271e+00 2.932569668048371270e+00
-3.668522544711944278e+00 2.408178303211572668e+00 8.611975375081597051e+00 1.180139324299539272e+00
7.521356171543448710e+00 -7.572623122599505763e+00 -9.394448012249474900e+00 7.514808794560803307e+00
-7.748306925460084926e+00 -6.083377318041664594e+00 9.258831781503401359e+00 6.692767497631900930e+00
6.535541412156090857e+00 6.733363362381070694e+00 -8.455649249040570581e+00 -6.713023912477141586e+00
2.615527057927466981e+00 8.315215142911480228e+00 -2.419281702485843510e+00 9.498952576340894183e+00
1.079988180083445748e+01 6.248422632979116820e+00 -1.280016153912677979e+00 2.508183757212801623e+00
5.992446159945588491e+00 6.821203892011931558e+00 8.857538394215861421e-01 -3.128737904808029047e+00
7.586142370488511588e+00 -2.053741069269831243e+00 -4.136638779236683661e+00 -3.373791003218014062e+00
-8.182369338128573588e+00 -5.257972579414387226e+00 6.515084677789023004e+00 6.636018047019645039e+00
2.643790993375964238e+00 4.061453202319425415e+00 -1.053354648880871736e+01 4.486526958063622672e+00
2.628550933908102571e+00 4.381829351965375707e+00 -9.613116198006940394e+00 3.157124424645008531e+00
4.535338441967565082e+00 6.077902010144963008e+00 -2.760938538095186523e+00 8.523540267676027682e+00
7.146845463502544682e+00 8.081258455640012883e+00 -2.288877259320631907e+00 -8.251126814361984252e-01
7.214195519723581640e+00 -5.494440629352565608e+00 -1.020163580466035036e+01 7.246019255259508185e+00
8.893988622818710610e+00 6.748051811997421545e+00 7.857253227627705172e-01 1.039569279401732826e+00
-7.029485943805740433e+00 -5.376208337774032842e+00 9.129263757945281554e+00 6.574697428018924761e+00
8.704634736641246207e+00 8.313812774823471585e+00 -9.301125483869148169e+00 -5.001547900331150487e+00
-1.253469371975751256e+00 -1.096124730930086777e+00 9.338796707699264843e+00 8.410487892879730865e+00
-4.619135070921492670e+00 4.024745120682240440e+00 7.221716862088554123e+00 -5.906042529381572148e-01
7.994372919222687557e-01 -7.989551077586149574e+00 1.138613805586509997e+01 -3.578032355265604814e+00
7.793098220186601921e+00 -3.566210785865278066e+00 -5.943545576464704716e+00 -3.419579581656266409e+00
-6.570716626300680652e+00 -2.881189228042018158e+00 9.300824520921450400e+00 8.158761411839863698e+00
6.881013184252899428e+00 8.110917096979743945e+00 -2.867810452455087589e+00 -6.446389330984114707e-01
4.962965943563853344e+00 -5.044308260630716134e+00 6.558175245430818423e-01 1.218134137795403049e+01
-3.091852640809689134e-02 6.238097715076541760e+00 -9.170433125439602762e+00 2.529964552053049154e+00
6.935858779276372843e+00 7.489753562945026033e+00 -7.894010310001306152e+00 -3.777470733998555374e+00
2.558459158661447130e+00 -1.405638297056692387e+01 9.480442148832096905e+00 -5.907188634806672667e-01
7.626078565060830705e+00 7.564578139250523137e+00 7.405834333272235392e-01 1.025053901869952266e+00
-5.540500433367666844e+00 2.842447254804048029e+00 5.918135519963466429e+00 1.419042829381476523e+00
-5.872664557665323137e+00 2.698870261996076714e+00 5.614115541767001005e+00 1.942403526451916163e+00
5.344026449423211922e+00 9.099701114244625799e+00 -3.037790563097093610e+00 -4.958039306438304372e-01
8.956032608095796377e+00 6.016620429982600271e+00 -7.221123489544947205e-01 2.593118345703757655e+00
6.848952563527307191e+00 -3.508616972723193506e+00 6.624242081812351524e-01 6.007386965140344870e+00
-1.144546258059896404e+00 -3.048943823851364421e-01 9.115508607366873406e+00 9.726673534604321603e+00
8.143938398956075631e+00 7.292674452382442496e+00 -1.148315639641406349e+01 -7.277526814918808817e+00
7.724128695908265563e+00 8.682752294986238795e+00 -4.179924468504906621e+00 -1.178090140691159693e+00
5.131190451364937566e+00 8.872865587973972623e+00 -4.858660842431850035e+00 -1.782749158621990127e+00
7.927151527525718500e+00 6.357991474820524402e+00 -9.881810758791749194e+00 -5.891332460157411965e+00
4.462074231080371156e+00 3.817044520319937906e+00 -1.591993692232684943e-01 -6.231039337073975837e-01
-5.899388939285204358e+00 5.098103234176925014e+00 6.454455710793023826e+00 2.005833154002254481e-01
7.127426239563955379e-02 3.574571251030401742e-01 9.384410214359400371e+00 7.166090447461761492e+00
-3.630700107943307664e-03 6.590926151314757675e-01 7.360101391774461099e+00 9.856037331904722976e+00
8.098768510445552238e+00 4.803439220092133866e+00 -9.077206060583861813e+00 -5.095607653465767939e+00
6.856661304943818536e+00 1.011513261001506869e+01 -5.777540914897613789e+00 -1.329362724883905722e+00
2.215380855306523955e+00 7.018880370138444569e+00 -9.219660244187768416e-01 8.003209035654041514e+00
4.246990300800506546e+00 4.999379644066736184e+00 1.267295887120600151e+00 -1.846500644439721173e+00
3.561246134973945932e+00 -3.042997446283564056e+00 3.514895294417498262e-01 7.040503316402834777e+00
5.843849912165302030e+00 1.076858258315067829e+01 -4.473027333877651834e+00 -1.709597114660180939e+00
-5.993705267526260094e+00 -7.493239666785335373e+00 -7.405279151356775058e-01 6.188937652141175860e+00
-2.532177885839521636e+00 3.845703086636593326e+00 7.184773952141167541e+00 2.795722354018399525e+00
5.773212646331424835e+00 3.865679900617371878e+00 -9.000456517587362981e-01 -2.563547481523291260e+00
-6.031113679908902903e+00 -4.460242097406472261e+00 9.466707781599035698e+00 8.458450878257060879e+00
8.457077193510494695e+00 -4.269552874579017221e+00 -7.376591465736279218e+00 -1.324027999188554627e+00
6.233948739056597965e+00 7.763973295873753955e+00 -1.404609314536193088e+00 2.731640186105801504e-01
8.065370291968834593e+00 -6.173924595882942512e+00 -9.077454065793897797e+00 7.369478473982176148e+00
-6.387399512788046962e+00 -5.813399659678295528e+00 -3.561441200744653202e+00 9.239322621427048077e+00
7.118489396604468666e+00 -6.433847350541978649e+00 -8.889442195348937759e+00 5.472541767413703795e+00
7.957403632664582283e+00 -5.120205353146653593e+00 -5.504056552439779537e+00 -3.681599030896985703e+00
-6.498981979396194930e+00 -5.156042114992393621e+00 8.077598443243122261e+00 6.357362184904602032e+00
5.898441138566205666e+00 3.363080739721331813e+00 -2.742080680613587340e+00 -3.978511242912485812e+00
1.220401961678483360e+00 -1.129393614578153304e+01 6.734895660837409537e+00 4.003068491200592605e-01
-8.094238308082360334e+00 -3.576532489083245281e+00 -1.452167314468387094e+00 5.118681033704234551e+00
8.444119116435786054e+00 7.310096231329204386e+00 -4.621493107749485851e-01 1.072744257977764804e+01
1.951002735957407808e+00 -8.955349114585842152e-03 6.142711634428926537e+00 6.591829629398083590e+00
4.565198495784461130e+00 -4.453596836139982251e+00 1.084690288494108534e+00 6.023480268130590787e+00
3.237568230556854054e+00 -9.632831576024425857e+00 1.051681807998446239e+01 -2.535744857153377829e+00
6.696408877611624177e+00 8.046981230257962636e+00 -9.123766908121689667e+00 -7.458038760415840684e+00
4.586756846898519591e+00 5.080670893159836332e+00 3.080862978725985801e+00 -3.033713661924608562e+00
-9.255184898821632311e-01 -7.804527917978799634e-01 8.326661378643159139e+00 7.051436210911318447e+00
-1.756918847054535604e+00 -4.776145430373811562e-01 7.142797350476122631e+00 8.135948795774750053e+00
-6.685042345606674985e+00 -4.285950517931891746e+00 -3.799928240294307091e+00 9.502380329380461177e+00
-6.742860905776840497e+00 -5.681039004163669581e+00 -4.114517995686439278e+00 1.053200351831914361e+01
-7.918268286001822753e-01 1.887374751156621233e+00 9.455914373383325966e+00 7.941455316752428217e+00
7.578700233032481748e+00 -5.112598788309562714e+00 -6.153972971966385153e+00 -4.436608962585919969e+00
7.180906272836512727e+00 7.857853915168776737e+00 -9.774419964475239198e+00 -6.062711856842541103e+00
6.967467790428326424e+00 -4.632164809165848496e+00 -4.708050802791829970e-02 6.891128356102274033e+00
1.751880212197281406e+00 5.727471785712343610e+00 -9.722215689788557214e+00 3.878957457158652034e+00
4.705036608244257401e+00 5.549237292243968334e+00 5.709974612462842547e-01 9.725324841999714920e+00
6.010229918135251204e+00 6.325932800971767023e+00 9.596270411938023770e-02 -3.224871111213370778e+00
7.514148355049567130e+00 8.728401285991100877e+00 -7.457175590808696519e+00 -5.650288361021212680e+00
7.514096115147322230e+00 -4.375548576169872916e+00 -5.957397069630875563e+00 -2.960095132274442875e+00
2.603226806612091160e+00 -5.658843087641129088e+00 1.217234589073455098e+01 -1.338614891900238080e+00
5.680573735116420053e+00 6.775788441710425936e+00 -1.066437667145129886e+01 -5.950324297058239509e+00
2.582052177059600773e+00 4.502872712346374762e+00 -9.185761430535414718e+00 1.366188442723385688e+00
1.008102239330511019e+01 6.687968302458377146e+00 5.223878266009513993e-01 2.297836822826045733e+00
6.563549396657380797e+00 -8.216760009925939912e+00 -8.858139240062593345e+00 6.770944249773346968e+00
7.007145298825129487e+00 -6.173105487383577561e+00 -9.812817856835431840e+00 5.287126539062532160e+00
1.748521517262977110e+00 -7.508432053185818411e+00 9.999683670407151226e+00 -1.925567576884047227e+00
5.582154997618136605e+00 -3.544109320542770725e+00 -4.133564229366589515e+00 -3.459729709008504628e+00
-3.320303601898702439e+00 3.008354468312994356e+00 6.141549051751228561e+00 1.776427533608781473e-01
6.246995741566168547e+00 6.834168995665376833e+00 1.353276067341109279e+00 -2.153941817915084211e+00
3.726068334347019562e+00 5.475650244061842642e+00 -2.406870506986646063e+00 1.148064110899151835e+01
-4.801858125027020030e+00 -3.821765769867308205e+00 8.563888236543894195e+00 7.935458508953846746e+00
6.741598104078961207e+00 -3.918678139351507994e+00 3.178285134041929805e+00 6.982288111396272257e+00
-4.764464126457134796e+00 1.092616253244854452e+00 8.940891006392565288e+00 7.876019685545434523e-01
7.446007561475191494e+00 8.670672667892681318e+00 -3.674163111708848906e+00 -2.175954042577741276e+00
7.196647890317272811e+00 -3.692342506263737612e+00 -6.109397442851049576e+00 -3.593813798305880436e+00
-7.704244408076364792e+00 -3.627366256616450180e+00 -4.247328281089354896e+00 8.451765177859298817e+00
-4.392432669533213208e+00 -5.161530854758050957e+00 9.755142310386059279e+00 8.323126320039310855e+00
1.338745113354044003e+00 4.955218816424623363e+00 -1.027933553133075506e+01 3.609165231197067669e+00
6.320731611930768601e+00 8.301770767975076737e+00 -3.607629073174175804e+00 -1.966798616988382431e+00
-5.381781570139289705e+00 -7.325200198017674857e+00 -1.940664418285060089e+00 5.361348991178720880e+00
4.935836662280254750e+00 7.721352942071667336e+00 -3.525719539737360630e+00 1.157113517898521682e+00
7.763808654118999009e+00 -3.661027200443681018e+00 1.167157159699256042e+00 7.070186622097994977e+00
6.408017950652603822e+00 8.276497506370324331e+00 -3.002233066222945723e+00 -1.025349235564056327e+00
7.084177088469208350e+00 8.349566409276439671e+00 -1.043661635460648718e+00 2.882699541817923539e-01
1.188580278041471705e-01 -2.893980569117978741e-01 7.292593531729274048e+00 5.884216039501136031e+00
6.140753079595885566e+00 6.586505209947058681e+00 2.309579245528351477e-01 -2.936081802470146940e+00
1.030051990186423971e+01 6.569786259775725945e+00 -1.066036891220323746e+00 1.320907781456329033e+00
9.842281349263080514e+00 7.837228819342681341e+00 -1.431269190242980271e-01 3.031870105913445634e+00
7.761823255540909017e+00 4.450230045298861015e+00 -6.415227458139755035e-01 1.693959499137574598e+00
7.141558695861605521e+00 -3.432906106741605790e+00 -7.824528217539730157e+00 -3.351178528158976988e+00
6.738790783351516822e+00 4.684188313831937123e+00 1.319820557669787675e+00 -3.002867533266604383e+00
5.329481927877217196e+00 5.875504630549535534e+00 6.660580623989966753e-01 1.248251432535046490e+01
1.059418235390491780e+01 -4.260921816368570703e+00 -8.742373858218535077e+00 -4.496394584237158654e+00
-3.077019966282693364e+00 1.148575293668657071e+00 8.245524154488659718e+00 2.144763715675946258e+00
6.883016299378184044e+00 -4.195640309215354691e+00 -5.526430647293627985e+00 -2.154855511719631522e+00
7.649107084053349936e+00 -2.017765425383583722e+00 -8.556640514997500446e+00 -3.480665062821218125e+00
5.882284972358118758e+00 7.472902811017275937e+00 -2.482732673643091026e-01 -2.682032811495376645e+00
7.524907257282917428e+00 9.965651684877110839e+00 -2.328861963185474782e+00 -1.459889971103990769e+00
6.699161007190558514e+00 7.556358181118422834e+00 -1.002061746820327315e+01 -7.678588278211448070e+00
-3.620722387600992853e+00 -3.630452798923900382e+00 1.001264339762116151e+01 6.562758416884469703e+00
6.493880560775906474e+00 6.307688894854624806e+00 -3.499319800968575755e+00 -7.046524487763391464e-01
5.577408013088356320e+00 5.720101634263033752e+00 -1.436659643918763996e+00 9.960321441764751427e+00
4.450769649318474741e+00 7.360599879689467606e+00 4.808161808597256615e-01 -3.441567266851718543e+00
9.280474779395966323e+00 8.201233670184093327e+00 3.908335435478714759e-01 -4.935772838104093285e-01
7.814207144311721365e+00 8.502001911137524459e+00 -9.672125131904065753e+00 -3.072076217669808873e+00
6.055187491058712901e+00 4.669514195818377900e+00 1.638997139797411462e+00 -2.976292850768651910e+00
6.680971420277158401e+00 8.801185252936415182e+00 -1.239728038341469762e+01 -4.175515659092511989e+00
2.920152416767366255e+00 5.807817957268289533e+00 -2.987049431451161419e-01 1.339802458605147351e+01
6.171654873684214060e+00 9.102774064467691773e+00 -4.352664127373891745e+00 -9.266196961478005978e-01
8.525301004015215511e+00 -5.714701290318528137e+00 -1.030703365317976328e+01 6.004004777225621758e+00
5.592360689770186966e+00 -1.121502026008779040e+01 8.079667933836653049e+00 1.608461402444906874e+00
6.795738768532288532e+00 -3.774640778144890074e+00 1.053396950568419532e+00 6.723983386048842270e+00
6.040193572222273488e+00 -5.551451884065217612e+00 -1.139007909962471032e+01 5.511128901796034540e+00
6.247404025879416123e-02 -1.805622742357307020e+00 6.968375906808734754e+00 8.773184545612751961e+00
-3.664214293767528385e+00 1.646695605015770836e+00 6.570108342027933368e+00 2.727211233556769088e+00
8.399366826251807083e+00 5.837441811803315339e+00 6.356905626552256106e-01 2.037804726479699902e+00
4.056367407067762443e+00 5.730955342700942978e+00 6.265302107973258483e-02 9.840344681068543764e+00
8.442256018765048609e-01 -7.242128426221496440e+00 9.867956616727097341e+00 1.597050811094413714e+00
4.649929177928640911e+00 -3.475144206900124821e+00 2.651259858265502700e+00 7.556152615769510916e+00
4.655383080956220887e+00 5.919114550835939070e+00 -5.466413575174761119e-01 8.325479186340874804e+00
1.544173370479265728e+00 -3.351145326081281794e+00 7.453524787191703638e+00 6.679664920513935122e+00
5.990089804684023633e+00 -2.209705427824374624e+00 8.616736154764484956e-01 1.105152269373008878e+01
-6.066119752428877021e+00 -4.079015079159105994e+00 -3.259831836529683446e+00 8.789241351153062709e+00
-9.929617776722482247e+00 -5.521833452918844642e+00 -3.688240836942575207e+00 9.630328056569370077e+00
1.103253006045618267e+00 2.958398555818677611e+00 -9.720469914081652618e+00 3.255499010473102306e+00
-9.992789801382931714e+00 -5.593924530207830870e+00 -3.554638810997789111e+00 8.231643772946256377e+00
8.252579904337502548e-01 -5.486916310220334658e+00 1.031681121743318563e+01 -3.043596485199941526e+00
6.135994436898612570e+00 -3.023367666152879885e+00 -4.018796121257480758e-01 7.903111567203146670e+00
-3.962522756665258328e+00 2.945105511023044187e+00 8.072262890853446393e+00 1.029349102865230847e+00
6.483855788620443761e+00 7.497895959525104459e+00 -2.700815838669309077e+00 3.198530174286009498e-01
7.866599602543759673e+00 -6.271046082781990272e+00 -7.524699519077064025e+00 5.906340869729262977e+00
1.103570933918240193e+01 5.932392743322911777e+00 -2.088245033117536731e-01 1.605186064217194453e-01
2.165309747493661341e+00 2.094945828181950631e+00 8.820233621507238553e+00 6.582114279702408588e+00
3.004887615090885866e+00 -8.813170773088884857e+00 9.456874247895779462e+00 3.531417458576894042e+00
7.374705760350956929e+00 6.183205138588290239e+00 7.356383867302030977e-01 -2.549547143438487762e+00
7.449636813610243102e-01 6.768299643536201948e-01 6.565987063256955913e+00 7.247798129202503326e+00
-3.959453029136832392e-01 -2.995367750083178793e-01 6.634886752658287534e+00 8.262090719422001683e+00
-7.809411953419712837e+00 -3.661336757606639125e+00 -9.501679423885858178e-01 9.153003982606358946e+00
-4.867622683971617015e+00 2.654768128689712903e+00 4.197959157289218979e+00 -1.691801501068177949e+00
4.214414169040100688e+00 -1.000385701557347495e+01 1.023699346887475947e+01 -1.644341463436597373e+00
6.385303402797270600e+00 5.548192570949011859e+00 -9.772619309405838894e-02 1.080560985676791930e+01
1.002191808845453558e+01 6.328559793113855747e+00 1.210088543615128603e-01 1.032422872068061714e-01
9.344310441837787806e+00 6.380854439428066627e+00 -1.534411075265647684e+00 2.042557748723132782e+00
5.831146194754017742e+00 -4.034241184261274427e+00 1.738008386429569230e+00 7.920339994568848851e+00
6.429522479420880288e+00 -6.368497688827898351e+00 -9.157969635346626447e+00 7.428023370883548360e+00
5.768603107535666297e+00 8.139443933667052988e+00 -4.051211480231216910e+00 -1.171150757939907860e+00
8.077827984490063784e+00 1.019051812325397499e+01 -1.380925671380349495e+00 -1.394269745452508369e+00
6.961394375999756079e+00 6.228695183581256956e+00 -4.048216622425327316e+00 -1.548119222150056151e+00
2.138905688866635124e+00 -1.138443049790367567e+01 9.397080945297178189e+00 2.349898165813831596e+00
8.202782060752161541e+00 7.210335275038062264e+00 -4.060118003075168236e-01 6.249141046304920177e-01
9.507019175202975347e-01 -9.650447423749881182e+00 1.067755225445259981e+01 1.611240803023403223e-02
-7.931808703386029613e+00 -4.542955319482219423e+00 -4.040144740365081866e+00 1.141720370948453400e+01
5.860807608890660880e+00 -2.276580190821378746e+00 8.223707728793357985e-01 8.997215950883333591e+00
1.048376427426584456e+01 5.981610177203425138e+00 1.618673335248580036e+00 -3.280034462135301698e-01
7.502967479653915639e+00 -4.627830207752966274e+00 -5.915473305083577493e+00 -4.309310132901750023e+00
3.778515627959099010e+00 -1.048598287725494593e+01 1.237840927607616592e+01 5.801854746158163767e-01
4.684919483795816575e+00 4.857453935383388988e+00 -1.038484778840751410e+01 3.383269569768800444e+00
-8.895766586573278900e+00 -5.280684011571575631e+00 -3.013266410085499558e+00 1.000481224352246556e+01
8.098872143319233885e+00 -3.775219671032204793e+00 -5.615444925555262756e+00 -4.318415513888637314e+00
-9.510320648981199554e+00 -5.513653405157586285e+00 -1.901868003464445511e+00 1.132469314253837922e+01
-2.590764878530277260e-01 -5.656434997478304583e-01 7.155267079443818901e+00 5.397099425837144970e+00
7.659020330231467000e+00 -2.569565783121930735e+00 -6.631212078136047516e+00 -3.635075502008727977e+00
3.370924928345424121e+00 3.638914328708371393e+00 -6.916715548599981389e+00 5.732314763643485911e+00
7.400754919444572977e+00 6.161517917260827204e+00 4.048372666046400892e-01 -2.624601785989635339e+00
-7.539374934760073366e+00 -3.040484914404788519e+00 7.066452319470598376e+00 7.446104575154434357e+00
-6.547962297046340474e+00 -7.837147634234399085e+00 -1.591627620884553007e+00 6.170039724006866955e+00
5.215552045807180903e+00 4.595499306105795156e+00 1.084309305772992893e+00 -3.032978943843083641e+00
3.254101482636875708e+00 -1.141683743354025538e+01 8.903184141329949952e+00 -2.935214016599556608e-01
-5.927387407338065017e+00 -4.433425016130694729e+00 1.083159190773095126e+01 5.971059200700938874e+00
1.078795558840657520e+01 8.047696566676254548e+00 1.006311100657017787e+00 2.192694611515757508e+00
4.855439634385415815e+00 6.561351918324364263e+00 -7.672653463990373179e-01 -3.338863274550793570e+00
6.954252669545710752e+00 -6.408832861792596702e+00 -8.381386794637775139e+00 6.581788280030822946e+00
-8.388666602698499730e+00 -6.243066268433642207e+00 1.409202544045225158e+00 6.375617500234608492e+00
-6.008438422259206213e+00 -6.090905362472244455e+00 -5.447078274842868106e-01 5.580249401099410811e+00
1.005304375659289740e+01 -3.389679489262580780e+00 -6.471058015812227282e+00 -2.615115778729222740e+00
7.470268652020890521e+00 -3.804325750380398663e+00 -6.496258008424229402e+00 -1.620894104982837813e+00
9.098241818836541484e+00 -6.733789251604322956e+00 -9.105598218369221897e+00 7.485900958042265074e+00
-8.769449258818776016e+00 -3.321070290782499157e+00 1.092192105933333579e+01 7.725330883240474122e+00
-7.551167459670081961e+00 -4.454260591041107276e+00 -1.286533287455308372e+00 4.373527152906873106e+00
6.486732246087142606e+00 -3.345616454971939380e+00 -5.059888223381403982e+00 -3.569298550629733668e+00
5.086571803413940884e+00 -8.464914181256846248e-01 -1.109137007366603589e+00 5.508196577411305306e+00
8.888279759559058135e+00 -2.513286420641910102e+00 -6.058307498189451579e+00 -1.328621201960367149e+00
2.249271797781906113e+00 -7.540080982898258455e+00 7.315504714098688410e+00 -1.284832501593535348e+00
1.022907758150083879e+01 -4.373415727782565376e+00 -7.589184039628914746e+00 -3.751708454980652530e+00
6.413635757237722501e+00 -5.147308690386513952e+00 -1.004890893539800523e+01 5.175760158683115009e+00
1.602017522960178963e+00 2.079989433155548628e+00 -1.085230193633885065e+01 5.821526135557122394e+00
-4.902007985055782946e+00 2.874856565346916248e+00 5.326814166699366027e+00 1.701202858095786308e+00
8.136537498039880134e+00 -2.410699866542692860e+00 -2.447736304612405434e+00 5.386502114813572994e+00
-5.453010111998568554e+00 4.895207848528383643e+00 5.689456097251508027e+00 -2.140774272304308390e+00
7.155988985301600103e+00 -6.831595395539297400e+00 -1.014650870874562827e+01 6.949798399672006077e+00
-1.926894317323077921e-01 -7.941964510347800932e-01 1.060105773671194562e+01 6.265109060177415756e+00
8.421379050062647309e+00 9.365643933598512660e+00 -9.111240385575760214e+00 -5.887049870688739084e+00
6.693145703676874447e+00 -3.333750064809350988e+00 -7.658711110285314483e+00 -3.800945287345117496e+00
4.054550677665762493e+00 4.826836153610546631e+00 1.070590399524083303e+00 -2.597617502244976340e+00
6.936757030464975493e+00 7.792217625923010260e+00 3.777370409464362311e-01 9.475156982128225991e+00
1.189675050048883520e+00 4.254679396250988788e+00 -9.779440646884848931e+00 5.456204840078402896e+00
-1.088529564147544981e+01 -3.748174179397797623e+00 -3.642203213344409551e+00 6.931016583868696124e+00
6.609258840323064099e+00 -2.342938874705639662e+00 -8.595918992819875371e-01 8.303559678199874838e+00
7.582887122534950564e+00 -6.978891754526439506e+00 -8.874822536004666418e+00 7.280626447814245950e+00
6.033047229824664015e+00 8.350170943390484268e+00 -5.550434830019122856e+00 -5.283749408161080297e-01
-7.562825726272191851e+00 -5.632357794733261258e+00 -1.420129652267064779e+00 7.878867647915556383e+00
4.675611108327888843e+00 8.184954760821899100e+00 -3.743562932419208789e+00 1.384628829999611010e+00
-8.328809609796419267e+00 -4.516909703969883338e+00 -3.099415940117019819e+00 1.095197268104916688e+01
-3.932284769814892833e+00 -4.657494266800493499e+00 -1.178093001027799222e-03 4.364422883607949721e+00
-5.145647324151976676e+00 2.903502741672490117e+00 5.671016993985801058e+00 -9.747241026549391396e-03
-8.094835292010206018e+00 -5.516987381462159945e+00 -1.769846036266603306e+00 9.285886032403338319e+00
-9.082986165398928335e+00 -4.895437189983166348e+00 -3.621515572124810678e+00 8.681363680953003481e+00
6.921489314745604915e+00 -4.023612328171982888e+00 -5.019721301570096550e+00 -2.513042553308446614e+00
-5.050976188661150168e+00 3.945455037963379485e+00 7.071874183596233543e+00 2.180883401933883803e-01
6.305386977332802623e+00 -3.540567934251206417e+00 -6.083606363749589185e+00 -4.657879329796291934e+00
5.999973225868374449e+00 -3.641354661417986360e+00 -1.542458179946838426e-01 8.475540581940400386e+00
-5.088922134159614252e+00 1.366047627448401469e+00 7.322548002641886100e+00 -1.343305759980673919e+00
3.996947299664499020e+00 -7.414429001662115937e+00 9.122005275080915965e+00 -9.861713375801590686e-01
4.193088067797309471e+00 6.153476754177781061e+00 5.274710298755513893e-02 1.020576325215509428e+01
-9.072719726742194624e+00 -5.414987089996597724e+00 -3.810612641147725022e+00 8.749880544712423713e+00
3.590515838374711333e+00 9.237974338187870060e+00 -1.002336260819344282e+01 -4.041120427580643160e+00
-4.558310012177898329e+00 -6.756220941161254601e+00 8.365299866984767796e-01 3.264201998878369260e+00
6.662730941897683223e+00 -7.917813993949478046e+00 -9.203132922624837065e+00 8.469797058584642713e+00
-8.727263400865494347e+00 -6.566209170953243301e+00 -1.947477677786074501e+00 6.462607547565864863e+00
-7.211369096709448812e+00 -4.648936182786526317e+00 -1.802042140240589507e+00 1.063412127461140955e+01
3.493387234056540613e+00 4.515450669530560290e+00 -9.678540943557079501e+00 2.869240648562827012e+00
8.432438357718350375e+00 -3.386419731930937260e+00 -6.385890014325590336e+00 -4.100397311187271576e+00
-3.218548236341171709e+00 3.915875942208797866e+00 7.478971262551271870e+00 1.628419623377672210e+00
2.640541265449401376e+00 5.350072701469197334e+00 -8.195884529319140910e+00 6.092065917508558748e+00
1.019913217989672027e+01 -4.399219834116263605e-01 -7.157600715021449567e+00 -3.769474013515297095e+00
-6.039282679008570298e+00 -5.519554211074564343e+00 -3.134506981814681459e-01 5.280814144747544958e+00
9.082422867455798965e+00 6.730647839000986288e+00 1.097825727722094191e+00 -2.858832404422628759e-01
4.355213221343444907e+00 -7.901553281487927016e+00 9.681577031727314875e+00 1.881880249913841785e-01
5.733544596031977747e+00 8.667259966276018801e+00 -3.433027861345612219e-01 -3.176867082267151865e+00
7.635923738930360471e+00 4.857195670802985532e+00 3.414002132766606135e+00 -2.754003191956050145e+00
1.319277549876656019e+00 -7.965672108562544818e-01 6.703689612826355670e+00 6.042810495338594379e+00
7.382505836571680469e+00 -3.513260457107441503e+00 -5.678213092318816990e+00 -2.551458773211234821e+00
-5.747519281846837913e+00 -6.409069410778156062e+00 -3.585300433755162497e-01 7.757724724204699385e+00
-6.596491658400410962e+00 -5.330620687335351882e+00 1.133355706113260197e+01 7.624271389223848061e+00
4.240425008517201277e+00 5.538211826802828419e+00 -8.807148604458229224e-01 1.035733995739664692e+01
4.770088912192385067e+00 9.380029440140472019e+00 -1.662249174205211011e+00 -2.402574100258393353e-01
7.548063961402396771e+00 -3.606284622374124726e+00 -5.492028272210584205e+00 -3.958221836626043100e+00
7.323538629914880360e+00 9.797571167748527543e+00 -3.511280104103049027e+00 1.338149135550696034e+00
-4.484261073092384642e+00 3.684189867454499279e+00 8.593466592718403518e+00 -3.833156190278901310e-01
6.236735132691447525e+00 9.295048638775170957e+00 -1.020258863770602531e+01 -6.191056036826110720e+00
9.489956422939940239e+00 4.697899000247685031e+00 -7.650162514329972296e-01 7.968965562492805743e-01
9.953135495583772752e+00 6.375720948477100691e+00 -4.416379874488506330e-01 2.863727750028126628e-01
-1.057439819588064367e+01 -6.499226348685893662e+00 7.734192994732256299e-01 6.525216235048024060e+00
3.678866831637374046e-01 -9.468062096072876743e-01 7.427800751028817317e+00 6.559159549901979247e+00
7.730171847292757192e-01 -1.239621894377932687e+00 7.794751071144764509e+00 7.027192727184464083e+00
4.992574368010910923e+00 6.722491278127218806e+00 -1.114065479646093149e+00 1.169221372879657928e+01
6.138464570610705273e+00 8.249130717300012350e+00 -3.404428460823436087e+00 -7.075478205714413882e-01
-7.260133658027164039e+00 1.979646431213521574e+00 9.079759111434901442e+00 -1.622914040226463239e+00
8.318686564102575787e+00 9.305740172130001042e+00 -1.074020501538196726e+01 -4.075132168561261814e+00
6.340777714706969270e+00 -2.787188304732799882e+00 -8.599582042617278432e+00 -3.826061498996679688e+00
6.777182484611523172e+00 -3.959176796525699427e+00 -3.674297433118137723e-01 9.014621355620789700e+00
-5.295260332981094109e+00 -5.560247642372544874e+00 -1.985336542544563709e+00 4.274971065638826673e+00
5.921076015794633385e+00 -2.623867321997983115e+00 3.396271405728520931e-01 6.504372033772784611e+00
7.653943207866670484e+00 7.436023082786650917e+00 -8.638513795517374305e+00 -8.705126447098002984e+00
5.073318776272837116e-01 1.161675849388429826e+00 7.965234830445101721e+00 7.778832191817212305e+00
2.463570887111966812e+00 -6.778498789550027048e+00 9.818605252399775551e+00 4.374946367799564806e-01
-7.200668744613391681e+00 -4.035596169232292141e+00 -4.212218083266485280e+00 1.005448458458696237e+01
-6.070902897257095532e+00 -5.010137697101225029e+00 2.210953438946854088e-01 4.794150894787581052e+00
-9.576203436909313638e+00 -6.815480119381652102e+00 9.967678696361439439e-01 4.703118308120646240e+00
7.014595112824494549e+00 6.105548248496231345e+00 -1.796521946457880992e+00 1.054938878110119482e+01
9.401125952017988396e+00 6.784058097579967139e+00 1.086098698547965702e+00 2.501793379467550427e+00
4.116609649434294305e+00 6.523403909707352177e+00 -2.075028094805271284e+00 1.067264810520554263e+01
1.078359293792305706e+01 6.795108977706355802e+00 -1.621387922217636390e+00 1.230359467223030023e-01
6.408123408672518728e+00 -7.292233456600733632e+00 -9.605998201407635051e+00 7.601130619016462475e+00
8.574163047049262687e+00 -2.299192151787586624e+00 -6.198934580483931533e+00 -3.458807148205057747e+00
6.462214383180119093e+00 7.157126238436689825e+00 -9.374547736631919648e+00 -6.898590851490771669e+00
8.665588761701929599e+00 6.022946667198245230e+00 -1.002690972472596620e+01 -5.133054573842960266e+00
-8.569555389037406101e+00 -5.948993752648440214e+00 -6.777971965054713221e-01 5.575784684118549883e+00
5.584079341944113928e+00 4.823488491462201821e+00 -1.082560331257514719e+00 -3.014240589881659993e+00
9.350070224358221438e+00 5.165194173893820739e+00 7.579091062637006715e-01 1.486044715531416704e+00
3.042593455804534219e+00 5.855086954352866968e+00 -3.093271004018044446e-01 1.208824135905346786e+01
5.777421027376756335e+00 8.134159580270846845e+00 3.659852814496243889e-01 -2.875207937008894099e+00
-8.021958767961008263e+00 -6.045065784509530360e+00 2.693360544065697137e-01 3.551329417569669467e+00
6.058729578079558031e-02 -1.675773169460462730e+00 6.222092089889685873e+00 9.390761861089352180e+00
-5.486989628962205323e+00 3.738908730713415451e+00 5.341700675765585160e+00 2.203030119412571874e+00
4.247805361323504059e+00 8.654788165480757911e+00 -3.012266214723428259e+00 -9.836607086033158920e-01
-3.475764693751384637e+00 2.903371835281805424e+00 7.831229957691703270e+00 -2.309865628276891680e+00
-4.360828154038559390e+00 -3.194174566864993459e+00 1.073043034270444096e+01 6.602912543814448476e+00
-9.512530851878381100e+00 -6.206137072222054130e+00 -1.118932926526102989e+00 4.304994607330981715e+00
8.727380554398626700e+00 -5.977761268272141493e+00 -8.598049521002899098e+00 5.122912699870498798e+00
-9.229714454559294623e+00 -5.484834731208227510e+00 4.931892121379878591e-02 4.897889193335340785e+00
-5.672577140038635335e+00 1.726807497726360108e+00 7.473033389035323104e+00 2.044903864214068001e+00
4.594222403836333513e+00 -8.346380964639928735e+00 8.014898660061517077e+00 3.540952573929725844e+00
5.607455215344718802e+00 5.737759565851527022e+00 -1.090799164051341918e+00 9.315793906814635150e+00
4.783471463830657466e-01 4.485027417651947346e+00 -8.204629680095315791e+00 4.141479701058957019e+00
-7.928079191073827303e+00 -3.857402522070174644e+00 1.000347008627034917e+01 5.316589330259702706e+00
-7.369667168788180511e+00 -3.891223445832208583e+00 1.072715511565583135e+01 6.602338962295150715e+00
6.759917897571300571e+00 8.660751983654485286e+00 -6.489536478564817301e+00 -4.347829544215042752e+00
-6.228116583940013662e+00 -7.746773451447419134e+00 5.018075584809480461e-01 3.069032035023481875e+00
-6.647648312635673129e+00 -3.480902231547722270e+00 9.968297314110621699e+00 6.810805858088927245e+00
5.323889156463947003e+00 6.920226667679835408e+00 -1.221698487596868610e+00 1.074305366700439635e+01
3.633665327489082220e+00 9.062630727536268083e+00 -6.521458885091555580e-01 9.796054030578440930e+00
6.564817800117877411e+00 -5.376375249507260534e+00 -9.031276284550447286e+00 6.786279785612168602e+00
-5.199303091771320773e+00 -4.634629106131455067e+00 8.939953266715926716e+00 6.629516819046958886e+00
2.116696195024927896e+00 -9.347403632755824532e+00 8.366835453354511287e+00 -2.792737368220798544e+00
9.254699597708723857e+00 8.413341898640267047e+00 -8.896954926908888339e+00 -6.223518441342831942e+00
7.714881937379384880e+00 -6.350249787816705904e+00 -9.742803704847144530e+00 7.791895106451008246e+00
5.675023623165682096e+00 5.613572362178739894e+00 -8.174389013224770295e+00 -6.311803568998477054e+00
6.074800492046263045e+00 7.700554193876313569e+00 -9.491610955534417471e+00 -6.616630674137757850e+00
5.569852825595058121e+00 4.863806194225311685e+00 -1.400585239128274928e+00 9.493317736553750663e+00
6.389886339015020233e+00 7.803871639906320823e+00 -7.648989043140659305e-01 -1.747246515544837564e+00
4.296750241829867534e+00 -9.428866600819940658e+00 8.920932510437681984e+00 -1.857167409834935334e+00
7.771631622661113070e+00 8.357380396950940593e+00 2.297920551869248484e+00 -2.173858118491677871e+00
1.072450908066045194e+01 6.748606246172461631e+00 -6.053463720955800653e-01 4.583718761624722138e-01
7.779519203281053841e+00 -4.057885684090677181e+00 -5.230635133573573015e+00 -2.408013271311459036e+00
6.816656462317761900e+00 9.069504364024233212e+00 -5.953912923120434186e+00 9.030215063212010396e-01
3.763714506503051282e+00 8.803843504978495105e+00 -3.142559183239276077e+00 -2.261138423525213881e+00
3.412666671207559066e+00 5.605962829270175085e+00 -1.549092555167661533e-01 -3.198827789867765947e+00
1.026759288736188047e+01 -3.229951706583174875e+00 -7.840322615809820483e+00 -2.586607086873949690e+00
6.422336615828801776e+00 1.075031570292286176e+01 -4.499787466892520627e+00 7.148117537112972375e-01
6.416704058093587015e+00 9.356535394481637624e+00 -1.095839327985796885e+01 -4.367002158106442877e+00
-6.717231197325476799e+00 -7.233649749927018036e+00 8.260265231215223602e-01 4.763334477320787741e+00
7.902425308831498185e+00 -2.679919685003075536e+00 -5.291330889906957768e-01 5.884892930410696721e+00
-6.957740952984204696e+00 -8.367721023904117317e+00 -5.857203362752033682e-01 1.948697627294155410e+00
6.060504686119715601e+00 7.385801481211008657e+00 -2.379627101988730509e+00 1.079090849768491189e+01
-5.630294687373962326e+00 3.576782182985048131e+00 9.575433285409037154e+00 -9.207380134342715294e-01
8.375548357064804605e+00 6.334742336294784337e+00 9.918306034305873764e-01 -2.809959816407326727e+00
4.014863589102912300e+00 6.196355786161986678e+00 3.407075470580811505e+00 -9.476375014487454784e-01
-4.969105722966229877e+00 -4.884177343664778626e+00 1.010154545812020999e+01 7.988074743554217427e+00
-8.015727788820088406e+00 -4.689169895230537399e+00 -3.113986936767381142e+00 8.576941209487330298e+00
-7.756977260977083510e+00 -6.464339365489066402e+00 -4.999966819642835958e+00 9.437297811285459304e+00
1.149591270075835681e+01 7.831357730085552582e+00 -5.597621867589964717e-01 8.096189669888799179e-01
1.465224320324929774e+00 3.991449932383648758e+00 -8.906723552989360471e+00 3.870595424797484974e+00
-5.169763689169895926e+00 -3.232143385854419293e+00 9.883384527434335709e+00 7.588838768996746253e+00
3.981468100594083737e+00 5.777423805762487596e+00 -8.333851822643613128e-01 1.170353760707164525e+01
7.579081096088865266e+00 -2.218929339542968115e+00 -7.867568206929981933e+00 -5.952396065895037225e+00
-7.634402238671402330e+00 -5.841082353968262808e+00 -3.389507035103367816e+00 1.096577561480612317e+01
6.465528949268334991e+00 6.887705554415506803e+00 2.618436662887557276e+00 -8.268740415823496726e-01
7.354764893558288996e+00 7.543024888588037768e+00 1.456666873230197279e+00 -3.521444796419477719e+00
-9.460471009123743613e+00 -3.897766340508921790e+00 1.488309534799450606e+00 4.866515122365312251e+00
7.798065658497685071e+00 -3.759830213761269135e+00 -7.977432311772597373e+00 -4.498589718563944295e+00
1.151349505253154781e+01 5.382381666258428510e+00 -6.168224863652979062e-01 5.868293827476095403e-01
-6.550961634073685147e+00 -5.924324746331813607e+00 -5.418164279141964856e-01 2.933102150995217094e+00
-1.466816858098955567e+00 -1.322045211300761913e+00 6.675463884404983617e+00 7.412289127514319453e+00
5.411081254632199133e+00 5.212681764756647240e+00 6.327309217434566868e-01 1.188313447446888205e+01
-7.559110249143071947e+00 -6.541305255885969672e+00 -5.470205414834512503e-01 4.013676650936329082e+00
1.520052791299497663e+00 5.042913656579505854e+00 -1.076499647852924646e+01 6.466076286602057799e+00
-6.575319688990955314e+00 -6.794637921469994346e+00 9.353211823503098543e+00 6.035433390278162946e+00
5.256179877909665343e+00 5.904398249698827428e+00 1.540623566790877863e+00 -3.047440502023350817e+00
3.663903798051877381e+00 9.858896929026251144e+00 -2.059950771992202778e+00 9.937348270081413304e+00
-8.584816390621179849e+00 -4.489395944724701160e+00 -4.234106833461740216e+00 9.937951944647153368e+00
7.358524232598461445e+00 -3.865125905790868011e+00 -4.853969877017039636e+00 -2.921532532508442248e+00
5.148022444794888131e+00 -1.034399972149034852e+01 7.752084557752310090e+00 7.702153222731442650e-01
5.751038843522200850e+00 7.615567433759354188e+00 -3.295800821999901764e+00 -3.040550670743369821e+00
5.732884787852041697e+00 -3.707244616843370366e-01 5.368663038199095183e-02 8.535317371162983946e+00
-4.745730782677321180e+00 -6.183509028965273657e+00 9.613327228047740647e+00 7.473888490870288948e+00
7.294871181250479175e+00 -2.020531450551172448e+00 1.762374017863551856e+00 6.987113861990648545e+00
8.021647797754242859e+00 -2.644141081521610648e+00 -7.898022275738835418e+00 -4.373893715623564660e+00
-6.138073148428444981e+00 3.939386211498640211e+00 6.800632991282692608e+00 5.562700572657786058e-02
8.703287831246402817e+00 -4.174079690715547741e+00 -6.201620597986212680e+00 -3.288378235211932399e+00
2.852733247279525486e+00 -8.819720831272796602e+00 1.054570570989707967e+01 -3.185055235791254269e+00
-6.383129997303339742e+00 -5.494265583829306188e+00 2.464222583199578431e-01 6.761505145730994926e+00
7.667372921874002323e+00 2.393032442962073070e-01 -7.397768099217965521e+00 -3.121021458931964698e+00
5.645131702099732252e+00 6.703294299774613663e+00 -2.864140190427678423e+00 1.108170694304783055e+01
6.322579110146454795e+00 4.789185530701111304e+00 -1.696806609567839352e+00 9.622697905184011802e+00
7.603487501293316519e+00 -6.099668724470540759e+00 -9.778438463160098237e+00 6.956056318275599004e+00
3.893339311619953946e+00 -1.045279010407295495e+01 1.033825984530029274e+01 -9.489616054497200803e-01
3.106392951478126330e-02 -9.152358672393992034e-01 5.418363380780497174e+00 7.231550794659555415e+00
9.621430809445872256e-01 -8.581414612976232092e+00 1.039461766161722345e+01 -1.370872610702627004e+00
5.484384197782284254e+00 6.818554005713225230e+00 8.708330531588728274e-01 1.128604106166394061e+01
6.307844161996220222e+00 -4.275447041681327498e+00 -1.167043591742773057e+00 7.873988197194229599e+00
2.929944059965337466e+00 7.172868406070029401e+00 -9.587660145225379793e+00 5.855069510109806252e+00
7.120032515485395841e+00 1.052893327846682681e+01 -6.304949558587066072e+00 -6.336313930598974409e+00
8.597367937637345747e+00 6.878190518219278182e+00 3.003608725531675683e-02 2.827488683305420025e+00
7.610538973579656030e+00 5.165532399092301219e+00 5.732983993544504830e-02 -5.520638348609042012e+00
6.884633437788441057e+00 -2.095735520700533705e+00 -5.511414342241911513e+00 -4.026425555162121306e+00
9.432801067380461646e+00 7.806794518557425455e+00 -5.223115982534286772e+00 -2.307831909094417711e+00
1.031216337662308025e+00 2.677306297464967066e+00 -6.812577550936003590e+00 4.229962725560673320e+00
1.164862045360375742e+00 6.601748476731327031e+00 -1.064778995495571579e+01 4.914188552255684073e+00
-5.982624823760253285e+00 -7.603216870020230722e+00 1.205026921262075668e+00 5.617047243769485831e+00
5.265037491539601433e+00 -4.759951303042806003e+00 -1.181968248928251697e+00 8.666695700920802992e+00
7.038039390224832381e+00 -3.194764457570045124e+00 -5.409513032417414102e+00 -4.809891886283628182e+00
7.233130717708712965e+00 8.060345794955715348e+00 -6.065457364794708539e+00 -5.424905539134816657e+00
9.277306606356480856e+00 6.751861329341599216e+00 5.243941112814702876e-01 3.755691968219006860e+00
