0.990271 0.121727
0.578287 -0.327459
0.589368 0.592036
-0.522919 0.690320
-0.574184 0.822376
0.327425 -0.417206
0.736553 -0.506595
-1.081196 0.222317
0.322190 0.154014
1.853363 -0.093328
1.424372 -0.377814
-0.984722 0.401286
-0.940228 0.306657
-1.158421 0.475120
0.821792 0.654308
0.562168 0.857403
-0.719914 0.804844
1.882011 -0.073797
1.217459 -0.778064
0.867505 -0.523273
1.294006 -0.287852
0.066784 0.111441
1.389193 -0.336863
0.152057 0.839092
0.840251 0.335930
0.777530 0.419828
0.618865 -0.268151
0.809551 -0.537658
2.048093 0.049449
0.227030 0.940928
-0.896041 1.334106
1.607359 -0.513248
0.489716 0.760626
0.675920 0.541280
0.211804 0.915537
-0.823226 0.842440
0.595578 0.723419
0.987992 -0.291655
0.032555 0.720482
0.984727 -0.924991
-0.326074 0.713475
-0.603098 0.785869
0.690197 0.873949
-0.490099 0.998592
0.658616 -0.604560
1.737080 0.560321
1.098149 -0.339988
-0.626138 0.629688
0.124587 0.990389
0.534987 0.354239
1.340841 -0.337148
-0.665974 0.341893
0.763566 0.097826
1.490119 -0.413540
1.122901 -0.193306
0.681523 -0.571508
-0.156969 0.292181
0.807534 0.349580
0.681244 -0.388477
0.217416 0.610128
1.895992 0.001422
1.029714 -0.054543
0.793147 0.464112
2.011832 0.100279
0.472633 -0.370176
0.914546 -0.463359
-0.021160 1.026978
1.724236 -0.162270
1.035199 0.223317
0.228276 0.027659
0.294092 -0.447892
-0.536893 0.265796
1.688487 -0.192471
-0.142078 1.201904
0.148004 0.903658
0.585855 -0.517361
0.545069 -0.370015
1.096723 0.053882
0.220166 0.114186
-0.899073 -0.030566
1.454183 -0.787936
1.529128 -0.543642
0.444464 -0.282094
0.499742 1.135938
-0.875984 0.691626
1.409028 -0.056743
-0.800032 0.373823
0.083015 0.067959
1.507083 0.055326
1.668919 0.161344
1.749103 0.134316
1.734145 -0.154401
-0.778485 1.096331
0.758994 -0.380200
-1.023490 0.145823
-0.430513 0.899210
0.894543 -0.836500
-0.805400 0.435833
0.871411 -0.458269
1.276231 -0.568070
0.168700 0.698670
-1.121001 -0.085967
-0.818809 0.792421
1.777428 0.668487
-0.008104 0.163795
2.141615 0.457293
1.998842 0.567532
-0.736729 0.708176
-0.157491 -0.114062
1.014670 -0.754265
0.041815 0.867377
0.478728 -0.214112
-0.745831 0.312907
0.288842 0.826569
-1.064261 0.705601
0.508994 0.583787
0.101448 -0.031350
1.791314 0.060921
0.527443 -0.102229
2.059675 0.534547
1.339163 -0.153272
-1.009016 -0.020042
1.211330 -0.436254
0.586079 0.456207
-0.170799 0.518007
0.706219 -0.832220
1.309298 0.043604
1.474973 -0.394492
0.462971 -0.468279
-1.013998 0.281122
-0.668262 -0.085379
-0.262781 1.065848
-0.335888 0.712698
-1.053288 0.248433
-0.628493 1.024691
1.531649 -0.409710
0.964294 -0.719330
0.082103 0.195213
0.725602 -0.388898
0.634767 0.435916
0.914159 0.318813
0.097486 0.101804
-0.023506 0.911233
0.171776 0.912204
-0.215969 0.948610
0.197799 0.505989
1.230989 -0.301789
1.054318 0.042589
0.284999 0.830619
0.530901 -0.487937
-0.056740 0.202658
-0.774082 0.420466
1.198590 -0.495242
0.139505 0.387061
-0.103249 0.987657
0.591992 0.860510
0.727762 0.845260
1.251281 -0.219142
0.390179 -0.222465
-0.036948 0.357539
0.912967 -0.705597
1.206256 -0.072239
0.576869 -0.676338
1.270358 -0.741673
-0.466201 0.362602
1.553106 -0.641271
-0.510644 0.876265
0.827272 -0.390279
0.864382 -0.357193
-0.960691 0.242865
0.792815 0.569812
-0.425328 0.548015
2.251834 0.492359
0.011422 0.134758
0.300907 0.851308
0.177272 -0.338843
0.533695 0.660442
0.931189 0.322929
1.312082 -0.851994
0.562886 0.372680
0.749573 -0.421694
-0.891652 0.712080
0.401412 0.611796
0.061588 0.952371
-0.836707 0.739576
0.697816 -0.291352
-0.743133 0.254361
0.193501 1.010599
0.736528 -0.407371
-1.133486 -0.260382
2.204216 -0.101269
0.151515 0.788308
0.893617 0.910968
-0.346830 0.475910
1.786593 -0.050367
1.032993 -0.616619
-0.005781 0.544133
-0.623891 1.320999
-0.179627 1.011686
1.602854 -0.423839
-1.051815 0.646923
0.700935 -0.572238
-0.430484 0.634360
0.136893 1.142079
2.123307 0.347162
-0.988641 0.552489
1.145226 0.388826
0.545425 -0.163764
0.169173 -0.292400
2.002136 0.040886
1.028759 -0.400398
1.497130 -0.710792
0.536592 -0.112489
0.778046 0.471820
1.780984 0.457953
1.353051 -0.315458
-0.671526 0.589911
0.216174 -0.051222
1.605679 -0.266255
-0.070559 0.262252
0.124449 0.019760
-0.081467 -0.160583
-0.779504 0.487592
0.667145 -0.341006
0.218665 0.762872
-0.066727 0.980199
-1.154861 0.523528
1.157400 0.518556
-0.930257 0.887978
1.905401 0.015936
-0.468255 0.911538
-0.103697 1.399702
-0.961003 0.827370
1.383504 -0.099438
-0.618025 1.018670
0.398336 0.039930
1.061191 0.569727
1.047287 0.677665
1.845139 -0.397213
0.524076 0.509743
-0.536342 1.243735
0.232046 -0.573931
1.727160 -0.518287
2.082952 0.330358
-0.582560 0.688940
1.279409 -0.786248
-0.362627 0.982973
1.681338 0.042785
-0.864771 0.080466
0.587529 -0.574460
0.972807 0.355686
0.581043 -0.585416
1.577672 -0.678067
0.727936 0.577325
1.533031 -0.318044
0.684949 0.474369
0.975410 0.200648
-0.808570 0.927994
1.214863 -0.530333
0.455984 0.879730
0.198037 0.935982
0.911851 -0.456888
-0.224297 1.057464
1.734459 0.132067
0.060116 -0.360317
0.145600 0.044032
-0.623203 -0.068366
0.971836 0.079591
0.264325 0.502825
0.998299 -0.420157
-0.741272 1.022634
1.704446 -0.008615
2.007618 0.406702
0.073081 -0.049952
-0.721321 0.503515
2.364088 -0.135024
1.131483 -0.651507
1.005453 -0.584785
-0.327712 0.096413
2.159011 -0.239664
1.773408 -0.206714
-0.707017 0.810319
1.689058 0.107652
1.851580 0.303312
0.093980 0.887557
0.316891 -0.457828
0.151733 -0.183404
-0.975380 0.376833
1.720760 -0.269311
0.178165 0.262309
0.042434 0.046724
0.292378 1.129217
0.025041 1.357845
0.224014 0.752049
1.781255 -0.354747
1.423776 -0.165986
1.600739 -0.126560
0.201106 0.271631
0.180232 -0.094168
1.477468 -0.662188
0.439313 0.778628
-0.629689 0.160477
1.401104 -0.369509
2.290495 0.620448
2.040202 -0.088473
0.257123 -0.101961
1.151858 -0.341436
0.082301 -0.208049
0.880459 0.127759
-0.265584 1.048543
0.846559 0.473034
0.487050 1.392969
0.686573 -0.713118
1.915816 -0.418547
0.905497 -0.675374
1.589801 0.039629
1.133439 -0.513322
-0.502969 0.942242
1.312534 -0.149994
0.750902 0.432911
0.213985 -0.144897
1.739146 -0.120989
0.337840 0.395736
1.969950 0.374219
0.869864 -0.376942
0.712619 -0.820819
0.188638 -0.236563
1.354236 -0.401842
0.009685 1.012800
-0.076849 1.106011
-0.963164 0.421695
1.919713 -0.061336
-0.134249 0.141386
1.081382 0.201793
1.813758 0.194207
0.760997 0.939101
0.830767 -0.415031
0.029604 0.558315
0.973938 0.531122
1.117360 0.617803
1.015311 0.279060
1.240505 -0.195251
0.808049 -0.639674
0.127930 0.964190
0.393820 1.011599
1.128279 0.457809
-0.768701 0.120776
0.617619 0.802653
1.183923 -0.483805
1.016896 0.617635
1.686933 0.091536
-0.836623 0.825433
-0.547347 0.894204
2.417311 0.097862
0.674845 0.257511
0.707382 0.244717
0.936889 0.659532
-0.075899 0.520159
1.237300 -0.120506
-0.861683 0.852517
1.238466 -0.724826
0.922396 0.521057
-0.643677 1.058148
0.971465 0.858547
-0.675356 1.096751
0.885064 0.114066
1.955470 0.110858
0.876196 0.181436
-0.823681 0.016876
0.768581 -0.683278
0.301619 1.061233
1.419057 -0.335840
0.595206 0.902129
0.282138 0.928007
-0.191451 1.333950
1.007259 0.342593
-0.881798 0.114951
2.063457 0.521838
1.464390 -0.068069
0.290381 -0.455531
1.442576 -0.604268
0.893083 -0.079411
-1.063985 -0.067776
0.535084 -0.105815
0.241083 0.118942
1.142159 0.639200
0.607070 -0.586030
0.121929 -0.433160
1.967095 0.114004
0.304999 0.208950
1.895072 -0.284304
1.764027 0.459190
0.413851 0.210560
-0.208860 1.385562
-0.492592 0.927223
1.857895 0.492405
0.680441 0.742536
0.448645 1.170430
1.705833 0.655942
0.345910 -0.575815
-0.359668 1.112181
-0.122621 1.268828
-1.353323 0.255888
0.287849 -0.393666
2.005677 0.493401
-0.065612 1.009394
-0.841451 0.496812
0.569862 1.018792
-0.149943 1.319663
0.838346 0.472119
0.495608 0.000242
0.281885 -0.398027
0.397492 0.954264
-0.780618 0.497992
-0.197687 1.049521
-0.408671 0.338354
0.789891 0.167187
0.319732 1.194150
-0.397606 1.102292
2.110689 0.206560
0.996132 0.377246
-1.058216 0.191163
1.084183 0.219721
0.969894 -0.735316
-0.851641 -0.185294
2.077602 -0.049299
2.052762 0.041722
-1.152008 0.274676
1.949627 0.739369
0.290065 0.291069
0.493165 0.508348
-0.457889 1.250668
0.749423 -0.404579
0.427510 1.420111
1.101896 0.563408
1.122597 -0.239283
1.062041 0.535059
2.040807 -0.490036
0.073086 0.353950
0.304367 0.435279
1.193647 0.429376
-0.157035 0.625680
1.367427 -0.242284
0.644352 0.731123
-0.044793 0.259935
0.166277 0.368513
0.969343 0.341732
0.329336 -0.386305
0.918257 0.554924
0.096361 -0.105427
-0.092161 0.410739
-1.204665 0.392064
0.210413 -0.329821
0.377993 -0.930464
1.336556 -0.657923
-0.586636 0.655787
-0.015161 1.042624
-0.888965 0.217942
0.933405 0.004053
0.270340 0.853282
0.912926 0.261787
1.614451 0.088382
1.115828 0.132507
0.709435 0.331846
-0.986530 0.629368
0.509473 -0.203457
0.497693 0.517606
1.693886 -0.603068
-0.306055 0.581426
0.023660 0.048121
1.548358 -0.475102
1.152807 0.598981
-0.078889 0.037826
-0.375122 0.844517
0.874110 0.887440
1.549065 -0.681255
1.437509 -0.535778
1.695535 -0.240723
0.048381 0.599805
-0.285031 0.812531
-1.038585 0.057875
-0.046385 0.745412
-0.590332 0.496927
0.065266 1.292210
-0.278657 0.839771
0.756477 0.665700
0.379000 0.728786
-0.236610 1.112813
1.562510 -0.221135
0.193073 0.794161
1.329034 -0.456889
0.764096 0.595391
1.775917 0.010605
0.400087 -0.337366
-0.007632 1.124765
0.286765 -0.378843
0.889201 -0.474783
0.140636 0.059998
0.041140 0.757100
1.600232 -0.231612
-0.146742 0.120518
0.044746 0.955467
0.632007 -0.390523
1.000449 0.126720
0.027356 0.909977
-0.727725 0.604989
0.245394 0.328917
0.171873 -0.431551
1.810636 -0.167292
-0.595422 0.760656
-0.098375 -0.591627
0.821290 0.970790
1.352530 -0.379093
1.010639 -0.459767
1.860744 -0.006446
0.918258 -0.085682
-0.974144 0.295948
0.249598 -0.118829
1.309242 -0.283485
-0.789146 0.345207
1.026877 0.121134
-1.118314 0.691712
1.725706 -0.336348
0.066210 0.659559
-0.410754 1.062758
0.117528 0.990854
-0.867895 0.554334
-0.577185 0.354669
-0.530644 0.834357
1.818060 0.718107
0.158775 0.214347
0.616558 0.734320
1.911291 0.114689
1.989519 0.272818
2.004146 0.008686
0.212975 -0.467434
1.315249 -0.999770
1.135183 -0.417685
-0.744094 0.576312
0.409663 0.962896
0.264191 0.367548
0.062030 0.168161
0.240350 0.803963
0.653508 -0.331462
-0.147622 1.004340
0.629390 0.685196
1.627227 -0.174015
1.790915 0.099485
1.087043 -0.031524
-0.793165 0.008986
0.262037 0.605815
-0.099011 0.672208
0.120161 0.671948
-1.432431 0.894219
-0.244551 0.506141
0.791304 -0.525110
0.382717 1.094977
-0.592786 -0.142537
-0.269115 0.440537
0.456405 -0.306884
0.274272 0.050943
0.222763 0.833349
-0.143316 0.317083
2.150361 0.190843
2.293677 0.066514
0.155265 -0.185094
2.232636 0.547095
1.818802 -0.087353
1.565646 -0.880412
0.701164 0.352577
0.954808 0.694056
0.629846 -0.511553
1.277836 -0.278482
-0.225784 0.174454
1.651599 -0.673134
-0.859991 0.517486
-0.806258 0.878191
1.729044 -0.238807
1.404288 -0.451124
-0.224897 0.622272
0.955712 -0.551757
-0.456452 0.809885
-0.136343 0.631029
1.582184 -0.641283
0.662759 -0.601759
-0.301624 0.960523
0.417947 -0.134241
0.803966 0.040811
1.548735 -0.028722
0.417194 -0.028106
0.392240 -0.150621
-0.720128 0.489395
-0.978425 0.356668
0.664620 0.987242
-0.083623 1.157634
0.834412 -0.297075
-0.821025 0.672086
1.801853 -0.262842
-1.515361 -0.341788
-0.441518 0.944397
-0.035148 0.322090
-0.656195 1.031826
-0.878942 0.266972
2.098636 0.118329
0.204539 0.984867
0.370626 -0.710432
0.163851 0.069504
0.372256 0.214652
-0.599015 0.485694
0.882961 0.385149
0.781544 -0.218971
-0.070440 0.101874
-0.167064 0.406997
0.903959 -0.529995
0.469929 -0.498206
0.375192 0.877105
0.545017 1.171660
1.082632 -0.467887
0.046956 0.698025
-0.807385 0.794456
-0.144788 0.107780
0.399580 0.969656
0.753582 0.299724
0.401891 0.873218
-0.318540 0.942550
-0.493542 0.878916
-1.040281 0.253330
0.408179 -0.297149
1.194232 0.417074
0.482930 0.914487
0.981725 -0.512396
-0.273008 1.007217
-0.055050 0.827136
1.390628 -0.445787
1.850088 0.008406
0.403788 0.515000
1.085137 0.165413
-0.304465 1.030327
-0.874501 0.327507
-0.271813 -0.079476
1.364350 -0.572806
1.654630 -0.016685
-0.821253 0.135613
1.967930 -0.420967
0.773165 1.101517
0.988154 -0.063487
1.394316 -0.351709
-1.193235 0.900780
0.541537 -0.568030
1.040839 0.693955
-0.780383 0.379551
-0.079904 0.150999
0.540772 0.927574
-0.509784 0.833173
0.597047 -0.067806
0.155691 -0.440399
-0.571119 0.599592
-0.540971 0.111136
-1.225008 0.081189
-0.735307 0.639432
0.535101 1.210999
0.641923 0.902274
1.722094 -0.323834
1.450792 -0.413208
-0.053117 1.014259
-0.985502 0.613149
0.539955 -0.303198
0.381694 0.955524
1.349815 -0.438444
-0.810518 0.405278
0.617387 0.472502
0.751612 0.921475
0.840984 -0.197669
0.374561 0.442988
1.006283 -0.676278
1.380229 0.233961
2.287982 -0.088418
0.007044 0.198256
-0.155846 1.159654
2.173390 -0.071948
2.193725 0.526587
1.645630 -0.383894
0.163542 -0.280899
0.067050 0.084466
1.149057 -0.583290
0.062161 0.022193
2.095399 0.101878
0.208145 1.084393
1.667423 -0.021757
0.683612 -0.671385
1.388323 -0.342740
1.170020 -0.321291
0.843519 -0.474651
0.259742 0.748598
0.810249 -0.710371
1.077506 -0.136591
0.010749 0.950988
0.620478 0.860623
0.088286 0.759998
0.183516 -0.419845
1.879889 0.006581
-0.567091 0.627694
0.098625 0.360925
0.614879 -0.025843
-0.080838 -0.214013
0.828678 0.264743
0.065893 0.122427
0.856405 -0.061264
1.333930 -0.515772
1.829189 0.326008
1.461207 -0.386799
0.269170 1.425553
-0.329518 0.935941
0.507818 -0.411152
0.606512 0.565599
0.505886 0.733989
1.849662 -0.154025
0.637745 1.052110
0.202731 0.881282
-0.995733 0.281403
0.215345 -0.390509
2.047939 0.346359
1.045754 -0.686752
-0.540082 0.603552
0.486449 -0.454626
0.246383 -0.097065
-0.012914 0.994413
0.246988 -0.023642
2.275294 0.197528
-1.174936 0.019684
0.248613 0.071800
-0.617313 -0.111300
0.306326 -0.720833
0.684590 0.707267
0.910319 -0.343744
0.226179 1.069104
-0.017965 -0.294591
1.856890 -0.368443
0.134501 0.324387
1.327685 -0.271005
1.028748 0.140967
1.922340 0.503043
0.985253 -0.570590
0.730200 0.609933
-0.997913 -0.139299
0.028904 1.193741
0.162068 -0.188738
0.970045 -0.379689
1.286808 -0.649118
2.109161 0.448957
1.774162 0.119409
1.076222 -0.396903
-0.497610 0.938394
-0.408727 1.057655
0.869736 0.165184
1.899673 0.001379
-0.470763 0.628328
0.435301 1.049551
0.141162 1.094547
0.460199 0.958297
-0.964533 -0.095525
0.628467 -0.029683
0.568367 0.774121
-0.880938 0.892319
0.984060 0.451639
1.034057 0.214151
0.926542 0.147737
1.955611 -0.143958
1.875468 0.245661
0.242626 -0.243531
-0.565599 0.224991
1.653878 -0.181640
0.728729 -0.219723
1.101539 0.408977
-1.218324 0.170116
0.559248 0.941411
1.955833 0.419114
0.441591 1.032624
1.564755 -0.241062
-1.069163 0.458386
0.372312 0.769004
0.157133 0.032555
1.283283 -0.470455
0.665469 -0.345500
0.537232 0.814529
1.013355 0.637881
0.036458 0.254969
-1.376142 0.437807
1.952129 0.050750
0.231088 0.185082
0.535737 1.229441
0.990563 0.422209
1.951877 -0.060410
0.382519 -0.513001
-0.056302 1.067634
0.768539 -0.573771
-0.616947 0.939288
1.714895 -0.456455
-1.155135 -0.191723
0.500087 -0.590503
-0.153784 0.349547
0.046770 1.058749
-0.361456 0.895965
-0.302952 1.098704
0.568839 -0.421522
-0.934144 0.939098
-0.902003 0.417882
2.179390 0.219743
0.576280 0.877245
1.419696 -0.079737
0.203069 1.319777
-0.430174 0.760710
0.897038 0.563358
1.644110 0.413308
1.881587 0.013692
1.816227 0.175626
-0.801452 0.804370
1.184551 0.032559
-0.390931 0.957919
0.030599 1.121803
0.696151 0.709055
0.418997 1.190011
0.981751 0.275232
1.565993 -0.394839
0.506482 1.281626
-0.622316 0.824813
0.699394 0.574345
1.055251 0.286993
-0.045731 0.516686
0.776615 -0.174508
2.092791 -0.223618
1.536942 -0.055604
0.918022 0.623568
-0.993968 0.796112
0.550887 1.122998
-0.656072 0.465984
0.815831 -0.182001
-1.043509 0.256374
1.090720 -0.333879
-0.820004 0.595137
0.715338 -0.647454
0.040853 0.069650
0.008433 0.494272
-0.932119 0.693391
1.077282 -0.203389
0.890701 -0.999121
1.979701 0.141457
0.237788 0.321634
0.820556 -0.095574
1.847782 -0.034749
2.040609 0.520607
-0.531052 1.030080
1.783211 -0.076328
-0.064249 0.468881
-0.246149 0.850060
-0.831739 0.303744
-1.522092 0.057446
1.835981 0.163884
0.527025 0.536944
0.286193 -0.245604
1.998610 0.884651
2.215536 0.359665
0.495210 0.533671
1.123432 -0.380248
0.378978 0.870796
1.864736 0.259545
1.016887 0.443065
0.022049 -0.238916
1.603342 -0.130963
0.321614 -0.258736
-0.025578 1.051851
-0.902739 0.584659
0.961637 -0.369074
1.733325 0.086384
-0.610175 0.653763
-0.869070 0.501752
1.085433 0.197632
1.603648 -0.294104
-0.433325 0.611412
1.035312 -0.617011
0.299174 0.986950
1.897455 -0.333949
-0.237081 0.852229
-0.928695 0.440959
0.773275 0.035812
1.281364 0.338454
-0.035073 0.004180
1.110260 -0.426852
1.366664 -0.181206
1.967834 0.198165
0.231350 0.242771
0.933505 -0.356061
1.231781 -0.134470
0.804925 0.552116
0.199733 -0.428429
0.752414 0.970482
1.230004 0.157255
-0.306090 0.899175
2.118291 -0.249254
0.555494 -0.613008
2.052218 -0.099642
-0.758336 0.319509
-0.232833 0.412763
0.176646 -0.023172
0.672942 0.932136
-0.997792 0.266392
1.489105 -0.328011
0.847511 -0.603201
0.549981 0.584740
1.686978 -0.323721
1.230866 -0.389517
0.698381 0.988143
0.019832 -0.191426
0.203605 -0.433062
1.391905 -0.278608
0.200129 -0.480171
0.484935 0.808219
2.008600 0.180733
1.062104 -0.296067
0.282694 0.153271
2.156915 0.638629
0.966344 -0.377972
0.740505 0.377939
1.687320 -0.160768
0.683872 0.872476
0.216033 -0.056773
1.228763 0.483472
0.931236 -0.476192
-0.282069 0.699383
1.927996 0.284111
-0.202363 0.181948
0.969471 0.462031
1.572655 -0.323300
0.119829 0.526156
0.903692 -0.719413
-0.210448 0.897848
-1.342797 0.560858
0.102137 0.109483
0.331113 0.801282
0.966291 0.234169
0.025258 0.077834
1.742152 0.167421
0.653134 -0.512079
0.469322 0.772910
1.007540 -0.532202
1.239562 -0.755127
0.737763 0.735832
1.618836 0.560417
-0.072543 1.197312
1.182583 -0.769858
1.829422 0.232031
1.786871 -0.319839
-0.963382 0.599637
0.349980 0.027522
1.584298 -0.058693
-0.670828 0.507088
0.564855 0.896937
0.854616 0.285353
0.066720 -0.345732
1.517808 -0.075074
-0.674569 0.557453
1.403154 -0.834101
0.046423 0.013626
-0.954113 0.335757
0.010670 0.883767
0.136700 -0.403061
1.257458 -0.481204
1.959093 -0.411162
0.035162 0.123249
0.331594 0.385311
0.010185 0.846912
0.447049 -0.134946
-1.157154 0.280544
2.004313 0.288645
0.142905 1.066373
0.512118 -0.114961
-0.692957 0.732742
-0.195482 1.515822
0.256191 0.373398
-0.711453 0.396686
1.810753 -0.030571
0.063909 0.885432
-0.572739 0.166916
-0.684268 0.889041
1.946951 -0.522487
0.388467 -0.254977
0.590826 0.470240
-0.637476 0.693700
0.846248 0.875739
0.797084 0.926637
-0.652325 0.681970
0.940140 0.209638
1.223839 -0.749995
0.542139 0.880925
-0.931879 0.062722
2.325598 0.459354
2.096959 0.175424
0.307263 0.813440
-0.102102 0.981247
1.024095 0.206064
-0.039796 0.889315
-0.813747 0.353667
-0.038587 0.415576
0.324904 0.836363
-0.847532 0.085350
-0.072712 1.128122
1.088380 -0.510402
1.593849 -0.442977
0.756970 -0.571933
0.916884 0.086879
1.167026 0.414204
0.138434 0.040517
1.791285 0.388487
0.821671 -0.548387
1.856018 -0.153102
0.222282 0.850866
-1.052309 0.292879
0.183468 0.447631
-0.480508 0.677369
0.535160 -0.442541
0.470235 -0.037891
1.555670 -0.344660
-0.913014 0.101364
-0.581353 1.005883
0.388010 -0.360508
-0.757079 1.054667
-0.850594 0.315829
1.240934 -0.561819
0.429794 0.836417
1.348321 0.312744
-0.909847 -0.164645
1.543792 -0.048539
0.778099 -0.651006
0.764932 -0.362501
2.097648 0.228685
-1.063390 0.262505
1.212224 0.619648
0.349161 0.241950
-0.326413 0.665590
-0.411534 1.063770
0.082192 1.067487
0.574449 0.331921
1.185241 -0.386077
0.449180 0.803353
0.966690 0.217945
-0.331201 0.836233
0.266700 -0.458770
1.264056 -0.525195
-1.060628 0.098112
1.989889 0.141032
-1.362679 -0.176920
0.408175 1.165405
0.026913 1.021191
0.816278 0.295601
-0.939395 0.376041
-1.288784 0.621279
1.834011 0.123512
-0.821029 0.408590
1.007583 0.384137
2.605139 0.210058
-0.256874 0.703122
1.023793 0.643579
1.558609 0.081427
1.137598 0.276352
-0.306043 0.741847
0.478457 0.839067
-0.102145 0.470717
0.653697 -0.041874
-1.193018 -0.085494
0.549037 -0.326215
0.037106 -0.288785
-0.050432 1.207279
2.004242 -0.152686
-0.738974 0.167196
0.306777 0.923518
-1.107621 0.142958
1.590072 0.198104
0.776371 1.385338
0.709069 0.917636
2.033385 0.106725
0.995618 -0.489790
-0.735660 -0.019770
0.255006 1.213092
-0.880682 0.248455
-0.195042 0.732815
1.111604 -0.547053
0.107676 0.160062
1.742056 0.279512
2.229683 -0.347535
0.417248 0.808998
-0.064486 0.761602
1.842368 0.389129
-0.795282 -0.158114
-1.127813 -0.213247
0.715994 0.810711
1.977652 0.251938
0.844138 -0.552581
-0.352162 1.138900
-0.030521 0.331565
-0.368707 0.887057
0.832873 -0.779967
0.858370 -0.467829
0.950102 -0.397234
-0.055054 0.322333
1.394849 -0.176028
0.137275 0.052953
1.186163 0.754175
0.106130 1.092862
0.890978 -0.390666
0.381735 -0.209499
-1.199775 0.537428
0.129492 0.269809
-0.690886 0.626652
0.737479 -0.318597
-1.034975 -0.083212
0.606776 0.880418
1.487400 -0.036579
0.545950 -0.408810
2.150850 0.362278
-0.872730 0.431704
0.917510 -0.539781
0.769530 0.682065
0.589046 -0.449389
0.742530 0.835012
-1.182854 0.514044
0.095004 0.868246
-0.865579 0.893830
0.359901 -0.417329
0.640375 0.481897
-0.015154 0.792288
1.085742 -0.731392
1.537631 -0.193520
-1.299281 -0.299856
1.464980 -0.345752
2.136366 0.491911
0.501774 0.926284
0.762570 0.623266
1.028698 -0.563001
-0.072241 0.864672
1.574180 0.119759
-0.733402 0.910978
1.015298 0.057137
0.754120 0.517117
0.729560 0.826650
0.565706 0.852178
0.328314 -0.059004
0.255514 0.480269
0.406130 0.759898
0.922926 0.180597
-0.203834 0.686022
-1.115954 0.538409
-0.382513 1.167555
-0.979678 0.620960
-0.405271 0.680145
0.468939 -0.397176
1.068360 0.254790
0.066055 0.761389
1.695285 0.189247
0.648209 0.945861
-0.179494 0.134362
1.090344 -0.279913
1.054173 -0.648929
0.319855 0.624304
-0.316735 0.677692
0.357589 0.713573
1.889469 0.097276
-1.118655 0.836765
2.088849 0.124133
0.915014 0.689844
1.057939 0.164131
-0.117343 0.302210
0.861644 0.431208
1.962325 0.270832
1.622213 -0.142106
-0.714311 1.190015
1.150984 -0.203831
0.890278 0.749964
1.962213 -0.083870
-0.174463 0.123314
0.386754 -0.357115
0.035728 -0.046804
-0.659936 0.796550
1.847863 0.365157
0.351572 -0.107343
-0.314885 0.854587
-0.570634 0.851089
-0.109587 -0.079877
2.372672 0.273179
-0.582527 0.481942
-0.689521 0.983803
-0.609210 0.365789
-0.468229 0.421424
0.018006 -0.111113
1.227444 -0.392417
0.029724 0.144514
-0.055825 0.367807
0.215779 0.401040
0.373577 0.649041
0.419008 -0.349083
1.217910 -0.595457
