1.534452687410313043e+00 -3.304327617871297140e-01
5.347327334188232972e-02 8.756653399520984982e-01
7.781118594470065597e-01 6.471012864529566144e-01
-1.866340970261149979e-01 9.794764412708513168e-01
1.761061179055972037e+00 -5.833884789104867852e-02
1.053005457009904999e+00 -6.454857108257234799e-01
4.764543926787941919e-01 8.651068635454421951e-01
-1.052130923897426129e+00 1.305217227789714496e-01
1.720460835730764637e-01 3.632374101226629182e-01
1.095985686838323536e+00 2.484152347939130867e-01
-1.004843099042173504e+00 3.690901501147061392e-01
1.188424431473305842e-01 8.297266660198658883e-01
1.362443970573907093e+00 -4.788036901196833228e-01
-9.054605724622286633e-01 3.921596758766683344e-01
7.055087043834019633e-01 -3.857263847609647689e-01
3.363667556388620361e-01 1.009284644714728785e+00
5.457688515955116948e-01 8.090406373627434533e-01
5.907023847924166571e-01 7.489359798803474355e-01
1.162184065877814865e+00 -4.168108991632384352e-01
1.547466135773855944e+00 -4.301845691664340499e-01
6.581739605650900327e-01 -4.313547593230654398e-01
7.549561732961342919e-01 -4.422282931547232843e-01
1.999132221987665936e+00 3.862536773729821626e-01
-5.451646713598362615e-01 8.571252080774435234e-01
3.740923171282285464e-01 8.053206728762714040e-01
4.395466103684838033e-01 -4.517426474921502622e-01
1.039402631508695440e-01 9.989453873851497079e-01
1.513938406822127991e+00 -3.018925469268557427e-01
8.148980168136467084e-01 3.746552583702763561e-01
9.576404794760307038e-01 -6.904319947454042039e-02
2.080753625677131069e+00 4.661972955329865553e-01
1.370767267640783826e+00 -4.263474507399084845e-01
1.095695113036176505e+00 -3.513758905735162030e-01
1.952507677764721006e+00 2.414361037893931194e-01
4.053898696184604633e-01 9.418158936024494388e-01
2.646446693920903037e-01 8.702109637303849787e-01
-4.231014169786827955e-02 2.689560926973398880e-01
1.462664726311130092e+00 -3.516291320296076606e-01
7.727426907343057927e-01 -4.836577611856017755e-01
1.956997165372760694e+00 1.912333919783661129e-01
2.049133869769228788e-01 2.940902630218965308e-02
1.907532060547451724e+00 2.961522033605556437e-01
2.100126817664630940e-01 1.296411692285124595e-01
4.653272734581886949e-01 -3.961106405012716491e-01
-1.015681544793021862e+00 7.078528347369612839e-02
2.127820505395404904e+00 -4.212342382442362670e-02
6.029830899296125674e-02 1.047094841512659968e+00
1.870347535020335794e+00 1.019803193600668650e-01
1.732192059328502065e+00 4.391132439062450654e-02
3.220971627645121127e-01 8.415571718829011338e-01
8.857825766211644414e-01 1.334340620553996493e-01
-5.137260411029018758e-01 6.741006011059674785e-01
-4.939394412361904907e-01 7.459020974522212466e-01
-9.678750542612403196e-01 4.108376277415685673e-01
-6.595529254430074761e-01 9.509808244594644133e-01
1.640586134244745420e+00 -2.893469201447250172e-01
-8.793274337215775116e-01 2.897363415238600193e-01
1.923144530434786059e+00 2.718100138630230589e-02
9.803547754690503657e-01 2.546229317358756905e-01
2.162106728489968432e+00 3.068919204460768824e-01
4.044915788149591185e-01 -2.007524043760605115e-01
-7.770199752152118222e-01 6.999039911333747588e-01
2.611998397743088840e-01 -1.881446783624371732e-01
-6.363710616367052042e-01 7.615253590072698087e-01
8.320675082154618263e-01 -5.567832296936988667e-01
2.726504034238139695e-01 -2.671235611957777922e-01
1.994109947018058923e-02 4.033230525878048200e-01
1.715756421569193668e-01 1.015759511286272510e+00
1.780615474480236271e+00 -7.731948530699621347e-02
4.194314785395560907e-01 -3.032241407113409060e-01
-4.635112096413572247e-01 8.718799910656340746e-01
8.391911412651682500e-01 8.104663162571954516e-01
7.028782704506083556e-01 -4.319405178666987366e-01
-4.816448794123769084e-02 1.393383063407754863e-01
1.934819378776924337e+00 3.352335440749580897e-01
3.765385520314447620e-01 -2.968735436213397194e-01
-9.772091638204062347e-01 -1.428944333601638028e-01
-9.588488351601144322e-01 1.725645980292389581e-01
-8.818423511118390623e-01 5.720927630048756596e-01
7.073940931861414372e-01 -4.012885172481949203e-01
-9.028497373864141640e-01 4.285752372156558798e-01
-3.208267045916483040e-01 1.052628443463559549e+00
1.586812888930621002e+00 -2.849183190558822187e-01
-3.424455607288621160e-03 4.458058354690979663e-01
-5.102143912813766891e-01 7.118239100574563771e-01
9.086807091388987567e-01 -4.750421765595593815e-01
8.133535886559922767e-01 -5.362771573548062998e-01
-8.367058844733717970e-01 1.066859092205422882e-01
7.484825276336305455e-01 6.440069507845037622e-01
6.757066933947813991e-02 1.064888483571129862e+00
8.437923799326318974e-01 -4.512534028157544896e-01
-9.086982794399393049e-01 -1.332534381688332825e-02
-1.649685567672309894e-02 3.099509116609665549e-01
3.552866913792186443e-01 -3.788335443821847504e-01
1.705579122960671823e+00 -6.629158820538358365e-02
9.752429767165406993e-01 3.148352373255365322e-01
4.161270778691079641e-01 -3.914860143576729956e-01
1.974400269974654343e+00 2.864241056857476098e-01
1.522312260591863753e+00 -5.012340285732315159e-01
1.246002897532402787e-01 2.438733022755680269e-01
3.766386142998567887e-01 -2.510654815588390099e-01
3.805761751744773935e-02 2.925017152949248023e-01
1.741527712754612489e-01 9.866965153298463687e-01
1.217965253614908150e+00 -4.705277536742957789e-01
7.646208357182197046e-01 6.397460833804922142e-01
-9.081463237307151326e-01 2.494366557036647725e-01
1.171239895143239673e+00 -5.674061317301513085e-01
2.498508743129743137e-01 -2.475986191339444031e-01
4.746189613886341307e-01 -3.139370793018389505e-01
4.865500568412482463e-01 9.735535083363470177e-01
1.899621093835297092e+00 3.021464712467816227e-01
2.067711629553603103e+00 3.846673593843956129e-01
2.696242230775547921e-01 -1.702208857338774195e-01
2.088913862199859306e-02 9.435249958845423057e-01
1.416468637648252704e-01 5.402100799981802981e-02
1.208315528244763293e+00 -5.218820291292141089e-01
5.410351386935573492e-01 -4.592321451285329981e-01
1.593485063040869676e+00 -3.758749854579036542e-01
9.300786296948805321e-01 -5.169916498739464128e-01
9.341843071524184028e-01 -3.854692600761346899e-01
1.238398703607477697e-01 1.128067980080662336e+00
1.942231718691856290e+00 2.098170856145372409e-01
7.831641414670886814e-01 -5.627887492404111125e-01
2.073690310359910804e-01 -1.222344416660447047e-01
-3.472744685947842802e-01 1.065333133117537745e+00
4.437788294243942278e-01 -4.181824344393973991e-01
6.289541480351962255e-01 -4.190371112525603237e-01
1.891115034528509709e+00 2.349406023052327819e-01
1.036082385822394425e+00 -4.645729947132429261e-01
9.038127943370540818e-01 5.550693198508548365e-01
2.368486878344198687e-01 -2.022770143865378067e-01
-6.106872712839891970e-02 3.997955692100271796e-02
-9.113353095527475245e-02 1.003232789823210735e+00
6.710000626226739762e-01 -4.116729060903488446e-01
8.301206464174031019e-03 8.554447781955688834e-02
7.059773670633160414e-01 -4.784228836000589680e-01
1.132322355104447675e+00 -3.639186071190456118e-01
1.907403913002591461e-02 4.315396880436443983e-01
-7.468630639505882129e-01 6.045461451817966125e-01
-9.859333471144119398e-01 -3.648800498613369303e-02
-1.169881206489019471e-01 4.808779377324132742e-01
1.811373731418046473e+00 -1.189116437992822767e-01
-5.547250333914249820e-01 7.928769188487151398e-01
-1.057900516359649323e+00 1.411474626275812383e-01
7.332491494834527668e-01 6.013210626047743590e-01
1.067942058781390369e+00 2.822905849169287107e-01
1.826494877014144480e+00 -8.409267488329708051e-02
-8.701029155954222993e-01 -3.329822610765085372e-02
7.061068652061728290e-01 7.138759062855928317e-01
3.256468448217030714e-02 1.204675522930527820e-01
-1.878972681873146422e-01 1.006496671351198913e+00
-1.838405060006529645e-01 1.039790570007438353e+00
-2.813777309142462268e-01 8.334729056782007595e-01
1.011064303542599796e-01 -1.518031681423978596e-02
1.346648576049834567e+00 -4.081031318094477389e-01
1.992441712383409502e+00 2.971055978107153828e-01
5.838363705658493608e-01 -3.405820013388176082e-01
7.710073902914987842e-01 5.353303279153992511e-01
-7.398559006102859437e-01 5.331895880375472352e-01
-2.328962443970435392e-01 1.017010523842318603e+00
3.583506842968624539e-01 9.969693629750889796e-01
5.473768569565771180e-01 8.046692491673854697e-01
5.404600426689747106e-02 8.997528613919525409e-01
-8.338031513413178830e-01 4.403247799483894220e-01
-9.805731137137465581e-01 2.776356452911544204e-01
1.187178270385620543e-01 4.409107746125555116e-01
3.434612678662558038e-01 1.001305689180067571e+00
-7.233368937550841427e-01 6.582085827343711060e-01
-8.401264068285994036e-01 5.981855156908637561e-01
-6.769183354410555076e-01 6.711631088621323737e-01
2.432535517218324117e-01 2.413731405463942492e-01
1.896620729424711049e+00 3.555781695383093410e-01
2.308702113263821215e-02 1.760230934063266028e-01
2.094748845149056571e+00 2.380951662826978343e-01
1.085904534194655158e+00 -4.147589507952315069e-01
1.935760455849538264e+00 5.896650650201472610e-01
1.424929294254165146e+00 -4.438100946693158133e-01
-7.952847856219058542e-01 4.680393689897381915e-01
1.766781248647684988e-01 1.003853798844540846e+00
2.082366883736400887e+00 3.744470203669424402e-01
1.825840653350655485e+00 -7.296165389458177108e-02
-9.219969510076364561e-01 7.232912301622163032e-01
-7.634651619230696795e-01 5.608381279892696858e-01
1.183728570277844172e+00 -4.438937638735181435e-01
1.830318424262069810e+00 -2.654714254337961488e-02
4.504569344873916165e-02 2.889156370003542751e-01
6.665409446149208605e-01 -3.890164193852103658e-01
1.239041288814110686e+00 -4.634687666197658262e-01
-6.718875913855958393e-01 7.380046138475583328e-01
-1.032021572348432281e+00 2.619872520095496982e-01
1.639051051238401557e+00 -2.160383913532203937e-01
7.230177159446986301e-02 1.277125104748270124e-01
1.983717068095598002e+00 8.973288914972804564e-02
1.035203120529261778e+00 -5.167563976071419818e-01
-4.555446670051133129e-02 9.097219252935836442e-01
-1.038342898491664945e+00 2.431689553290063838e-02
2.759363282657805727e-01 9.926219869720801503e-01
7.090085979437771302e-02 8.480264155929083669e-01
1.964194452280947356e+00 2.151109938345776573e-01
1.728225868410623089e+00 -3.525462108798570887e-02
1.051700805271289063e+00 1.055395816248780455e-01
8.330953760754459259e-01 7.178263642465400052e-01
1.850292640944123379e-01 1.031459844096641376e+00
-8.474708472372214363e-01 5.246369344883961006e-01
8.025694228762445537e-01 -3.306173261855555046e-01
9.625052893488555972e-01 -3.889001486431701848e-01
1.569049719018806299e-01 2.646250928671788905e-01
9.223148557563891625e-01 2.175642916651312764e-01
2.096737278689710104e-01 -2.060415338360194470e-01
-1.000812408090216765e+00 1.145444062699244175e-01
8.910213477886793632e-01 4.935582906755953125e-01
6.166260420651624719e-01 -4.035744557981806313e-01
1.706002431350107373e-01 9.407492973355751076e-01
3.954609716483078463e-01 1.079271474070806036e+00
1.219516110185519392e-02 3.010624773091072903e-01
8.757461168856371936e-01 6.319426790919501213e-01
4.479695094957328871e-01 -3.914510481095542227e-01
1.847582475212519726e-01 5.271883477527351813e-02
-7.171384510660192557e-01 6.845482645428302426e-01
9.825914194722928929e-01 -6.355803829015269635e-01
8.868198854650615193e-01 -9.075911126254679329e-03
3.758503851476557855e-01 -2.788183271803174601e-01
1.138539261316858564e+00 -6.242522646148859211e-01
8.598939310124192881e-01 8.423145206700466403e-01
1.082045096260891404e+00 -4.545556927151409576e-01
2.019462446243021514e+00 1.720600962791797583e-01
8.923250722917193123e-01 5.356705822806598905e-01
1.895771057394304071e+00 4.288182793069686971e-01
-3.398863813431786673e-01 7.788143523187914807e-01
5.791735526256104327e-01 -4.747649429267602472e-01
6.778790088459698548e-01 7.656669850649989728e-01
9.533788179374608207e-01 3.777705365591264020e-01
1.998327545755437695e+00 3.700451261112691625e-02
8.931823590843755989e-01 2.458062780496930444e-01
-3.729862451938760759e-01 9.313930986972173143e-01
1.948533834739147208e+00 3.901124210495431899e-01
1.051070244884099392e+00 -3.802119179505349389e-01
1.053360346350991295e+00 4.850466152941093623e-01
9.118949347010104622e-01 -4.933742158791504795e-01
1.094287558702466079e+00 -1.134020090636323613e-02
