8.932852337227618733e+00 -1.749615976894766334e+00
4.492597115308033295e+00 -8.305085458892262906e+00
-2.655074627027447232e+00 7.626866302469448300e-01
-7.371588932344614875e+00 3.996814137444586468e-01
-2.426181229918640270e+00 -4.041705631738690130e+00
6.163805240272020036e-01 -6.693403968507072754e+00
5.874081459885419854e+00 3.023541664774553439e+00
-3.518566508084120414e+00 -4.233661667419267971e+00
-6.273866839566976772e+00 -2.737981671748300982e+00
9.631585981473760327e+00 -3.344119667304610299e+00
6.564167112931881931e+00 5.575082923198420914e+00
-2.039377328409512913e+00 -7.237351905539656904e+00
1.853541501391670954e+00 -3.360014765833676531e+00
-5.809219336785360177e+00 3.902967061521651626e+00
-2.243098903280489331e+00 -1.931863944860979232e-01
-4.380806544665154512e-01 -5.446790268855004058e+00
4.091824311863914154e+00 -1.133547966229911097e+01
-1.501864867098419598e+00 -6.364677664549664549e+00
-2.404681375445705704e+00 -9.299279356047607248e-02
-5.397990606446736450e+00 3.924619191598208268e+00
-6.765029629695484381e+00 -1.111432723284883073e+00
-1.296646539682150934e+00 7.334874567509228172e+00
9.224583239171643356e+00 -3.291760482824080292e+00
-3.356050722608277415e+00 -1.480191516687320297e-01
-9.094154716048356235e+00 -8.378018030239455793e-01
-2.480673831788177797e+00 -5.914456813604627605e+00
3.187563622317706180e-01 -4.098720667304988297e+00
-5.224808012145859770e+00 3.214924465464449099e+00
-3.642063595447608826e+00 6.960136032951329099e+00
-1.757763286146403869e+00 7.155075485470696606e-01
-5.009699980877197589e+00 5.731298369831552719e+00
1.077423394055424311e+01 -2.810372863076570749e+00
-3.921054326425073899e+00 6.275012179843802329e+00
-4.078976798310215202e+00 6.914486905022587671e-02
-3.039121114759940845e+00 6.384653427260913006e+00
-6.374141690258158910e+00 -1.350993744968054022e+00
3.968302402344221491e+00 -5.445733720588161297e+00
5.735154571659171197e+00 -1.016097338351114310e+01
-8.434769664996567329e+00 -1.095360032125564542e+00
-1.396948483990270606e+00 -4.783712745446417003e+00
6.427687982687919632e-01 -5.107043123543965280e+00
-9.532704504380037136e+00 -2.638424764929764521e+00
4.223093512916686443e+00 -1.020292981633890150e+01
3.244274537020229943e+00 -4.548853149664324746e+00
-2.234789201325569241e+00 7.719876371675986615e-01
9.063569221476225124e+00 -6.382945991637836158e+00
7.050431691428480363e-01 -7.201041137402484971e+00
-4.960041167549219310e+00 2.467596274216727892e-01
-2.015561250493810075e+00 -1.479353094889876097e+00
5.288046288599149491e+00 -6.804507559425664098e+00
1.896689525373688401e+00 -2.230113578811388830e+00
9.852366674845960404e+00 -4.888611591712743731e+00
-4.300961964754481670e+00 4.870393765105681894e+00
6.232467884032319105e+00 5.244300462760564940e+00
-1.893565711071949043e+00 1.275398926238620945e+00
8.050617085152673713e-01 -5.497801614844988194e+00
1.761898393497664639e+00 -4.517818308627909119e+00
-1.569626922018322768e+00 6.342726890353032942e+00
-3.492583918850427516e+00 4.735473494786980098e+00
-5.329884292275878011e+00 -2.971685891460727369e+00
4.591329438011362285e+00 -8.754553620177771833e+00
6.979618705915254573e+00 5.055944810616884055e+00
-4.297958675365732617e+00 -3.732337905377668186e+00
-1.719107155638826656e+00 1.237145731206290344e+00
-2.319574084726124585e+00 7.877126961436747621e+00
-6.511234512677010144e+00 -1.636889148451498466e+00
-1.928641692882025138e+00 -5.848499800919646496e+00
-4.191061327021741612e+00 4.332722789008077946e+00
1.170044173886813965e+01 -3.536171231061057352e+00
-7.145912377442146024e+00 -1.159068224334180996e-01
9.718155382029443956e+00 -2.192537727988084661e+00
1.311820705032179735e+00 -2.311485741043699527e+00
-1.070625792625953476e+00 -7.109777018757670319e+00
-7.527205641638473388e+00 -2.822946113461276774e+00
-1.286377896150388445e+00 5.496761823550785131e+00
5.031412321128838627e+00 -8.738532037568710109e+00
5.680697483952733329e+00 -1.031215347003220550e+01
4.456919054912681366e-01 -1.416716931404899071e+00
4.859835696889375889e+00 6.177857013993847346e+00
-1.247508568890735026e+00 -2.101047621660976361e+00
3.596732301623550399e+00 -4.909119524836874859e+00
4.929696941405405042e+00 3.237285012365891390e+00
-3.609919448617071591e+00 -1.953333945536810390e+00
3.981268531654571508e-01 7.621950843479411652e+00
-7.327809828785412094e-01 -3.440861764524830946e+00
-4.211314057490245233e+00 -7.646099304424687215e-01
-7.573632874436366791e-01 -7.365000820298849504e+00
-6.774230627241632163e+00 4.171543512750156779e+00
-4.389601420956576128e+00 -2.000616729252065795e+00
-3.061183500196025253e-01 -6.418691487154706721e+00
-4.741093227412869204e-01 -1.357844383833605839e+00
4.110995567719424315e-01 -3.959375288078115673e+00
-3.444447182687407238e+00 -2.809646166669081957e+00
1.102606696199876524e+01 6.531117025726516090e-01
-2.929485441121181033e+00 -2.356806159028855596e+00
-2.455882064664906217e+00 -4.749298400804167208e+00
3.704573554800056900e+00 -5.901578074590687173e+00
-5.065484096535482372e+00 6.695199139213139361e+00
-7.820127425780915686e+00 -4.267668406520841451e-01
5.117416818269573398e-01 -3.972080736256682343e+00
-3.051886401592710296e+00 -7.919360041085091950e+00
-3.993530104744966280e+00 1.417428073656622267e+00
7.230532322760627295e+00 4.012574320988469445e+00
-7.872497964053718711e+00 -1.224701726742474017e+00
-9.398696072605400076e+00 -3.379604993398998669e+00
5.004790466126977755e+00 4.331525333136475808e+00
3.018317751116243119e+00 -1.086884956297540761e+01
-9.348200561706729861e-01 -6.157795156849587670e+00
8.803804803222057274e+00 -4.168202963449200382e+00
-5.272650943171879767e+00 3.591319522794684360e+00
-4.699832405510463218e+00 -1.854589513831049974e+00
-4.456728092367455929e+00 3.998452958794321166e+00
-5.395266095431654918e+00 -4.460708874274015301e+00
-4.804727079820684033e+00 4.530729167996042861e+00
-5.044503879195047169e+00 6.486168275151980467e+00
1.324461989186373145e+00 -2.269664027125118722e+00
1.098919008001364617e+01 -5.419223297802155948e+00
3.264076646049829833e+00 5.139283249424591027e+00
3.969255628814150505e+00 -1.053362586521476807e+01
1.002633975697490598e+01 -3.599812140412811168e+00
5.680367273581078180e+00 -1.019558094676871463e+01
-7.597464727678255869e+00 -1.434110980307844896e+00
-2.751698994608599236e+00 -1.087698041157081130e+00
-7.129995218114691724e+00 5.102957413708916867e+00
-7.534128966071013345e+00 -1.480719628037051372e+00
-2.696230604518279783e+00 2.161596677565540858e+00
4.551678219040855566e-01 -5.269164514447070680e+00
-3.259998750298317649e+00 2.312419900124213612e+00
1.125910050364239190e+01 -5.127150352339080897e+00
-6.096799645389880951e+00 -1.643231349444967959e+00
4.939522607786045461e-01 -3.535720111570186397e+00
-6.216363090738972197e+00 -8.405433941830953160e-02
-6.765909696741814194e+00 -1.085266666685016812e+00
-1.061825440332158532e+00 4.456666303128045570e+00
8.558870505513095139e+00 -4.760575754869693199e+00
-5.231714704099836410e+00 6.514101020728473301e+00
-2.226308714266719946e+00 -1.546218214447880435e+00
-7.389255020649843964e+00 5.220672682071263004e+00
1.014206233501366583e+01 -5.243284223858875492e+00
6.795692092279844942e+00 -2.980417325819077590e+00
5.643646096459452588e-01 -1.163356508955084578e+00
1.875980153037546394e-01 -2.224696968430105670e+00
-9.722330120070776793e-01 8.621755311150735679e+00
-6.309334906299014278e+00 -1.046405345242248597e+00
7.092409056568882875e+00 -1.050568057557741497e+01
5.432626165820996000e+00 -7.257321385859619056e+00
-2.837113338183818279e+00 1.772506785147374142e-01
-1.849605817390290952e+00 -5.989178538594765122e+00
6.787782542251408202e+00 -7.704732812109085671e+00
-4.470625780417061712e+00 5.505327514028826918e+00
-2.951105556965499144e+00 -6.367230549894655312e+00
4.714806823730982366e+00 -6.315063006272985113e+00
6.780594939369156471e+00 2.709057954855664363e+00
-2.076046676904968802e+00 -5.110655342537499202e+00
-1.474909434049399781e+00 -6.730654507682485743e+00
-1.034623605469466412e+00 -7.022519566799131141e+00
-4.412446915526082591e-01 -3.328691052397135586e+00
-3.920949877410921935e+00 -1.203205711680516377e+00
7.107422069955749322e+00 4.651045284850149564e+00
5.392136593323041183e+00 -9.789932986342947174e+00
3.966631788260452929e-01 7.489940724440086406e+00
3.911710198641626501e+00 -1.030107262932359369e+01
-2.304285223929158466e+00 1.495754309051358089e-01
-2.339967059411588668e+00 -1.017279335044089850e+00
-6.411357116815228352e+00 -1.572455023995633416e+00
1.978099919023210695e+00 6.995008571031769762e+00
-4.151658775409885038e+00 2.460862610544170881e+00
6.037408646250461253e+00 -9.540793904781992296e+00
3.436367277668181064e+00 -7.009053768941146956e+00
-5.524593184334840146e+00 -6.287970795095351173e-01
-3.111569757671899250e+00 -4.959089332341457990e+00
6.518161949973791280e+00 -1.190828807134317024e+01
-2.705026732240255249e+00 -5.813686447436500870e+00
-4.898734930880488392e+00 -1.256221388075436485e+00
9.892110996347174279e+00 -4.744906650842106721e+00
-2.054240179499724039e+00 1.430468137683593710e+00
1.096990045718109208e-01 -5.218380848546593676e+00
-5.380602667519191584e+00 -2.528488926419007576e+00
2.918215382131950975e+00 -5.524871905639757053e+00
6.617418145708935384e-01 -5.103140100425012093e+00
7.426271649838019684e+00 5.625180169685624954e+00
3.074234289331322145e+00 -9.645733937971918692e+00
-2.949409471578992914e+00 5.464538651884291554e+00
5.650530591302505456e+00 -1.061687643611434950e+01
5.742976622695228350e+00 -7.724961805321921560e+00
-9.366006575131020639e-01 -7.933019756035937675e+00
-4.241013005929688440e+00 3.855582617368782827e+00
2.368853917548721100e-01 7.037368063352993808e+00
7.639140374805544198e+00 -3.271442030297721626e+00
-3.279653637735242988e+00 -3.677826647286223327e+00
-4.062644501441121214e+00 -6.019869128570249917e-01
-2.007304234580461255e+00 -7.653251467459091240e-01
8.956821172553931731e+00 -4.593058976277672123e+00
2.159090676793894659e+00 -3.431207057216254963e+00
-5.690949880403328720e+00 -9.450740738096199411e-01
3.207654788707027915e+00 -3.937533082391232231e+00
6.923402465808616846e+00 -1.077420778890169473e+01
-8.014284047719179682e+00 -1.407118962312509769e+00
-2.579079269882112779e+00 -2.928253373517167191e+00
-5.590841724078893904e+00 3.081293192144625159e+00
4.419435993815969077e+00 -1.156609145937110483e+01
-4.938115599463712257e+00 5.751754423903832958e+00
5.834163364945564645e+00 3.028042590887574548e+00
-8.386869195211310579e-01 7.600555271305729832e+00
4.626074034117260148e+00 -1.084769418336629343e+01
-2.068741526414021425e+00 -7.669981440571135289e-01
-8.655776004511395172e+00 -3.436391605656687442e+00
3.771633130362448405e+00 -9.931865423757761491e+00
-3.169163215991372518e+00 -4.112548525929923038e+00
2.778326331664941584e+00 -5.154929064532497662e+00
-1.513607627239190956e+00 -3.289145075202384860e-01
-7.970737132001087133e+00 -4.847930162011003574e+00
-4.297578956726554544e+00 6.153848812798501378e+00
2.626865539648142178e-01 -1.947617552280515696e+00
4.522866082547825961e+00 4.620733646730250221e+00
6.047655842007317872e+00 -8.425942775930510109e+00
-4.350699868171520102e+00 6.719336475705918410e+00
-8.204176687571953508e-01 6.721798735376174783e+00
-2.452348603343870170e-01 5.753960638033592367e+00
-8.094336704066653621e-01 -3.384521176501189554e-01
8.375727676841913549e+00 -1.019512312950737432e+01
5.301137057651045481e+00 4.932216115007377333e+00
4.044249137622497159e+00 -6.056658661268722099e+00
-1.222015898503517217e+00 -2.061293103912772651e+00
8.137556572796407650e+00 -2.113855961646539772e+00
-4.754972710613877496e+00 -2.089350861205675258e+00
-2.647493568604444292e+00 6.320479404321251771e+00
-1.923587929857723200e+00 -2.300146630162762662e+00
1.009937921178100773e+00 -2.550523686721808403e+00
-1.109798162112458630e-01 -4.721132514116390233e+00
-4.537010057855270340e+00 4.446461170311086342e+00
-1.330665064111884011e+00 -3.538158525857498127e+00
-4.344650434635596525e+00 -3.323430029896198845e-01
-5.273173064008334521e+00 6.834560842500893685e+00
-8.697684050857056093e+00 -4.451935267592369572e-01
-9.239313048612279644e+00 -2.654885961993128873e+00
-5.927845487710746930e+00 4.764788052383463146e+00
-9.913132716016810342e-01 7.436425068646425274e+00
-4.310009864695262038e+00 5.977044629120580765e+00
-7.026058695315859026e+00 -2.541690644773284546e-01
-5.433217842688552679e+00 5.712423579770320892e+00
5.641570779434877281e+00 2.436997914486461525e+00
4.776826662341129293e+00 -8.854881852646121487e+00
-1.294834566205619097e+00 7.902153633429843005e+00
7.616521460787600617e+00 -3.970482024265082455e+00
-4.715257550160821154e+00 4.227185189705968682e+00
-2.836634127635629277e+00 -1.895528370206982949e+00
2.211418081277566561e+00 -4.082550135888766363e+00
4.051469983191188007e+00 -7.543822077166186801e+00
-8.832788475775677384e+00 -8.107921212568433011e-01
-5.619313550115503375e+00 1.219060580258260362e+00
-2.195315307631823476e+00 -4.120880404450885104e-01
-9.168362872924145091e-01 1.465955246641762466e-01
-7.616180574669734860e+00 -1.601889784683643736e+00
9.498697898207414170e+00 -3.912884716174324762e+00
2.741582067783268073e-01 -5.504670883999444264e+00
1.125472863488287167e+01 -5.586999750986779034e+00
4.493451910642021652e+00 -1.073704407730203236e+01
-3.559978261163301738e+00 3.562710092131430528e+00
-2.392674119337577121e+00 7.033078702753116751e+00
5.526011215748603433e+00 1.863854533910092925e+00
4.191745979470349326e+00 -8.430639274874863531e+00
-2.574684765672334397e+00 -1.998819645266851630e+00
5.162141462959657368e-02 5.301419601646946589e+00
-9.358888715358564259e-01 -6.221877330832684905e+00
5.036910261268120692e+00 -8.041877190388902363e+00
7.102736694902404224e+00 4.813804423867265037e+00
8.031025957788134884e-01 -4.617220623622716680e+00
6.289570305446108733e+00 -9.647457153623017589e+00
4.890073466675510794e-01 -5.024044298737497805e+00
-3.605089839651697936e+00 -1.915069221922462095e+00
8.885024185055869772e-01 -5.047266580542784098e+00
-2.673843781298579358e+00 5.122928404813626990e+00
-3.409475070794086626e+00 -2.434792965215575755e+00
6.797753964961548157e-01 -5.258542053049233722e+00
6.623896527065971540e+00 -9.667465127237511169e+00
-2.153351039716593363e+00 -6.519819322908826376e-02
-5.116150423978511164e+00 4.659761021404742465e+00
4.172222886142805898e+00 -9.183374870079580532e+00
7.644650408775808259e+00 -8.662453978345856953e+00
-6.173974747752546399e+00 3.209855486796055590e+00
-2.872920434283101176e+00 -1.250619959920592050e+00
5.878835358777180886e+00 -1.049875182948552244e+01
-3.142657898928591820e+00 7.463509869314195910e+00
5.745021818596640628e+00 2.925611073527300654e+00
-1.520060718444594894e+00 -1.703230218420484610e+00
6.330573946204996361e+00 -8.408896988766823455e+00
1.106975911647350053e+01 -3.475583921254695952e+00
-8.736253255857135969e-01 -2.136812929702318620e+00
-3.355992508697236421e+00 3.802843156024293680e-02
-4.778154204658405568e+00 5.328120296344573958e+00
-9.683266004336144039e-01 -1.545299229093710425e+00
7.880848575777679166e-01 9.516420327161554837e+00
5.207969475221027267e+00 4.497502955410486614e+00
-3.370398713576896021e+00 -1.299703175122510768e+00
1.961923895036597809e+00 -4.480473474219175856e+00
-2.599352546178828494e+00 8.825486210517796692e-01
-1.038541102730435650e+00 4.929338995709760418e+00
4.921578086887171466e+00 6.389165115095677194e+00
3.617252109707493890e+00 3.808594136675317987e+00
-3.141373317598975312e+00 -2.667970373305949217e+00
-2.921657200488650741e+00 2.938717112390937247e-01
1.031352887756409586e+01 -4.463520972436640477e+00
-8.806166833095288027e+00 3.904597550265074268e+00
-4.228148392579970327e+00 2.098979560886397255e+00
-7.648880234064551864e+00 4.829089080510572174e+00
-1.554436207481466603e-01 -4.681656414535045663e+00
-2.118607200211520158e+00 -2.992428191584324715e+00
4.388618830233514956e+00 -9.486271198624182333e+00
-1.908551328552079207e+00 -7.567725133980995444e+00
-5.733998164809701592e+00 -3.412909532005834023e+00
-9.929472249679172080e-02 -6.333997463080729418e+00
5.115652038078344788e+00 -1.124083510855533063e+01
-3.715770730211557238e-01 5.428062026176020183e+00
-3.011541991184216727e-01 -1.174403569877569886e+00
1.179241185312509188e+01 -4.030557707101361409e+00
-7.684029296801491604e+00 1.158789897932602120e+00
-4.395333549463977807e-01 -6.605620563591013017e+00
-4.808056561404535856e+00 -7.277056205894169016e-01
6.185174533959145293e+00 7.992512746465632034e+00
8.373205288404710345e+00 -4.287231150757821574e+00
5.544415349888714317e+00 -8.739917613191197532e+00
5.409809573469685162e+00 -8.705435663213670239e+00
5.504691023436965480e+00 -9.753137834633825776e+00
1.166906379066503519e+00 -3.476623648326094163e+00
-1.456954122154415554e+00 2.136791607969835027e+00
-2.495958816672981140e+00 -2.298638326436392099e+00
-1.744304876582460473e+00 -5.906069102866872811e+00
1.892222531832861598e+00 -6.016532712618231749e+00
-2.045750904508660817e+00 -1.099750997906254968e+00
-1.503256070038953229e+00 6.392614772503282694e+00
6.542054970069909103e+00 -9.324060216901299825e+00
-3.306304343931337097e+00 -3.114389270145860422e+00
-3.612167162566551681e+00 -1.923476436748728036e+00
-3.654490617484245085e+00 4.783082794799212500e+00
-3.418323140344011080e+00 6.916787982978329197e+00
-2.376003851718226478e+00 -5.681688941231789691e+00
1.035199239212175115e+01 -4.407511365133059300e+00
-1.994639803170676240e+00 -2.594270964433787352e+00
9.495449768651402778e+00 -3.875666414636067536e+00
1.051488043292330055e+01 -1.795966847701775393e+00
1.858099959459331263e+00 -1.866503349858938510e+00
-8.340759082135409397e-01 -4.371893983724903343e+00
4.300859465000564263e+00 -7.286491831381836093e+00
9.565115071493460519e+00 -3.963800677078871182e+00
6.883669186596267586e+00 -1.026237177360842168e+01
3.302034156203228932e+00 -8.345971949820544467e+00
-1.832393935364359905e+00 2.772183810734750509e+00
9.768934573225648066e+00 -3.353359668983596720e+00
-2.766122297234962168e+00 5.171530066865252628e+00
5.449211658839197447e+00 -1.018914368258713310e+01
1.645961989472918496e+00 -3.795040293821201782e+00
-5.268952543990947035e+00 5.973050772507164652e+00
-4.380003807109530634e+00 -8.596490621979644420e-01
-1.677516552481719048e+00 7.711303965089697066e+00
5.688886651421222851e+00 4.047305979340229065e+00
9.141642067005278705e+00 -3.020373646318225358e+00
-5.719858609863287313e+00 5.017212134058754991e+00
9.601656118553849595e+00 -4.511595152551368670e+00
-7.078106120900473641e-02 -3.595178655914830212e+00
5.718698283793979265e+00 -7.446398889151661926e+00
-1.930186269989374814e+00 -1.666620871146704097e+00
-6.282467423604195744e+00 6.019487567442923570e+00
-1.288515756304249527e+00 7.327314630957440400e+00
1.015746608490658076e+01 -2.426245521870165511e+00
-7.007787971766912705e+00 5.591889154614482216e+00
2.274905888784985564e+00 -4.451086548044802527e+00
-8.444113521944279555e+00 -3.508417065849027683e+00
7.757749462133434193e+00 -4.428428841363920121e+00
8.653466041295951428e+00 -3.201667652809677023e+00
5.888501685577717026e+00 5.058263125703722274e+00
-2.082598920398415210e+00 -1.699786525657606129e+00
9.790653590822477881e+00 -2.460254679744505957e+00
5.295322335081841025e+00 -7.992406406539941166e+00
1.014042999052984939e+01 -3.194815650527100370e+00
7.004741670118216135e+00 4.412863508306838156e+00
1.074032247809462959e+01 -3.465155902121861864e+00
5.187999833225926949e-01 -4.164515063843508003e+00
4.973002940078741219e-02 -6.481885350232029275e+00
-2.951905199277536251e+00 -2.648700919236310902e+00
6.323191557882121394e+00 -1.037110675870052567e+01
-4.356276716345749200e+00 5.836157979226355152e+00
-3.078066451600171671e+00 -1.150044264405556182e+00
-8.340230653483910572e+00 -5.625446875152364523e-01
5.615197823241401487e+00 -7.901487088955168048e+00
1.119053515931987697e+01 -4.220186429540943251e+00
9.631537688044820911e+00 -5.365619850338783081e+00
-2.250937729294142375e+00 -6.292074638786000484e+00
-4.465668067871247260e+00 -2.227529649697823633e+00
-1.206385989435441175e+00 -1.754363489598081527e+00
1.083029876699612259e+01 -1.515441807458385082e+00
2.080897930083200009e+00 -4.424494514396893230e+00
-6.248191306027038650e+00 3.746425694053878264e+00
-1.145006305019518500e+00 -2.754070761679671797e+00
-3.905810806760814380e+00 -2.116366335924098063e+00
-1.908760198730887314e+00 -6.989349293925414486e+00
7.827455075799837125e+00 -4.157581873348705770e+00
1.022543211442260969e+01 -4.825027205671672981e+00
6.008289922544351569e+00 4.166317335426199975e+00
-2.011536456202976719e+00 -6.284413532741450759e+00
5.300489176346563802e+00 -8.053517169750806559e+00
-1.172459332189227377e+00 7.868208765686256712e+00
5.699659150651172901e+00 4.980879572034878855e+00
6.344345913898536971e+00 -1.016880140109043040e+01
9.547395831047804649e-01 6.492839867133207044e+00
-2.402619030245785492e+00 -7.152404491540542697e-01
1.373337790416588877e-01 -5.643846904511901741e+00
-5.280390297418999346e+00 1.549892792872478164e+00
5.112187667694406912e+00 5.492926902413969081e+00
4.802225918334425359e+00 4.343721693693701091e+00
1.046947428112010492e+01 -2.362946062208999720e+00
-1.143941989937935499e-01 -3.704504381379317479e+00
7.129075127653631938e+00 4.754668411341654632e+00
1.008910513300317646e+01 -3.269775148030012790e+00
7.807968471405072108e+00 3.829829197272032637e+00
1.077134340172741922e+01 -4.156030923074865768e+00
-7.345860177901699650e-01 6.044032610502281244e+00
-2.617369451159731852e+00 -6.660087686211685565e+00
-5.843368146002283048e+00 -1.653710741656865491e+00
-7.269145902013938176e+00 -3.488403316977517932e+00
-6.883318821549629263e+00 5.403494268648383336e-01
5.303064227038603917e+00 -1.053099751276145035e+01
-4.652744084077400366e-01 -2.035694067573222021e+00
-2.046367737190236458e+00 7.550964685993418968e+00
-1.933017077049835386e+00 3.113585579155613292e-01
9.212932496198549259e+00 -2.426850233796447043e+00
9.945678566277218025e+00 -4.825573933591508435e+00
-5.687134066304069258e+00 4.467211011629820483e+00
9.924695226918188951e+00 -4.467535404535712296e+00
5.655002968487636394e+00 6.157926276837963897e+00
6.382530853285344641e+00 4.892750344573769006e+00
3.931915661828010222e+00 -1.079012983560273398e+01
5.250820709552676213e+00 -1.198027587790235238e+01
2.445317201145333463e+00 -6.181916383119678393e+00
-7.911807323271722758e+00 -2.337078710203810417e+00
-5.716812140915222606e+00 4.137546053253298162e+00
1.151635968357808970e+01 -5.052442713986574852e+00
3.537713765992167581e-02 7.539405778412612058e+00
-4.808494577973942086e+00 4.960347635712323289e+00
-4.350749033161042334e+00 -2.144686888062560026e+00
5.603474561701871970e+00 -9.692920805746124913e+00
-3.040312120933803541e+00 -3.174848431059117182e+00
-3.099287241051948083e+00 -1.499096437758908884e+00
-4.683513927825420531e+00 3.471862651253257326e+00
4.527871832438536082e+00 -8.964891631901410918e+00
-5.895623837358973773e+00 -8.293022990136220685e-01
-3.401612462210403365e+00 -4.603555134178924924e-01
7.877352247097523907e+00 -8.691105153788408089e+00
-3.819325947581280190e-01 -2.569690465171590166e+00
1.402079830424994178e+00 -4.258345517763642007e+00
7.044358706747772203e+00 5.090316393259972649e+00
-3.609803921255791970e+00 -6.684011106017070603e+00
1.008503347153027896e+01 -3.883249236608051547e+00
7.015144900664902039e+00 -7.892953440413702282e+00
-1.904913413611944550e+00 -3.065414850738504837e-01
-4.471199857735911998e+00 -6.139746128109816459e-01
-5.202099480064978465e+00 -2.947237500009395106e+00
-7.093444895216963531e+00 2.008929725529704502e-01
-1.703159003275650951e+00 6.915063303571876929e+00
-7.149649234769351658e+00 -7.166792012396181466e-01
1.132122334879481329e+01 -4.391840098052124830e+00
-1.458441347807027499e+00 -3.258337396195299274e+00
-5.799765685668765158e+00 5.437953779815949851e+00
4.832635034049148182e+00 -9.622443825576823428e+00
6.048069348195543427e+00 4.749383502816062474e+00
6.965774297129859072e+00 -1.066979319749894017e+01
-3.928189523524427074e+00 -5.758076430505789656e-01
-2.430524590663611928e+00 -1.187415761914279333e+00
-1.302814985004861814e+00 -8.130294272196958438e-02
8.714110861064288116e+00 -8.342712285867643018e+00
4.529656782149293015e+00 -1.018541010178854300e+01
-4.070357035042817984e+00 2.701515235193530540e+00
-2.784364090769565259e+00 -1.441833489716854988e+00
-2.143861717208163320e+00 6.073627978788836757e+00
7.124075106116185552e+00 -8.029104477765724113e+00
6.905079011438783887e-01 -1.984503071111754835e+00
1.019423777789733876e+01 -4.574154167606898191e+00
-3.091802007488990700e-01 -3.693863283770641548e+00
-3.008008960827912581e+00 -6.216091909886960920e+00
-3.464730227829852183e+00 -3.460507156357801595e+00
2.436370424721000294e+00 -3.794750998306690271e+00
-6.488007370492800963e-01 6.602817046330838657e+00
-4.323245182208690807e+00 -6.535857142537349063e-03
-8.592066400603078913e-01 -3.954417529749515658e+00
7.406345963463891735e+00 -4.383131211683780393e+00
-1.847995107443002549e+00 -1.982737206520083895e+00
-3.716066192880718155e+00 2.768525374223328672e+00
-6.625801081689329797e-01 7.965067301310924996e+00
-6.591429853211241419e-01 2.000598989282976747e-01
-7.897753126630330023e+00 -2.851732150562431123e+00
-7.692867104105589604e+00 -6.013974933053083394e-01
-5.992050784033642330e-01 -5.624097341812512418e+00
6.545794954973811031e+00 -1.020808260790328426e+01
8.909001965760396047e+00 -4.193923293100704441e+00
-1.540561835232785004e+00 -5.172247373488604083e+00
-1.315381841166033627e+00 -1.956334960660218947e+00
-1.184255277082614022e+00 -6.997203849551754118e+00
2.035795242254778259e+00 -7.003049195664701188e+00
1.362665688879350689e+00 5.592927948164875041e+00
-1.421008714777701742e+00 7.866813479080260407e+00
-3.770655326197134727e+00 5.673580250552364035e+00
9.160499506344406129e+00 -4.258124097717482570e+00
-5.657370397590554489e+00 -1.926818612800611730e+00
-1.562629644008194818e+00 -8.452980623884058797e-01
-2.160375518656092009e+00 -8.042652552199111682e+00
7.170142976792584832e+00 4.093817746306390504e+00
1.012941497435189753e+01 -4.228867053417508792e+00
-2.678479663469430783e+00 5.884057950190673125e+00
6.739435142200289164e+00 -3.937339711335584358e+00
5.465013110008390740e+00 -6.919852977601563815e+00
5.085826797856321413e+00 -8.880546164654290919e+00
5.231921314569910386e+00 -7.610202603760349405e+00
6.447182612731125140e+00 -1.152577720559396823e+01
-2.146364477746546484e+00 -6.885959638070989763e-01
8.196597827181182794e+00 3.820199809546484637e+00
9.766025744364846162e+00 -4.814046342908356202e+00
-1.501134717202677438e+00 -7.930677562131746017e-01
-2.096232754106631901e+00 -7.157898061946641910e+00
-1.582035022824151760e+00 8.038828439048366192e+00
-2.657304061542742346e+00 7.973148270563057416e-01
-1.656467685330489381e+00 -1.605728622640370862e+00
5.200804115214468837e+00 4.017836278198679167e+00
-1.471409082988173189e-01 -4.416017209617495887e+00
-1.494226157276736799e+00 5.390021016937160958e-01
9.202647033195667348e+00 -5.608156116292717819e+00
-1.028362804144222764e+00 -5.571264546242294280e+00
2.099376341713839800e+00 -4.764879329238514316e+00
2.451125779007721217e+00 -5.422458407425151172e+00
7.281002714820633770e+00 5.443186629378766739e+00
-2.523148076810119989e+00 6.143475249831756635e+00
3.139907356427665608e+00 5.653948669145200334e+00
1.084978065252082935e+01 -5.875374456618340346e+00
-1.585736451325860052e+00 -7.531597646516893896e+00
-4.654322842865186161e+00 1.820531001852924380e+00
-2.081406034392487392e+00 -1.066573669976914385e+00
-2.904184331148375264e+00 -3.760677527840811774e+00
-2.678906600451364639e+00 -3.943668526524697349e-01
-1.154017537889543865e+00 6.092273849634893601e+00
-5.063737783385992230e+00 4.358227287274823780e+00
1.034240722422076786e+01 -5.735620897761486425e+00
4.983538088076945094e+00 2.820368386520983872e+00
8.365913644452405151e+00 3.607764494628228569e+00
-1.392630690389748294e+00 4.064965409695251441e-01
8.199435929050489236e+00 -1.936507781176412424e+00
1.097135490229869959e+01 -3.801174810213817423e+00
-7.483311783151344265e+00 -1.375547276423381371e+00
-5.434084180805855091e+00 -4.663283103645275318e+00
3.605535826121794241e+00 2.715328187306358387e+00
6.036373710266359716e+00 1.020784686765523031e+00
6.493062081711281408e+00 5.882292299433351523e+00
-2.601244911161457729e-01 -2.674235296679246421e+00
-2.674751335747526326e+00 -7.629559967744634186e+00
-5.623415609770083812e+00 3.616593922819481222e+00
4.197282350689516939e+00 -8.443391376182916019e+00
-2.199552077822269691e+00 -2.571023062975915430e+00
7.482879738660967561e+00 -2.484795033772641659e+00
3.508646692098033038e-01 -1.754253362325769672e+00
-7.572264576597636854e+00 -2.401536764818998915e+00
9.796466422152406039e+00 -4.169009888136731234e+00
4.920197465999285313e-01 -4.519280331977373777e+00
2.342401062753173058e+00 -2.095032914406065316e+00
-2.782080864262623798e+00 -6.272690234531193454e+00
5.730480043206391372e+00 -9.366832732560920860e+00
-1.880095369606755273e+00 -2.665578795836206716e+00
-4.285743542794500094e+00 4.646230064538699800e+00
-9.286816292491893776e+00 1.883541357582592113e-01
5.915272430941556081e-01 -5.889947943187406665e+00
5.324722021538590866e+00 4.749342119359729608e+00
-2.011106300399461588e+00 -2.323070341706125141e+00
6.014917683179270114e+00 -9.359839902833384073e+00
-5.374246465393668348e-01 5.160881946928704167e+00
6.387792265017142590e+00 3.846077911622970635e+00
-5.556863753566873676e+00 4.484583766708194474e+00
-4.388764543798080453e+00 1.027827141437129832e-01
-6.570551207299759611e+00 -2.210751365727444018e+00
1.111442199349996773e+00 -5.084826965904790441e+00
-2.742079367004135459e-01 -7.856152592684818359e+00
-1.286989321715037882e+00 -1.855730574667168398e+00
6.730564648493798430e+00 -9.350906938946007330e+00
-1.280774121819690414e+00 6.801201894210942456e+00
-7.864987509697410673e+00 -8.632641956877313838e-01
3.505179946386271617e+00 3.980087774539885270e+00
-2.069576914741757978e+00 -4.618628682006833408e-01
-1.372598262600102093e-01 -3.210605892043850496e+00
-5.528791852598375023e+00 4.567715255210625713e+00
9.159098919263959360e+00 -4.810576735087193079e+00
-7.223058012337949529e-01 6.453681310081298861e+00
5.471348044889462692e+00 4.067614143733210064e+00
-3.090677462308984325e+00 4.072496923940683189e+00
3.806070063771560097e+00 3.712252122493040041e+00
-2.726578342842699065e+00 4.980491088307239522e+00
-6.216789841731781507e+00 3.655817906111247240e-02
-3.482299865221945456e+00 3.289247934055878453e+00
1.053662588863746663e+01 -4.015365247083097167e+00
-8.088510314530633849e+00 5.109400539659051610e+00
1.011758382326766847e+00 -6.745646033359343541e+00
8.225993501321138268e+00 -3.883518971435351741e+00
5.529144150968989813e+00 4.208299544751072041e+00
-1.611806651240963451e-01 -3.264895674267816350e+00
-4.071687048404014853e+00 6.069026521493816162e+00
6.534831591775007276e+00 -8.859181130794860692e+00
-1.544015156214162632e+00 -4.623202680573403001e+00
1.517369488526476573e-01 -1.967259009085882804e+00
5.327993821998552981e+00 5.439297877763051403e+00
-2.146371249047624996e+00 -1.870690993869026375e+00
4.734154476506150289e+00 -9.221721370682628205e+00
-2.106035086859804561e+00 8.221120836901803841e+00
1.388760552509497259e+00 -3.893346018109671292e+00
-4.638569162916840405e+00 7.180689027659566293e+00
-1.738799382429633500e+00 3.718719332108884501e+00
-2.839160465370961450e+00 3.063309099514321954e-02
3.307822561996326183e+00 -8.888988094522728645e+00
-1.218012244901993224e+00 5.649730174535397609e+00
-4.099381391621658821e+00 4.472442951983567561e+00
-3.358142525569523862e+00 2.572617877576586665e+00
-2.969626778144451418e+00 -2.282179297494975501e+00
-2.905460049295092162e+00 1.485094405730085221e+00
-1.409437235427338120e+00 -2.052574109375993938e+00
1.078769138962183405e+00 -4.899348602663254226e+00
-7.292814910627472891e+00 -2.129676800750755383e+00
-4.989274854631555733e+00 5.404041012652269771e+00
5.266036117222083313e+00 -1.078559603693036806e+01
1.026910395645868235e+01 -3.983638357194233315e+00
-3.614434322995261795e+00 -8.453946333100077482e+00
-6.356231766822019402e+00 -2.378204777518126534e+00
-2.173209735287619182e+00 4.820508205362373566e+00
5.800707775325792959e+00 -9.216663263002471851e+00
6.450974215346274576e+00 -9.085837209564836314e+00
-2.541173545811243883e+00 -1.105578796992135127e+00
2.359736481475782632e-01 9.169317097596342947e+00
5.884595519049899082e+00 -6.156344526478077839e+00
-5.449065086298097604e+00 4.393053543859859467e+00
-2.905779533260390401e+00 -6.737730382650675587e+00
-4.219195186077975279e+00 7.373651061952307906e+00
-2.821683715533667591e+00 -4.563843032763688079e+00
5.450300010034501597e+00 -9.417282626729917894e+00
-1.900079953269753652e+00 -9.353302535182912436e-01
-2.113364645848454959e+00 -1.134108055829186279e+00
-6.378645312098856213e-01 -1.425502156687486366e+00
5.015149195907257607e+00 3.318969760768701871e+00
-1.737327886434011592e+00 -9.232770060938799705e-01
-1.011325139294019904e+00 4.407799378635278487e+00
-1.997664362551941242e+00 -6.198165689109350396e+00
-4.056688656984558383e-01 -6.768671255060668912e+00
-5.645874585436897464e-01 7.251578709750138962e+00
-5.924001437763393163e+00 2.041423508661944997e+00
-1.444710258325296204e+00 -5.763086092507853309e+00
-1.781597567844953156e+00 4.517926278872388401e+00
6.393434807489906113e+00 3.502813533698387438e+00
-6.015108479370310235e+00 -9.403662575648488176e-01
1.519358058475467121e+00 -6.655459453462990282e+00
1.078177420251866891e+01 -3.587845853083244219e+00
1.053374733217263781e+01 -3.484920101547850813e+00
-9.693945979847109484e-01 -3.791929296845452324e+00
-4.082880831046710846e+00 5.892150533611202334e+00
-4.847495599606146399e-01 -4.140088836219357304e+00
5.796345261455314812e+00 4.884223413302904326e+00
-3.793817754173356871e+00 5.043612083756094933e+00
-7.605803349142497893e+00 4.967154883932917819e+00
-6.687663659860903387e+00 8.472883453038983603e+00
-6.846671238711976137e+00 -8.658033101739440740e-01
-7.376350350693508418e+00 -7.193453609714927088e-01
-1.439448068173567741e+00 -1.710749376216483819e-01
8.543852805590455901e+00 4.974040956676607728e+00
1.087596434466030182e+01 -2.950938217865163082e+00
4.060721560772035943e+00 -9.025730468662636952e+00
4.933818165863596228e+00 -7.950234418558230765e+00
-6.110942456120510791e+00 -2.340757846864892855e+00
