9.854286277330809085e+00 -5.882909454361511692e+00
-3.702818062934285059e+00 -1.081040498723455423e+00
5.182887388814507723e+00 -1.033642825916764352e+01
-1.562086747542864362e+00 5.822931385388718795e+00
1.545635624064799263e+00 -5.195372568441427141e+00
4.586137533858867243e+00 4.271782326894032700e+00
-7.095869721263627916e-01 -2.834805614510021776e+00
-2.949605172812841403e+00 -1.852661357495345662e+00
4.402129720978082972e+00 -7.628801413127000330e+00
1.277086276269338239e+00 -4.195940734996313815e+00
-1.201356397852582525e+00 -6.690805205031289837e+00
-1.519840014208753143e+00 -8.092357419331056567e-01
1.626993355590898194e+00 -5.202581625453450265e+00
9.687779053570471532e+00 -4.408655642168224809e+00
-3.190871348280765130e+00 -2.815585517558543138e-01
-2.269971279886325188e+00 -2.867721586533577671e+00
-2.204385871672978059e+00 -1.556657431353921206e+00
1.350978842469493957e+00 -2.729959043874659486e+00
-1.738847490345282409e+00 -1.282582583797035714e+00
1.123143855919420808e+01 -3.511629926947672953e+00
3.867423530282649402e+00 -9.616371301705889607e+00
1.019421770075862099e+01 -4.194784299441712605e+00
-2.099394438403473728e+00 -8.022080757101379689e-01
-7.104895760879511357e+00 5.124491461123211522e+00
-1.018593422554502137e+00 -6.656159667055874252e+00
-2.240046513806140283e+00 7.982777877824085877e+00
-8.331480581719118206e+00 -2.736850091670477880e+00
-1.415795582573107891e+00 -9.352325498958846683e-02
4.049058353219117556e+00 -9.207987277682063265e+00
2.008769721647177597e+00 -4.428068585167943105e+00
-6.383410520184588322e+00 -2.897876312693804302e+00
5.379514928784641548e+00 -8.776116731126514026e+00
-2.050464345865506743e+00 -9.580500318168495566e-01
5.101343530959105976e+00 4.050396935309072077e+00
-1.098370867958355257e+00 -6.733103716484898804e+00
5.416234155464668909e+00 6.873921231486309402e+00
-2.919854230393347461e+00 -2.402798156297571097e+00
6.026812335886763350e+00 4.093630216113315790e+00
-6.870168103117177960e-01 -1.886903501207134237e+00
-1.687616714547906183e+00 5.102282562679397060e+00
-3.404743176500291124e+00 -1.871596256964717542e+00
5.753343765020431100e-01 -8.547234402981219725e-01
-2.170765534062490953e-02 -3.622221317318884637e+00
4.100348310625053116e+00 -1.005416661240083798e+01
5.667635382541377886e+00 -7.909961712788421195e+00
8.473867320285807025e+00 -2.197178122082491747e+00
5.987306387850154010e+00 -7.305606509127819947e+00
-3.310383497254498764e+00 4.951133211280475344e+00
9.025975240924246634e+00 -3.333006479399560185e+00
-6.410933841166588820e+00 1.024640263867597767e-01
-4.386810554943712859e+00 -1.556140054203291267e+00
3.383030763655398232e+00 5.004722938323669545e+00
-6.744457553621894697e+00 8.075176833714108326e-01
6.196847409556927921e+00 -9.223345426339788489e+00
6.428904391322584289e+00 5.082906651876102799e+00
-2.020284608713899033e+00 6.192013107607297506e+00
-1.077215973694839235e+00 -5.621823493637820413e+00
6.689926100679892684e+00 -1.165060839073028909e+01
-2.490391238936187968e+00 -7.213834503230264872e+00
1.114588628986701302e+00 -3.667114318119816474e+00
8.920864724000811208e+00 -5.764379660517221282e+00
6.703552682577360144e+00 4.264128518809736867e+00
-1.096936094214964186e+00 -2.401665491874669378e-01
-9.709948339354128599e-01 -3.686301333569133032e-01
-2.479035881015098752e+00 -8.551972051256029328e-01
-4.617215024087569120e+00 5.809893907340120123e-01
-7.944586795071181484e+00 -2.244178327679007712e+00
4.649523856013537682e-02 5.709292439363148119e+00
-7.001416510840798857e+00 -7.897029627856496647e-01
-1.809466036008050116e+00 4.279557732237845968e+00
-7.335953524868600084e+00 -1.631318713140156751e+00
4.148439698802519615e+00 3.953691793031777646e+00
-4.425568302766933471e+00 4.126122353602905690e-01
8.531272063790590110e+00 -1.428627844716070072e+00
6.534077336598414831e+00 -9.420668179965362654e+00
-1.851461364760313533e+00 5.793856256512591507e+00
3.864629118621311310e+00 -2.804899425409657088e+00
-6.847925826350808265e+00 -2.461915321294743997e+00
9.866302514918219302e+00 -1.789955707872381119e+00
-6.142169218926666119e+00 -8.342388787361343372e-01
-3.631456454416484014e+00 1.031249859706344640e-01
-1.473714641703986361e+00 -6.934986901370107759e+00
-2.497880402770216612e+00 -6.086611133938468754e+00
2.942812595983754775e+00 -3.944887186411596858e+00
-3.353814918731049310e+00 -4.761546961236008402e-01
2.736890365660030966e+00 -4.778574156547815477e+00
4.282038828047902701e-01 -3.809273723749373008e+00
-4.947055134675514054e+00 2.436162335544658664e+00
-7.762857808969614304e-01 -4.813826829161889975e+00
-2.675919154992882465e+00 -1.182101088375890230e+00
9.086078799490815427e+00 -3.516863388439384064e+00
-5.339150886121974082e+00 3.408846768763379664e+00
-4.647718155162022136e+00 3.228255983867490908e+00
-5.988004753387858869e+00 -1.603819415951690530e-02
1.816663869337486581e+00 -2.661439703623788233e+00
-1.298246003219027944e-01 8.933910292932404573e+00
-4.463412423873387880e+00 4.089998127695836594e+00
-6.043821825083091070e-01 -6.734147971482471462e+00
4.901052570206744230e-01 -2.786096157613678681e+00
-2.977179027019103863e+00 3.422193268850565850e+00
1.765435995378070277e+00 -5.032917300925440429e+00
8.355057685405320456e+00 -5.588279205476239575e+00
-2.415813225305961875e+00 -1.380765112270829320e+00
-6.061693530799556306e+00 -2.438815553747794684e+00
-2.540273432741607884e+00 1.685838617174042486e+00
-3.611898400561914801e+00 2.592895564700766542e+00
8.327983658922804011e+00 -5.394505448475551468e+00
-1.994082523826095965e+00 -1.932687759244498205e+00
4.522904379425567001e+00 5.619889100444755314e+00
8.367838010747652433e+00 -2.705405305660589566e+00
-6.730702765971197543e+00 1.311437892804940386e+00
4.013072948842379084e+00 1.921560273290404020e+00
1.109569292579569044e+01 -3.627656087517998174e+00
2.128118691111117178e-01 -2.888633217687144317e+00
1.022770732277012762e+00 4.548127067770508347e+00
-6.298511210734605292e+00 -1.444971121236678258e+00
3.293737340721785145e-01 -4.174424401067420298e+00
-1.995774974828184334e+00 -2.656911333828412491e+00
-1.198100415263877228e+00 6.281567340105445041e+00
-5.130726372137335289e-01 -2.245128038656709624e+00
-7.037277012521271580e+00 3.629056968525579130e-02
-7.264105940381094584e+00 -3.722640961306614926e+00
-1.099002159404446344e+00 6.127885661787344951e+00
-2.282840260300481372e+00 1.147269137668167627e+00
7.091424804954221450e+00 -5.106451161850004361e+00
-4.317992491879805605e+00 2.765309138134392164e+00
4.836726525338451155e-01 -3.772103087876860439e+00
-1.932215416934297991e+00 -6.348181885768617860e-01
6.872062204617248593e-01 -5.456486617355849944e+00
-2.783280997732815898e+00 5.780609847527568235e+00
-3.680121620360827794e+00 7.328914238663937653e+00
-8.032747525754501794e+00 2.259534791150676458e+00
6.309546142064931251e-01 -4.650555470124860591e+00
-3.264592213496847251e+00 -2.566532835405299195e+00
-2.403357558047323206e+00 3.986190456937875659e+00
-6.919340834634477133e+00 -1.023204807458473642e+00
-6.399595183159386025e+00 -3.478193953586459664e+00
-1.586389463155822854e+00 -8.531168881381459457e+00
-4.379472822650566144e+00 1.509535497320945385e+00
8.675909557234302127e+00 -2.425098372294678839e+00
-7.037861406035335055e-01 -7.822365958738590752e-01
5.175042520387492573e+00 -9.996545010594774183e+00
7.831817212866508449e+00 -3.077263819506326215e+00
-2.643753212381556139e+00 7.056843782098895623e+00
-4.891328367347895778e+00 4.851964340365747752e+00
-5.641435615918201307e+00 4.354355943373453108e+00
-3.769319994822041942e+00 6.051510464479409102e+00
3.154951865568733638e+00 5.541248228307169121e+00
-5.212672562581484925e+00 5.305861004372261824e+00
-3.393995580409215229e+00 -4.061597805560232644e+00
6.457718084512591439e+00 2.956768489664940880e+00
5.004942814209895730e+00 2.754307545853902361e+00
7.926561140632032654e+00 -9.737002129986267462e+00
1.400159531526001810e+00 3.111864934192221543e+00
-7.071360964407482186e+00 -1.461195160755437650e+00
5.990306672431069401e+00 -9.891267636598700008e+00
-3.322703815646734338e+00 -3.487288391615201988e+00
5.738973821434709688e-01 -2.933776503115873346e+00
5.596928125121960917e+00 -9.523295190876959637e+00
5.356379181979447068e+00 2.324961951428696327e+00
7.750086121327008470e+00 -4.658246145749538769e+00
-3.632520237542391062e+00 6.236613603253386984e-01
8.348436463069150548e+00 3.764689214469952194e+00
-2.124212076403086957e+00 5.879236599683033582e+00
-2.119250378014343017e+00 -9.400209728417944888e+00
1.391794067769050791e+00 -4.850418022453741429e+00
7.800918246483323770e-01 6.508322024947550410e+00
-7.260994417996098349e-01 -3.279419170158954344e+00
5.637049615365257615e+00 5.597056863107484403e+00
-2.348592872917904639e+00 5.616053874419870695e-01
-1.588061408346270964e+00 8.956127471075118862e+00
-6.203477525770187739e+00 -9.567154396179131659e-01
1.871836682855335887e+00 -4.088059040044756287e+00
-3.442392661207637872e+00 -3.801124844080139731e+00
1.742033042662780584e-01 5.865981718287462066e+00
-2.951174083621394661e+00 -2.473541281922867263e+00
-1.992627040933130145e+00 -9.389180663951376404e-01
-7.194417694587018630e+00 3.523736114057831603e+00
-2.207834522008815803e-01 4.942977379629092560e+00
1.084561017029612984e+01 -2.769095781510886312e+00
7.851840022427206023e+00 -9.408054678917473268e+00
6.883298623457405618e-01 -7.531485666290447689e+00
5.989085756830170304e+00 -1.034185170088983696e+01
-4.320685439018859597e+00 3.856898490002580449e+00
-4.979287079470147148e-01 6.142584708227516899e+00
-1.852340136572281359e+00 -1.757855327273691870e-01
6.134684033870590802e+00 -9.417478563861212848e+00
3.445648553457013374e+00 -8.948110706556567706e+00
8.193786713699488189e+00 -4.368691314225640276e+00
-4.176620592705476476e+00 6.759441093280331714e+00
1.713878186916780066e+00 -2.777896861562997088e+00
-5.160594206287283825e+00 4.318237835467852115e+00
-1.570852756135211026e+00 6.043625976082345197e+00
4.993901609726914437e+00 2.684931388542268760e+00
-1.218557812472278234e+00 -4.520690414328025319e+00
-6.923339587144881069e-01 -3.514432557530353662e+00
-2.390266295367706739e-01 -1.102827407517944946e+00
-2.574519677336700951e+00 -7.861600576556792674e+00
9.781420703806288586e+00 -3.799885219690595228e+00
7.630525259531121485e+00 4.818801420063316243e+00
-2.748580003011552364e+00 -9.714495170924098977e-01
1.858244163363058643e-01 -7.729897348707035931e+00
-4.879217287307128892e+00 4.689957152774844928e+00
-3.093317632923189731e+00 8.176871463174393284e+00
-7.555347367486755061e+00 -2.249191904990227808e+00
-2.729554403302486776e+00 -5.993088637605468172e-01
7.143228381222989753e+00 5.009282305532364532e+00
7.856201959899166809e+00 -5.239105969975760502e+00
4.772067852226390627e+00 -8.796785667779401408e+00
4.953862229384726312e+00 -1.020959100966200062e+01
-2.291740398970961934e+00 6.705462423549026774e+00
-7.003116542193448701e+00 -1.004972587563186304e+00
9.127992998774443478e+00 -4.067941632236371063e+00
5.400709385736185197e+00 -8.982033419465491164e+00
-3.031875707884283067e+00 4.943186068995765403e+00
7.278890061995621608e+00 4.325423234139964990e+00
4.665274527040775610e+00 -1.029826593941377944e+01
-1.110626245998168171e+00 -2.634713733370736666e+00
-1.114384028160319895e+00 9.701003608664667155e+00
-1.884594023418936892e+00 6.658254409841780408e+00
-1.989261569231169924e+00 6.317048503393666969e+00
-1.068627187664274558e+00 -4.981840839436740609e+00
-7.234404774596302268e+00 -1.677745477462468049e+00
6.851883001555753694e+00 5.222006278989621109e+00
1.224627583136439712e+00 -4.775889515565626908e+00
-3.529514090924419367e+00 -4.580208999556768745e+00
1.818053285047167122e+00 -4.134948832863392099e+00
-1.102842623000145350e+00 -1.810434663441689906e+00
4.824660087061134917e+00 -8.200991250076715033e+00
7.546717459800595051e+00 -2.373317063141027639e+00
-1.068565237320202588e-01 7.943247523132141552e+00
-5.145552987924998378e-01 -6.103864058840938078e+00
1.547291572701639861e+00 -4.643615003867778590e+00
-1.521676803392956634e+00 7.479048683305421719e+00
-8.400091184570191771e+00 -8.846083114942853154e-01
-6.604610890775623133e+00 2.431596088232397257e-01
8.932635868313115068e+00 -5.227658421881450579e+00
7.113921957979952637e+00 5.012427645176214419e+00
1.041910157330337405e+01 -2.964927781007249408e+00
5.416284873159095348e+00 -4.095096302463018034e+00
-5.417710149481753668e+00 4.350383355029779686e+00
9.748450345603000500e+00 -2.835529188326344485e+00
1.319133714301330418e-01 -4.051409048390580914e+00
-1.546076852636789400e+00 -1.141639429420992613e+00
7.310927962290807436e+00 -1.038958082151494366e+01
2.713997522443499122e+00 -3.401095922171601948e+00
-3.357930906150438766e+00 -6.287630539860447065e-01
8.166972990346652139e+00 -6.811141491092657319e+00
8.374472705762038061e+00 -3.308020507389545450e+00
5.132554202283809985e+00 -7.267581618283346145e+00
-2.311314256867349926e+00 -3.638156295517307459e-01
-6.414989182172709192e+00 -9.496957622129116317e-01
6.782292989979199049e+00 6.644054874766871954e+00
-7.172133153211526668e+00 4.735097595334170073e-02
1.117036286125082256e+01 -4.787294616579330864e+00
5.780031054075679187e+00 -8.977300673649589058e+00
-1.553187154961791716e+00 -1.445063689032251908e+00
-5.894239024975786556e+00 6.115689524469255289e+00
3.986021050467208227e+00 4.516087309155748741e+00
-3.123282309479254337e+00 6.589517140863868860e+00
9.794165693032006459e+00 -5.260696259862874591e+00
-4.454274437526803965e+00 3.659932480731338700e+00
-2.353960279403895850e+00 -1.734955137163587402e+00
6.730934328158991953e+00 -1.073662984292183253e+01
-3.407678015252642911e+00 -1.650994860569399592e+00
-5.846827391972319043e-01 5.375944018394527291e+00
-6.555441029202675907e+00 -4.219471123205358332e-01
-1.387649328221507439e-01 -5.510114485986369104e+00
4.955351886846689702e+00 3.258451967134688765e+00
6.361306140896367367e+00 4.416219087369300134e+00
-1.386679671896111188e+00 -1.299310779966442730e+00
-2.696025699407680332e-01 -7.064955252782400663e+00
2.872203580705288140e+00 -7.701747223237168427e+00
-6.344829814952035463e+00 8.032148248615045283e-01
-5.836687227310461523e+00 3.862538358467819677e+00
5.611975304022003286e+00 5.053129580222056383e+00
2.357745651307139312e+00 -6.718210537327779619e+00
3.081959883474690187e+00 -4.579157906486834406e+00
-1.176167692740695214e+00 5.349050352328530877e+00
3.940138569022546999e+00 -3.768945206392756653e+00
-2.024881925473554833e+00 -5.797808636470473953e-01
9.459883343164428027e+00 -2.586374346756306952e+00
6.018493449756740610e+00 -1.085137638808670957e+01
-2.831898724344547258e+00 -2.006105049581415223e+00
7.425934108931268263e+00 -1.173593805723432837e+01
5.500998374142858083e+00 -1.141811312884996354e+01
6.533951407986036131e-01 -2.141734787546359264e+00
-1.090515041521204376e+00 7.420975830195438938e+00
-2.122910971374798450e+00 -2.397460654840191552e+00
3.833610982944986922e+00 -8.346258745850139604e+00
-1.395828576024229495e+00 -1.716236974525172432e+00
-4.836802074271171037e+00 5.959295324153029760e+00
-1.355915751639203526e+00 -2.684634803455198337e+00
-6.206532109297245192e+00 3.446474243259132209e+00
5.984234415816044317e-01 -5.906964998485712215e+00
-2.493678782993940857e+00 -3.269845015490521867e+00
-7.327509693228053678e+00 7.429905767205431388e+00
5.637718127976550697e+00 4.489373299299013631e+00
6.970654568999838041e+00 4.965750495294738442e+00
-2.615177133067693838e+00 4.302188799268448882e+00
-5.252082510638634183e+00 5.802152450841885134e+00
7.707861324500689726e+00 -5.146155435057831795e+00
-3.620969093670399541e+00 -1.933523692820056317e+00
-1.144996316486271981e+00 -9.145702484593731807e-01
-8.312596393776794379e-02 -8.108276870361301292e+00
-3.200112505317076028e+00 3.457205169126107425e-01
3.601819062851292497e-01 5.548473734127275847e+00
4.755971914057019134e+00 3.437927933605982922e+00
-5.927272847431372504e+00 -2.332709607811257246e+00
8.921964847598001569e+00 -4.119123949540167473e+00
-1.218241367585852997e+00 -4.153369968182576422e+00
-5.258758320937539033e+00 -1.465682106622132608e+00
-3.765166629737987325e+00 -1.921135687093604716e+00
-7.546674371654747304e+00 -1.975703021454124908e-01
-1.232919305412417454e+00 -7.772575941004733480e-01
6.633096479463523876e-01 -2.548649397518143900e+00
5.812229339110201565e+00 3.888106589678210323e+00
-2.672192219114115641e+00 -5.131631222986717811e-01
-3.035518079856455387e+00 4.924733969806599276e+00
-1.262843443871002336e+00 -3.825495061837427713e+00
-7.181654673525816435e+00 -1.252258875190878973e+00
-6.671247140517118090e+00 -6.294332299013866150e-01
-3.455650841547410757e+00 4.475577414100482265e-01
-2.638616435755333001e+00 -4.700976230954270640e+00
7.607211775146442534e+00 -3.113497045402898955e+00
1.004351977797099948e+01 -1.854959516386484042e+00
7.190166991484710834e+00 4.229759037825572499e+00
4.509351196291496500e+00 2.141894228024924018e+00
-2.429742451733066133e+00 -1.533267789701589834e+00
-3.884428758411602178e-01 2.190555822199790281e+00
1.132855475170877391e+01 -3.023077533165402286e+00
3.893829199125613094e+00 -7.883523050512049934e+00
-3.196019607146519004e+00 4.100066136694191954e+00
-3.325923142968224777e+00 -4.305653348085655807e+00
1.017361796061238266e+01 -2.326317288203619604e+00
-1.379192039106772016e+00 -1.588724942681186025e+00
9.921150408314430180e+00 -5.124440992358520575e+00
2.182680340329330448e+00 -3.273011008167086455e+00
-2.907317610967245169e+00 -2.107089970806765855e+00
9.072591055408503635e+00 -5.071496595084693304e+00
-6.687698454433503414e+00 -2.883389869411008277e+00
-1.733388823704413717e+00 -2.363569974390756556e+00
-2.999195858770185463e+00 1.162998303596742389e+00
9.805350681571891158e+00 -4.267672278846279532e+00
-1.368813297457034395e+00 -8.127094589030308125e-01
6.013432949551011930e+00 -8.802706382254800843e+00
-6.844463489115651278e+00 -2.212169255949440139e+00
-7.038750760962042108e+00 -2.519000352428295564e+00
-3.810848919851300920e+00 1.142428501150046571e+00
4.301462377935004966e+00 -1.090706749261302022e+01
2.834797376218492815e+00 3.061037051190713676e+00
-8.643665644810365478e+00 -6.597371102085900496e-01
9.887971407796081635e+00 -5.254473620529607203e+00
3.309554655713669913e+00 5.102162591943650405e+00
-5.358563613712258089e+00 3.741337159360509368e+00
-2.473594175410068097e+00 -3.290959388587652690e+00
-7.918639093827772868e-01 -2.909107583354521243e+00
-1.282367126316938721e+00 -3.015392005735855641e+00
-3.665857724287960195e+00 -1.291972478849907180e+00
2.017806648147533188e+00 -5.579459220217151127e+00
5.664146590630861233e+00 3.819488619043688971e+00
1.379826996931939886e-01 -3.177053405621914628e+00
6.700040082408913911e+00 -1.014479917534316478e+01
5.602006538625591503e+00 2.240908721454628605e+00
4.172720340542557693e+00 -7.206712211561937309e+00
8.492958344542946847e+00 -5.361415112649713599e+00
-2.035854302690922601e-01 -3.999458709520337329e+00
1.085260810636038897e+01 -5.008331521353406757e+00
6.048242360920920824e+00 2.316772109089739740e+00
-4.493209829131127542e+00 5.961759919786430828e+00
4.190741150843064755e-01 -5.453132043535362072e+00
1.527973686369180184e+00 -2.762249970553654954e+00
-7.375798432181966291e+00 -7.751034723333471987e-02
5.057621643009619916e+00 3.546555008424923106e+00
-5.937053308137249630e+00 5.191192277452825188e+00
2.472508234674377636e-01 7.836001962793022635e+00
7.542527144754425095e+00 -1.225075694364064205e+01
6.918804897421597655e-01 -4.912986980850601704e+00
-2.058835931948885367e+00 3.405857224825787899e-01
1.981860628779747779e+00 -3.175551926934309321e+00
-3.968154434324982383e+00 5.884345354466149480e-01
-9.704526123316725705e-01 4.344688000157859165e-02
4.152601752174367000e+00 -1.491305505149567612e+00
8.691369853537700862e+00 -3.972561016721533722e+00
-2.926896165152301332e+00 -4.033360499815652478e-01
-4.935621145801105669e+00 1.377065984620164274e+00
5.787192831832065565e+00 6.487803838850856764e+00
5.491462000711940128e+00 -9.158791555068056311e+00
4.084833106695687777e-01 -3.899777212760318523e+00
9.825149882351848163e+00 -5.107868648631585629e+00
4.302727093102595823e+00 -8.283955035486012974e+00
-9.074920678711123401e+00 -4.516471689129039069e-01
-3.612925934895424795e+00 -4.667192939685715913e-01
-7.093072824947518562e+00 -2.155178457165694894e+00
9.207716664696130593e-01 5.964625741320133123e+00
-6.040249135669986558e+00 4.598454529904773658e+00
5.193415045419246034e+00 -9.960924335666531348e+00
1.067909017553550610e+00 -3.249827076354065980e+00
-5.080303194585487958e+00 6.329306962269622971e+00
-1.513351846284265445e+00 -6.587839043680012274e+00
8.839797236410543491e+00 -6.253279610344729456e+00
4.559713465567180712e+00 -9.881362541099722563e+00
-6.412233397803327684e+00 -1.081544980260759292e+00
-6.614643129641061270e-01 -4.807590949015071224e+00
2.081030590873836239e+00 -3.229346614111789027e+00
-1.521904817583886294e+00 -1.091884919949500876e+00
-5.166615929222991177e+00 5.597107264760267320e+00
-6.223086303301354150e+00 -1.964841465660772002e+00
5.729033416648284138e+00 -9.296983192061533785e+00
6.757915374977409684e+00 5.040195170243027434e+00
-6.689492130582999074e-01 -7.388571016258770108e+00
9.065188329670053946e+00 -4.820152884732570087e+00
-3.321170144019701453e+00 4.341370794399661115e+00
-3.708366386198475695e+00 -6.184328022422148408e+00
-4.449396695527996215e-01 -1.518073404616391953e+00
-2.380029099323067499e+00 -2.765095265203085351e+00
-6.526091736632760210e+00 -6.661335449783791773e-01
9.582690858417228341e+00 -3.609063987232985049e+00
-1.647591008635904686e+00 -4.895310499471467125e+00
1.153403525554571596e+00 -4.702463554433506054e+00
6.807767442371184252e+00 -9.136856965281552334e+00
-1.894326743216797393e+00 -5.138438581629931612e+00
-8.431891864044510854e+00 -1.184364734536670571e+00
-5.624297271899613371e+00 1.376559054065981336e+00
5.892345264744903943e+00 4.327326315793042610e+00
1.535493008290346406e+00 -1.114140359241735823e+00
-6.856239881068094677e-01 -5.912948925405660638e+00
-6.709947868634129620e+00 -7.486263720458676829e-01
6.454884981154928703e+00 5.522792416668855786e+00
-7.831250873278669644e+00 -2.265030533039459559e+00
5.897732957507397344e+00 6.060021586255221138e+00
6.542337754136258177e+00 4.440591761783327485e+00
-9.168184616568522571e+00 1.541431088208717881e-01
1.096647667964757389e+01 -4.839245531827883084e+00
-5.646988790686690685e+00 5.764515293256526896e+00
-3.182182714789852263e+00 -8.294217498193189320e-01
8.298919437786821618e+00 3.941593860461766408e+00
-4.418187427138270396e-01 -5.842216848301964305e+00
-5.055828104729694239e+00 6.584929537126068766e+00
-1.870459094850335457e+00 -7.174103534655868586e+00
6.172308393140916394e+00 2.981235436048993215e+00
6.999179289386991520e+00 3.038162455424686215e+00
-1.350356352293048623e+00 -3.376104538953822676e+00
-6.531103389404457893e-01 9.177412281665102256e+00
-3.484613059860363737e+00 2.582523920568096099e-01
4.330506352102216461e+00 5.133345949447218004e+00
7.404279854595986476e-01 -4.948351698039989088e+00
6.944572743356209443e+00 -1.095618031472368337e+01
-1.452754648122660086e+00 -3.913443075197294174e+00
4.474778073412485568e+00 -2.038428749685935237e+00
8.825470313339220496e+00 -4.135334013482937721e+00
-7.246310038887760818e+00 -2.405097378803470853e+00
-1.846763165373904503e+00 1.611115401822775794e+00
1.012784474136817714e+01 -4.752956529476758618e+00
-1.143278992520843307e+00 -7.971177377632937544e-01
-8.170162629874814231e-01 6.568052472628222560e+00
6.479584396511460120e+00 4.028128902725097049e+00
-6.230795329545214756e+00 -1.559255597433121920e+00
-4.162909950893284972e+00 5.924110050695049701e+00
-7.655355431571744251e-01 -2.262727599457939220e+00
-7.777604328110900411e+00 -1.841068058134498031e+00
-6.879480072786200218e+00 -4.861353528373097976e-01
4.605384501675111597e-01 -2.426447771991373514e-01
-2.981755683002536017e+00 -3.273251838680243164e+00
4.772652082299563503e+00 -9.881642944246253890e+00
-4.799033836811505083e+00 -4.430973510754482980e+00
-1.616029139124587122e+00 -7.188533385906945128e+00
-5.256478041145209446e+00 -9.448069887386982835e-01
3.957014781908287482e+00 -6.133026349582678449e+00
3.308814817267106356e+00 -4.744359117589215025e+00
7.181801161659322474e+00 -1.081494028584116940e+01
3.489970640769744836e+00 3.876253176827228586e+00
-1.891375132554869110e+00 -5.677421597415748700e+00
-2.485796275509386533e+00 -3.125913335269247195e+00
9.971975679754955024e+00 -3.637914140448110345e+00
2.160590127992677356e+00 -2.512045682786150813e+00
-5.575200691589239810e+00 7.184836491778334278e+00
-6.742513930798706978e-01 6.305538601028574774e+00
6.527882564258544740e+00 4.602290080043541565e+00
-1.522113904268769913e+00 -4.255547101513785790e+00
-4.480928880690341565e+00 4.569791970477805165e+00
-1.621690476591801655e+00 -1.429704526625854122e+00
-3.163924238099169894e+00 -1.948190441250530203e+00
5.615228459053593468e+00 4.422365134248750884e+00
4.701871003712358998e-01 -5.497267417622328622e+00
9.477642854840008013e+00 -3.150873601280392844e+00
-2.585469187296585147e+00 7.628703764555220701e+00
5.262481714583007175e+00 -1.349434980224656755e+01
-1.929232164202728583e+00 -4.942272171316915319e+00
-5.516026414582919646e-01 -4.842244124215194567e+00
-3.009817240696960994e+00 -1.350197966976370623e+00
-2.185370691687431588e+00 4.981988558632533426e+00
-4.973488156871017196e+00 -2.172678531589840034e-01
-1.034557490751004671e-01 -1.071879157820440742e+00
-1.590719628590319346e+00 -2.525293669266720720e+00
5.552966496654136108e+00 1.758440939502849965e+00
-8.286318847712774716e-01 -3.767192198759850008e-01
-1.013935931391757750e+00 1.073034050151029817e+00
-6.154311916869885657e+00 -1.024084271427856851e+00
-1.622255286403536889e+00 -5.858487791010594137e+00
-5.399404923244383703e+00 4.347093114803256775e+00
6.238543362462328545e+00 -7.784014524398123136e+00
-4.586599070402554545e+00 -2.589388359122485106e+00
-2.011274066826740814e+00 -5.620102223981550793e+00
4.270364746255241872e-01 -4.297433389163433759e+00
2.191872904878803485e+00 -2.765426922049247782e+00
-4.148924056563442875e+00 -8.429056626392982254e-01
8.699899839418762326e+00 -3.349573568668746226e+00
3.808472565816979571e+00 4.196388850162664497e+00
-2.565416357194136410e+00 -7.425919822925854064e+00
-1.947696097331086396e+00 -5.377715597581476104e+00
-3.101839103054893521e+00 -1.748698827298067915e+00
-4.580533356581128146e+00 -2.112655551902810735e+00
8.093202853947097708e+00 -2.928979931046925334e+00
-7.067965958428423789e-01 4.222389364123021238e+00
-2.867905667574938811e+00 -2.462215067622214537e+00
3.804555803907176070e+00 3.572033067265036888e+00
-6.773413598658816426e+00 3.787400950738172511e+00
-9.278575210538595464e-01 -2.987681848264057916e+00
6.289251702348283679e+00 -8.147875102040567086e+00
-1.428647680704844269e+00 -2.619752495713167040e+00
5.841751990083383639e+00 4.166352832736291312e+00
9.918588322442372096e-01 6.709350317882108783e+00
3.738223168365947480e+00 5.425414695149360256e+00
1.040524818124598561e+01 -3.684710013517642491e+00
-2.065150014003710233e+00 5.742207714952082931e+00
-2.172996622040315629e+00 -5.723641135512669287e-01
-4.014495970585723050e+00 2.353592792939967815e+00
-3.506258706314350437e+00 -1.525909542258251150e+00
-2.524765769535351811e+00 -1.476314810655713794e+00
1.144609292527997013e+01 -4.236161176285027530e+00
5.034094669076107031e+00 -1.182405498967547430e+01
7.070594413493341612e+00 -9.881957536845606072e+00
5.251685457303452154e+00 -1.077590535128202376e+01
-4.375398214677113096e+00 2.865203751986468816e+00
-4.018622896424634661e+00 6.680394930317414826e+00
-9.023440007557743670e-01 -6.549817824617075068e+00
1.259288658422989648e+01 -4.660359738983465228e+00
-4.647197173230672718e+00 4.377809309842062291e+00
-7.676849196012014431e-02 -2.299327991207213540e+00
-1.118441598641051193e+00 -3.739573267919865884e+00
-3.761013065423825186e+00 -2.150744582325482934e+00
6.068463761381372557e+00 -1.052044053530034162e+01
6.710310664456100582e+00 4.250351738296371806e+00
4.493747477697400683e+00 -1.000990964318877552e+01
7.268582267186072698e+00 -1.004833338047918900e+01
-8.103975466531730731e+00 -1.804219515149374509e+00
1.806581789941636762e+00 -4.294564411547031391e+00
5.506437699045563683e+00 -9.037350917215249524e+00
4.329240388435910969e-01 -9.380366123799541711e-01
-9.572160926709241124e-01 8.112159564772152720e+00
-7.024324511522775261e+00 -1.246972582226514081e+00
-1.575006926218997183e+00 -4.488530819227637636e+00
-6.460873236732377123e+00 -1.363064988550166667e-01
-6.559357100035409616e+00 -1.578351552297678762e+00
-7.152445903388588988e+00 -2.011259358922037777e+00
5.917340925411319397e+00 5.889787735358192222e+00
-1.795654595150791399e+00 -3.255934869919286712e+00
-1.793943880103875621e+00 6.572763985126680808e+00
1.399833417202055452e+00 -4.417934172640802792e+00
-1.092733686285615846e+00 -1.063776069706604321e+00
-3.501482266433544321e+00 5.498466398692018586e+00
4.208299985947725474e+00 -8.161487006964485147e+00
9.763238110508715151e-01 -4.991193505016395804e+00
-6.093589764001543507e-01 -4.815568019953042622e+00
-2.210853027283377958e+00 8.384288556791833713e+00
-6.919180733841882258e+00 4.994758262110336133e+00
9.885091243706927600e+00 -3.355265763253787892e+00
-1.131782359532670146e+00 -2.475023926273039798e+00
-4.943899139653978203e+00 3.789169264821911298e+00
-3.804952565951156274e+00 -2.164129815710004845e+00
-2.404688354011954576e+00 5.132556620043827067e+00
4.820789574255687882e+00 5.975358757579793512e+00
-3.302671438459710007e+00 3.423309975536072969e+00
-6.502211645973503540e-01 -3.244703731160134996e+00
-3.499801977265349695e+00 2.710530403735466054e-01
-3.170797516897992718e+00 -1.153266100919947412e+00
-4.308955865281172137e-01 1.278072043391285995e+00
-3.915697907509110287e+00 -4.862951280438365664e-01
-4.721459986464028979e+00 -1.508927361863846350e+00
-3.144080572681756447e+00 -2.296461087715566229e+00
-4.257145069047380659e+00 -4.403989825829691895e+00
6.125906813164249343e+00 4.233892960651118642e+00
1.531259606861972156e+00 -6.055763496547337255e+00
-3.893659117692802152e+00 5.304859631206872095e+00
-1.401428092085369226e+00 -2.236660202282013454e+00
-3.887371863466108302e+00 -3.118027407381704919e-01
-3.560779861242259869e+00 -7.465342941108940700e+00
-3.386161359565065698e+00 -4.862985332690457074e-01
-1.517431262348771792e+00 -2.156216542320477991e+00
5.358846296937094245e+00 3.938525582407357728e+00
9.398353056769490621e+00 -1.451909481930911738e+00
6.290219679255617535e+00 -7.792555965502019788e+00
-2.703593640077889493e+00 -5.953893860022951845e-01
1.016074304900643099e+01 -4.197671620653482094e+00
-1.969355822336241291e+00 -5.430933047164002048e+00
-6.068863832626782084e+00 -1.757887911223535049e+00
-3.390849555176696839e+00 -7.892941676432844389e+00
7.379789486991199965e+00 5.693354963892836906e+00
4.047378884487142336e+00 -8.587284897079317858e+00
-6.858851180892034272e+00 -1.925201435328478983e+00
-2.885583041128807924e+00 -8.454164587647207130e-01
-3.716805882498171787e+00 -2.485652918680013812e+00
9.427373580338930026e+00 -2.366682752282581959e+00
1.283043679715778485e-01 6.610843742968254944e+00
-5.473750637849537526e+00 -2.381079437329121973e+00
-3.159598165351177101e+00 4.342999525468012934e+00
9.507793215690579558e+00 -1.769753863421748008e+00
1.627504763052702197e+00 -4.494906682985526203e+00
-2.102587308006324207e+00 2.578288211684407472e-01
-2.375041003389367411e+00 -2.672728023470847702e+00
6.645563176565215002e+00 5.286660370267482811e+00
1.173427593022385373e+01 -3.136168881299322919e+00
-5.143732274342129429e+00 1.370725168673187166e+00
1.550325995038143612e+00 -4.967772270706166005e+00
-4.241046250430508202e+00 6.424959586189475047e+00
-3.057709639353696218e-01 1.221487564346444454e+00
-2.705950323463406360e+00 -5.360916111531349726e-01
-1.667682708678872361e+00 8.535080395943410725e-01
4.053861692334672640e+00 -9.071842487950917189e+00
-5.513604899400140091e+00 6.550640388062737074e+00
4.187341233516275629e+00 2.785963162833776430e+00
6.917740883445326006e+00 3.546497462582118843e+00
-3.091541949715745918e-01 -3.028309149905835884e+00
-4.694804345276234470e-01 -6.312198730797109469e+00
-2.820862061417542144e+00 7.361533955983432520e-01
-2.059916022834118454e+00 -1.820454000275838258e+00
-1.753885628085373405e+00 -7.986402711217726491e+00
7.825094869790112373e-01 -4.789704303953587150e+00
-6.409583294451328683e+00 -3.771355914295710932e-01
-1.665572524978081503e+00 -1.976261131822636408e+00
9.826104677843193969e+00 -3.466525872160892252e+00
-5.103208718173268821e-02 -7.650535081205465104e-01
-1.759050115883963539e+00 5.622796593563754719e-01
4.377685458652876171e+00 -1.063572819068059516e+01
4.686377937322143694e-01 6.607658364421768127e+00
9.960355742511536548e+00 -2.908601107525291329e+00
5.283940405464714551e+00 4.952473722858188765e+00
1.040590831360982094e+01 -3.741802967105789524e+00
-4.384574023605648740e+00 -5.781298741676708097e-01
-8.044578007898795846e+00 -2.685593175959723133e+00
9.825646777514268848e+00 -2.926192110185998896e+00
2.977982969727221096e+00 -3.544252879948873503e+00
-1.064228241910661010e+00 -6.382225663927829196e+00
-7.963247776466141126e+00 -4.422975797660136932e-01
-3.782776926390771344e+00 -2.477007464275957638e+00
7.176441021859572444e+00 4.746723872827735669e+00
1.170317251576402029e+01 -2.099176116529236857e+00
5.171328259488554124e+00 -1.015508524471153251e+01
4.323157686364380581e-01 -4.265888375373712904e+00
-2.321081522025911781e+00 -8.590474144861222072e+00
-4.098707237251272062e+00 3.073100348877403132e+00
7.831609116839983287e+00 5.463716149893565799e+00
-9.241482338447205791e+00 -3.713341679732008460e-01
-2.729425805799797988e+00 -3.127967287223673232e+00
2.053071674053145834e+00 -1.479705031965956596e+00
-2.331570089701973547e+00 -5.089964940750066447e+00
-1.780917184102673412e+00 7.368867610221425224e+00
-9.365383627805048405e+00 -1.884575852011847630e+00
-8.591236579568370502e+00 -1.696204215942465066e-01
-6.660451936938478479e-01 -3.920496022313392448e+00
1.361482454426484967e+00 -4.766333430355438772e+00
-3.428049438222511291e+00 -2.710335371296853424e+00
-7.132182959237692188e+00 -6.175975460327842725e-01
-1.341571619572424545e+00 -4.373489660613041785e+00
-3.634661287299372656e+00 -1.554873283317083632e-01
-8.317094800504445384e-01 8.740086120466468600e+00
