-1.678946646160391465e+00 -5.894875873234165731e+00
7.808527383988250747e+00 -9.296251869453589833e+00
-2.710374052766717945e+00 6.713691846272101138e+00
-2.794010591613582672e+00 -8.004381145425378818e-01
-1.772991083414279689e+00 5.000291902962411328e+00
-4.267090521421819105e+00 6.185585555211387643e+00
9.399149946187787208e+00 -1.368983145640474408e+00
-3.612634816781011615e+00 6.847751795306664668e-01
-2.242421150048826473e+00 -8.227063957856772802e-02
7.448343061409632426e-01 -1.621718036030579402e+00
8.055250526573111358e+00 -9.315341553457619383e+00
3.834915299058412330e+00 -1.033826830136471564e+01
7.437925363701656245e+00 2.149056366031627086e+00
8.426018702376808278e+00 -4.063705783785080961e+00
-3.012549220342979339e+00 -3.810293110458775057e-01
-1.755371675149783428e+00 -4.728236663304634213e+00
-1.453849263258797819e+00 2.873178047006543334e+00
-6.826577287014213624e+00 2.089545055314431909e+00
-6.077130134662890981e+00 -1.242893061847923697e+00
-1.750071875251755227e+00 8.571296987778758592e+00
-1.345738467137187699e+00 -4.421999662661495023e+00
-3.356612553641201480e+00 8.084066605793886140e+00
-4.043523016795703029e+00 5.226039343924248293e+00
-1.764836708807727694e+00 -2.916224669705751449e-01
-5.911415564994975114e+00 -3.780360503626388757e-01
-5.689933571125993517e+00 3.113455315732234663e+00
-2.015802948996703314e-02 5.560927973803023505e+00
-6.226108059413450135e+00 -2.570743306784966986e+00
-3.722150664471528092e+00 -2.505554260341708694e+00
7.793338447757266474e-01 -4.595288491473525028e+00
-1.506382012862668818e+00 5.622592375613394644e+00
-3.674861551024645845e+00 1.946517919002231700e+00
5.899560976350982422e+00 4.200472169157206004e+00
-7.169564863446812097e+00 -1.454535714594498597e+00
1.571141402705130474e+00 -4.464474381635886502e+00
-2.376025214840087330e-01 -3.670523060711265995e+00
-4.255260881879712187e+00 3.861996552305255292e+00
8.847104290538100102e+00 -5.836655774094635873e+00
-2.093477670010366332e+00 7.271718226119515904e+00
2.982188449610556624e-02 -3.660460749455012763e+00
1.641804517515688788e+00 -6.608104446888106054e+00
-3.641059137278103375e+00 -3.851872012165910020e-01
6.135236883388117679e-01 -4.086125142221463058e+00
4.973278828969839083e+00 5.667598816301760323e+00
1.141459511834908014e+01 -2.515406857845381872e+00
4.720535355652618392e+00 2.529311095782225571e+00
-7.122024954111275008e+00 -3.302408022317826486e+00
4.695722273127302060e+00 4.692609659193917260e+00
6.326149623909198993e+00 -1.059169047940123853e+01
2.027899600457952367e+00 -3.386307596144455978e+00
2.263489402514017534e+00 -9.200151092132244912e+00
-2.194945987711913293e+00 -5.792170748550252490e+00
-6.961665502108163928e+00 -2.008425748101279495e+00
4.580216614076939585e-01 -2.376555990994014156e+00
-1.538185545742196680e+00 -2.984344336664090935e-02
-4.632075339386954482e+00 -4.093404507138378001e+00
-4.564827134552209564e-01 -4.187104611815934518e+00
-3.031203226124610239e+00 -2.458135352979021526e+00
4.808921475981819960e-01 6.672810573619120333e+00
-6.910925722967564688e-02 -5.497885979723904804e+00
1.039675735792642186e+01 -2.662026156536153376e+00
2.038583287256086063e-01 8.567459281639946411e+00
-2.145687390993734400e+00 -6.144558701963679148e+00
-4.160158357398915818e+00 -2.793669010762304783e+00
-5.125758318034692174e-01 -3.431371199797373261e+00
-1.937247188675501608e+00 4.857967359616768732e+00
4.880250913014532177e-01 -3.452195330538954998e+00
8.383162153094184887e+00 -9.136433637364238081e+00
7.102929314623652068e+00 4.131282038005966939e+00
-2.866871729868294416e+00 -1.580110079359135611e+00
4.671526073993319983e+00 4.361564503767920264e+00
5.661039257690441140e+00 -9.196454084810769203e+00
-5.908904242968516130e+00 -1.677259318425925017e+00
1.041649029349643918e+01 -1.809476286788290089e+00
-3.142970758552342758e+00 -6.000635292236386142e+00
1.040122969303373068e+01 -2.700582955743837665e+00
-2.926430150369302208e+00 -1.119084276794786392e+00
-2.936739705417023671e+00 9.706886829320295895e-01
5.873282011955918591e+00 6.067425471803678860e+00
5.068319971599842155e+00 -8.079635211681544860e+00
1.084078166940097887e+01 -4.320089021398548113e+00
-5.128363726764209929e+00 5.869018745317662322e+00
-4.915302584538485675e+00 3.536393413685872567e+00
-2.176053102874710987e+00 3.698423575253615425e-01
-4.520384246410779738e+00 6.468083086442291574e+00
-3.364692359341223238e+00 -1.517527003031876154e+00
-6.907849876436105152e-01 -5.874413404822381501e+00
-8.498544555520712862e-01 -2.754096140321322661e+00
-3.296015896246504262e+00 -1.583226187151189457e+00
-3.355543812728351227e+00 -4.701130323353986284e+00
-3.758758902425652915e-01 -3.845377247354114125e+00
-5.197379374776526895e+00 4.709736284264262274e+00
5.852792129262286203e+00 -9.159436280997439894e+00
-8.339912204629440495e-02 5.280128372454062635e-01
-5.940839506848584861e+00 4.573970600119014129e+00
-1.857102041296100126e+00 -1.767285703650632422e+00
-4.872727136338468767e+00 -1.770270442278794931e+00
-2.120188475068829348e-01 -3.976677043438317849e+00
-5.438603896751854627e-01 -1.051081019974904107e+00
1.112545660941699488e+01 -2.971350806428459279e+00
6.145549226016076894e+00 -6.489315968507481713e+00
6.108358450234168124e-01 6.412560825808808040e+00
8.341851763896448446e+00 -8.272583943032618237e+00
9.330293980266398890e+00 -2.385098952379043791e+00
3.531914412049580232e+00 -3.419606715274126074e+00
-7.228609054102675957e-01 -4.292340430162892240e+00
-4.244649007568696675e+00 -1.596494368598708524e+00
4.910275078763388201e+00 -1.053298714099670086e+01
-6.836559379949587623e+00 -8.566383954340308637e-01
-2.034296234361174793e+00 1.442449827383120109e+00
-4.515821363413029310e+00 2.851229355378220642e+00
-2.669355774925572078e+00 -3.471711102855664421e+00
-1.219498703063392364e+00 7.106773532979720365e+00
-6.084994676878192621e+00 5.256571275804319043e+00
-3.133743998308519352e+00 8.294919930354525128e-01
-2.194711671255700214e+00 3.482359261174674980e+00
-1.092051019850487137e+00 4.949308627836641605e+00
9.029053423437678916e+00 -5.120009093277620771e+00
1.298407833255274113e+01 -4.511819253468663860e+00
-1.117899918821071648e+00 -3.902653185205733344e+00
3.951635947165513585e+00 -8.166316253523168811e+00
-3.911500811290142821e+00 4.851586676358317085e+00
-1.463577239839168209e+00 -8.567051951445840974e-01
-3.303375986027319300e+00 -1.152976914332765945e+00
4.715523235320664419e+00 1.764330749508048690e+00
-2.989856378942366888e+00 1.596261652357801042e-01
-5.406979094183125945e+00 3.215139171853563127e+00
-2.045581748989636406e+00 -7.354059764021455337e+00
-2.797425222234711129e+00 -3.907195230761416838e+00
-2.185052694010040319e+00 -4.754293032565440669e+00
1.093514560912849376e-01 5.679563184413159327e+00
6.525049522628528109e+00 4.299981214021940445e+00
4.669722823041443149e+00 4.385443273549600285e+00
-2.676269822520544572e+00 -3.711121338176994300e+00
3.475502534504887997e+00 -8.008935860103093773e+00
-5.018806334866578567e+00 4.080653063798754587e+00
-1.433052934412182511e+00 -8.233222339115563448e-01
-3.835321547238049966e+00 3.995879196045849291e+00
-2.809219038569880755e+00 -4.897874666240743302e+00
9.077862941958738663e-01 -3.432183369691657049e+00
5.896120585849697449e+00 3.489725237137458524e+00
-4.385678197686444513e-01 7.317771598862472970e+00
-6.846982727551089276e+00 -3.099840620998854046e+00
6.301363898978605604e+00 3.108603211234527652e+00
-4.315326841481958553e+00 -1.382659732899806038e+00
-4.039049003222363154e+00 2.018058520795833477e-01
-1.772701206221396042e+00 -3.310734834387000780e-01
-1.110920293544234605e+00 5.551061924888078813e+00
1.120760265136276779e+01 -3.341545440064030537e+00
8.196532897536830120e+00 -7.137723783977235392e+00
-5.617115403952181119e+00 4.937333468335820541e-01
-1.761039960726354270e+00 2.698732771368579364e+00
-2.861555606879572000e+00 -1.722717388254178417e+00
-3.507934593366353049e+00 5.713454908323919668e+00
-2.544049037803171487e+00 -1.865847012662714910e+00
-7.570404748852418209e+00 -2.623056088656296581e+00
5.430789951958765904e+00 3.779681208775047097e+00
-3.452747600444915577e+00 5.034491020955596419e+00
-7.651663649216549956e+00 -3.621513210801275751e+00
-4.128659673472760083e+00 -1.594005739018936607e+00
-2.488120987690305430e+00 -1.374656038249560286e+00
3.249499487728563896e+00 -8.958831065566309704e+00
-1.239249816501667212e+00 6.217240465727467580e+00
-3.222979094323225269e+00 -5.685020429877504888e+00
-3.930457534149058407e+00 5.196213141593204021e+00
-9.581513217733717003e-01 -1.083284100491778590e+00
8.448205468390717954e+00 -2.334201215639618354e+00
-4.840935639255936174e+00 5.604940468665151165e+00
-1.539461265200686935e+00 -7.231689306873944068e-01
-7.083985133375664267e-01 5.451300449986615781e+00
-5.428520975542239668e+00 -6.935915823335888630e-01
4.551984060151593070e+00 3.060471274023894850e+00
9.497768276723527192e-01 -3.741796172099391526e+00
7.684520796031595324e+00 -2.302564729370960350e+00
-3.407319447620820618e+00 -1.024106333633161281e+00
-4.993007743462591908e-01 -2.649457813110634441e-01
-2.895790796391566335e+00 -2.300216500012387755e+00
7.565981096813366946e+00 4.601869329421559129e+00
-4.359681757378321088e+00 -3.446571521601928367e+00
1.068233057893730198e+01 -3.008278055555616337e+00
-2.210621239649718905e+00 1.327548164828545207e+00
-4.008120079167778016e+00 -5.971840690250643569e+00
2.711241946952394066e+00 -2.694519632142886589e+00
-6.058650504183566099e+00 2.290085800023404783e+00
-4.776770498872691562e+00 -4.047215645039409893e+00
7.460586238974196149e+00 2.636691696794966511e+00
2.308306135729581321e+00 -4.621958738845784787e+00
-2.136071752240079391e+00 -6.640759811996248985e+00
-2.317150568079044071e+00 6.746954003290571933e+00
-7.729801337677275619e-01 -7.114957357756033218e-01
-2.582107545284308969e+00 -1.523224290824639171e+00
-2.641968929205817496e+00 7.473710691217390512e+00
-6.213831296905769630e-01 8.463132395368377914e+00
-9.699629465463193156e-01 7.741014745654239526e+00
-2.859831504212780207e+00 3.873002229308486477e+00
-4.673797308060152034e+00 3.238135954538277073e-01
-6.245237518345454930e+00 6.852449537960607628e+00
-2.743800047295358091e+00 -1.405440151093224621e-01
-4.079545950192137838e+00 7.129745551552135296e+00
1.008946084805810273e+01 -2.810240903547691182e+00
-2.414625944379413358e+00 6.091342809113427847e+00
-1.604710258591854677e+00 -5.756595243569337050e+00
4.690473507066733383e+00 5.376818315948064253e+00
8.568439190647000103e+00 -3.954276807622028933e+00
-4.756353874866126041e-02 -4.841929341664545028e+00
-2.748168359876027811e+00 -1.010943542045308341e+00
-4.195544077811591777e+00 -2.087077977388325234e-01
-4.276244809845621830e+00 5.258868216900845383e+00
-4.535795391396670873e+00 5.627484342634444303e+00
-3.035374339702840985e-01 -8.298456048785678441e-01
-2.611816524121325589e+00 7.411030955960915989e+00
-4.910739247886636072e+00 5.256303782937038704e+00
-2.276530104105328522e+00 -6.773351633993401677e+00
-1.536900546454135874e+00 1.130794695086341672e+00
-4.932250662423300014e+00 4.111714611954568888e+00
-1.728044326685115539e+00 3.814910636553661138e-01
4.672801469500722504e+00 -9.074155266643067819e+00
-3.437689564351553262e+00 -4.822340655805330556e+00
3.835008400564587916e-02 -4.015646053666915627e+00
-8.055014325230768435e+00 -1.111743002950651871e+00
-1.398580975826757999e+00 -8.772542295456782213e-01
3.175770794396727270e-01 -3.639969011294002854e+00
-2.406537780461488474e+00 6.095301103679770627e+00
2.219768977620847128e+00 -2.282958449222481256e+00
5.162365300025173465e-01 -4.272920094539784941e+00
6.132321473795371958e+00 -9.178191121274508646e+00
2.436585587439608069e+00 -3.705326394035322490e+00
-4.482162453646003186e+00 4.303765115535765240e+00
2.321323390426001776e+00 -2.662499942059736391e+00
4.917465970339317316e+00 -9.656577256707256751e+00
5.735304091234859847e+00 -7.824475255589650402e+00
2.132229238936770521e+00 -3.092320362691576729e+00
-4.270030249975835801e+00 5.131711099189207204e+00
8.906059173627559389e+00 -3.826196083829795480e+00
-1.469844448213492472e+00 -5.319861276134640882e+00
6.346734385988336058e+00 3.910573137065234572e+00
5.886169747737616476e+00 4.495335355121437004e+00
-4.099392751802930057e+00 -3.295552690635728865e+00
8.768141755639544677e-01 5.337044858614587106e+00
2.318160250978953840e+00 -3.888410401705303165e+00
-1.600095614832941493e+00 -3.711277937073123478e+00
-2.120831819173395250e+00 -2.313414169343476878e+00
-2.987944244873890653e+00 1.151283549966346520e-01
1.513220796320879913e-02 -2.427154343266817893e+00
-1.763975292490633562e+00 -5.177163167660673082e+00
-4.586541444546583968e+00 3.656036915012343513e+00
3.995220418076588675e+00 4.212707835738730644e+00
8.244735615801582540e+00 -4.122781704729912455e+00
-1.939337455870576488e+00 -1.924533978057297423e+00
1.836083487484925225e+00 -4.249341755854991298e+00
-2.476112038935198267e+00 -6.474861229314942790e+00
9.065673023062958080e+00 -4.616927782890344112e+00
4.915129018920972648e+00 -8.784482754341480515e+00
7.600283498894292222e+00 4.752660127215975194e+00
3.604978011113145531e+00 -1.915021942576221825e+00
-4.640636493828038667e+00 -2.434555581094558718e+00
6.323974349569096987e+00 -9.936158281260627945e+00
-5.017274630073384145e+00 -4.188175561953904946e+00
1.006584269758727945e+00 -3.610811531000945873e+00
-1.991195416993315037e+00 -1.116659088094445806e+00
-7.650239191338841227e-01 3.953499739532428059e+00
-3.065488559681238456e+00 -1.025676101472805968e+00
-3.145650261154115501e+00 -7.069613703726311371e+00
-7.681042687263326840e+00 -1.056685609764807188e+00
-2.907555825902238489e+00 -7.557339084894371339e+00
8.891293591523403705e+00 -3.832736418299142134e+00
1.015161221026865412e+01 -3.815166040220710819e+00
-8.000897315436439339e-01 4.522405407426258961e+00
-4.190734636385856859e+00 -8.405599578477769285e-01
4.052317543609401440e+00 -9.130211133426701764e+00
-4.201364335503793512e+00 5.181001985777563767e+00
7.837071735503253755e+00 -8.438187571118032082e+00
-5.946168826759647974e-01 -3.317188814245596973e+00
-1.556517144121598584e-01 -5.020375269069361046e+00
-1.396627900702450908e+00 -1.170275003046640672e+00
-1.507565954538048647e+00 2.164631420601735190e+00
-3.561356505587805366e+00 -2.696737000092899739e-01
-8.741416884674157117e+00 -1.004807502166741529e+00
-4.034409051727571693e+00 -5.771571972143920704e+00
-2.190808957207904584e+00 -6.186542399408500259e+00
-4.028328815645394911e+00 -6.289818430698311147e+00
1.658513606075145752e+00 -7.239039194502320029e+00
-2.226476045872021192e+00 -1.019499588879255514e+00
-5.952692698096363699e+00 4.197714941765147145e-01
1.035814392348918922e+01 -4.765782654918221617e+00
-1.439444123314447488e+00 -4.632460197264139268e+00
1.092719649539548321e+01 -4.527198032771346803e+00
-1.164673192540401692e+00 -1.304686049812437076e+00
-9.986857139021050322e-01 -5.387877423840981006e-01
7.494827145424602932e+00 4.684905720276861807e+00
-8.580981385375636705e-01 -1.247176815820669304e+00
-4.554874857080140949e+00 5.301389725656143526e+00
1.077418487353673271e+01 -4.846840693482159956e+00
5.461529988350189768e+00 3.669335206505830449e+00
1.094551417740104249e+01 -2.337008918940932212e+00
5.928194796232189034e+00 -6.641520971420234787e+00
4.855298958786169017e+00 3.619564613421944799e+00
-2.295130314265655169e+00 3.232173370996489492e+00
-2.399608964211159545e-01 -5.776793035154746292e+00
4.474376446275788233e+00 -5.294186926581348374e+00
5.675176415872119406e+00 -8.906073999593026258e+00
-7.146105129119670885e+00 -9.351485900493348158e-01
-4.163487641029966824e+00 5.535672052266697563e+00
5.633396968494054136e+00 4.109834213406403869e+00
1.113844047864081332e+01 -3.031317735430903326e+00
-2.349044162863395790e+00 5.376190160496197024e-02
6.973763657359255852e+00 4.694475619567421987e+00
7.845334474524170432e+00 -1.016655445844077654e+01
5.979011247617386005e+00 -8.783169822855569464e+00
-2.850141498080778213e-01 -1.452299141827801510e+00
-2.950754212116067698e+00 8.295856344142105598e+00
-3.397343633029755061e+00 -3.188186009531126075e+00
-7.675603482373440478e+00 -2.477325290626131604e+00
-2.308634206738753303e+00 -2.574484571403662603e+00
2.213481616193904156e-01 -3.987258300094988606e+00
1.004644238283377788e+00 3.933076840307014876e+00
-2.939479870714681198e+00 1.099539740236526120e+00
-4.000564914768991898e+00 5.571465494833107712e+00
-3.622261475847086576e+00 -2.598273491098333832e+00
4.219505297960854051e+00 -1.083689991039480560e+01
6.792483337226837392e+00 -8.882078358784859518e+00
1.096806205113007060e+01 -4.387358060362570811e+00
2.887261182809493398e+00 -3.772065342675792188e+00
3.122375139553979828e+00 -8.258335179338269327e+00
-9.956153368236491108e-01 -2.586517713884279313e-01
-2.649230518764518205e+00 1.649923744111552182e-01
-2.130675034900233911e+00 -7.633701508109350442e+00
8.414329390874073056e+00 -3.437792207615633533e+00
-1.022280093717279348e+00 -4.607135604114612981e+00
-3.017033383804045954e+00 -5.659279450906414155e+00
9.710772881158657555e+00 -2.616916167202791854e+00
-3.595160804707706603e+00 -3.622513334322451151e+00
4.406754280412190639e-01 -3.779084402594230507e+00
2.761626875682651416e+00 -4.542783276617671895e+00
-8.754666427961188546e-01 -4.185989560813794697e+00
3.498149921577760058e-01 -3.746265249347791482e+00
8.331338782657905284e+00 -2.793089169837157826e+00
3.966925980739700375e+00 -1.076492948706107988e+01
1.080718385689552363e+01 -5.702014155049826449e+00
6.384816895083428534e+00 4.194775440261640398e+00
5.973683493770346686e+00 3.078292870393335434e+00
-3.686438224538320707e+00 7.153618816698168459e+00
-1.162707447423175333e+00 -9.313779387583298597e-01
-2.266315999931463487e+00 -3.384764024631627954e-01
5.791397976509079726e+00 -6.791831290925445686e+00
-7.748228704194506378e+00 -3.614380648076728431e+00
7.818247469246384362e+00 -3.602994439240579272e+00
2.900254942008076764e+00 2.821788236932504468e+00
6.122296743145194675e-01 6.419531556191517829e+00
-4.759634265023082733e+00 5.225341324876056959e+00
-1.732496834188758328e+00 -5.606438875681861056e+00
5.054040418797232981e+00 -9.302852429570760862e+00
9.860944053606914395e+00 -4.553538560595531415e+00
-2.328313452614454881e+00 7.401365186414368580e+00
-4.581715933205448898e+00 5.351507284136837406e+00
-2.388301255528545664e+00 -2.087661898788299553e+00
9.314455541348033663e+00 -2.971176552180680996e+00
-2.546082748529298279e+00 -5.326949213409839956e+00
-1.155829122642936690e+00 6.598252598924094769e+00
-2.827345678741368218e+00 4.476629076312010902e+00
5.590320228482421605e+00 4.344597592034626032e+00
5.066750278230017557e+00 4.537357088263426874e+00
-2.894312676196304501e+00 3.801193096736010801e-01
6.332829671473056088e+00 -8.777267080269355759e+00
1.015145694161935452e+01 -6.195575609590089350e+00
-5.922889857771187483e-01 -8.859217015297950581e+00
-3.685637066023581099e+00 5.686739310059481411e+00
-3.508614079440270039e+00 4.731622941358841317e+00
-1.988499010112957821e+00 9.365683086468454377e+00
-2.868416834817897332e-01 8.234395023658708013e+00
-3.711977954403227642e+00 4.900319572080799269e+00
7.370930127499182305e+00 -8.581296132307304703e+00
-3.085546441064333845e+00 -2.763436718219963062e+00
-3.633331413573593238e+00 4.746046296065272507e+00
-4.548479166255397388e+00 -2.966392440408596176e+00
-2.576033578929368684e+00 -3.795275242610292032e+00
-4.214048735683588731e+00 -4.302319802704575480e+00
-1.048774046601309795e+00 -5.683926562389426174e+00
9.749712657948462535e+00 -2.571814950423513046e+00
-2.946658005187047458e+00 6.914622454254004680e-03
7.654607643901695901e+00 -4.291525569030147480e+00
9.125010636714559809e+00 -5.823307764036234069e+00
-9.850223002158600139e-01 -1.026306706181534523e-01
8.345537852873336604e+00 -4.216949158460944425e+00
6.046428321578181553e+00 5.502617494369902218e+00
3.954305155102830316e+00 -1.109362883120983412e+01
-2.678476847509166259e+00 8.776042424428807109e-01
-3.866566033428767701e-01 -6.285569946672874053e+00
5.605149479901826659e+00 3.866910071479531474e+00
-3.370331709047120317e+00 9.108379567043478620e-02
4.785065045593767330e+00 -7.304494189746313815e+00
-1.090525343616164600e+00 6.470618422736213127e+00
-2.326442291875041146e+00 -6.853559654598928574e+00
-8.161229545754018488e+00 -1.039455535861617097e+00
1.076725488850793999e+00 -5.685150697410281673e+00
2.871971141158600194e-01 -4.937071315605017219e+00
-9.278932887143742647e+00 -3.984932867585155858e-01
-7.860122645915098571e-01 -5.653977231195340458e+00
9.415947089730163810e+00 -5.985083710592103756e+00
1.557854402254659210e+00 -3.994140918044128963e+00
5.063418365700225188e+00 -2.335379375783645628e+00
-1.266034707324128039e+00 -3.792606088012428600e+00
3.294122437831994432e+00 -5.817662664181259657e+00
8.938753426467576091e+00 -4.359828922836135767e+00
-5.260265150824841029e-01 -4.281880071299932311e+00
7.635236672029632743e+00 -6.480219181937957984e+00
9.816483784846985472e+00 -2.985078126574663759e+00
4.435880924065101816e+00 -4.217344466517954693e+00
6.266196816769917355e+00 4.670396077088839526e+00
5.531405374468579161e+00 4.981579851286184635e+00
1.861540751900117030e+00 -3.996689125517502106e+00
2.742368783771039986e+00 -4.582386250080124235e+00
-1.891743754199582073e+00 -1.606921752516151436e+00
-1.953140077111886308e+00 -6.640143888234372183e-01
-3.980350153663068102e+00 5.390029017351848140e+00
6.544844139386031046e+00 2.900322076183627473e+00
5.061549559221233174e+00 -9.750534100489963052e+00
-3.964469865844045149e+00 -4.903284258099100512e+00
3.903492441192904394e+00 3.753550504613655914e+00
-1.943813301575782582e+00 -2.195003979876283040e+00
6.853810117064708329e+00 -8.832013934490355211e+00
-7.720190546306331392e+00 -6.105632148292542416e-01
-5.143941025676310730e+00 5.185453874165007804e+00
8.896965078789765613e+00 -3.442742276073783803e+00
-8.221004854296205977e+00 -1.418369541276295998e+00
4.892243985511451676e+00 5.424003721189581739e+00
6.712351106139043289e+00 5.636553923618347284e+00
-2.654976244898348270e-01 -4.067553375986719288e+00
-7.816932239910003410e+00 6.557659751714890461e-01
1.067209773726030875e+01 -4.110432092197172871e+00
-5.708707057559475828e+00 5.177202732271252827e+00
-5.599995868284639577e+00 -1.917036330242926745e+00
-7.071169183536639480e+00 -1.254230402982777104e+00
-2.911759699636299104e+00 3.185723128771489332e+00
5.031290044245007032e-02 -4.089284376322120274e+00
-3.962252856199359741e-01 7.400552988821630152e+00
-1.246792919746010364e+00 7.489994471866689096e+00
-5.824593033058111935e-02 -4.524302968518239432e+00
-1.920585022429095012e+00 -6.170642015245336509e+00
-7.285491565985801721e+00 -2.042136712036464630e+00
-2.570196823265419983e+00 -1.660346020656056965e+00
-4.316470126438206378e+00 3.635760512129174948e+00
-2.759279598302279535e+00 -7.202630134606984313e+00
-9.742959681092748792e-01 -3.156248291531196237e+00
-1.065936859372543122e+00 -1.559289430853222358e-01
3.749125660157321960e-01 7.503597064304111441e+00
1.041881460225279099e+01 -3.897358513396405044e+00
1.141673155125725536e+01 -4.598543029436605423e+00
1.094194215971633710e+01 -1.986810814607473663e+00
1.268782034366626732e-01 -2.706370049024171998e+00
-2.478243407290379174e+00 -3.017104305846039836e+00
-1.162741849729965526e+00 -5.120558562842820294e+00
1.139948109444788082e+00 -2.733249598593571417e+00
-3.194762521844263681e+00 2.537095610905117038e+00
-2.313474178561938821e+00 6.247252829337720748e+00
-5.435714378326594876e+00 4.567875696913142214e+00
4.683318508901440858e+00 -1.139451485638340245e+01
-8.728443520635267294e-01 -6.089388131853519681e+00
-1.209808777788638379e+00 7.627831693795261714e+00
-6.452102910791127854e+00 1.858745182121703809e+00
7.891729737506718578e+00 3.376720893542834556e+00
-3.314070955618285019e+00 -7.240951463080650186e+00
-2.453713695192005773e+00 8.386735975978520941e-02
-2.072678617825199687e+00 7.551883156950229825e+00
-2.885309739930338679e+00 -1.913825056002724789e+00
-3.761884585500537614e+00 -2.153919297543292366e+00
-5.533533057695425583e+00 5.917876540016492548e+00
8.785046116539110272e+00 -2.497307477284302912e+00
-4.257409589906082203e+00 6.547025364785604928e+00
-2.656035527592257139e+00 1.233352905413351852e-01
5.045447768644494069e+00 -9.657563697826487825e+00
-3.121757980282002354e+00 -5.955489209905755033e+00
-8.091861633270248433e+00 -1.179090216221700960e+00
-1.623515288222164621e+00 -9.673799152655487843e-01
-2.137699557756972624e+00 -4.160571618275867856e-01
8.789753086220576606e+00 -4.208504504605190988e+00
8.285422227541912932e+00 -3.728095808981714665e+00
-5.730852836652696070e+00 6.618871930500809242e+00
-4.841917720158794847e-01 -4.234080553185851414e+00
-3.117774690980730234e+00 -7.027887758906243398e+00
-4.502997008479432850e+00 4.458223275081400594e+00
-1.263010095080272510e-01 -4.182197642007530192e+00
3.897382042172552907e+00 -8.047527542024447200e+00
1.001573571616724934e+01 -2.627167230803576725e+00
-5.394050665355314855e+00 -3.480874989239062245e+00
4.885923945348281450e+00 3.442052422563581349e+00
1.054620134897261963e+01 -3.173646623172348136e+00
-3.171254783734068106e+00 4.178504718365128490e+00
7.501250481382548685e-02 -1.374974676666724349e+00
-1.413152567314900132e+00 6.330775763901346664e+00
9.320559039713357308e+00 -1.651991700604399149e+00
-8.422040310889591375e-01 -2.516361659923611604e+00
-4.091350733030260756e+00 4.476874514195775312e+00
1.058751809432859936e+01 -5.333973056167785387e+00
-2.945899157710522687e+00 -6.697932920140768687e+00
5.903567252904759144e+00 -8.462320990215117078e+00
-1.592013033028169655e+00 -5.414430672326533411e-01
-3.571649940807197776e+00 3.281733382595624970e+00
4.383308724767746689e+00 3.926106642788739443e+00
-1.031293250081155577e+00 5.359577435402441026e+00
-2.304141702891472132e+00 -4.359360785508592073e+00
-1.254568529409693101e+00 6.252823826494941173e+00
7.393829175394730058e+00 2.803987718857389844e+00
-3.913626994633945699e+00 5.295664547185836568e+00
-9.566849498862882717e-01 -7.214556515440635920e+00
-4.264437052416027996e-01 -6.521322072658773950e-01
-4.451827719230118774e+00 4.762837998905979475e+00
-3.844088069738581748e+00 4.245798941522448189e+00
-5.646747942111861818e+00 -9.781604294210991535e-01
5.085108879137279381e+00 5.058724574712005762e+00
1.654953244785640765e-01 -2.704587433016503617e+00
9.119551371086518365e-01 -3.910304028860215553e+00
-7.711350350451715130e+00 1.040320638817218146e-01
6.595823167322224734e+00 2.662769748898476063e+00
1.135955719807009245e+01 -4.335434093894073193e+00
3.729534886233272672e+00 5.038833924433745004e+00
-2.965905675526348872e+00 -1.464718326587055364e+00
-5.380169744351488426e-01 4.697506185189077144e+00
7.829699268549845215e+00 -9.119531714576650572e+00
-2.093711985541691245e+00 -3.379364068417149536e+00
3.466328002117402995e+00 -1.136617132114866457e+01
1.120221833719928561e+00 -4.648594312510816451e+00
-5.525934080761225609e-01 -5.022303724289534976e+00
-3.080931248422585256e+00 -3.403686585372092677e-01
-2.782412934103631219e+00 5.683045827119626026e+00
-7.065530094732095812e+00 1.895453130709175316e+00
8.077011103929656599e+00 -2.625178085871613831e+00
4.413888572463614324e+00 4.466470169358703224e+00
-2.231189840685761983e+00 -7.533558220997388588e+00
-1.198857612261865935e+00 1.089897710116760399e+00
-5.652392067833675426e+00 -1.629455495482754035e+00
-9.287341589349336068e-01 6.658821749955653679e+00
1.056676483493427199e+01 -4.259245921633423748e+00
-7.846441079203514413e-02 -4.328840275847966268e+00
-1.990272708455320672e+00 -2.118481605100392406e-01
-2.694965643223274920e+00 -7.420706783246696858e+00
-1.141218515459636595e-01 -2.815859656767270458e+00
-3.796363606522362932e+00 6.884223874248097452e+00
2.574181946603934179e+00 -4.456734850201995002e+00
-9.288979454736234764e-02 6.138029197344536669e+00
-2.432561150088132784e+00 1.804172761011013648e-01
5.407203595619585634e+00 2.722440212186540531e+00
-4.111465599437471585e-01 7.698306064551109884e+00
-3.751530511510672738e+00 -2.578851533037255006e+00
-1.968638444349019689e+00 -5.734646758856418725e-01
1.328728946163868496e+00 -3.154762555508580757e+00
-2.373223365697707976e+00 -6.808772697020926135e-01
1.128351544763427938e+01 -4.896930079937859226e+00
7.679246143523884349e+00 4.289591271469808120e+00
-6.698137098844004100e+00 -1.709060506851655559e+00
6.320121982676477401e+00 4.147444191146799852e+00
-7.191272595436615234e-02 5.678892914426560523e+00
-4.568653486584866030e+00 6.922173616622551151e+00
-1.544764540711813794e+00 -5.518412395190670949e+00
-6.715692359488717678e+00 9.452904381207916096e-02
-8.298649144491253793e+00 -6.116022335418646039e-01
-1.736775379910464601e-01 -3.642255646323016016e-01
-6.237509314000753591e+00 -8.270611709474406936e-02
-4.162374333978055008e-01 5.987617907101514980e+00
-4.057991988024619801e+00 2.951800305002123537e+00
-1.621174328385251329e+00 -8.074404904557347606e+00
-7.521489265617180564e+00 1.965679238951293595e+00
5.333470325168716109e+00 4.095215255228797702e+00
-1.534479001348677762e+00 -1.077480994126630787e+00
-2.350644452616492686e+00 5.821278045664516121e+00
-3.218453668528841405e+00 -7.886961403509200608e-01
4.779779753939578768e+00 -8.586358393008909573e+00
8.772165877836554770e+00 -4.966687689082241342e+00
6.968630714725431829e+00 -8.365791632351642804e+00
2.777240079290873354e+00 -4.122209730966313934e+00
-3.132804091607741537e+00 -9.003278562113185002e-01
-4.117406342323803869e+00 3.393598783093311866e+00
5.280611082721857308e+00 4.670659727353280388e+00
-6.617720864030359529e+00 -2.109380179987586867e+00
6.016476399459030233e+00 -8.354216188672568322e+00
-1.834800053711723500e+00 5.990351636635044663e+00
-1.296970948083433717e+00 -1.651503737258321447e+00
-5.799709001524595564e+00 5.021383832424469063e+00
5.025764695507712432e+00 3.528830510520567287e+00
4.237733033542200545e+00 4.335562646553968946e+00
1.110935214361442824e+01 -5.510803942087061813e+00
5.998825109909165398e+00 -8.696850928867050357e+00
4.854885690191052205e+00 -5.300901439147041927e+00
-3.092151157188372412e+00 -1.385021183830320801e+00
1.142314561679360629e+01 -5.518454144788183413e+00
1.302064967167741782e+00 -4.369117905814377423e+00
-1.614590440288814266e+00 -5.160890758502853615e+00
-2.694533812290282437e+00 -1.283827505362072241e+00
-5.579289394729972429e+00 8.752036859889407161e-01
-2.390661618461732640e+00 -3.394540166028906292e+00
-7.305387619042411629e-01 -3.763112594602629368e+00
-3.969341843028380001e+00 -3.482805095819452745e+00
1.077680073820893547e+01 -2.946199825190243260e+00
-6.404906444965705603e+00 -9.796149606546806776e-01
-5.198830709717165988e+00 5.335315024644654791e+00
6.487731272318058018e-01 4.401383370501327441e+00
6.557750247380542241e+00 -9.062518493829662347e+00
-2.583677361649024729e+00 5.816776442133186897e-03
1.832690576305593844e+00 -2.191105480550253226e+00
1.553648973500658226e+00 -5.511758515994648278e+00
-7.396302470563551612e-01 -8.740152168293833235e-01
7.077396137346748439e+00 3.663008173494158193e+00
-7.036975559384637258e-01 -4.917793898641943606e+00
3.395239844965995957e+00 6.696792256878012495e+00
6.298193579943449194e+00 -7.828377368401213232e+00
-4.917931186717385827e+00 3.522811219099362123e-01
-3.848571921772451887e+00 -5.932683980997145445e-01
4.609451490178249067e-01 -3.441827333673640243e+00
-8.713029082696444050e-01 -2.195189773620935370e+00
-4.167213047379869195e+00 3.953831951731380023e+00
7.604528887533724690e-01 -2.616572385085433439e+00
-2.974947109429916026e+00 7.972861634122731189e+00
8.127664336034663428e-01 -7.057854428035170713e+00
-5.189187042277962902e+00 -6.889871324013212561e-01
-7.888165156859112681e-01 6.996363308036848139e+00
6.352772246474610363e+00 4.388778491347778754e+00
5.884295864935447096e-01 -7.089078392107753146e+00
4.979232942414490992e-02 -4.265998270131755810e+00
4.277070147918164089e+00 -9.633319860109468280e+00
-6.507971777109514022e+00 -2.507035345698065854e+00
-1.169163181669594209e+00 -4.658173294904369044e+00
6.306704270471401585e-01 7.347642503894575405e+00
1.009154271397775915e+00 -6.449084775803007652e+00
-7.168722909379076746e+00 -2.644081130414586145e+00
-3.633916709507063469e+00 4.525741096359681137e+00
-2.019529128967524567e+00 -8.138608364408126405e-01
1.047700631117624681e+01 -4.477891665728848558e+00
5.662487401932625453e+00 -1.090258633531425403e+01
4.252288643429443127e+00 6.335753023299355746e+00
-1.546341842369131303e+00 -7.998762784694552153e+00
-6.363304662796211097e+00 4.995854560641629583e+00
-9.294276147723391501e-01 -4.120060408913325034e+00
8.331509465974715312e+00 -5.304625952826157231e+00
7.521928057881038798e-01 -4.556481715848835101e+00
-1.662365026824301761e+00 -7.317891492252536878e+00
-2.011882717269268372e+00 -1.774790281736937425e+00
-7.239755173777041364e+00 -1.091031363986257885e+00
8.800144170890833450e+00 -3.094331344314513288e+00
-1.306374937432174921e+00 7.268090826594329812e+00
-3.238673558094758320e+00 -1.121985650369686116e+00
-1.117528352647363388e-01 4.843653042874661807e+00
-6.190338285946328511e-01 5.871163920898514910e+00
-2.628681596236084772e+00 6.620026929861515974e+00
2.906844808758601850e-02 -6.429489252452626147e+00
-5.878300736331135923e+00 4.881094769279807011e+00
8.201034244159441045e+00 -4.850233165229457022e+00
-2.668979243613911034e+00 2.187091922793872101e+00
-6.140680081668215884e+00 -2.084421124880153187e+00
-4.725759662529180893e+00 4.308361478482474194e-01
-2.965281089438382978e+00 -5.860970366653122987e+00
3.582665667507262786e+00 -2.455664002949992764e+00
-9.194352468018172075e-01 7.653307131937305385e+00
-7.912182901677855540e+00 -4.028007976813590574e+00
5.709972305789279723e+00 5.476078510651086972e+00
-1.045079470927596788e+00 -4.690623669117042205e+00
-4.035347493465743618e+00 3.738271657808194259e+00
-2.573013750833943014e+00 -1.626776825232739476e+00
-5.937726466832188521e+00 -3.638334859146816758e-01
1.097526790805686225e+01 -6.547481722329269616e+00
3.835090493330754580e+00 -8.361954776894082286e+00
-2.768517614574755648e+00 4.963037846541245912e+00
-1.049779242923391198e+00 6.235753428103800289e+00
7.194999526436409720e-01 -3.562476335660911264e+00
-1.021213228176348853e+00 8.573897781574951082e+00
-9.031969539621652387e+00 -5.404491727788213185e-01
8.992900045641912143e+00 -8.197311658019290626e-01
