1.091652717096571834e+01 -1.695009911257213009e+00
-1.949443180826990307e+00 -1.095904348342062296e+00
-2.009816647422250302e+00 -3.431382562982598916e-01
-9.034019461074831447e-01 -5.764233371049866328e+00
6.946409630556971138e+00 5.657443882084809417e+00
-1.648449735106911618e+00 5.092843888581668921e+00
6.771246462034172353e+00 7.592076055658411704e+00
1.013237817257108375e+01 -6.220970811940236267e+00
-1.053523029303436553e+00 7.013189255223347018e+00
-4.480090682672321023e+00 5.377229216744741080e-01
-5.307234941644753512e+00 3.642581603878468410e+00
-2.521296015219773867e-01 4.886735644730240580e+00
-2.521274478574269562e+00 -1.068973101597954667e+00
-6.240082502284000299e+00 6.980154861428104596e+00
-2.792039070777506460e+00 4.818359891695813690e-01
-4.829636010542914804e+00 7.038125556297313956e+00
8.978999680764376379e+00 -9.544974635068959046e+00
1.003463612191463206e+01 -5.042933290041679228e+00
-2.265191401819848238e+00 -2.278354982527822870e+00
-5.015227140526167027e+00 6.459019727416521306e+00
8.374645339193554250e+00 -2.475795093991508544e+00
5.703315632731528195e-01 -5.513984426048677889e+00
4.997184444686316951e+00 -8.774339893046708028e+00
-2.656386251119277286e+00 -2.023921416609599344e+00
1.081032238780971211e+00 -3.594728973198590083e+00
-2.145738722828135270e+00 5.274427316193342818e+00
4.861109594667460065e+00 -8.110227696589056734e+00
4.948719628108060320e+00 -6.763498965376197880e+00
1.071961736549099697e+01 -4.437539715171524790e+00
-2.548242805887652729e+00 -3.876766184591087239e-01
-2.836680409461370900e+00 5.324679783504192798e+00
-7.306477184822352200e+00 -1.350976902718484585e+00
-5.296535735754797969e+00 -2.099451569383114169e+00
-2.602921511100590113e+00 -7.587054613632052025e+00
-2.660703301470970672e+00 -4.909541769896348384e-01
4.503360489537763023e+00 3.779553881566022788e+00
5.015654844134900259e+00 -9.020901662702971890e+00
4.737958739819447374e+00 4.644486249915997789e+00
-5.397803923830788442e-01 6.505350290639841937e-01
1.742467995282391602e+00 -3.525633418024885835e+00
5.286631521959899160e+00 -1.065065990832804665e+01
-4.100625279230136755e+00 -3.622312076482574472e-01
-2.987560847049180346e+00 1.447838867057830825e+00
-7.931687039455626476e+00 3.448895613524582959e-01
8.174389311556153004e+00 -4.258161993351860630e+00
3.322529744277071817e-01 -2.406921936348645819e+00
7.164948910646752545e+00 -8.803805890139861035e+00
9.481096915490136112e+00 -3.315840232138757671e+00
-1.155013844566374237e+00 -2.523596560915534415e+00
-1.736209584912998150e+00 5.245376266587122860e-01
-2.020505022271526396e+00 -1.238937192496682993e+00
-7.461502011418007285e+00 -2.981886493530406579e+00
5.651658292901296399e+00 -9.485156278041825928e+00
-4.023380456248174752e+00 8.815201957031066016e+00
5.673083238288399777e+00 -8.754382204550193336e+00
-6.471408193653886975e+00 4.763246926181671448e+00
-1.352003045960692651e+00 -3.418049475834892270e-01
-2.479503273625309756e-01 -2.576666310907959723e+00
-6.856391399536660103e+00 -8.611005408440399744e-01
-6.213226750196406911e+00 -4.090695835707387928e+00
-7.356754143496820886e-01 7.235035130704472905e+00
8.306116108854141089e+00 -5.025634168372301147e+00
-2.971307492939695649e+00 4.815507951297839373e-01
-2.523847120848109693e+00 -6.540020662943727636e+00
-7.467464990497028055e-01 -6.387803707849629475e+00
2.711161435831492827e+00 -9.671763564549149095e+00
6.740685586739351365e+00 6.330490780329760092e+00
-2.840422678912029042e-01 -6.251522359609411605e-01
1.043590454650035504e+01 -3.621425456421401901e+00
-4.401316623559427654e+00 7.587015903530129890e-01
-5.874783033425584833e+00 1.366055012994717544e+00
-3.635458197382451129e+00 2.921989441351666272e+00
-2.432660289858796787e+00 4.204425298611141670e+00
5.096074734406858653e+00 -1.088002652512512825e+01
-6.471391590815843031e+00 4.101704434685927936e+00
-5.065728156880880739e+00 -1.298353785442567077e+00
-1.149683146476329743e+00 2.740340447375458899e-01
1.135429350913576840e+01 -4.888910227992233182e+00
-3.977255941993414368e+00 8.498120690910966335e-01
-6.917631811759074267e+00 -2.476474113258849918e+00
5.757916854714990151e+00 2.779946205090439548e+00
-6.310016775052297966e+00 -1.156778410349862840e+00
9.468463955860485726e+00 -2.007698148344215561e+00
-4.436881875593439162e+00 5.334190194333820578e+00
5.935776100312841308e+00 2.457361440439478351e+00
-2.624785966572625640e+00 1.278874139672715016e+00
-8.741213766869408985e+00 -4.649549007026521075e-01
-2.035052871726124923e+00 -3.087082970390839787e+00
1.476154958166426834e-01 -2.931223335026447607e+00
-3.745175618157541297e-01 -2.107503338865380993e+00
-7.227196166917868148e+00 -2.938907832244482599e+00
9.449339996345276660e+00 -4.424387175471515832e+00
1.374350655022114953e+00 -4.359726970701290227e+00
-6.059487259108793378e-01 -4.960759792194262552e+00
8.322360752553262131e+00 -9.175179877825637931e+00
8.338830719718561824e+00 -3.885241365954458015e+00
2.952589856297074267e+00 -1.067026713261035553e+01
-4.178808996059277803e+00 4.181957532002185118e+00
-1.960422299038305338e+00 5.692327024485777098e-01
3.928731490394058667e+00 4.446571242828428971e+00
-3.703371784424968727e+00 -1.934652952345969013e+00
5.856192016770565445e+00 3.421636766189463774e+00
-4.806934279445029823e+00 5.645430997419675023e+00
-4.235310613033307803e+00 -9.754892125334251318e-01
5.735066885830187644e+00 -8.310545667893961763e+00
-2.181756926644136563e+00 -4.660749224046114136e+00
1.481627302209788333e+00 -2.126882490314681906e+00
-4.503056691675443979e+00 -6.773704387974637253e-01
-1.235758315072348346e+00 -2.007806559983128736e+00
1.554077287368906823e+00 5.834815007066194603e+00
7.918255640451114630e+00 -3.665141043171147306e+00
-3.516767136767710022e-01 5.148095076809554804e+00
7.109581711122025638e+00 5.933519768666218219e+00
1.285234104654812803e+00 -5.458405128345039437e+00
-7.317195646211651194e+00 -8.572723590969197893e-01
-3.249355033472729914e+00 -2.053939766485757268e-01
-1.678873364412383662e+00 -7.272954776269969779e-01
1.067360844125185615e+01 -2.646515642245421240e+00
-6.457442130360938615e-01 -6.066909068068627064e+00
-2.443470050650806691e-01 -1.288899722210351539e+00
6.955596844439941862e-01 -3.040425099384904684e+00
-6.804155147014907534e-01 -5.040589199067797566e+00
-6.161829916810868113e+00 -1.591160280139627847e+00
-3.303399575619688555e+00 -3.915089074717736040e+00
-1.431887383917625378e+00 -5.959461218400356586e+00
8.832843530626217188e+00 -1.852155106957769304e+00
5.212290510600511517e+00 -9.823007241681429136e+00
8.211446699487985335e-01 4.762259373635842508e+00
-1.041764177603386132e+00 9.068298216514605770e+00
4.038188671074983915e+00 -8.876169681549097135e+00
-5.960238448013658541e+00 2.289083556307428768e+00
1.751786266772930034e-01 7.300818563035556430e+00
-3.715089196653607040e+00 -1.388472737452804751e+00
6.805491997473962940e+00 -1.053929846442877150e+01
-3.453998213679224882e+00 -1.828610821857710178e+00
-1.339679394009002600e+00 -3.900309986109724569e-01
-1.565457798642649445e+00 -3.088382689762244837e+00
9.034887505799572338e+00 -3.070160776672723912e+00
-2.748260185376667053e+00 5.910053253431466480e-01
-4.701634095417944081e+00 7.617494528473484294e+00
-1.230657794483164480e+00 -6.593343613742020715e+00
5.637257251882690223e-01 -5.853395785568310750e+00
-2.716912865982452630e+00 -5.673228533222934189e+00
-7.540499501591029663e+00 5.679069835789209986e-01
-8.121655424483087415e-02 -4.869109756565114466e+00
-8.111145814453177394e+00 -6.356833551549065930e-01
-7.483406515146970861e+00 -1.739577519195447231e+00
-3.971186279369545602e+00 -1.128857922631029131e+00
6.347511945570224690e+00 -9.201953502412735020e+00
5.044348893767919506e+00 5.200223356621984649e+00
1.580098896279118481e-01 -1.842849341614476444e+00
-6.196155648402399407e+00 4.956556592141931894e+00
-5.900705561180397574e+00 -1.546967008491020312e+00
-1.359671953177354675e+00 -6.978646644033664970e+00
1.114754704692276199e+01 -5.807634570441551958e+00
-1.756828950610731965e+00 -1.517207412571588421e-01
-2.732804127835395391e-01 -2.271901455020546301e+00
1.681299505689304752e+00 -4.839518377343386746e+00
5.423103601240581995e+00 -9.630591702969955037e+00
1.069014466740567215e+01 -2.587167728115558063e+00
-3.350314574985371774e+00 1.626811261884573145e-01
-3.935603367161015775e+00 -1.086043660877334727e+00
5.769114425719561456e-01 -5.317489538242888614e+00
2.886959903391248972e+00 -1.279102445197834559e+00
-9.138198867798692504e+00 -1.791910780932608471e-01
-9.738682450955371550e-01 -9.231599609255699557e-01
-6.299802476487850633e+00 -3.308349978315736628e-01
-3.569979334293539530e+00 5.665275509095129003e+00
4.645390041422478689e+00 -1.036164260629642264e+01
-1.799152295093528364e+00 -3.551062187794900016e+00
-5.898663001582651333e+00 -7.079390209260962852e-01
-3.261829883716356182e-01 -5.599253590072222231e+00
-5.982086197486926604e-01 -4.447053859050099867e+00
-4.722355605707568849e+00 5.477078271710645652e+00
4.818437659485367064e+00 3.930816945467141554e+00
-5.510095394550862835e+00 -1.105078905805131795e+00
5.805979958478660663e+00 3.993231059855726794e+00
-1.483952105695955925e+00 -2.369331236661398332e+00
6.554276959656366586e+00 -8.462582385887474246e+00
1.090691593791760283e+01 -3.573343986356785074e+00
-4.017503583519888011e+00 2.082459663305719300e+00
1.002909935409971709e+01 -3.995520452066937178e+00
4.932494459728253844e+00 -9.598318406792646584e+00
-3.545767201989429740e+00 6.251787136007870060e+00
-2.404052955047238260e+00 -1.879942515586687790e+00
7.260796997001413011e+00 -1.046582292152231553e+01
2.089585572493634302e+00 -5.007335240507613250e+00
-3.480095464523142557e+00 5.717347421772260851e+00
5.551391571864042973e+00 4.551906194632564961e+00
-3.716658071453801782e+00 5.939315726537561346e+00
-2.625003510293767661e+00 -5.978526698833849906e+00
-2.699706904904656479e+00 1.718371402033492812e-01
8.646631801980286802e-01 3.552271351274623346e+00
-2.533685979512453113e+00 -1.338524736112658653e+00
1.093272601395180565e+01 -4.488781767629988373e+00
-3.297460053273955083e+00 4.771251613909861078e+00
2.624499151476793024e+00 -2.433358469586630157e+00
6.161151907705975095e-01 -6.118689015155627686e+00
-2.537262605763790368e+00 -8.465930395295624411e-01
-1.178099092294927264e+00 2.679510665474358344e+00
9.467612348043021875e-01 1.649615774847862149e+00
4.858344571991427330e+00 -8.761113030512099442e+00
6.402832761759019498e+00 -1.055745941118798825e+01
-1.958589792219672887e+00 -5.479773114055493943e-01
-1.798766264234053169e+00 7.923571561434600952e+00
1.047900702071889789e+01 -2.965354766386180785e+00
-3.788031542795600171e+00 -2.882929834543886294e+00
9.723644758661736276e+00 -4.217607723878551873e+00
-1.909779281542171248e+00 -3.987795447036395657e+00
-6.109647298405320726e+00 -1.698549217783456244e+00
5.239954232322799221e+00 5.351370112045492178e+00
-3.414887397638029398e+00 2.172989557478798961e+00
4.441138801941294290e+00 4.665681190209248541e+00
-7.771588561397820172e+00 -2.237213117564079923e+00
-8.921170485997505395e+00 -2.152352710143476067e+00
-2.967398942624059011e+00 -8.541781901837313118e-01
7.165742684002004204e+00 3.359843660476935057e+00
5.077850080093110563e+00 4.152203900457618779e+00
-1.350787984952319665e+00 -5.578116933148812961e+00
-5.509653547809937990e+00 -5.330094683406484179e+00
1.546517875285462917e+00 -3.206814803856157248e+00
-6.841768683547284624e+00 -2.281105998296303561e+00
8.964984945989058485e-01 -3.952915482870280606e+00
5.330715135740044630e+00 6.014430152117329342e+00
-2.926621371388589132e+00 4.575827352867401387e+00
-3.430887687304554401e+00 1.094354113662221462e-01
1.659779353241370048e+00 -5.220193094891814489e+00
8.195651971548215897e+00 -2.226164806402225693e+00
1.746474564896765447e+00 7.309143047081171574e+00
6.607031369007521526e+00 4.555183684423491641e+00
-2.268194642999394439e+00 -5.305159290250761828e+00
4.582910050418699477e+00 -1.024482415896548382e+01
1.417421199019856415e+00 -4.778931052525889456e+00
-3.463007528212291852e-02 5.204835276259459853e+00
-4.689570535440852339e+00 3.662783566874643348e+00
-8.010229741705929385e+00 -1.622471068534844463e+00
6.557053608488086383e+00 4.119865774990116414e+00
4.863810264778027026e+00 5.201217984783462533e+00
-9.544815448456573925e-01 7.524237575598384353e+00
-2.806895838671272791e+00 -1.353758619953517206e+00
-8.294584842502446875e+00 -1.245530235330585267e+00
1.078797029047505873e+01 -3.601408695503981239e+00
-1.539574370959988503e+00 -2.130397133991142944e+00
-5.430209813596605928e-01 8.414623695644678492e+00
-1.180573137829372010e+00 1.892726401290090177e-02
-1.021525029780555371e+00 4.692604006985656717e+00
-5.333292053511432762e+00 -1.106596050789005359e+00
-3.051286509634974387e+00 6.629001396845747962e+00
4.767208988441661965e+00 -1.073221029536160387e+01
7.419023957587340234e+00 -1.084806725611479905e+01
5.059135639963449727e+00 -1.053869823484353319e+01
8.890355091363266737e-01 -5.612711722567374828e+00
1.000099995645006246e+01 -5.099788697148649241e+00
2.721414801724716170e+00 -1.322355019619999350e+00
4.670408690911524552e+00 -7.584975468731656179e+00
-6.532626164561181614e-01 8.131477128063702153e+00
-2.569693187420392988e+00 -2.994590053856055700e+00
-7.049818615671437527e+00 -3.559257312701551434e-01
-9.417832013770829347e-01 -8.095503082716856369e+00
8.249710334006250534e-01 6.514408847903245814e+00
-9.608119235013889980e-01 -2.509143508854064564e+00
-5.675608186350686868e-01 -7.494114222374570922e+00
-2.233499857731147564e+00 -2.925134371475068384e+00
-6.876421336788610006e+00 -1.850614927242925090e+00
-8.362629309297311408e+00 -2.315384933083105778e+00
4.170419241864546933e+00 3.221423616661476252e+00
-3.201768500427085939e+00 5.507951213707460880e+00
-1.959180962561803296e+00 5.726522202359232594e+00
2.335798388067664710e+00 -2.750256973018490037e+00
1.389358827970533339e+00 -4.527465210412159102e+00
-9.471014302393907514e+00 -2.857885304999185916e+00
-5.515546172576052619e+00 1.202165297664183896e-01
2.278762629764273129e+00 -4.770547767428128694e+00
-3.763019584908438020e+00 -4.053368845990197755e+00
1.082284269921698439e+01 -5.086231093630067868e+00
7.127905248695115326e+00 4.606604593393932134e+00
-2.042643149306967665e+00 2.135705874200180432e+00
6.086665149298136512e+00 4.186702823055201250e+00
-1.331113160941682416e+00 2.676490109336304712e-02
3.996225236606249176e+00 -9.694090041968626892e+00
1.565153441222644437e+00 -3.231630405721459542e+00
-7.003775244703775549e+00 -8.460944602743295517e-01
-4.802084570365218852e+00 -1.178979186295809001e+00
5.993231534130014637e+00 -1.023472584214676395e+01
-5.052169203733432035e+00 4.017150325075006911e+00
-6.042199835302709765e+00 -1.884326292644040279e+00
-3.212957386753280131e-01 5.909571270103305629e+00
-1.585672122463165579e+00 9.029700495308835784e+00
1.222687728196147283e+01 -3.914299101113084767e+00
-8.789955544582337410e-01 -2.590487643676623541e+00
-2.959337163795311199e+00 -2.320922086248413674e+00
4.864018949745378961e+00 -1.003447717237674652e+01
6.920700040016566135e+00 3.834284318857524632e+00
-4.683125478036116007e+00 4.574436221869238040e+00
4.862822242717703247e+00 3.457680046736994584e+00
-1.475702777276970412e-01 -4.900961124185998941e+00
-1.928668130590830643e+00 -7.142442700240303033e+00
-4.780477081019961716e+00 5.279870026275323980e+00
-1.305981634668565095e+00 -5.997737153898339280e+00
6.951843897128957117e+00 3.006332364937144064e+00
-2.238540052214132103e+00 5.506958905532858495e+00
5.334932279590804960e+00 -9.764696903372936276e+00
-4.828211457030702647e+00 4.084948973053560195e+00
-3.583905219027431865e+00 -3.376061844020048941e+00
4.919213327343934239e+00 -1.063807339394789686e+01
-8.128581741176955644e-01 -5.957973654227138205e+00
1.150158007872854160e+00 4.878801837431685051e+00
-8.114387063382695331e+00 -2.045612797478495448e+00
9.051337270892998887e+00 -2.064559981805441424e+00
-3.569163735482066002e+00 3.532791801912515961e-01
-1.936160597545400819e+00 -4.126855742395873605e+00
-7.310851555036617100e-01 5.876943108208139144e+00
-2.409634585727252976e+00 9.690500591200628122e-01
7.361307358180776639e+00 -9.535869574993302678e+00
-4.646900371194844226e+00 -7.933781706224793950e-01
-1.881299916464153732e+00 -6.048486572386099880e+00
5.141376625377818144e+00 -1.009864731598331566e+01
8.842563919402010697e+00 -4.019842963391431212e+00
6.976772240963424743e+00 4.869901628490981516e+00
-2.233662442233529166e+00 -2.399288618816049379e+00
1.696717675714508822e+00 -5.066422056308608646e+00
4.579325249897842731e+00 3.765823691076646718e+00
1.921010992058411748e+00 -4.330857722401790788e+00
-6.049764922482273377e+00 6.178739619377348724e+00
-1.610068941207068338e+00 -3.574686434839910554e+00
-8.164459088686486510e+00 -3.516056372690085752e+00
-3.487278225229048623e+00 -1.556241416891651186e+00
1.022472838858843147e+01 -4.960325644498261966e+00
1.118964333262530086e+00 -3.629521083703395323e+00
-5.800618607479558264e+00 1.409752360672085203e+00
-2.409286399587819538e+00 5.952104111677538612e+00
7.792104081309627617e+00 3.663339022279763491e+00
-2.285750853183191822e+00 2.627356602407289188e+00
3.023734286604127686e+00 -1.012507478696595697e+01
-8.510379001602136340e-01 4.947425553812802690e+00
-1.940749004722877480e+00 -2.203831227709016183e+00
-3.960204867849410615e+00 6.730577659925668144e+00
1.037499951108127938e+01 -2.889901581200441161e+00
-2.298718652613502833e+00 -4.362711035138362448e+00
-6.619420349040860962e-01 -1.594560948753214191e+00
-1.390700958444461843e+00 -3.828214561907176683e-01
-2.714368579180599372e+00 -4.071221299302547059e-01
-5.103633277640950539e+00 -2.625070429733819211e+00
6.146292787630369681e+00 2.238381689460911428e+00
7.624005713691913044e+00 6.719724787633014174e+00
-6.705131126669421349e+00 -4.763980139988174267e-01
-1.878910015758586072e+00 6.466595729487125688e+00
-2.835277875160105765e+00 3.193707971237957022e+00
5.253460282729658815e+00 -9.516868554394404711e+00
3.299239199116383858e-01 6.261249575968387937e+00
-1.722183520788309163e+00 -6.491728179178661406e+00
-5.332687325712576865e+00 2.993684678472950278e+00
-3.071979797862866235e+00 4.839771578877408942e+00
5.755393463481659033e+00 -7.263728286389810940e+00
-2.061845751734366683e+00 -6.385709706501829785e+00
-2.094954746301613380e+00 5.723508509315912818e+00
-6.336587624885623882e+00 -1.313111279715947211e+00
6.143400870042751372e+00 4.375746931609166168e+00
-4.522263876380619330e+00 -3.019430045548918251e+00
9.095646668726130812e+00 -4.898247564557738798e+00
-1.102535754662879786e+00 -5.673732381679092995e+00
-2.372347147025535730e+00 -5.096649254406516505e+00
-3.944274863186658653e-01 6.394628154743741355e+00
-4.985971040858585113e+00 -6.142813264185420508e+00
-1.155356850591120033e+00 5.152236356036143938e+00
9.015799481043195840e+00 -5.710232849244793130e+00
-1.028119418942486485e+00 7.901144658402436072e+00
5.608262256832221127e+00 5.653390558487727091e+00
5.199834151511672609e+00 -9.116570116372784582e+00
3.915769261458542871e+00 2.840692006756033727e+00
1.489783202591426825e+00 -3.421268529787870882e+00
-5.673301616950629622e+00 4.344340247375748199e+00
5.209564930532708082e+00 -9.776807590559482009e+00
-7.197086032609170125e+00 -3.032473412564586468e+00
-1.712362172626481049e+00 -4.651130485215024812e+00
1.135851509667755543e+01 -3.755244993304590828e+00
-4.618267354253514867e+00 -5.290030043824106576e-01
-2.443424634111842408e+00 -6.451501861105882973e+00
-5.402264932080469428e-02 -5.336892375231705010e+00
5.166185225305244266e-01 5.479067000514953989e+00
-4.231297661130249743e+00 5.061052383595214366e+00
-3.202565205165612827e+00 2.190798018698627558e-01
-6.891338046770122183e+00 -3.135325371861349630e+00
-2.871788570212143732e+00 7.443300529824422362e+00
-3.861640591039350312e+00 2.200448013054757679e-01
1.916614574754041733e+00 -5.781795064386216154e+00
-4.375695803686383556e+00 4.831438285906037855e+00
7.004302453883967106e-01 -3.936058076292308083e+00
-4.707270090433686605e+00 -9.157072500606789900e-01
5.694414142490512809e+00 -6.455763189855760587e+00
5.252754348986456989e+00 -9.774008512796909187e+00
5.887415320378607930e+00 4.062638550449726438e+00
-1.163583650949462589e+00 -3.764330085057220332e-01
5.953405687307887995e+00 -8.535377634049321927e+00
1.079202003535639953e+01 -2.185052222015418710e+00
5.905634590772139703e+00 -6.462883819322135182e+00
-2.143936678603692414e+00 5.386232510461241851e-01
-5.426842641800877942e+00 5.879892708521146538e+00
-2.823037609278105098e-01 -4.477945505988557784e+00
-8.685134261664952504e+00 3.542750976885185032e-01
-1.593307999839326916e+00 5.423234850579659039e+00
4.797000224171004135e+00 -8.120775517035578872e+00
-5.941761123436171133e+00 -4.220982456849086795e+00
-8.267998525558555301e+00 -1.575507823984712896e+00
-1.596293649352002131e+00 -4.105553628437128566e+00
-5.497711828927254629e+00 -2.832913310498972326e-01
4.957153297545136894e+00 5.055991573645981063e+00
-1.966622210429665785e+00 7.606220996993338979e+00
1.695560552288377210e+00 -4.550537056730052043e+00
3.290559679669904813e+00 -4.132520150915740764e+00
-1.460490127292587204e+00 -9.031342588007708727e+00
-2.497558517863380789e+00 -2.861559031521919039e+00
-8.943071473957677764e-01 -1.507045305522748624e+00
-4.190670904654080431e+00 7.046885646582710550e+00
8.814034248638177305e-01 -4.295582182064715759e+00
-1.341150256143378794e+00 -6.410398659435724511e+00
4.075970428746570562e+00 -9.646022418147195410e+00
-1.798468214760095218e+00 -2.082366429532243934e+00
-2.467641413857511790e+00 -2.330180030387837831e-01
-8.411262040055495603e+00 -2.613555452857659667e+00
3.920487388964098319e+00 5.735820223245141847e+00
-2.543521564527623902e+00 2.229242412573581245e+00
-4.252261446815310819e+00 1.393254274622614641e+00
6.963620684403132088e+00 2.536629835078293205e+00
-1.054913681670957004e+00 5.870966865287456926e+00
4.770819663288675905e+00 -9.671429151554598036e+00
-2.414729816276123930e+00 -1.832241596484489587e-01
-4.475252070463286991e-01 -6.132968969976470675e+00
-3.397022232049787149e+00 1.401776859747922765e+00
4.191418563228507033e+00 7.160235906345237211e+00
7.031335608464213571e+00 2.769732020096689951e+00
-3.534352494923407306e+00 -1.716470661970222134e+00
-1.604264020448346706e+00 -8.232025327599808762e+00
-1.956425819919356268e-01 8.029784034791196845e+00
-3.984895522251992617e+00 3.936419190515715538e+00
1.304831436271435496e+00 -3.734483924915631636e+00
4.035925290144199096e+00 3.648841767789610113e+00
-2.100627102787962386e+00 -7.021435462092715518e+00
-1.914606474812704962e+00 7.232308790573268809e+00
6.618998659470850754e+00 -9.125597656866013097e+00
5.902732305054171569e+00 -1.116235021050484022e+01
6.248272029984829778e+00 -3.778973633229389506e+00
1.074374230913485562e+01 -3.629217180286238520e+00
-2.512427870867211865e+00 5.579463962929716025e+00
2.557740240948261246e+00 -4.057028587672784070e+00
2.373987994447537275e-01 5.180286477730140504e+00
-5.505816589921672666e+00 5.263870516680232647e+00
5.037943900609777259e+00 -7.844618857244855192e+00
1.440249252210210607e+00 -2.997647965702162853e+00
-6.550042292313936088e+00 5.427909128512862225e+00
-3.274044165958847064e-01 -3.319262434022810293e+00
3.955489514422398933e-01 6.319900521879762145e+00
-1.101589782001647144e+00 -2.684891451533268025e+00
-7.888702520931854423e+00 -5.230221368456078324e+00
6.114803767741269880e+00 -9.921943634609680984e+00
5.632109317363927836e+00 5.124007366714765865e+00
-1.092119918372565390e+00 -5.281932789024872399e+00
-1.221197942016417404e+00 2.391937831803506498e+00
1.233499328248557703e+01 -4.241867556334374179e+00
1.981885149970166626e+00 -4.392789189793719906e+00
-2.201154858930084668e+00 -6.133208427292425879e-01
-3.880676987268713241e+00 -1.606611837480658389e+00
-1.914901039517944437e+00 -3.199249148838323453e+00
1.236543795896483289e+01 -4.022472373581943650e+00
-6.523105832724742648e+00 6.139418080948998657e+00
5.866964195034340968e+00 3.435090516236510183e+00
-3.437576541358188464e+00 -1.060146510945651599e+00
9.047675381526692817e+00 -4.658891997693992870e+00
1.104213254289266199e+00 -3.574162454339087969e+00
-3.184381380005304685e+00 5.674363165920092378e+00
1.914558861920969468e+00 -5.505906966758873367e+00
-3.814648226576758727e+00 4.837370344031590719e+00
-8.267341241658730411e+00 -1.266286093048166750e+00
3.192244890619136299e+00 -8.104437587244509800e+00
5.607570992179731206e-01 -9.440247861415819841e+00
-5.193225359769429339e+00 7.506628397427646426e+00
7.327122122194820619e+00 4.070912669625203151e+00
5.504148750071774288e+00 -1.010173588154388469e+01
6.226552173034201054e-01 -4.537331477406132407e+00
-4.747104915392985625e+00 5.660036936592310219e+00
5.720725012308829349e+00 -8.634206516246386798e+00
-2.695425676424545003e+00 -7.922649760949506126e-01
-4.127041204615448322e+00 3.326348603326316766e-01
-4.871881171950028566e+00 3.895831798518017752e+00
4.069605583303464336e+00 6.374735526843416267e+00
8.131622665035230568e+00 -9.497466317175772943e+00
-2.979967976608988156e+00 5.562587877620062127e-02
-9.152180429579044318e-01 -5.881317359119502264e+00
5.226232674493790142e+00 -8.825182492999703143e+00
-6.267423990707770898e+00 -1.769702574117639537e+00
-8.961201455947456651e+00 -2.621723143307865378e+00
-3.341703041298481391e+00 -1.403342153567304074e-01
6.753939430389960918e+00 5.062959918690191685e+00
-4.956686290232750203e+00 -1.626197843918492536e+00
1.338444171440323238e+00 -4.202877155805177622e+00
-4.810641079346462234e+00 -1.071146340120771923e+00
-4.487801927781038813e+00 -4.113421807023357246e+00
5.316509793042678567e-01 7.024116576121529398e+00
-2.799428207040390859e+00 -1.865011465768095178e+00
-1.606273862740286162e-01 -5.005548028077482670e+00
-1.506235995107939596e+00 -1.312056310090478295e+00
7.184491934180836203e+00 5.471063157484653772e+00
-2.121298382266282090e+00 -6.696141594819461140e+00
-6.779232312201819433e-01 -3.878433834196370444e+00
3.848516338947266746e+00 3.680052514022323251e+00
-1.969951063031360583e+00 -4.574746708877019508e+00
-8.145112067822804391e+00 -1.614500156853945656e+00
4.712605873341321860e+00 4.393616562798767333e+00
-5.290310682925231767e+00 5.478271457377337228e-01
1.284545379074360394e+00 -4.807517314535691533e+00
8.495666005786587149e+00 4.782503679703975052e+00
4.616621158528070090e+00 3.561983467317540342e+00
1.658035427817405427e+00 -4.321651535939692756e+00
5.106400253101681663e-01 5.006322612087461543e-01
-6.143236691115752990e+00 -2.192751381465417815e+00
-2.131064497567463079e-01 -9.033351261051889125e+00
-1.777554728470825962e+00 1.018679850489871752e+00
-4.164155829033688860e+00 -6.072939605415861308e+00
-1.980763221297966670e+00 6.634931844287224934e+00
1.087181568121389041e+01 -3.530411890278765785e+00
3.306497272487484151e-01 -4.243763022105579097e+00
-4.869189242103628246e+00 -3.411071039263762206e+00
-5.087511245862897269e+00 2.920887965215085202e+00
-2.163778283300815453e+00 8.214626841227936183e+00
7.571818898950185783e+00 -9.978867394537203950e+00
-2.659097430551098817e+00 3.395703019378202292e-01
-6.973009428557869427e+00 -7.372758251614476288e-01
-4.627267162524066890e+00 -1.218112615084773642e+00
1.080092503314489472e+00 -1.956820870945036539e+00
-6.878251453695684248e+00 4.853569808578677147e+00
-5.230710432478779204e+00 -3.137137332301754622e+00
8.001457249951073436e+00 4.543430951768251624e+00
-7.976326238365473387e+00 -3.276257931625564668e-01
-4.637061115508176457e-01 7.444574392311104738e+00
-5.946296569002340604e+00 -7.972109518492926927e-01
-4.499385761739040923e+00 5.427283912881555317e+00
-2.993389763969809714e+00 -1.171555719391343953e+00
-6.942844793302602735e-01 -4.788233454780658427e+00
-7.326812779142104493e-01 7.263879620349456445e+00
-5.384891390689762858e+00 4.730767164738442609e+00
8.148901004092831357e+00 -2.162370098669857299e+00
4.159083869877704398e-01 -3.489857664733563958e+00
-6.379536460791188190e+00 -1.545976654774277037e-01
4.938417302618418603e+00 5.000902462490200762e+00
9.291010583684764512e+00 -2.834743319862858435e+00
-6.327282656819770423e+00 4.469751593260366640e+00
-2.150812115146599979e+00 6.372089242652599239e+00
-2.788604095312004816e+00 7.081530170427354776e+00
-1.613965585377799439e+00 5.969916386442088552e+00
4.319763990085801808e+00 -9.739518054312018336e+00
-4.925660988744517077e+00 4.634171990464799329e+00
-9.421332766004676174e+00 -2.933755791537230984e+00
-8.595878785023258750e-01 -5.758853020886051333e+00
-1.010274950390757986e+00 8.601890266562057796e-01
-6.975244536916282101e+00 -2.589359500815023196e+00
-1.840955079449853482e+00 -1.158064846691725158e+00
1.136596825200920335e+01 -2.325958145429381840e+00
2.589689681471516458e+00 -4.160015785591751225e+00
-1.335724641123402279e+00 -4.954749252013865402e+00
-5.982176016321837153e+00 4.350602747742742693e+00
-2.125108326546752746e+00 -3.649499789639290004e+00
-2.227189444544550589e+00 -3.281106985105874951e-01
3.131032577400871375e+00 -7.879337697472505120e+00
4.793071998863971395e+00 4.847401014909017647e+00
9.108050334819747462e+00 -3.013849031396001354e+00
-3.197787758829149674e+00 6.519421560446658326e+00
3.582944633421350833e+00 -3.961366328166886497e+00
2.110012649674113394e-01 -4.156372820528705603e+00
9.688707850625815965e+00 -3.907946360815336639e+00
9.031365089507064070e+00 -3.426086871828495362e+00
-2.794824955398785171e+00 7.860337582199560025e+00
7.549812226445983043e+00 6.800795905137013264e+00
9.000504510393346536e+00 -4.585404780753044918e+00
5.426688224400005645e+00 2.371655593033654696e+00
-5.918879403147373708e+00 -1.668449654662643500e+00
-4.128442352551305206e+00 4.243168531851535974e+00
-2.277089290017980883e+00 2.608046048593921640e-01
4.490842909376429049e+00 -9.268275080223784101e+00
-4.336066803144444926e+00 4.996175504483183261e+00
-1.858336064027116485e+00 2.479618735354031100e-01
-3.308931329942400801e+00 -1.484175838042528284e+00
7.401401843523930602e+00 -1.020156324902111500e+01
1.298540118375486996e+00 -5.807466982822947266e+00
-6.905530742093177743e+00 -2.505723660692395605e+00
-5.192390437074738685e+00 7.240731611775089505e+00
7.766294700015041741e-02 6.560395395420947295e+00
-6.201109474745128303e+00 6.224758934080041328e+00
5.767022476560218713e+00 5.795679193735232104e+00
4.008968197322349880e+00 -8.355515658973807547e+00
-1.352891110954939968e+00 -6.413873520577370257e+00
5.443039310442539858e+00 -8.396196168543283989e+00
6.206355678502391449e+00 -9.977112595011261575e+00
-1.092565045097253495e+00 -5.023222822575799995e+00
-2.902821635771227538e+00 3.753405174104813113e+00
-4.107065394995141006e+00 -8.845603721955568322e-01
-1.201833848243988756e+00 -5.284282718129146517e+00
7.163413651147717331e+00 5.017684300770908656e+00
3.537948723939245976e-01 3.939648401771292274e+00
6.602066667022798541e+00 -7.795499357181426170e+00
-5.539517600304741940e+00 -6.093124015828402795e-01
-7.698900170545661670e-01 7.897008172965239048e+00
1.191580813635680469e+00 -6.350000835353172945e+00
6.282534483456807983e+00 6.465198629703781563e+00
-4.234550602445722234e+00 4.321087505694744202e+00
1.076652136925883774e+01 -3.730541259083478334e+00
-5.170373341072854956e+00 3.336693046719561906e+00
-2.467128913369621035e+00 -1.619669541042493499e+00
5.440954779072259662e+00 3.395909438065781050e+00
-6.860527514290552631e+00 -2.618663750923599931e+00
2.426356439306408319e+00 -3.353987575214820271e+00
-2.042677850120303784e+00 4.803800691147765534e+00
-3.091195497221751687e+00 -5.842315454585597756e+00
-8.238941811489615574e+00 -2.070476017820865433e+00
-3.631443244631347156e+00 2.762705983850575198e-01
-1.012759089689169167e+00 -7.233464661775620641e+00
-7.570876094957974090e+00 -1.589247787492474862e+00
6.634547896187633853e+00 -1.183555342937075672e+01
4.516999994400105578e+00 -1.047443887985224009e+01
-1.412031050625166317e+00 8.781743451019057289e+00
-1.784096571093553685e+00 5.808796884693918194e+00
-1.051259787279469560e+00 -6.171600161327051914e+00
2.814302059977082493e+00 -4.284843608854665753e+00
-4.326975762577879969e+00 4.684351961981773727e+00
-2.238937347138938438e+00 6.014356645158098758e+00
-1.516715982123208351e+00 -1.192860309956670584e+00
-1.734511128809077318e+00 -1.193207369746086544e+00
-2.527001912710646003e+00 -6.382545537151082193e+00
-4.138850926454393786e-01 -1.679631478214233198e+00
-6.728067966441707348e+00 -1.620515175893623150e+00
-6.087172985955694449e-01 5.758601236635835896e+00
-1.495400390668386148e+00 -2.165172208235356610e+00
5.321713059926031164e+00 -1.052732742443810565e+01
-2.320344981165065601e+00 -5.797197579051848182e-01
-1.045350228214518840e+00 -5.572952920952107370e+00
8.626984083003669257e-01 -6.290388102556755179e+00
-2.071911618552845002e+00 -7.483803803441882785e+00
-2.769784928466451746e+00 -1.032742211193074189e+00
-4.575759460959196723e+00 -1.400068907321227130e+00
-7.575885626746584833e+00 4.284954129629141129e+00
3.360096477463994091e-01 -3.837056386753616266e+00
-4.970294807515484692e+00 5.839438839448753527e+00
-1.255373758387286598e+00 7.961433038192926581e+00
-8.496569281492216685e-01 7.775625486027665900e+00
-3.602467594409580087e+00 -5.303772051239160623e-01
-2.774976513901164843e+00 -2.798255363796378070e+00
1.248691143628499756e+00 -3.547582205044139236e+00
-5.756163965496428503e+00 2.668410239237405168e+00
-6.427551094440918433e+00 -8.283981151070467508e-01
-4.412171558052955689e+00 3.629863385695428324e+00
-3.738745760777003824e+00 7.835440798826299513e+00
-2.721594933083895995e+00 -7.827943073874916280e+00
-7.544637644549266220e+00 -8.672574100330876501e-01
-1.638475806468218332e+00 -1.828037000921759025e+00
5.571898097909728342e+00 -1.030181754519207971e+01
-1.519573457784768822e+00 -5.893633138402438298e+00
8.420762709570572824e-01 8.692000200855503067e+00
5.538645634475201973e+00 2.016498664741978697e+00
-9.305985973215893381e-01 7.137815711127164064e+00
2.121365204422880346e+00 -3.765620453680736723e+00
2.033885109019013981e+00 -1.693103376212759414e+00
-1.904383502239136217e+00 6.787236999999344711e+00
-6.133048883902965542e+00 -8.232445740945358859e-01
6.418113461466833591e+00 3.953442631087947134e+00
-1.100696000503403216e+00 -6.799202467112951176e+00
8.592036524336070791e-01 -6.541882884261471354e+00
2.278158027081236270e-01 -1.122758489041891350e+00
