5.049630874473898245e+00 -1.002547454043400776e+01
-5.723801723077141190e+00 -5.997827516594921304e-01
4.224733810979939719e+00 3.574437428803718841e+00
-1.242277844780358187e+00 -2.129443306999482033e+00
-1.705320158585078794e+00 -6.080213356158103544e+00
6.586141267829486168e+00 5.713039133494861588e+00
-6.723251506483343132e-01 1.628208547650028315e+00
5.663144944140353410e+00 2.837810616379533357e+00
2.717455603962405597e+00 5.675448151428764021e+00
5.515296257314237227e-01 7.539428537748886328e+00
-4.874246503031719691e+00 -1.005946663536931407e+00
-2.234144539040164634e+00 -9.242092177186309598e-01
-2.310135552446901830e+00 1.728058471783214589e+00
-1.686969626781856579e+00 -1.130126515648982366e+00
5.005991162742659206e+00 -8.013165427566226739e+00
-3.082137333379623811e+00 8.259035416801477680e+00
-2.189020395774393890e+00 3.315809736986185197e+00
4.982974334995044607e+00 -9.632162160028947540e+00
-3.257402320000190699e+00 -1.619049400676946804e-01
5.895879231801703924e+00 1.792955007871017692e+00
-3.949728155266507557e+00 -1.578647733163895950e-02
-5.674412465904575598e+00 -2.019143649745047231e+00
-8.212253169029629873e+00 -2.897556157219463024e+00
-8.290519146528648520e+00 -6.387210093034284553e-01
-3.733982832177820121e+00 -1.319468501639558866e+00
-6.476098005506226052e+00 -1.779096731826899314e+00
-3.412155439212811725e-01 -2.601347071217839257e+00
-4.787033631145487966e+00 4.590865347345451042e+00
-2.527044838064278487e+00 6.976529647384736244e+00
-6.673724750347562740e+00 -5.658915796682764121e-01
5.942635866392074639e+00 4.482233608521333679e+00
-3.082738285199118522e+00 5.257457712963244489e+00
5.250169942943194723e-01 9.781218699380467285e+00
6.124363882766818534e+00 4.681375933600670614e+00
2.799096322519276203e+00 -4.540899224652678257e+00
6.500465911512391060e+00 3.471145341313372157e+00
-6.582844085257475442e+00 4.366090261854923327e+00
8.481439522124697206e+00 -5.177119042183136344e+00
1.056245134243367723e+01 -2.434194313884388450e+00
3.570835140828649834e+00 -1.016900096651649932e+01
-3.941417080713910170e+00 4.663827761473089417e+00
-3.693265777150830154e+00 4.544313332406011874e+00
6.701739154931221520e+00 -1.046919522854144624e+01
9.537245223112911674e+00 -2.387723987542374360e+00
1.800121801516405107e+00 -4.761733492305719295e+00
-1.659897436825587658e+00 -1.052461584348291623e+00
2.673610959392247466e-02 -5.523876568878717919e+00
4.500514186146029161e+00 -1.043361181079815481e+01
-4.985702547511792204e+00 -2.466726319364712872e+00
6.769381425427946297e+00 -1.106066057428722793e+01
9.840058146662702399e+00 -5.888079334895368611e-01
-2.686642516021533034e+00 -7.301292531807749953e+00
-1.028278752070241442e+00 -5.943144974618155274e+00
-2.345171466845883401e+00 7.842531738496225202e+00
1.543223984155686068e+00 -2.687988614570293144e+00
9.534518688110646067e+00 -3.479779025111993995e+00
-1.313143551111907836e+00 5.139943845522136456e+00
4.985421133425102624e+00 4.270323665880516373e+00
-1.996402545494835312e+00 -7.616283178090357708e+00
-5.232182353189420709e+00 5.832222908890837942e+00
-2.670202934873439737e+00 3.920657626290341646e+00
-2.396004186980923656e+00 -1.544607692335422389e+00
5.660020692575724155e+00 -1.046576678237175528e+01
-6.860185815144002053e-01 -3.434945070673327105e+00
-7.719432653770224917e+00 -1.123632830407615968e+00
2.885212898324278630e-01 7.270890308522452550e+00
-1.430934560797676447e+00 8.221268357342561561e-01
-3.717528946182499183e+00 -8.079960595930801848e-01
-7.411409091261585758e+00 3.903752585928109031e+00
-2.749781873363597029e+00 4.134692140514237835e+00
6.514659779404134099e+00 -8.201610315584975552e+00
-1.233881532356271293e-01 -3.120572379531883378e+00
-1.943072540480279109e+00 1.892752690304067009e-02
-8.866258658016737959e-01 4.610251694908975573e+00
-3.799636694736755249e+00 -2.421095903505449343e+00
-8.762474133222537542e-01 5.127104395421284266e+00
-2.310798232232280647e+00 4.366200697501154693e-02
-8.046544445885341901e+00 -6.549808169099802235e-02
8.588731796625692638e+00 4.135035746794335054e+00
-3.549166564562614479e+00 -1.535739855994445069e+00
-3.086775924151274886e+00 5.830013900331793231e+00
9.951581066328392566e+00 -5.019267695154846720e+00
1.101272336593225099e+00 -3.226890942440073129e+00
9.422283142090932984e+00 -2.638166931271550553e+00
1.033873650078620443e+01 -5.210307554683147657e+00
-3.035431694556325333e+00 -7.035937718129249063e+00
8.510389963367417820e+00 -3.745945108425111414e+00
3.953557722677901509e+00 -9.672752344362926635e+00
-4.859413538398650090e+00 -3.600850367473657609e+00
-9.642320719770552273e+00 -2.795019666803619351e+00
-7.281015763316477596e+00 -2.254696046167856682e+00
-7.633502733529463846e+00 -2.855358966510174845e+00
5.392717892991605311e+00 -9.364889209289946947e+00
1.314185174411184764e+00 -3.618981733502333764e+00
-7.980391599676494252e+00 -2.281630622700513200e+00
8.198387991898895777e+00 -9.640653706724709338e+00
-2.979028921949068209e+00 4.138460630568232546e-01
-5.899728561169542695e-01 4.956732472836906211e+00
-5.115148389802310902e+00 9.509355489081383617e-03
-4.891287656081102497e+00 9.525366058978484318e+00
-2.034851970700200852e+00 -6.473939783503955825e-01
-3.863029857383761367e+00 6.941251115290263840e+00
-8.858307620413872208e-01 -1.348410740765173310e+00
-6.183943629595221481e+00 -9.444732820622552261e-01
3.368080366365746148e+00 -9.315666081637600016e+00
-6.313397651203365157e+00 -4.514279344748797662e+00
-7.214975019241186338e+00 -2.371372261210161092e+00
9.435588772137521119e+00 -3.651332071135034774e+00
-3.762907432305438782e+00 -2.068773749839061260e+00
4.539015394275642379e+00 -1.033386640985376026e+01
5.335280627645158980e+00 3.400827285351780027e+00
7.915941876988229708e+00 -7.945755681862989306e+00
-6.389461938974651645e+00 9.437795986362460532e-01
8.071970741267477933e+00 -4.389954856699626262e+00
-7.438621930585785691e+00 -2.307892788596418665e+00
4.534854957971714562e+00 -8.455745875273807499e+00
-3.205105048129447631e+00 -1.642665379657001656e+00
-6.836831936870362725e+00 -1.140692180010229206e+00
1.299767184594676106e+00 -5.135727209859078712e+00
-9.721800408916738689e-01 -1.820577041615000224e+00
9.277206394169076331e-01 -4.582564118097891992e+00
-3.492708734141515281e-01 7.505840962924194670e+00
-5.222710653749216725e+00 5.892722551270928477e+00
-1.951309312338794566e+00 -4.846170900283294003e+00
-5.645606753843136261e+00 5.688809154397428181e+00
-6.194324993123303535e+00 -2.167532573897059667e+00
9.279585832969367232e+00 -3.563191804394158613e+00
6.243320279144001894e+00 -9.039009358320106102e+00
-1.213350884705978849e+00 -4.917697979114532103e+00
-1.957230681911640069e+00 -7.320916666856781774e+00
9.580926270901175101e+00 -5.752704020460829959e+00
-1.317332958444637381e+00 2.268135988722832508e+00
5.036831187109608976e+00 3.859606930744970299e+00
-3.000836980153462008e+00 7.632005092521661815e+00
-6.222794164773460146e+00 -2.052569357314321774e+00
3.116374012338781974e+00 -5.538591692490534513e+00
-7.796313146434159513e+00 -1.058799053949480928e+00
-1.960443963430799297e+00 -2.224150057187632257e+00
2.702797492960870240e+00 3.602161577490341049e+00
-1.485677228559697749e+00 7.275480580837257349e+00
-3.917739740488868083e-01 4.954406413937778808e+00
6.265337849882347321e+00 5.759615276513455839e+00
-5.174247362000569339e+00 4.832256008543692083e+00
6.949859870502520742e+00 4.306535248192155052e+00
-2.816380597276772590e+00 -3.235410772924403044e+00
9.030433178908853220e-01 -5.903522702766504260e+00
6.138707979578184037e-01 -4.990541704077723573e+00
4.009215746812680337e+00 3.220841023936602987e+00
-2.108160102775915590e+00 -4.637934592902821507e+00
-1.100216709808518445e+01 -3.086310857009052278e+00
-7.728847401234122394e+00 -2.124181476406980185e+00
-1.111923141890029498e+00 -6.400276994093676564e+00
-7.176277321477495974e+00 3.826905367864665841e-01
-9.754065573481858209e+00 -8.380339156835354686e-01
-7.103328719604420360e-01 -4.060210266396010681e+00
-7.025534067970662377e-02 -4.791890522163777533e+00
-9.078425401141430040e-01 -7.837667633689022750e-01
6.211236852465281011e+00 3.943713713666042064e+00
-4.041636624838899072e-01 6.252993909203476086e+00
5.685363163814595389e+00 4.077684587397524929e+00
-1.206971454514572439e+00 -3.896145404396464507e+00
8.507297587399955674e-01 -2.473861998201518086e-01
1.476801819548131389e-01 -6.098055696507619139e+00
8.068346378144676256e-01 -2.739014959745134092e+00
-2.952493225685755007e+00 -5.974862500224650042e+00
-5.775554268210304265e+00 -2.199380813416569325e+00
1.013252338812104014e+01 -3.845933491160034468e+00
1.267571479422439085e-01 -5.340074917164692181e+00
-4.825301629326347097e+00 4.157134765658968334e+00
-3.478060238800989801e+00 -2.762747427232807418e+00
-2.460478074341683641e+00 5.946346432244792091e+00
2.352043976581453810e-01 -3.007809432903340241e+00
-2.007973715751461441e+00 -6.475728344871067854e+00
-5.845607077396736129e-01 -6.574335208384684215e+00
6.793945455783081400e+00 3.838084421652243616e+00
-9.781476802246718005e-01 -7.756214664756877486e-01
-6.046078753846093612e+00 4.536396115940767970e+00
-1.603406190876849102e+00 -4.430498524255974679e-01
-5.324375065116927708e+00 6.533965280461886849e+00
8.433115008374164390e+00 -1.840567061419552175e+00
5.190453867056112003e+00 6.160554314992358726e+00
-7.214576068265251330e+00 -1.891204840022647549e+00
-1.876472811141035146e+00 2.911212090414982967e-02
-3.032643832343038248e+00 5.291692532814579408e+00
-5.995041915026599000e+00 -1.743985436853068505e+00
9.318025045091298253e+00 -3.326540237840947878e+00
-1.851040415707888576e+00 -6.830519832355353316e+00
-6.555552891758279488e-01 -4.909618878474884873e+00
-2.456650112481087778e+00 -1.370204343824658499e+00
9.120919807001737212e+00 -2.970753258780026052e+00
4.616051851900193626e+00 -9.954920827608553680e+00
-6.912118388173333905e+00 9.341548553661578325e-01
-2.864022465744036516e+00 -6.074179941989852338e+00
-7.815422394171515075e-01 5.848488424412156661e+00
-3.990154850032810785e+00 -6.077930382977565493e+00
1.026401425361355102e+01 -3.905152843806844132e+00
9.352215142889712673e-01 -6.833291635114243867e+00
5.336336136123872365e+00 -6.681672267554754185e+00
1.004420787905407408e+01 -3.382698919559884665e+00
6.877923913022137015e+00 3.893162647053904912e+00
-4.755861355401990842e+00 6.590124291388331557e+00
-6.303091469555104354e+00 -1.306335655886803337e+00
-7.926333460243298878e-01 -4.283793320646418046e+00
-6.176654544905941790e+00 -1.817877987079939306e+00
-1.970185947527208103e+00 -7.172757239985437794e-01
-2.811182950308906747e+00 3.814547796264701418e+00
-6.176956733275509315e+00 3.902185225949623248e+00
-1.954382842698946687e+00 -5.513436139450649698e+00
-1.006816973241381197e+00 -1.825856929146454810e+00
6.523736925341166781e+00 5.863522968814178782e+00
6.316813207982661105e-01 -5.900557234523667205e+00
8.576638197570374267e-02 -5.932122939856363963e+00
4.045042808455676209e+00 -9.932257521032857639e+00
-2.901432176277725095e+00 8.441757918534076310e-02
1.340023813633983707e+00 -1.257915944450856305e+00
-4.188008656664713669e+00 5.918334073974882870e+00
4.804922450403683598e+00 3.612810928317494952e+00
-7.110679504732487999e+00 5.963457681342934968e+00
-1.249326003419326536e+00 -6.981458836646702082e+00
-1.081631591385540769e+00 1.678581516330162504e+00
-2.603080795991176366e+00 -4.719020330481316527e+00
-6.707314792258871172e+00 -1.338415319676588444e+00
-3.030114533582088931e-01 -5.501116549836942982e-01
-7.689091913303086612e-01 -8.556441012500433985e+00
-6.595170074369336000e+00 -9.772947925265014213e-01
-1.837703083881259136e-01 -4.650942071016807233e+00
-2.999719731287041391e+00 -2.061663776710374041e+00
5.252925368059728761e+00 -1.162820025324339213e+01
-2.391245811283162492e+00 5.719100270428336685e+00
-6.602187446106185575e+00 -2.099454345138231925e+00
-7.386213813001685224e+00 -6.070812072012765626e-03
1.306551926811119380e+01 -4.122262695900696272e+00
-3.999465274514746760e+00 -2.501240171342233864e-02
-1.203798857012029710e+00 -4.018076167726692738e+00
8.425060412731472326e+00 -4.121416607715044478e+00
-6.027769919604653026e-02 -9.838585484760913324e-01
-4.661136528368339249e+00 5.744996254912443590e+00
4.025299404829980610e+00 5.461992154254931009e+00
3.668559619429125451e+00 5.071825659737959846e+00
-2.617391741855076059e+00 -3.293247901349769524e+00
4.973017775456177958e+00 3.721127961882950252e+00
1.274505774795275936e-02 -4.644784843242493189e+00
-6.355055324862819432e+00 -9.518897570972542077e-01
5.079206934636805393e+00 -1.018524236245183445e+01
-8.482285237462157124e-01 6.332120699304895517e+00
1.945377065823632456e+00 -6.325667663222539261e+00
-7.354460154917466852e+00 -1.499588343633176279e+00
-3.717475441930877089e+00 -7.333280408828725783e+00
-1.764377977428979616e+00 1.268094346697567376e+00
5.575561940541381212e+00 -1.054832124355441181e+01
1.009721073864936791e+01 -3.664009313048854022e+00
4.593684627606582360e-01 -3.248371507479973497e-01
-2.060117631633128887e+00 -5.725782000805032190e+00
8.095168160002597091e-02 6.147972429055888810e+00
-1.761682762364602528e+00 3.273516468616559649e+00
-3.398967704896160846e+00 5.922828613470928261e+00
7.527074052018946082e-01 -1.763103075602798331e+00
6.051559768960835584e+00 5.948997682667491738e+00
5.274799188783255488e+00 2.634503053054600308e+00
-1.241608457310094948e+00 -3.897901284788663379e+00
1.067590414367037432e+01 -4.507485562517189237e+00
-4.330645936531437812e+00 -2.054152711016473454e+00
-7.327283504363657052e+00 1.555182148493756689e-01
-3.572291372128555409e-02 -2.453454662328198310e+00
-3.260337544930339782e+00 -1.844892849305563409e+00
-2.153477689118977523e+00 1.570201326902863626e-01
9.136513746106047051e+00 -3.847300864672616338e+00
3.807818158982261281e-01 -3.079172130670150054e+00
-4.876966221594244644e+00 3.368679126245816668e+00
1.078334505712942315e-01 -5.297654142054167181e+00
2.702071157907351306e+00 -4.918326700680696995e+00
7.612393723035856041e+00 -1.035305117787373241e+01
6.250392331671618784e+00 -1.119055453671242262e+01
6.484869012536196298e-01 -4.473211384517239431e+00
-7.901575300046617123e+00 2.336398527082010901e-01
1.397146969731456467e-01 -2.950890365791145609e+00
-5.941986730182762244e-01 -4.056322066655912550e+00
-1.634163818727027095e+00 5.504473249027378223e+00
-1.098228396938087048e+00 -7.100703165055381128e+00
-2.090077450071778031e+00 -5.103707739870303683e+00
1.495662596981520043e+00 -1.270974495509634483e+00
-2.783316011868299356e+00 -1.745349794001596067e+00
-3.827982038897069117e+00 -7.140954651006904408e-01
4.991024915270378060e+00 3.345508682361121977e+00
-2.082987386594303381e+00 -1.731955793612493855e+00
8.203384428744412205e+00 -2.767035461288834597e+00
8.751365160788736830e+00 -3.720027907879846829e+00
-2.835289053591160346e+00 5.003530697074194400e-01
4.816794221925119857e+00 -1.232677471817817327e+01
-2.162665023836931599e-01 -7.018659485218836203e+00
5.682809809499710596e+00 -1.056800931685393330e+01
2.630824558365202570e+00 -3.532739065584782345e+00
-3.118337026717381555e+00 -3.578628453000381793e+00
-1.534387675125763684e+00 -6.037117479521896257e+00
8.096646782637105133e+00 -4.204792175211276906e+00
-3.359480291979044075e+00 3.437505921328360969e+00
6.903464349662899124e+00 2.174855506962772189e+00
-3.208850960747822612e+00 -1.557694620106111927e+00
1.827644825179912669e-01 7.081697618032221087e+00
4.899773915495090337e-01 -2.908392750255740289e+00
-4.589493427055852948e+00 6.032610214438545171e-01
6.897264175071633474e+00 -7.943997207480405720e+00
2.961353692167646212e+00 -8.361522373462610958e+00
-2.987312640016502208e+00 -7.868632120252337936e-01
-5.073892266792358718e+00 -7.281643028329366496e-01
1.588270917053536069e+00 -3.624896663592352297e+00
6.031254964256076434e+00 4.516570574402510196e+00
-6.861282310061158629e-01 -5.514956797309643832e+00
-4.924368224734250177e-01 -4.749752074461357054e+00
1.693381222129657360e+00 8.993062215251310221e+00
5.683733038211816080e+00 -7.953408594705095425e+00
2.686939436507000956e-01 -4.532717823901078802e+00
8.533554868579932062e+00 5.913412770403319918e+00
-2.940147825622402067e+00 -9.090610818962107098e-01
-2.531617491527484276e+00 5.885829023955147399e+00
-1.591012775772053356e+00 -1.114568894307108149e+00
6.271294309570398795e+00 -1.168060046106322503e+01
-6.995682094995117950e+00 3.585917876221984990e+00
-2.819117708946373480e+00 -4.524462322386385793e+00
-3.589011400951142683e+00 -2.768310309617419307e+00
-8.997800692398567612e-01 -3.806993294629910540e+00
-2.918437907693054001e+00 -3.141428873733265181e-01
-2.148265292428960915e+00 -1.360622099655210082e+00
9.973609027570757846e+00 -4.844536854350412369e+00
1.717030422660165812e+00 6.239663377108665365e+00
-2.130800341353647820e+00 1.782968272031334456e-01
-2.764573426662662925e+00 -1.668566405179126244e+00
5.711395637225639810e+00 -1.090345230844094182e+01
4.025157311023090934e+00 4.868461659208970893e+00
-2.131590523356636346e+00 7.751835967010495487e+00
-7.362870941256616675e+00 -6.635869126864082368e-01
-3.703535428365636761e+00 8.352060988401314390e+00
-3.961894723316293998e+00 5.534003205300010109e+00
1.028537506409309188e+00 -4.065248653444972327e+00
-7.755575856589644879e+00 -4.758148593501511092e-01
6.597715017538099858e+00 -9.606955462218087050e+00
5.339614011641495850e+00 5.864631381805912369e+00
-2.924217392430748408e+00 1.644877361412679928e+00
5.696653778864611439e+00 -9.531392187754466505e+00
-1.343225340450435290e+00 6.397776367807114895e+00
-3.093513334140691740e+00 1.602080053576533825e+00
-3.917984973427790507e+00 -3.520992756440863847e-01
4.301273879722899096e+00 4.018637134899551100e+00
6.158154455039889008e+00 -9.826397011586616159e+00
9.114945949519949409e+00 -1.049815733510860483e+01
9.258241232029533307e+00 -2.319941565824087171e+00
-4.808240025594662015e+00 -1.135427036959564484e+00
-2.598187136794365415e+00 6.316757144773746724e+00
4.516032370800914464e+00 -8.369254704880898288e+00
1.067790461568571025e+01 -3.707382892081736880e+00
-2.127431075625485946e+00 -3.398695986020150439e-01
1.142798676758003928e+01 -4.321080803508989376e+00
5.547478818660254163e+00 4.658782593971129593e+00
1.650256870129985565e+00 -4.595757760134442371e+00
6.505603132731363480e+00 -9.381509082109026565e+00
-5.155571132097120035e+00 3.691000936769957441e+00
5.163102285080472420e+00 -1.019807639608681527e+01
4.091071679517591875e+00 3.535285348198387911e+00
1.014615878133670357e+01 -3.632898060707109078e+00
-2.143880162096570174e+00 7.222197900660970227e+00
-9.663687714455240219e-01 -2.802640976399310979e+00
3.899648666051453549e+00 1.085411758814381233e+00
2.117069764795372677e+00 -6.097548862659047053e+00
7.943235518098601400e-01 -5.886550000931843662e+00
-2.437912844294535919e+00 -5.681275162503296450e-02
4.774972842311980159e+00 4.115111750662672208e+00
-1.318680255514299793e+00 -9.278441000541906014e-01
-7.620257996884240992e-01 -1.419355626807481841e+00
7.832552756152598050e+00 -2.548424754155932170e+00
-4.999860018770412751e+00 -3.100788522083955279e+00
9.879692894141181014e+00 -3.414669563949738862e+00
7.256594502096382904e+00 -7.289874135610100225e+00
-4.319001475664821399e+00 2.797021134534059428e+00
8.973336077134488775e+00 -3.169607568994496916e+00
5.980887049490149820e+00 3.653860059324935516e+00
-1.711265497718152950e-01 6.318851839347980004e+00
-2.231320621928370773e+00 -5.667917460930546270e+00
5.200145609020775161e+00 -9.205759719819726072e+00
-4.573422002165488109e+00 6.433026029398564383e+00
-8.651485105808562892e-01 1.669010805494860472e-01
4.562885462214131271e-01 -5.292323438729173546e+00
-4.737447594531969841e+00 -1.387449889942015346e+00
1.616605825094384219e+00 -3.763943474943087786e+00
-5.675977442172273513e+00 -2.204534431901111979e+00
-2.702828955180317294e+00 6.212460451480228407e-02
3.374051077325701531e-02 -2.747133576871449101e+00
-5.348096388856825811e+00 2.634347794637718732e+00
-1.121757394878316605e+00 -1.639384556782266689e+00
-2.828897598791827672e+00 -2.092997060727211256e+00
1.019489646666307703e+00 -3.674552656226862890e+00
-2.374109494966637701e+00 4.776726798974313404e+00
-1.203806982006107695e+00 3.698251938010351569e+00
1.211383226183542661e+01 -4.862598584119210976e+00
-3.584850034193323154e+00 4.944199297670715865e+00
2.927106345530836151e+00 -2.734614247078559046e+00
-4.185822359374371970e+00 5.488914972824507466e+00
2.371284540184508405e+00 7.239961524938515858e+00
-9.832228297869525235e-01 8.218944514081616859e+00
1.469409986419180303e+00 -5.201011231790601208e+00
-9.313714729543054460e+00 -1.963025742676144381e+00
1.128003618511960937e+01 -5.129628557773483699e+00
-2.945895873607706772e+00 6.637311715929370415e-01
-5.554230926878052088e+00 -1.717899849052670014e+00
1.011176491814661027e+01 -1.725689296634346004e+00
-2.571273267107256455e+00 -7.090072933023472856e+00
-5.934423415727449580e+00 -7.202709433027727481e-01
4.754844422633006218e+00 4.008968512535485473e+00
-2.483847406575123262e+00 4.554291161000242560e+00
-2.064530061783992121e+00 -1.066734873936835415e+00
8.766025573343467769e+00 -9.752961251970647893e+00
-3.433883054345668207e+00 -2.478081273411479657e+00
7.486990705806531032e+00 -8.547116560499507187e+00
-4.595616633640493554e+00 4.503768731541176962e+00
-5.583096775218070462e+00 2.719289779693327525e+00
7.582964372817617260e+00 -2.985766679873553819e+00
-3.004630370639912673e+00 -6.760797955611663745e-01
-5.444790310041584647e+00 5.035713582849172809e-01
-1.028958056503879170e+01 -3.099754560498072742e+00
-1.522519721038408047e+00 -8.034805996078764778e+00
-3.580643970097796558e+00 8.142605611343428862e+00
-1.704327956399912747e+00 -1.089880837118654355e+00
-4.337781482616609452e+00 2.994580996739649947e+00
5.680581335121440922e+00 -8.553249650858925079e+00
-4.143758759237311295e+00 1.574421471734178013e+00
1.120565511071859888e+01 -3.163689941817555695e+00
4.895736152296477073e+00 5.503441145823908087e+00
8.155433471930244593e+00 -1.028071664846062205e+01
-5.114945614189744028e+00 4.280719557922765262e+00
-7.206129700257326576e+00 -2.845271291202323916e+00
8.198821621015729422e-01 -5.482497765006541179e+00
-1.263490521182801585e+00 -5.023993358558595190e+00
9.630026094935947967e+00 -3.436597068988167525e+00
-1.519993025043075097e+00 -5.141284399704776353e-01
1.132355031555506653e+00 6.420839782833756892e+00
6.821465851007038950e+00 -9.186828157969451070e+00
-2.828670292279034992e+00 -7.332623974915739584e-01
4.015196275124393033e+00 5.682842061612041640e+00
1.222012258278980923e+01 -2.419038121437459665e+00
-3.528366584449762478e+00 -4.132020258847621363e+00
-9.037686298545988706e+00 5.122867261559227448e-01
-1.619286313748073303e+00 -3.023340819028511040e-01
5.743743388528166349e+00 -1.006047889691815378e+01
-5.932182923410717734e+00 1.155370585402639705e+00
-3.135138440026790985e+00 -1.693123856105422709e+00
-1.870652208455248822e+00 -4.906330612804393532e+00
6.613333988605356595e+00 3.504558334647756457e+00
-5.948223313970959047e+00 9.694834148390931716e-01
4.611059747404611997e+00 6.566270866157371877e+00
-3.125822483875601243e+00 3.035517836459145968e+00
-6.237063654933321821e+00 -3.419910398342431712e-01
-8.012540669030346896e-01 -2.799101955976388556e+00
-2.301325921282153519e+00 -2.019955706196474132e+00
8.196837114456513973e+00 -1.732522537660924566e+00
-7.045505566429157707e-01 9.048997261974633943e-01
5.816627965196581762e+00 5.602719346550205870e+00
-3.605480287864671229e+00 3.820699527692219100e+00
-2.238920333364400772e+00 -1.365994203983049937e+00
-2.644361533303956957e+00 -1.886653593865023737e+00
-5.426909714090285775e+00 4.961760983871269737e+00
3.586247656339772050e+00 4.588151964193547094e+00
8.348966002370039163e+00 -3.742005466466607810e+00
-6.346906928862696695e+00 -2.561758899509281484e+00
-5.909812123693026109e+00 4.443224678321266552e+00
-3.163988200921712846e+00 7.155638824253948371e+00
1.083586384888433063e+00 -4.381476136530701559e+00
2.874025907607237196e-01 -3.755200162554998666e+00
-2.270265181157973711e+00 -8.681520545194799654e-01
-3.077869396320601414e+00 -1.032272775839187418e+00
-5.184728816530020268e+00 4.190977537413444587e+00
-1.011297307030893489e+00 9.566314201864152267e+00
-3.797096141959355187e-01 7.146447519508295265e+00
-3.911928086750381617e+00 4.339458692898242376e+00
-3.496297839044246292e+00 -1.521955398829780703e+00
-2.197211231826519562e+00 1.572528107734630698e+00
6.053275612186332921e-01 6.293316101875612301e-01
-2.922969267614887734e+00 -3.010998988449110847e+00
-5.165570445725155224e+00 -3.309812226566211990e+00
4.878471516958104992e+00 5.234769783802661003e+00
-5.877780905814804058e+00 4.868614482279591371e+00
-5.313684606119172038e+00 6.787503132294590458e+00
-1.189747018885137786e+00 7.477057776152244095e+00
6.196878226364900044e+00 3.857181248170849397e+00
-1.483712825279617231e+00 2.101023446763337077e-01
-1.288443469286744358e+00 7.463311840215005155e+00
8.063232572845867807e+00 4.844832813393109561e+00
-3.148593617126755895e-01 -6.283218687891221066e+00
9.978067976417808183e+00 -1.982749668160807444e+00
-4.536841829382906255e+00 -9.698341503870190339e-01
-2.172576140645846365e+00 -1.640959614164911873e+00
-2.288602428414826750e+00 7.391157790725028320e+00
-2.033832531218730200e+00 7.255444470807503876e+00
5.166217555112300186e-01 6.283903457444069751e+00
3.985846226867231668e+00 3.025575185893901953e+00
-1.779933884609561812e+00 -8.272686806833331463e-01
-6.350146662036422640e+00 4.614920595093711775e+00
-8.346850937795643688e+00 -2.378825188867022433e+00
5.246630306887555051e+00 -1.061747302465490250e+01
-4.118722674365739023e-01 -5.397819399930043005e+00
-8.417180561567915165e-01 6.509216621821775739e+00
-9.348529993623667878e+00 -2.625205446923243091e+00
-5.942259374262710558e+00 -6.738144711634399542e-01
-2.297573781716721886e+00 3.972638227890484597e+00
1.100691727062643732e+00 6.929827172303117067e+00
2.546933597285351958e+00 -2.599433798772822435e+00
-8.727629714825670959e-01 -2.282080919943509478e+00
-1.075101272747430725e+00 -1.464465468773577417e+00
-1.964467137648506778e-02 8.870597422155643841e+00
-5.320369712077365421e+00 -4.468689645375192310e-01
-3.908026681367728905e+00 7.369738722677388054e+00
-3.504783236733256757e+00 -8.033985847121981605e-01
-6.292638207063319111e-01 -1.228530849439198658e+00
-6.463087707524411307e+00 4.009561955071174744e+00
-5.540634061599842841e-01 4.792675542473293859e+00
4.452767013502781701e+00 5.277943454839120641e+00
-4.594634535794264174e+00 5.047991313255573154e+00
-2.592661885945442890e+00 4.155343342957365849e+00
-4.886354777267357674e-01 -6.546360519534308864e+00
-1.252990286408248055e+00 3.421720853323427569e+00
-2.053695659786170413e+00 -1.484435727306557151e+00
-2.283126172233767459e+00 6.135888233371280975e+00
-6.851846683265833349e+00 -2.985305292300933999e+00
-5.903901822814621170e+00 4.188661593067475764e+00
-6.682035221640547640e+00 -1.636337202517145650e+00
-1.191263925711988581e+00 5.371430738171059538e+00
-6.846605683437591239e+00 -2.221860576986763203e+00
4.352253126584862741e+00 2.771405776607180016e+00
1.093824164569605850e+00 -3.499553006559144919e+00
-4.544743408467808443e+00 3.564586828135381857e+00
-8.023383748427265871e+00 -1.556246409483876825e-01
4.140781756628933330e+00 -9.926512035035829129e+00
-3.785892077904462472e-01 -6.657219292553385515e+00
5.351834142519466653e+00 5.208982976113705199e+00
-2.796515000753457603e+00 -1.857456813576063848e+00
1.010553988332832631e+01 -3.170150065317497656e+00
-1.281370808371065317e+00 -3.798570069922598158e+00
-2.786638526537394078e+00 -2.384552946929585637e-01
-9.331186028552544975e-01 -1.201011183926305792e+00
-4.883202575372515009e-01 -6.206605642349714458e+00
3.639578611450374979e+00 -1.014588705935239155e+01
-7.311748641344395505e-01 5.671785584749180487e+00
-1.339787946010696285e+00 -5.409794336048690866e+00
-8.534523879757749398e+00 7.085029198088825808e-01
-5.754653820858011137e+00 4.025110985184099377e-04
-1.360766673995194465e+00 4.459927601621840765e+00
-1.261200500657409851e+00 -5.812098415815063923e+00
6.283688699714915060e+00 -3.114553203534009995e+00
-9.347141845206566657e+00 1.939930599302384095e+00
-5.874277029914588333e+00 -1.824255305501288227e+00
-1.953887080256783149e+00 -1.319957729513200118e+00
9.381972566953779236e+00 -5.111697161675786916e+00
-4.112515002411916143e+00 -6.298168811628852559e-01
-2.100950189888203923e+00 -1.626153463830770640e+00
-3.131733183863218084e+00 4.611794234973848106e+00
-2.559250897972046079e+00 1.479332493596544618e-01
-4.119653249065336809e+00 -2.353991549906582770e-01
-3.198880240044086332e+00 -1.883182195555922922e+00
7.318088521463952389e-01 -4.189444033109459120e+00
-8.314407437208592100e+00 -2.348944369913601449e-01
-4.268135458860752074e+00 -1.858673365914093933e+00
-9.797710493098223949e-01 7.125951611853239775e+00
1.076034803538838958e+01 -4.536451871182293871e+00
-1.263180628007620765e+00 -7.497868844249321540e+00
-4.091653911855125614e+00 -7.330537883330917381e+00
1.046477646346069434e+01 -1.312163793798653888e+00
-4.240005763149487628e+00 7.597746845446183173e+00
-2.882508593831178967e+00 6.022679168642652847e+00
-9.635041969094114478e+00 -1.910972832348295736e+00
9.356457622557435627e+00 -4.662447827875451978e+00
-2.246722170196031154e+00 -1.529162810817893181e+00
4.575250671152383042e+00 3.342807536295310911e+00
-1.048473569516030324e+00 -4.815692356453646461e+00
-2.782449582557287915e+00 -1.791431066107501024e+00
7.371344077411510654e+00 -9.079095320420234927e+00
5.564175152666149593e+00 -8.621331116344400414e+00
6.661477674030287233e+00 -9.979451511070966063e+00
8.430404970606525383e-01 -5.175082360725778763e+00
5.250507896702987232e+00 -8.827926762735261335e+00
5.377197265984864138e+00 -6.798733765076113045e+00
4.051505280018885991e+00 -1.099852083036426542e+01
-1.417903160706655230e+00 -9.358872528469512897e-01
9.643834332065223114e-01 -3.398793966263411903e+00
-2.604860084594174285e+00 -3.001719907427741196e-01
2.900808248390137400e+00 -5.186165210143501625e+00
4.994097492617471268e+00 -1.219407558625886345e+01
-6.284094565370004659e+00 -1.052364736719163307e+00
4.543526093295993107e+00 5.566118268803307956e+00
-1.614549288942750183e+00 -3.352606285153291399e+00
1.078672994328734980e+01 -3.714924361579747814e+00
4.372021004676783562e+00 -7.684028839176434644e+00
-8.496845118726634727e-01 6.074091720148907747e+00
6.574420307228869831e+00 -9.548827762119683982e+00
-3.793405478086747440e+00 -2.036884208937291163e+00
-7.074789545574696747e-01 -3.198625509190460292e+00
-7.517815076448513878e+00 -2.540360154654746516e+00
-5.072823085411559685e-01 -6.059237347097281123e+00
-1.888333365835468403e+00 6.749454045608616060e-02
8.348696674311552712e+00 -2.155891803537552498e+00
5.823497042161013049e+00 3.373837329429879794e+00
-8.598487925366615769e-01 -1.835753705802918079e+00
2.947410384148461127e+00 -2.822250220115570585e+00
5.679985807071354031e+00 2.314880127640646545e+00
-3.675266289595340297e+00 -7.836310294814529342e+00
1.052811986295774815e+01 -3.975616830845039473e+00
-1.025882599396539474e+00 -5.809408127323445470e+00
5.635121047003100792e+00 -9.075602555786067782e+00
9.039504133943532693e+00 -4.428487930479309220e+00
-6.403457767402790601e+00 2.334591071520268901e+00
-1.398100448970372112e+00 -2.402386122014905645e+00
-1.061354374257188926e+00 -1.064007775606969242e+00
2.080839234849994890e-01 -4.445257403989730349e+00
1.688649064044525971e+00 6.158377877848838722e+00
-1.461066265071912840e+00 5.844461867039158598e+00
-6.623890151630937861e-01 -2.290977333436290841e+00
3.879859740648401001e+00 -1.069467438081666266e+01
-9.094249266263301212e-01 7.634370130795591347e-01
-1.601189219578562417e+00 -2.611282825442303501e+00
-5.180121581816844234e+00 3.727417084540529668e+00
-7.725124645956560343e-02 -2.526802016105633264e+00
6.741157864939039790e+00 4.714289528761364423e+00
-1.067207782945175598e+00 -4.581787683749581674e+00
-4.046188261230551753e+00 5.052814145437069193e+00
-1.965399078992267290e+00 -1.756127565915771127e+00
-8.833077793861376925e-02 -9.152459296978728176e+00
5.777894474609038156e+00 -9.104700039876520989e+00
9.119440081849394808e-02 -5.361390299736909171e+00
1.665184823844100048e+00 -5.165252227793482476e+00
-8.255997786985445064e-01 2.528353222192392113e-01
4.687899281079256575e+00 -8.797634053242358476e+00
9.164950708454185246e+00 -3.793641111145463540e+00
-4.777030065068037068e+00 -2.187411115997839772e+00
5.913369027221760277e+00 4.478768423040460078e+00
-3.755833335015253738e+00 -2.533746418876118511e+00
-1.304205326683874899e+00 -4.906693279826670917e+00
-2.658426820066138063e+00 4.732120497109594481e+00
-8.373023597282697184e-01 -5.399435091699136713e+00
5.055485107510737208e+00 -9.671487656770295871e+00
1.049987122509703497e+00 -3.707163651930720061e+00
-2.996937779910999744e+00 -2.175178514031015808e+00
3.542719552635822833e+00 4.311838083933650090e+00
8.186268743366442280e+00 -8.516900180585798452e+00
-2.555158615014738288e+00 6.564123377808790405e-01
3.331414599007516131e+00 4.349568616718470615e+00
-1.730430629306294321e+00 -3.366517437094091458e-01
2.474602373982762948e+00 -6.458570617370547495e+00
-8.815334757004884558e-01 -8.261341228396917868e-01
-4.743190032563049385e-01 -3.752000590071890684e+00
-5.372862943375716682e+00 6.068167799549268437e+00
9.156176570949188687e+00 -5.044206474533682538e+00
4.368483508919300817e+00 3.238079473969907696e+00
-1.953482425090259600e+00 8.910357066235361501e+00
1.241233528377426953e+00 -3.886611167623029051e+00
-1.970169953264408358e+00 9.188923159373493021e+00
4.677968068775298249e+00 5.027620149146101447e+00
6.248520145868971198e+00 -1.082828913160351014e+01
-2.466172544261884703e+00 9.515345373086070424e+00
-5.010181368404136748e+00 -4.864044696652327637e-01
-4.966224329044893970e+00 2.068613470108268793e+00
-3.148794570858943764e+00 4.810734409219787011e+00
4.750157845710663018e-01 -7.355222512811054436e+00
-4.751523374756278173e+00 4.463286600941298587e-01
-1.153130988170849136e+00 -4.984813927590394655e+00
-1.446531552294757716e+00 -2.142574996436133361e+00
6.199357188630421067e-01 -3.285509726296687028e+00
3.480313035845439273e+00 -9.872922422543423338e+00
-2.755941991839932381e+00 6.799086024331038036e-01
-4.389551422750885834e+00 -2.851859744189827239e+00
