-7.280150195761931897e+00 -8.336706411555903085e-01
9.854286277330809085e+00 -5.882909454361511692e+00
-2.955174480302463103e+00 4.608237518904115149e+00
5.049630874473898245e+00 -1.002547454043400776e+01
1.028532089421353390e+01 -2.392847830585002278e+00
-1.562086747542864362e+00 5.822931385388718795e+00
-4.097385424889909977e-03 -5.246959093233835247e+00
-7.050273771472254758e+00 -4.774369329265599760e+00
-9.034019461074831447e-01 -5.764233371049866328e+00
6.586141267829486168e+00 5.713039133494861588e+00
4.880928445456881093e+00 1.392155273974691632e+00
-4.059743295208994240e+00 5.795662975326592026e+00
-1.210089506586224717e+00 -4.948044539205342929e+00
7.710754047573066927e+00 -8.965312452891641470e+00
-2.426181229918640270e+00 -4.041705631738690130e+00
6.771246462034172353e+00 7.592076055658411704e+00
5.014890088806071233e+00 -7.413950714650868967e+00
-3.612634816781011615e+00 6.847751795306664668e-01
-1.519840014208753143e+00 -8.092357419331056567e-01
1.626993355590898194e+00 -5.202581625453450265e+00
-2.242421150048826473e+00 -8.227063957856772802e-02
7.448343061409632426e-01 -1.621718036030579402e+00
5.005991162742659206e+00 -8.013165427566226739e+00
8.497872409112792180e-01 -3.136853198310309843e+00
-2.521296015219773867e-01 4.886735644730240580e+00
-3.082137333379623811e+00 8.259035416801477680e+00
1.642601077607143800e+00 -3.045353234146925381e+00
6.145384780048750439e-01 -5.533633306291826592e+00
-3.136016672234472669e+00 5.298489381619417848e-01
-4.200957008371035251e+00 5.182470116290276430e+00
4.982974334995044607e+00 -9.632162160028947540e+00
1.135201692491015768e+00 -2.395937819674472280e+00
-7.677802438939524521e+00 7.916477966427084567e-01
-1.738847490345282409e+00 -1.282582583797035714e+00
-5.674412465904575598e+00 -2.019143649745047231e+00
-2.900581494328628551e+00 -7.495881903310362304e+00
1.085725996811875094e+00 -4.897856903029206954e+00
6.934874282970859838e-02 -6.366842724349517368e+00
5.786359955430764757e+00 -7.891227981904407329e+00
7.354757193029094253e+00 4.142259339890853376e+00
5.097936121327260039e+00 -1.052232591129698491e+01
1.071913125394621602e+01 -5.444468867422130209e+00
5.241254488804037770e+00 -1.010370532709669256e+01
-5.574315658090484682e+00 4.479682920769158194e+00
-4.350497834318336032e+00 -4.144305867693927503e+00
6.281031411734301351e+00 3.751773313418139910e+00
8.524095264277961048e-01 -4.471828828592693483e+00
-6.077130134662890981e+00 -1.242893061847923697e+00
-2.404681375445705704e+00 -9.299279356047607248e-02
1.003463612191463206e+01 -5.042933290041679228e+00
-1.345738467137187699e+00 -4.421999662661495023e+00
-5.397990606446736450e+00 3.924619191598208268e+00
-6.765029629695484381e+00 -1.111432723284883073e+00
-2.879851145214560759e+00 1.891229804051615115e-01
9.167840941155164458e+00 -2.684655322564622359e+00
-5.015227140526167027e+00 6.459019727416521306e+00
-8.253532516442986022e+00 -1.272389528852994278e+00
6.493464078766382208e-01 -2.439166729426911928e+00
4.997184444686316951e+00 -8.774339893046708028e+00
-2.656386251119277286e+00 -2.023921416609599344e+00
-8.603082342542331951e-01 -3.492366811846807639e-01
-4.787033631145487966e+00 4.590865347345451042e+00
-2.309810064293602583e+00 -3.760813788377760147e+00
5.416234155464668909e+00 6.873921231486309402e+00
-2.527044838064278487e+00 6.976529647384736244e+00
-2.919854230393347461e+00 -2.402798156297571097e+00
-2.452136758634720248e+00 6.874973739730247502e+00
-5.455480398317106960e+00 -8.899684464489840963e-01
-1.687616714547906183e+00 5.102282562679397060e+00
-6.927766948643440337e+00 -3.427359314219461606e+00
9.929033280557018060e+00 -4.140942829188716701e+00
4.100348310625053116e+00 -1.005416661240083798e+01
5.667635382541377886e+00 -7.909961712788421195e+00
-2.836680409461370900e+00 5.324679783504192798e+00
-3.279830432861368550e+00 3.951498634567836454e+00
-5.296535735754797969e+00 -2.099451569383114169e+00
-8.937168131808341798e+00 -1.579327552115255884e+00
-1.107105330560413048e+00 -1.527864053326133398e-01
-7.029436664235122478e-02 6.023114680149732614e+00
5.763824492782609887e+00 3.536551579817589719e+00
-5.316745963642460104e+00 -1.256310513397244089e+00
-6.122858474097859549e+00 6.618910110644167233e+00
-4.255260881879712187e+00 3.861996552305255292e+00
-2.368479023816228324e+00 6.918893003256298080e+00
-2.406908887382245510e+00 -5.832928929118470052e+00
-6.374141690258158910e+00 -1.350993744968054022e+00
8.847104290538100102e+00 -5.836655774094635873e+00
3.983828269867247585e+00 -8.382363715810440041e+00
-5.397803923830788442e-01 6.505350290639841937e-01
3.383030763655398232e+00 5.004722938323669545e+00
-6.582844085257475442e+00 4.366090261854923327e+00
4.620720769623969382e+00 -9.591300273032674184e+00
-9.045081170996966957e-01 7.076069126814393151e+00
6.703045086319008306e+00 4.507561671053066377e+00
4.566557992102058261e-01 -4.525528332973516754e+00
2.974034322856684565e-01 4.949209058565024577e+00
-4.870278307542903917e+00 7.778147321427928418e+00
-2.241213410328422029e+00 -4.535516557053151931e-01
8.095146367348883487e+00 -7.373381540533799239e+00
3.570835140828649834e+00 -1.016900096651649932e+01
-3.693265777150830154e+00 4.544313332406011874e+00
-7.122024954111275008e+00 -3.302408022317826486e+00
5.833070773817238042e+00 7.293742989187574466e+00
-3.519284582267386163e+00 2.160786791575576959e+00
-9.532704504380037136e+00 -2.638424764929764521e+00
9.063569221476225124e+00 -6.382945991637836158e+00
5.373201042648779513e+00 5.646520820257116213e+00
6.872215499566927122e+00 -2.808067245381214327e+00
-2.194945987711913293e+00 -5.792170748550252490e+00
-4.028598038086446120e-01 -4.398063444569898728e+00
-2.320353823812218330e+00 -1.255032096253909435e+00
-6.251691690747262165e+00 3.858491478748564685e-01
1.896689525373688401e+00 -2.230113578811388830e+00
-1.963016337471903183e+00 -5.573597591027813714e+00
9.852366674845960404e+00 -4.888611591712743731e+00
8.816479132804161400e-01 -5.222984995556966936e+00
6.114539214984076487e+00 -1.048111038709870968e+01
-1.155013844566374237e+00 -2.523596560915534415e+00
-4.985702547511792204e+00 -2.466726319364712872e+00
-1.096936094214964186e+00 -2.401665491874669378e-01
-4.632075339386954482e+00 -4.093404507138378001e+00
8.050617085152673713e-01 -5.497801614844988194e+00
-4.564827134552209564e-01 -4.187104611815934518e+00
-7.461502011418007285e+00 -2.981886493530406579e+00
-5.296118414171314015e+00 -2.198725558976114325e+00
-2.648218389725821353e+00 -5.484253390117427296e-01
-1.028278752070241442e+00 -5.943144974618155274e+00
5.651658292901296399e+00 -9.485156278041825928e+00
-1.042765293560716344e+00 -7.219352145215701455e+00
-2.102046292013600493e+00 -3.692071767497688839e+00
-5.329884292275878011e+00 -2.971685891460727369e+00
1.166518922374114631e+01 -2.348225745590099223e+00
4.985421133425102624e+00 4.270323665880516373e+00
-1.809466036008050116e+00 4.279557732237845968e+00
9.479026558047792150e+00 -3.077349843749697111e+00
-2.396004186980923656e+00 -1.544607692335422389e+00
1.958152842456876597e+00 -5.840210433734217332e+00
-6.466477681836430236e+00 -3.538887087962679701e+00
-2.192274835976967484e+00 6.034202799186562771e+00
-2.523847120848109693e+00 -6.540020662943727636e+00
6.146879603977419393e+00 -9.422644629216849310e+00
-2.111344266843093287e+00 -6.078438658952138418e+00
-2.840422678912029042e-01 -6.251522359609411605e-01
-4.425568302766933471e+00 4.126122353602905690e-01
8.531074055331984596e+00 -4.896776427071321436e+00
6.534077336598414831e+00 -9.420668179965362654e+00
6.586359006237033853e+00 -9.360975770168439070e+00
7.499580037700720458e-01 -4.696882497692880243e+00
6.275281641042256275e+00 -1.226280737536300869e+01
-1.791729833309697373e+00 -3.325444578556604469e+00
6.039088034551986617e+00 -9.759400378136843912e+00
-1.097649555174035729e+00 -1.065923270504349096e+00
-2.432660289858796787e+00 4.204425298611141670e+00
4.880250913014532177e-01 -3.452195330538954998e+00
5.679021059031970964e+00 -9.647012658763875592e+00
-3.649440970276348395e+00 -1.104928521327554147e+00
9.562191565455030684e+00 -5.107165265932316345e+00
1.007128343032357520e+01 -4.984437248209296456e+00
-9.149636769546596327e+00 3.725310182710158902e+00
-4.848701981766962099e+00 1.939029417024896507e+00
3.037409271351159568e+00 -8.995890193915286659e+00
-8.762474133222537542e-01 5.127104395421284266e+00
-2.870922165670153348e-01 9.831161782287592743e+00
-2.310798232232280647e+00 4.366200697501154693e-02
7.059857331216607079e+00 -1.075837799942544848e+01
4.570242682775260690e+00 -1.049142305769454175e+01
-1.132461266200302852e+00 -1.544241713194953958e+00
9.442144752271751429e+00 -3.680642329126046608e+00
5.757916854714990151e+00 2.779946205090439548e+00
1.956356987135206005e-01 -5.795248022473465932e-01
1.202442929957310946e+00 -3.642762806597966030e+00
7.603942869488877321e+00 -4.296594483428112454e+00
-1.286377896150388445e+00 5.496761823550785131e+00
9.951581066328392566e+00 -5.019267695154846720e+00
-3.721523375051343230e+00 -2.230737710225320636e-01
-4.915302584538485675e+00 3.536393413685872567e+00
-5.988004753387858869e+00 -1.603819415951690530e-02
1.122276237199164584e+01 -4.986138429157749741e+00
4.456919054912681366e-01 -1.416716931404899071e+00
1.816663869337486581e+00 -2.661439703623788233e+00
-2.676019984109232031e+00 3.952846430105058317e+00
-3.217663445851500548e+00 -3.392077271687326867e+00
-5.859017331724732713e+00 -1.196748865956277275e+00
4.825835741392543454e+00 6.905402648690650125e+00
-2.710139329015721632e-01 -3.477047739633206014e+00
9.401898861119001305e-01 -4.691558881418128379e+00
-9.162474600253460721e+00 1.448333258546735891e+00
-1.039091154581253118e+00 4.081449419315101856e+00
-4.520384246410779738e+00 6.468083086442291574e+00
1.005813672144310544e+01 -3.854422851489333279e+00
-2.932333501622536032e-01 6.302994976277677353e+00
3.596732301623550399e+00 -4.909119524836874859e+00
7.253702502745251302e+00 5.846466684282727755e+00
7.689645802015924403e+00 -9.186985919110554732e+00
-4.953829612946354821e+00 -6.467542995204672573e-01
-1.503316017930227622e+00 3.078649507531467933e-01
-9.296537177495785009e-01 -8.906306468339409976e-01
-4.258775603630443385e+00 5.265187119248890824e+00
-3.296015896246504262e+00 -1.583226187151189457e+00
-2.540273432741607884e+00 1.685838617174042486e+00
-2.090855432684868731e+00 -4.273591164862565961e+00
-3.355543812728351227e+00 -4.701130323353986284e+00
8.800685410286680721e+00 -3.009083482762674233e+00
-7.281015763316477596e+00 -2.254696046167856682e+00
6.257801164041105757e-01 -2.603546637408989728e+00
8.327983658922804011e+00 -5.394505448475551468e+00
-7.327809828785412094e-01 -3.440861764524830946e+00
-3.758758902425652915e-01 -3.845377247354114125e+00
-6.059487259108793378e-01 -4.960759792194262552e+00
-3.619977915919998956e+00 -2.014378532932230570e+00
8.338830719718561824e+00 -3.885241365954458015e+00
1.098659413670797225e+00 1.155520595118482374e+00
2.952589856297074267e+00 -1.067026713261035553e+01
8.951045641771957051e+00 -3.264153114829473790e+00
-2.007696259289518448e+00 6.499968643687727088e+00
-6.774230627241632163e+00 4.171543512750156779e+00
-2.196295463322802899e+00 -1.731564572371190991e+00
-7.980391599676494252e+00 -2.281630622700513200e+00
-4.395625112509374821e-01 4.884137121614161359e+00
4.110995567719424315e-01 -3.959375288078115673e+00
-6.543602171094726749e+00 -5.059622651844206676e-01
6.252284741343181906e+00 2.770560976738696279e+00
-1.960422299038305338e+00 5.692327024485777098e-01
-2.034851970700200852e+00 -6.473939783503955825e-01
-7.595747212720075581e+00 -2.148580294479154773e+00
-2.218053487096443011e+00 4.178541968893024539e+00
-4.872727136338468767e+00 -1.770270442278794931e+00
-4.197793863315269824e+00 4.106588303503363235e+00
5.117416818269573398e-01 -3.972080736256682343e+00
9.673871354707039849e-01 -2.594923857674795720e+00
2.318229810809215863e-01 7.285332221228586036e+00
-3.703371784424968727e+00 -1.934652952345969013e+00
-6.313397651203365157e+00 -4.514279344748797662e+00
-7.214975019241186338e+00 -2.371372261210161092e+00
-2.181756926644136563e+00 -4.660749224046114136e+00
8.341851763896448446e+00 -8.272583943032618237e+00
3.293737340721785145e-01 -4.174424401067420298e+00
6.403724538428945401e-01 -2.752275055321103725e+00
-1.995774974828184334e+00 -2.656911333828412491e+00
1.404709652566648703e+00 -6.715705902953144069e+00
-2.692512919365098512e+00 -2.121720742486383759e+00
9.946828182721867861e+00 -3.208005216915282620e+00
-7.037277012521271580e+00 3.629056968525579130e-02
1.896026833617368013e+00 7.635791993902278918e+00
5.335280627645158980e+00 3.400827285351780027e+00
-5.712940566403232889e-01 1.063918812495975086e+00
-6.836559379949587623e+00 -8.566383954340308637e-01
-4.267145144718949901e+00 2.327538473189665336e+00
-2.669355774925572078e+00 -3.471711102855664421e+00
-1.062726582773831918e+00 -2.942451362493684552e+00
6.624381782858002055e+00 -9.309634870426283015e+00
9.512171916374217773e+00 -2.562061828860755952e+00
-7.438621930585785691e+00 -2.307892788596418665e+00
7.091424804954221450e+00 -5.106451161850004361e+00
-7.650990050010865851e+00 -1.211745216713030038e+00
-4.317992491879805605e+00 2.765309138134392164e+00
1.067360844125185615e+01 -2.646515642245421240e+00
9.647305211387481094e+00 -4.220055822774972931e+00
4.836726525338451155e-01 -3.772103087876860439e+00
1.058673016984565507e+01 -3.779272582210964071e+00
8.803804803222057274e+00 -4.168202963449200382e+00
-2.783280997732815898e+00 5.780609847527568235e+00
-9.176415217283787618e-01 8.110401589756136786e+00
-2.342511968883768780e+00 -1.033901943002666801e+00
7.272522828093775260e+00 -1.104504200088665655e+01
-3.002623120077301699e+00 -1.071918508868696440e+00
-4.699832405510463218e+00 -1.854589513831049974e+00
1.912292567612170036e+00 -2.544358179019855726e+00
-4.456728092367455929e+00 3.998452958794321166e+00
-5.222710653749216725e+00 5.892722551270928477e+00
7.290362449781451204e+00 -1.040699953669188282e+01
-3.674319519313397286e+00 -2.982981801714459369e+00
-1.219498703063392364e+00 7.106773532979720365e+00
-1.745016004180821589e-01 -4.779862327626906549e+00
-5.396736366861324186e+00 -3.383600244932171375e+00
1.260321900782781945e+00 8.585652535288012643e+00
-5.645606753843136261e+00 5.688809154397428181e+00
-1.092051019850487137e+00 4.949308627836641605e+00
1.324461989186373145e+00 -2.269664027125118722e+00
6.130182846634046889e+00 -9.192828798231321485e+00
3.264076646049829833e+00 5.139283249424591027e+00
-1.117899918821071648e+00 -3.902653185205733344e+00
5.859697174990753155e+00 3.599055082195512067e+00
3.969255628814150505e+00 -1.053362586521476807e+01
3.951635947165513585e+00 -8.166316253523168811e+00
-2.865194283738555114e+00 -6.453346273359616525e+00
-3.911500811290142821e+00 4.851586676358317085e+00
7.745386209790254384e+00 4.563826610943685580e+00
5.004942814209895730e+00 2.754307545853902361e+00
5.973174540255766773e-01 -3.741986539045042193e+00
7.926561140632032654e+00 -9.737002129986267462e+00
-6.847979014129116138e+00 4.311049335388049464e+00
-7.534128966071013345e+00 -1.480719628037051372e+00
6.947735710324497660e+00 4.479581835014474045e+00
-4.155719708596378403e+00 3.925672156093134468e+00
-3.259998750298317649e+00 2.312419900124213612e+00
-6.700510180644354108e+00 -2.801887701836972333e+00
1.125910050364239190e+01 -5.127150352339080897e+00
-3.917739740488868083e-01 4.954406413937778808e+00
9.023871533672370049e+00 -2.167495178169265735e+00
-7.071360964407482186e+00 -1.461195160755437650e+00
-7.540499501591029663e+00 5.679069835789209986e-01
-2.226308714266719946e+00 -1.546218214447880435e+00
5.309113081151020097e+00 5.525960409669757212e+00
5.444694089659260605e+00 -7.494380159815626996e+00
6.138707979578184037e-01 -4.990541704077723573e+00
6.263493453962182045e+00 5.299418389514499950e+00
6.347511945570224690e+00 -9.201953502412735020e+00
1.111822763155238292e+01 -1.455311551561206951e+00
5.044348893767919506e+00 5.200223356621984649e+00
5.643646096459452588e-01 -1.163356508955084578e+00
-6.196155648402399407e+00 4.956556592141931894e+00
-3.473579163724797247e+00 -7.951697355442234327e-01
-4.412278532486531013e+00 -9.976834318898654130e-01
8.348436463069150548e+00 3.764689214469952194e+00
-6.257582790577481902e+00 4.163758380448725482e+00
-5.900705561180397574e+00 -1.546967008491020312e+00
-1.111923141890029498e+00 -6.400276994093676564e+00
6.656636805764666320e+00 7.177682619552614440e+00
-2.124212076403086957e+00 5.879236599683033582e+00
9.041276903635656836e+00 -3.815501241449500647e+00
-8.216450691324859168e-01 -6.564588945471134807e+00
1.114754704692276199e+01 -5.807634570441551958e+00
4.860132862025857037e+00 -8.902694977163404744e+00
-3.803259049460272490e+00 -5.676816054899954445e+00
7.800918246483323770e-01 6.508322024947550410e+00
-7.259508809201673074e+00 -8.993550451175752469e-01
1.875980153037546394e-01 -2.224696968430105670e+00
6.107580402376009410e-01 -2.687746079851422998e+00
5.685363163814595389e+00 4.077684587397524929e+00
-2.809219038569880755e+00 -4.897874666240743302e+00
3.893795166824184584e+00 -1.244770173142818592e+01
1.742033042662780584e-01 5.865981718287462066e+00
2.886959903391248972e+00 -1.279102445197834559e+00
6.654326403775459475e+00 4.280436401421120252e+00
-7.331478401217214724e+00 -6.899262345786382200e-01
3.412554609358126712e+00 -4.070210322678475379e+00
1.339871971205133683e+00 -5.800909506480902422e+00
-1.849605817390290952e+00 -5.989178538594765122e+00
-6.539459826488667193e-01 5.232612846879929336e-01
6.787782542251408202e+00 -7.704732812109085671e+00
-1.804596201418637857e+00 -5.949333770850210534e+00
-2.257365073486213181e+00 3.102906798743782613e+00
-5.898663001582651333e+00 -7.079390209260962852e-01
-5.826535340049326939e-01 5.390284952395137275e+00
8.488417542489969492e+00 5.081969532518072263e+00
-1.474909434049399781e+00 -6.730654507682485743e+00
-1.034623605469466412e+00 -7.022519566799131141e+00
2.826333682903805489e-01 -2.514273784499099218e+00
-5.982086197486926604e-01 -4.447053859050099867e+00
-4.722355605707568849e+00 5.477078271710645652e+00
1.267571479422439085e-01 -5.340074917164692181e+00
-1.049351272801155144e+00 -4.946507788564313834e+00
1.084561017029612984e+01 -2.769095781510886312e+00
-3.920949877410921935e+00 -1.203205711680516377e+00
-3.181052180573355592e+00 5.823486020906818439e+00
5.392136593323041183e+00 -9.789932986342947174e+00
-3.184081888682850359e+00 -1.558167157754587695e+00
5.721797792345174827e+00 -8.135302184998460362e+00
9.592003068205306349e+00 -2.971079800010826055e+00
-2.007973715751461441e+00 -6.475728344871067854e+00
5.453913985045712565e+00 3.220794400210372554e+00
-5.845607077396736129e-01 -6.574335208384684215e+00
4.066702893479767766e+00 -9.845280250018699775e+00
6.567716819605665890e+00 -1.132603283986607323e+01
-4.104418574328240865e+00 2.327918898516704527e+00
1.978099919023210695e+00 6.995008571031769762e+00
8.193786713699488189e+00 -4.368691314225640276e+00
-4.176620592705476476e+00 6.759441093280331714e+00
1.001864721467765396e+00 -6.688029323561868189e+00
-1.483952105695955925e+00 -2.369331236661398332e+00
-1.570852756135211026e+00 6.043625976082345197e+00
8.433115008374164390e+00 -1.840567061419552175e+00
5.675295539204715745e+00 -1.119034038545169807e+01
-2.035864671188325481e+00 -2.379742687336862339e+00
-4.442389379614838596e+00 6.020055908821457358e+00
-3.984056190307978085e+00 -5.200870198958207347e+00
-3.452747600444915577e+00 5.034491020955596419e+00
5.190453867056112003e+00 6.160554314992358726e+00
-7.651663649216549956e+00 -3.621513210801275751e+00
9.915720927652408534e+00 -4.341677254960453425e+00
-2.404052955047238260e+00 -1.879942515586687790e+00
-4.128659673472760083e+00 -1.594005739018936607e+00
-5.583175795193785262e+00 -1.437857998734865639e+00
-1.518511639557581283e+00 -2.626516606166921619e+00
9.781420703806288586e+00 -3.799885219690595228e+00
4.327480970874639787e-01 -3.441918832543063189e+00
4.150105049222689857e-01 5.848641426312282121e+00
-2.286395039467047141e+00 -6.391924270321303059e-01
-1.741428428290208830e+00 -9.186326116955336740e-01
-3.705536675997729290e+00 5.069883515306965016e+00
9.975858684072438365e+00 -5.030265569651349189e+00
4.270323189438522959e+00 4.166547465926209171e+00
-9.581513217733717003e-01 -1.083284100491778590e+00
4.742951026968977857e-01 -7.853706634886638227e+00
-2.847575952523568432e+00 -5.997028933634847014e+00
-7.555347367486755061e+00 -2.249191904990227808e+00
-1.851040415707888576e+00 -6.830519832355353316e+00
5.048636451313914364e+00 -1.082080588519131581e+01
-1.484832915671011166e+00 9.683789174807189148e-02
1.093272601395180565e+01 -4.488781767629988373e+00
6.093624055107134119e+00 -9.388415770590148313e+00
7.148469034940247546e+00 1.834428698464272589e+00
4.403350812975816098e+00 -9.647180116137048955e+00
7.856201959899166809e+00 -5.239105969975760502e+00
-1.848937520150088165e+00 8.804240275014464601e+00
-1.269400133578676426e+00 -1.178501127230347167e+00
4.953862229384726312e+00 -1.020959100966200062e+01
-1.314388205229484186e+00 -1.001851694935464554e+00
-2.009757418368123716e+00 -4.219908382877013864e+00
9.120919807001737212e+00 -2.970753258780026052e+00
-3.279653637735242988e+00 -3.677826647286223327e+00
-2.560732039271786942e+00 5.379166529873206315e+00
-2.365905002875996477e+00 -2.021985606527528567e+00
2.416230689983604130e+00 -5.767440689746945459e+00
7.426333287704482977e+00 3.959480803420222017e+00
-2.895790796391566335e+00 -2.300216500012387755e+00
-4.359681757378321088e+00 -3.446571521601928367e+00
-1.110626245998168171e+00 -2.634713733370736666e+00
1.013372140410994326e+01 -3.188724446380033939e+00
1.224627583136439712e+00 -4.775889515565626908e+00
-3.529514090924419367e+00 -4.580208999556768745e+00
-5.690949880403328720e+00 -9.450740738096199411e-01
4.858344571991427330e+00 -8.761113030512099442e+00
-1.958589792219672887e+00 -5.479773114055493943e-01
1.477221196445495099e+00 8.092480260859122865e+00
6.018394364485881276e+00 -8.290639992831463800e+00
-7.594154936068600037e+00 -1.495794798149125970e-01
4.824660087061134917e+00 -8.200991250076715033e+00
7.460586238974196149e+00 2.636691696794966511e+00
2.308306135729581321e+00 -4.621958738845784787e+00
-5.145552987924998378e-01 -6.103864058840938078e+00
-1.975950362554618867e+00 7.497068469939311086e+00
9.723644758661736276e+00 -4.217607723878551873e+00
-4.755861355401990842e+00 6.590124291388331557e+00
-4.446678145850420982e+00 4.160067959632742784e+00
5.834163364945564645e+00 3.028042590887574548e+00
-8.386869195211310579e-01 7.600555271305729832e+00
-7.926333460243298878e-01 -4.283793320646418046e+00
-6.176654544905941790e+00 -1.817877987079939306e+00
7.113921957979952637e+00 5.012427645176214419e+00
-3.414887397638029398e+00 2.172989557478798961e+00
-1.954382842698946687e+00 -5.513436139450649698e+00
-3.441946362407182214e+00 -1.046748948136219326e+00
1.002631586807957831e+01 -4.255823710406242633e+00
-5.417710149481753668e+00 4.350383355029779686e+00
-1.006816973241381197e+00 -1.825856929146454810e+00
-4.079545950192137838e+00 7.129745551552135296e+00
9.748450345603000500e+00 -2.835529188326344485e+00
7.310927962290807436e+00 -1.038958082151494366e+01
-1.336524711443590085e+00 -6.104219384228391831e+00
-7.970737132001087133e+00 -4.847930162011003574e+00
-2.414625944379413358e+00 6.091342809113427847e+00
-5.168402946908896567e-01 -5.403837174248603326e+00
9.016430283955369163e+00 -6.227207496321696567e+00
1.743605232022660267e+00 -5.686568708751926771e+00
7.165742684002004204e+00 3.359843660476935057e+00
1.289605517841422966e+00 -1.016063396187190548e+01
-1.448643257606798240e+00 5.499578503325938783e+00
-2.153173153904747394e+00 -4.986155364531371426e+00
4.045042808455676209e+00 -9.932257521032857639e+00
-1.793488421028385904e+00 -8.985111160917047535e-01
-8.999482116184485125e-01 -7.314234055019095848e+00
-5.171833871516160919e+00 -3.645497835498280548e+00
-3.224198433885871573e+00 7.289484244086587239e+00
-6.414989182172709192e+00 -9.496957622129116317e-01
-4.548335909029459501e+00 -8.054132190233211919e-01
-8.563346058803421590e-01 7.725697858789278172e+00
3.426693311065910574e+00 -8.839692486997627441e+00
6.913257938744115094e+00 -4.097465731966851266e+00
-3.343226846026065235e+00 -1.308547111788758377e+00
4.412418781327499318e+00 4.181177223709104496e+00
-2.075081190628704331e+00 1.370953559846787462e+00
-8.094336704066653621e-01 -3.384521176501189554e-01
-6.841768683547284624e+00 -2.281105998296303561e+00
-7.589977576701444129e+00 -1.203481874218427228e+00
5.330715135740044630e+00 6.014430152117329342e+00
-4.535795391396670873e+00 5.627484342634444303e+00
-5.173865284037244550e+00 7.397893277374585352e+00
-3.035374339702840985e-01 -8.298456048785678441e-01
-2.611816524121325589e+00 7.411030955960915989e+00
8.137556572796407650e+00 -2.113855961646539772e+00
-6.707314792258871172e+00 -1.338415319676588444e+00
-3.342293913172937891e-01 1.377339630129182702e+00
-3.123282309479254337e+00 6.589517140863868860e+00
4.582910050418699477e+00 -1.024482415896548382e+01
-1.576443989269710855e+00 7.207963363682765134e+00
-6.362415750199056141e+00 6.264382162730062209e-01
-3.705225057858587689e-01 4.535055145194819559e+00
-9.006160496161960793e+00 -2.212446140040406295e+00
-4.580443197275724243e-01 5.315595582950727760e+00
-6.075407866575743832e+00 -7.502357698858845847e-01
1.719615241073953360e+00 -5.341978050520094001e+00
5.800041546575862572e-02 -3.733323275081592563e+00
-6.578762847796690849e-01 3.835913636397896287e+00
-6.744720560746613636e+00 4.841433371700990307e+00
3.835008400564587916e-02 -4.015646053666915627e+00
-4.537010057855270340e+00 4.446461170311086342e+00
-5.438260649853571493e+00 4.278714503254277268e+00
-2.228364489366068568e+00 5.114185192508070799e+00
8.425060412731472326e+00 -4.121416607715044478e+00
-9.544815448456573925e-01 7.524237575598384353e+00
-7.070873495583070323e+00 5.049630973907574649e+00
2.357745651307139312e+00 -6.718210537327779619e+00
6.406771785220504611e+00 -8.692291056033939256e+00
1.169994107730938993e+01 -3.304626545025827866e+00
4.973017775456177958e+00 3.721127961882950252e+00
-8.294584842502446875e+00 -1.245530235330585267e+00
9.241610773471164109e+00 -3.504522630234230274e+00
1.344979813480855491e-01 6.718537863503461161e+00
-2.717452131290450712e+00 -4.009781965112141577e+00
-3.882612982872430951e+00 4.419698309216878229e+00
-1.983583559477171354e+00 -4.338750055422392116e+00
9.222795388535065086e+00 -3.604105642673053111e+00
-5.430209813596605928e-01 8.414623695644678492e+00
-6.652494918170573923e-01 4.411277644132329812e+00
6.285080023310048780e+00 4.314962806568229503e+00
-3.118872655150097373e+00 -1.499431334297560925e+00
9.427274709516435536e-01 -8.507255104335755824e-01
8.906059173627559389e+00 -3.826196083829795480e+00
-6.473281777172326557e+00 2.529310140631798820e+00
-3.051286509634974387e+00 6.629001396845747962e+00
-2.590340620152890239e+00 7.136293670798789179e+00
8.890355091363266737e-01 -5.612711722567374828e+00
-9.168362872924145091e-01 1.465955246641762466e-01
-7.616180574669734860e+00 -1.601889784683643736e+00
-1.952450389180665047e+00 1.149542762662818962e+00
2.741582067783268073e-01 -5.504670883999444264e+00
1.125472863488287167e+01 -5.586999750986779034e+00
9.001613935071516082e+00 -4.448227250161679081e+00
-7.049818615671437527e+00 -3.559257312701551434e-01
2.572858613512921000e+00 5.082064414151182596e+00
-2.861208205931427440e+00 -4.213976679896866973e-01
-9.417832013770829347e-01 -8.095503082716856369e+00
-1.604756614163387329e+00 7.496560170488835162e+00
4.618280463171071659e+00 -8.838926991689717738e+00
5.637718127976550697e+00 4.489373299299013631e+00
6.664995047995176947e+00 -9.210154107847996485e+00
4.290842684971427623e+00 -9.060014581552822577e+00
4.797039144907036423e+00 -8.287924394193685984e+00
-3.134756704203482069e+00 2.445623286809915919e-01
-5.038237027757469733e+00 -1.567403553963903962e+00
6.051559768960835584e+00 5.948997682667491738e+00
-6.876421336788610006e+00 -1.850614927242925090e+00
8.885024185055869772e-01 -5.047266580542784098e+00
-3.620969093670399541e+00 -1.933523692820056317e+00
5.569403961887512411e-01 -3.268392497274400732e+00
4.170419241864546933e+00 3.221423616661476252e+00
1.666514642406498048e+00 -5.974143455286758275e+00
3.601819062851292497e-01 5.548473734127275847e+00
1.084314338620555596e+01 -3.298746019079747960e+00
-3.260337544930339782e+00 -1.844892849305563409e+00
1.389358827970533339e+00 -4.527465210412159102e+00
-2.274878504782553712e+00 -6.612175532476220141e+00
-1.154339222553395494e-01 -8.021522066950046437e+00
-9.471014302393907514e+00 -2.857885304999185916e+00
-2.790445314794935516e+00 -2.380138819711513420e+00
3.807818158982261281e-01 -3.079172130670150054e+00
5.549801569969701198e+00 -9.417435904261360236e+00
5.275498834018842231e+00 4.179551512016196568e+00
1.017998412101288253e+01 -2.078808630641113986e+00
-1.991195416993315037e+00 -1.116659088094445806e+00
1.082284269921698439e+01 -5.086231093630067868e+00
1.565493671409799337e+00 -2.555760352763531085e+00
1.167369006922585406e+01 -2.045785422020083288e+00
2.702071157907351306e+00 -4.918326700680696995e+00
8.259794491764527180e+00 -4.008140446913999178e+00
5.931430476069706970e+00 5.302518213770476940e+00
7.003055902730980442e+00 2.736021126886937882e+00
-4.233101383083990754e+00 4.307820007910972748e+00
-7.066421889614576735e+00 -1.772401230610494816e+00
6.269348043419190830e+00 -8.802215796071847009e+00
-5.612601629112512036e+00 5.803739542114625394e+00
-9.093979128500269127e+00 1.342606966462962514e+00
-5.941986730182762244e-01 -4.056322066655912550e+00
-1.702955184980149417e+00 -4.054609323027351664e+00
-1.630354770986452317e+00 -5.231006673169966703e+00
-5.306678156278817227e+00 3.623788308136585812e+00
-6.973172967068790307e+00 -8.605040538294720376e-01
-1.625005287608707549e+00 6.083043103914426375e+00
-5.412867665699176989e-01 5.143735200963496901e+00
-3.481256331861437570e+00 5.702677949262791479e+00
-1.616135786888405423e+00 6.874528875773789238e+00
-5.989239296606657881e+00 -1.497148746163734501e-01
-3.355992508697236421e+00 3.802843156024293680e-02
-1.991923096588191999e+00 4.517438074904131184e+00
5.102146650485399171e+00 -6.993928918419315188e+00
-4.778154204658405568e+00 5.328120296344573958e+00
5.550525168456786673e+00 -1.062028079520418089e+01
-2.618348288797880397e+00 -1.908480785158605419e+00
-5.257946281574559677e+00 3.027111802957533904e+00
1.565153441222644437e+00 -3.231630405721459542e+00
-3.281094413210832172e+00 5.405727352711936717e+00
-7.474672806466871933e+00 -1.027046986125223382e+00
-3.401028046218924850e+00 -2.930076566180745967e-01
-3.370398713576896021e+00 -1.299703175122510768e+00
-5.363487702371910970e+00 -1.509427258758762047e-01
6.628234162077037084e+00 5.677670311699920092e+00
-5.580133686859376496e+00 -1.181373726245577682e+00
5.465187738241875870e+00 -1.019300715477260155e+01
9.543874821935622421e+00 -3.154730573260097870e+00
1.482971133502031247e-01 -5.903169116071005362e+00
3.292189085993313391e+00 -8.553597597089925841e+00
-5.052169203733432035e+00 4.017150325075006911e+00
-5.960364280569671713e+00 3.873956503443801935e+00
-2.835289053591160346e+00 5.003530697074194400e-01
2.630824558365202570e+00 -3.532739065584782345e+00
1.222687728196147283e+01 -3.914299101113084767e+00
4.921578086887171466e+00 6.389165115095677194e+00
-2.399458791668572566e+00 -2.012937797561809905e+00
-2.899547882391591003e-01 -6.818768213910995080e+00
-6.182825588373444425e+00 5.363589049536753528e+00
9.805350681571891158e+00 -4.267672278846279532e+00
-1.439444123314447488e+00 -4.632460197264139268e+00
9.373265553695238950e+00 -4.658629509244926581e+00
-1.389934713135209998e+00 -4.278100503872748206e-01
-6.912921350418102406e+00 -5.683067846511734578e-01
5.178355814811646418e+00 -9.575589827668682830e+00
-3.208850960747822612e+00 -1.557694620106111927e+00
-2.222868748414556617e+00 -4.917974767405249636e+00
-7.648880234064551864e+00 4.829089080510572174e+00
-4.668742400604916298e+00 4.898754448493058966e+00
-2.432740203883378971e-01 -5.792845905773167381e+00
-2.987312640016502208e+00 -7.868632120252337936e-01
1.077418487353673271e+01 -4.846840693482159956e+00
-1.825105529771820390e+00 6.834827278806287154e+00
7.110994181022081584e+00 5.999152223050574939e+00
4.388618830233514956e+00 -9.486271198624182333e+00
8.393117385848356093e+00 -1.003171731253451604e+00
-1.908551328552079207e+00 -7.567725133980995444e+00
-1.182585313650855063e+00 -1.286044278309600664e+00
6.486798379124731895e-01 -5.743328633096988156e+00
5.882044757858954753e+00 -1.143809922566720871e+01
-2.295130314265655169e+00 3.232173370996489492e+00
8.219629783502760745e+00 -2.293080266072813345e+00
9.324648794172476940e+00 -6.671471407628892791e+00
6.098877483849550529e+00 3.117067284253114856e+00
-3.810848919851300920e+00 1.142428501150046571e+00
4.756449080281420549e+00 -7.415345857831452392e+00
-4.829091278122810138e+00 6.183516286681395968e+00
-3.715770730211557238e-01 5.428062026176020183e+00
-3.011541991184216727e-01 -1.174403569877569886e+00
6.031254964256076434e+00 4.516570574402510196e+00
4.475210143031452814e-01 -4.398394440023444041e+00
-4.378358189656862187e+00 -1.022332416860133320e+00
4.406164529555443465e+00 -1.015009232228059233e+01
-3.583905219027431865e+00 -3.376061844020048941e+00
8.966460688746412444e+00 4.175140766638033796e+00
1.166906379066503519e+00 -3.476623648326094163e+00
9.216661579462114062e+00 -7.766588375296814561e+00
-2.850141498080778213e-01 -1.452299141827801510e+00
4.857834209763431943e+00 -8.948319957080718368e+00
2.341480510085316880e+00 -5.833252624284088306e+00
8.533554868579932062e+00 5.913412770403319918e+00
2.017806648147533188e+00 -5.579459220217151127e+00
-2.495958816672981140e+00 -2.298638326436392099e+00
-4.808753727832248970e+00 4.860927740080382087e+00
-5.751481463194703103e-01 3.906449695904907760e+00
1.892222531832861598e+00 -6.016532712618231749e+00
-8.428195444223922195e+00 6.743196345884325815e-01
-1.591012775772053356e+00 -1.114568894307108149e+00
-6.165768349355161604e+00 2.734144731057403632e+00
8.390640334493399521e+00 -4.347623113539621720e+00
-7.310851555036617100e-01 5.876943108208139144e+00
-3.800805655887286694e+00 -6.148792960970042465e+00
-1.503256070038953229e+00 6.392614772503282694e+00
-2.308634206738753303e+00 -2.574484571403662603e+00
-4.646900371194844226e+00 -7.933781706224793950e-01
-3.589011400951142683e+00 -2.768310309617419307e+00
-5.256771518542467270e+00 1.060158147452425315e+00
6.113419428615298301e+00 2.925465445096492090e+00
5.421670717535608475e+00 -1.094797295386651825e+01
-2.035854302690922601e-01 -3.999458709520337329e+00
-7.259289090250394816e-01 -7.121281125938301315e+00
-2.111603832041573980e+00 -1.194825525539650268e+00
-2.918437907693054001e+00 -3.141428873733265181e-01
1.035199239212175115e+01 -4.407511365133059300e+00
-4.045246595939793188e+00 3.530264948783072398e+00
9.495449768651402778e+00 -3.875666414636067536e+00
-4.491280227957003213e+00 4.157776731874198717e+00
1.184281263337592316e+00 -3.873717065313505792e+00
-1.787099016784923222e-01 -7.353363211446497516e+00
8.779863074096352804e+00 -4.334003691519527024e+00
6.883669186596267586e+00 -1.026237177360842168e+01
-1.079620840020696360e+00 6.549893932099240423e+00
3.302034156203228932e+00 -8.345971949820544467e+00
-2.766122297234962168e+00 5.171530066865252628e+00
-2.130800341353647820e+00 1.782968272031334456e-01
-7.166141593903402551e+00 -1.971580801581210185e+00
-8.240271671394497233e+00 -2.301797734995204792e+00
-1.560523876982251146e+00 -2.131106964333556508e+00
-3.595160804707706603e+00 -3.622513334322451151e+00
-2.058835931948885367e+00 3.405857224825787899e-01
5.661786685470053371e+00 3.469275529800401436e+00
-2.423850012581910462e+00 3.345038647243756547e-01
1.981860628779747779e+00 -3.175551926934309321e+00
6.133492520674024284e-01 -7.398172171244654649e+00
-9.704526123316725705e-01 4.344688000157859165e-02
-2.285750853183191822e+00 2.627356602407289188e+00
5.200022356284549119e+00 5.789014532576540084e+00
6.599990997919775282e+00 4.242251410557005720e+00
9.141642067005278705e+00 -3.020373646318225358e+00
7.349525982979375094e+00 -9.558899655923976724e+00
5.937852377427767614e+00 4.121566675161977500e+00
-1.390700958444461843e+00 -3.828214561907176683e-01
-7.524889265376173419e+00 2.118859605876117769e-01
9.071693878514800247e+00 -6.114967025151701208e+00
6.549192213303314247e+00 -8.913994364878606191e+00
7.978666405270350204e+00 -4.234183075108153282e+00
5.617639590167934571e+00 -9.246942103329420348e+00
-3.955901357553641695e-01 -2.893359796978184573e+00
-1.162707447423175333e+00 -9.313779387583298597e-01
-6.349437220630111955e-01 -5.428235749204811889e+00
1.120521819466044100e+01 -5.377076395626207983e+00
-1.981235913631819834e+00 4.579381524077038357e+00
7.356299000372084507e+00 -1.002102084159195172e+01
-2.266315999931463487e+00 -3.384764024631627954e-01
-7.007787971766912705e+00 5.591889154614482216e+00
-2.809087044307689851e-01 -5.760222598463892396e+00
-3.240706902082642671e+00 4.674193170126554442e+00
-1.502883163288839974e+00 -6.801052409603077997e+00
-3.649596832811169200e+00 -5.516643240591411868e+00
-7.523217513089463182e+00 1.054784299698192651e-01
-8.444113521944279555e+00 -3.508417065849027683e+00
9.207716664696130593e-01 5.964625741320133123e+00
-8.311475243992216821e-01 -1.385440669502322475e+00
5.886539778812151624e+00 -1.114217242023561738e+01
5.888501685577717026e+00 5.058263125703722274e+00
-2.039682256189595311e+00 -8.134455799720345937e+00
8.353475524261009255e+00 -4.190435398218701479e+00
9.860944053606914395e+00 -4.553538560595531415e+00
6.143400870042751372e+00 4.375746931609166168e+00
4.559713465567180712e+00 -9.881362541099722563e+00
-1.835491161253120618e+00 -1.024072103070779560e+00
-4.522263876380619330e+00 -3.019430045548918251e+00
-4.808240025594662015e+00 -1.135427036959564484e+00
5.272500682306175968e-01 -2.446108805691861399e+00
-2.539073448285897427e+00 8.569511190561911462e-01
-8.078791645719286763e+00 -6.612069031154726995e-01
9.095646668726130812e+00 -4.898247564557738798e+00
3.651717307305907489e+00 6.668623431843951899e+00
-5.082643218070899138e+00 2.937166139798860875e+00
-4.731243144838290782e-01 -2.018818190610799590e+00
4.973002940078741219e-02 -6.481885350232029275e+00
-1.328925691293040057e+00 -6.775913700465833855e+00
-5.166615929222991177e+00 5.597107264760267320e+00
3.952185228913954518e+00 -1.041999980914170365e+01
-3.944274863186658653e-01 6.394628154743741355e+00
5.066750278230017557e+00 4.537357088263426874e+00
4.801393121858293256e+00 3.308854299087980788e+00
-2.951905199277536251e+00 -2.648700919236310902e+00
-2.894312676196304501e+00 3.801193096736010801e-01
9.015799481043195840e+00 -5.710232849244793130e+00
5.581313466827896974e+00 -8.453659758504768362e+00
6.323191557882121394e+00 -1.037110675870052567e+01
-1.429642962073741419e+00 -4.708638775259996301e+00
-5.801461262123107865e+00 -3.596493312494575267e-01
-5.922889857771187483e-01 -8.859217015297950581e+00
1.142798676758003928e+01 -4.321080803508989376e+00
5.547478818660254163e+00 4.658782593971129593e+00
1.650256870129985565e+00 -4.595757760134442371e+00
-2.380029099323067499e+00 -2.765095265203085351e+00
-2.868416834817897332e-01 8.234395023658708013e+00
-3.243807025456248549e+00 4.840357403695129790e+00
-4.886817445826857842e+00 6.194197653333253228e+00
7.370930127499182305e+00 -8.581296132307304703e+00
4.733831412005516270e+00 -9.234412450113159920e+00
-3.633331413573593238e+00 4.746046296065272507e+00
5.668635936574268896e-01 -2.704517702233726895e-01
9.582690858417228341e+00 -3.609063987232985049e+00
-3.061900996012817622e+00 5.844603610640231039e+00
9.916122687289663062e+00 -4.474248871008191131e+00
6.505603132731363480e+00 -9.381509082109026565e+00
1.153403525554571596e+00 -4.702463554433506054e+00
-1.835906331409372649e+00 5.864618123594564914e+00
-1.883988088975208974e+00 -5.622085451202917916e+00
4.329930144046749696e-01 -7.274561359674064143e+00
1.044719231025607442e+01 -2.512790652452269402e+00
-3.413789573679429701e+00 -1.650670378219225576e-01
7.178881298936358846e+00 4.772659833024428977e+00
-4.618267354253514867e+00 -5.290030043824106576e-01
4.091071679517591875e+00 3.535285348198387911e+00
4.302114858439588296e+00 6.637473470265042863e+00
5.770365656834306911e+00 4.235059907669866064e+00
5.892345264744903943e+00 4.327326315793042610e+00
-9.663687714455240219e-01 -2.802640976399310979e+00
3.899648666051453549e+00 1.085411758814381233e+00
-5.627370318451774267e+00 3.474654000597925396e+00
-9.850223002158600139e-01 -1.026306706181534523e-01
5.323963779929034246e+00 -1.042467548494044571e+01
8.345537852873336604e+00 -4.216949158460944425e+00
-2.678476847509166259e+00 8.776042424428807109e-01
-9.168184616568522571e+00 1.541431088208717881e-01
3.345801034906550342e+00 -9.931388106170183860e+00
-3.580315695365368978e+00 -1.696813028862979245e+00
4.785065045593767330e+00 -7.304494189746313815e+00
-3.199235024136275918e+00 3.177915427622196809e+00
5.176703954015445142e+00 -9.047688128174055322e+00
-1.069013528999812834e+00 7.053961166441469199e-01
9.287365748582974589e+00 -2.549701954522904934e+00
-1.516972884091024820e+00 -2.322409234193871796e-01
-1.323865377683680400e+00 7.046031633772260605e+00
-7.593613109914784109e-01 -5.459947988540278629e+00
2.677498285900983266e+00 -1.161291702963142214e+01
-2.001781723310421590e+00 -4.508154007509446615e+00
6.289832267545555133e+00 5.118062096855514831e+00
-5.055828104729694239e+00 6.584929537126068766e+00
5.200145609020775161e+00 -9.205759719819726072e+00
5.042093931560416742e+00 -7.841122682317426040e+00
6.851747928096699525e+00 -1.408253391977546976e+01
5.200300036672217630e+00 3.662214393576739724e+00
-2.011536456202976719e+00 -6.284413532741450759e+00
1.762115681288965119e+00 -1.503562599906489883e+00
6.155540573390172909e+00 5.969489418137770897e+00
-7.206477362562170974e+00 -2.781985419460534015e+00
-8.080092085937964796e+00 -1.650645477706604858e-01
-7.993462462130908719e+00 -6.059071371604182188e-01
-3.474542039490020162e+00 8.716857863155715869e-01
-4.442581633873146529e+00 5.911632935650230181e+00
-4.311433964683941689e+00 -2.463077033763529933e+00
-2.223956390550329232e+00 -7.463087175596141432e-01
-2.675659424704548872e+00 -5.742104026742120837e+00
-2.823037609278105098e-01 -4.477945505988557784e+00
-7.437739467470242616e+00 3.788341955936160854e-01
5.112187667694406912e+00 5.492926902413969081e+00
-2.702828955180317294e+00 6.212460451480228407e-02
-1.439619554148491964e+00 8.852537956292909627e+00
8.825470313339220496e+00 -4.135334013482937721e+00
7.852612338385410062e+00 -9.968615143448118943e+00
9.816483784846985472e+00 -2.985078126574663759e+00
5.862320459602766931e+00 6.786999116467939075e+00
-5.941761123436171133e+00 -4.220982456849086795e+00
-1.742916079736522406e+00 -2.298934765460121987e+00
-2.678057944357883358e+00 -4.422810058017898172e+00
4.587567704610921560e+00 6.365141257514547846e+00
4.435880924065101816e+00 -4.217344466517954693e+00
-1.627197238397196433e+00 -1.548094699938203256e+00
4.957153297545136894e+00 5.055991573645981063e+00
7.807968471405072108e+00 3.829829197272032637e+00
-8.943071473957677764e-01 -1.507045305522748624e+00
1.077134340172741922e+01 -4.156030923074865768e+00
2.840528939437412248e-01 6.831775851166693059e+00
-1.143278992520843307e+00 -7.971177377632937544e-01
-8.170162629874814231e-01 6.568052472628222560e+00
-4.190670904654080431e+00 7.046885646582710550e+00
2.927106345530836151e+00 -2.734614247078559046e+00
2.371284540184508405e+00 7.239961524938515858e+00
-3.839307079011989199e+00 -5.454791116380236282e+00
-4.741864230306203964e+00 4.874080557277418180e+00
1.469409986419180303e+00 -5.201011231790601208e+00
1.479595113735872047e+00 -3.564934834660822283e+00
1.499604864582954722e+00 -3.781471600210535744e+00
-8.411262040055495603e+00 -2.613555452857659667e+00
-3.374423139993836251e+00 -4.776448557409254114e+00
-2.945895873607706772e+00 6.637311715929370415e-01
-7.626833779620163511e-01 -6.712434328426843066e+00
5.993578869394320385e-01 -3.460494457880721075e+00
6.624948976446594529e+00 -7.342927508989394170e+00
-1.943813301575782582e+00 -2.195003979876283040e+00
-5.143941025676310730e+00 5.185453874165007804e+00
-7.155934735128542279e+00 3.944747143639808939e+00
3.171931003650442449e+00 -4.209238705975699268e+00
-1.283796429255959604e+00 5.472403680773939350e+00
-1.891375132554869110e+00 -5.677421597415748700e+00
-1.964247547927566728e+00 5.179096076783221037e+00
4.770819663288675905e+00 -9.671429151554598036e+00
-2.414729816276123930e+00 -1.832241596484489587e-01
6.382530853285344641e+00 4.892750344573769006e+00
4.731660344982226540e+00 5.986404835584007600e+00
4.191418563228507033e+00 7.160235906345237211e+00
-1.779759242871012948e+00 4.528962157692710377e+00
-7.816932239910003410e+00 6.557659751714890461e-01
1.067209773726030875e+01 -4.110432092197172871e+00
6.119960229750483371e+00 -7.779178141474996089e+00
3.931915661828010222e+00 -1.079012983560273398e+01
3.272945218486510432e-01 -4.058518516990457847e+00
-2.064530061783992121e+00 -1.066734873936835415e+00
-5.708707057559475828e+00 5.177202732271252827e+00
-5.659673074723733599e+00 5.469336357294038109e+00
-4.662824955271043237e+00 3.404186105684995134e+00
-3.984895522251992617e+00 3.936419190515715538e+00
-3.433883054345668207e+00 -2.478081273411479657e+00
4.891463635731013504e+00 1.797813603861413423e+00
-5.716812140915222606e+00 4.137546053253298162e+00
-1.295008058010041374e+00 -4.675451696997891204e+00
8.579720652396096270e+00 -3.236893940452056029e+00
6.618998659470850754e+00 -9.125597656866013097e+00
7.207989062372281985e-01 -5.730889156272451324e+00
-1.257931869786814483e+00 6.188306413022091945e+00
-3.330426325741998816e+00 -3.002097165856723926e+00
-4.350749033161042334e+00 -2.144686888062560026e+00
-1.028958056503879170e+01 -3.099754560498072742e+00
1.837682727674113892e+00 -3.849765814211818959e+00
-1.920585022429095012e+00 -6.170642015245336509e+00
-1.966754030629132011e-01 -1.778423963551069242e+00
-7.285491565985801721e+00 -2.042136712036464630e+00
1.440249252210210607e+00 -2.997647965702162853e+00
-3.405934611993438388e+00 -1.355879149760007341e+00
8.583099466775237829e+00 -2.787743006827480663e+00
4.719209862604211381e+00 -8.505093779925530839e+00
-3.528931095825507569e+00 -5.768934216791476999e+00
-1.515179808587231447e+00 -1.272941030530659212e+00
-6.309636915224149156e+00 4.852995241473896826e+00
-7.282797430815447504e-01 -5.210843512560332513e+00
-7.888702520931854423e+00 -5.230221368456078324e+00
5.847704645912916277e+00 -6.165714053309108600e+00
-3.819325947581280190e-01 -2.569690465171590166e+00
8.854446221414960405e+00 -4.646462261596305154e+00
8.673249658022792019e+00 -4.588691860562654767e+00
-1.065936859372543122e+00 -1.559289430853222358e-01
4.895736152296477073e+00 5.503441145823908087e+00
7.044358706747772203e+00 5.090316393259972649e+00
-1.867186678174057590e-01 -6.418213308818468299e+00
-2.268992783635710886e+00 -1.280188448248672950e+00
-2.547517221555179123e+00 -2.481690045475928308e+00
-3.919635859645645759e+00 -1.349214026075871597e+00
1.581848941020093768e+00 -3.227461021168315014e+00
-2.201154858930084668e+00 -6.133208427292425879e-01
-2.032856253830251259e+00 -1.890482525301630856e+00
-3.880676987268713241e+00 -1.606611837480658389e+00
1.008503347153027896e+01 -3.883249236608051547e+00
-7.206129700257326576e+00 -2.845271291202323916e+00
-1.914901039517944437e+00 -3.199249148838323453e+00
-1.263490521182801585e+00 -5.023993358558595190e+00
-3.421457185298001136e+00 -2.341407117941431970e+00
1.943438120111580680e+00 -4.445617862402702514e+00
8.586042728778931377e+00 -2.985010601655300633e+00
6.379702761611113715e+00 3.993177073234354335e+00
6.815878148211116816e+00 -7.959411855093224020e+00
-1.429014045504726216e+00 -6.666255647175065135e+00
-2.576404467405613019e+00 2.885690234047912028e+00
-3.184381380005304685e+00 5.674363165920092378e+00
-2.632749491037527534e+00 -4.210856112792704664e+00
-2.014461361987745391e+00 3.674510903531158945e+00
1.011536767125083447e+00 -5.824637422278097887e+00
-1.162741849729965526e+00 -5.120558562842820294e+00
7.184345372789098683e+00 -9.881871565084729525e+00
-1.480851307898315650e+00 -2.803996268575900341e+00
-3.438640635952572300e+00 2.592104637883982932e-01
-7.149649234769351658e+00 -7.166792012396181466e-01
4.155175976298935758e+00 5.075851674405655878e+00
-1.903068899440695905e+00 -1.020508285171930041e+00
-1.089216727237485305e+00 -2.754606986607620378e+00
-2.877502928485749845e+00 5.596760923573798507e+00
6.295199676070043715e+00 -9.575361327365731867e+00
1.912506332608364445e+00 -4.947623828775905785e+00
-5.435714378326594876e+00 4.567875696913142214e+00
4.956031808939084238e-01 -4.080184563773437745e+00
-1.055990698189199106e+00 -4.333212308132118551e+00
-6.183046962975456751e+00 -2.609484261026442375e+00
-5.543158780110910122e+00 5.388482654956483486e+00
2.826910355893581972e+00 -1.181245434410222472e+01
-4.872561463942515214e-01 -5.967299997072442963e+00
-2.217706861172044963e+00 -1.844814273287387341e+00
1.062597592115002954e+01 -3.703426520483178219e+00
-1.619286313748073303e+00 -3.023340819028511040e-01
5.838216803458530002e+00 -7.871547112810293179e+00
6.440189625510459592e+00 -8.385467056798907137e+00
-7.674156775657468010e+00 -2.023049188202234561e+00
5.743743388528166349e+00 -1.006047889691815378e+01
-3.928189523524427074e+00 -5.758076430505789656e-01
8.785046116539110272e+00 -2.497307477284302912e+00
-4.148924056563442875e+00 -8.429056626392982254e-01
4.259469472142134450e-01 4.643668875227604076e+00
6.226552173034201054e-01 -4.537331477406132407e+00
-1.371347916863952410e+00 -1.924756275955386897e+00
-8.012540669030346896e-01 -2.799101955976388556e+00
1.257613373812813684e+00 5.747734584105150812e-01
-1.302814985004861814e+00 -8.130294272196958438e-02
6.860916627220094099e+00 5.698000654595391623e+00
5.466023733361758730e+00 -9.759691073429511476e+00
4.589018658660064531e+00 -9.524463647206687256e+00
-7.812930395646899839e-01 -1.810656893942970136e+00
1.286683038777868049e+00 -3.476086884332874050e+00
4.279633772324224594e+00 4.108244512615208954e+00
-9.152180429579044318e-01 -5.881317359119502264e+00
-3.605480287864671229e+00 3.820699527692219100e+00
-2.662428190942494055e-01 -3.353687833618392400e+00
7.960068364988025280e+00 -5.204191775289037203e+00
1.526531134481580398e+00 -4.720558393389802987e+00
6.163714884699769136e+00 4.672511835283681414e+00
5.226232674493790142e+00 -8.825182492999703143e+00
-6.267423990707770898e+00 -1.769702574117639537e+00
2.440747805902752976e+00 -1.891704645869223711e+00
-1.913992598850894122e+00 -3.990359643893892638e-01
-3.464730227829852183e+00 -3.460507156357801595e+00
1.598204064265662527e+00 -5.479337263013830395e+00
5.599067809128617235e+00 3.565326993469608574e+00
6.753939430389960918e+00 5.062959918690191685e+00
-2.644361533303956957e+00 -1.886653593865023737e+00
1.003903709376539055e+00 9.624818094055004991e+00
-1.231258390235961508e+00 -4.215092956952042891e-01
-5.764217022530284673e-01 -5.539419571779986562e+00
3.586247656339772050e+00 4.588151964193547094e+00
-2.867905667574938811e+00 -2.462215067622214537e+00
1.338444171440323238e+00 -4.202877155805177622e+00
-2.625143050698938829e+00 -1.165873449299062559e+00
7.853817737285830880e-01 -3.069143934921163996e+00
5.075086797201850075e+00 6.145505704751448306e+00
-1.029589441312647624e+00 -2.951545448686829776e+00
-1.703546299818408105e+00 -6.594965782681684985e+00
2.980990799772391675e-01 -1.587120541223890902e+00
-1.961784218329236218e+00 -6.445318934265348076e+00
-6.591429853211241419e-01 2.000598989282976747e-01
-5.323035667149770056e+00 3.991299930922140415e+00
7.184491934180836203e+00 5.471063157484653772e+00
9.320559039713357308e+00 -1.651991700604399149e+00
-2.121298382266282090e+00 -6.696141594819461140e+00
-6.779232312201819433e-01 -3.878433834196370444e+00
-4.091350733030260756e+00 4.476874514195775312e+00
-3.496321941783155474e+00 5.594295130503250668e+00
4.895573131391952160e+00 4.514564830897525027e+00
7.849000077187726632e+00 -2.603262380748038840e+00
1.284545379074360394e+00 -4.807517314535691533e+00
-3.608394636376014653e+00 -3.149210032103314516e-01
4.383308724767746689e+00 3.926106642788739443e+00
-3.640314796289650268e+00 -3.794223447423676898e-01
6.432537594928553482e+00 4.031049624027621903e+00
2.035795242254778259e+00 -7.003049195664701188e+00
1.362665688879350689e+00 5.592927948164875041e+00
4.923066969337283716e+00 -8.826453872291205371e+00
-5.853978661158443231e+00 -1.602806766867454824e+00
4.204140772477589216e-01 5.650539604899568857e+00
-2.677580656069467047e-01 -4.487745749835877263e+00
-3.108247193801506381e+00 -1.552697665533773197e+00
-2.131064497567463079e-01 -9.033351261051889125e+00
-1.777554728470825962e+00 1.018679850489871752e+00
1.481974624195945722e+00 4.671837698481280832e+00
-2.466003737578917665e+00 7.745299846221593842e-01
-4.451827719230118774e+00 4.762837998905979475e+00
1.098448494619076499e+01 -6.028465307438228393e+00
-2.156786832353902561e+00 -4.924638320423644799e+00
8.906104788299002095e+00 -3.091521499081295143e+00
-3.226948926771335380e+00 8.668902137787684481e+00
-7.148023261616121005e+00 -8.595848959466891870e-01
-5.657370397590554489e+00 -1.926818612800611730e+00
4.878471516958104992e+00 5.234769783802661003e+00
4.666204978692645611e+00 4.709069168522851179e+00
6.878849474003772890e+00 6.255698468402678181e+00
1.259288658422989648e+01 -4.660359738983465228e+00
-1.562629644008194818e+00 -8.452980623884058797e-01
-5.877780905814804058e+00 4.868614482279591371e+00
-7.676849196012014431e-02 -2.299327991207213540e+00
8.041264870591042779e+00 -9.024809258349483443e+00
-2.931904390056591758e+00 -5.903561586954376494e+00
1.008316603414888846e+01 -2.958859433853960219e+00
8.399091566931632613e+00 -2.164061848817748768e+00
8.017962765002653924e+00 -4.376070869719804080e+00
-2.640783378685100935e+00 5.711816111675322105e+00
7.014211915046917767e+00 3.467775406937200433e+00
4.768689278593607916e+00 -8.209154015245587743e+00
4.411550526055282972e+00 -1.133940153019772978e+01
-4.846128973002970852e+00 -1.086141875132732526e+00
3.452007875451192920e-01 -2.858491194071847818e+00
6.739435142200289164e+00 -3.937339711335584358e+00
5.465013110008390740e+00 -6.919852977601563815e+00
5.238257026488843948e+00 4.209752025183468582e+00
3.466328002117402995e+00 -1.136617132114866457e+01
-7.024324511522775261e+00 -1.246972582226514081e+00
4.943249751923740831e+00 4.067451338185311904e+00
-4.627267162524066890e+00 -1.218112615084773642e+00
-2.002872157721531376e+00 -3.867826639141471734e-01
-4.536841829382906255e+00 -9.698341503870190339e-01
-3.080931248422585256e+00 -3.403686585372092677e-01
6.807124980171209039e+00 -1.288664840020542712e+01
7.057137844043841035e+00 -1.083732254696930397e+01
-2.782412934103631219e+00 5.683045827119626026e+00
4.971188161391615346e+00 3.649292170530973323e+00
-5.799212477066587823e+00 -2.339332890331647263e+00
4.217796047928235481e+00 -1.004582436758266439e+01
4.314453590419862650e+00 -8.640147748787393667e+00
-2.231189840685761983e+00 -7.533558220997388588e+00
3.488609877867955955e+00 -9.556592066258817297e+00
5.258296177137734340e+00 6.283754050884437170e+00
-5.682920578067518491e+00 -2.758382004472330618e-01
-1.116224286603159754e+00 7.460867675616613681e+00
-1.501134717202677438e+00 -7.930677562131746017e-01
7.541199886091717097e+00 5.649721829086344016e+00
-7.976326238365473387e+00 -3.276257931625564668e-01
-8.346850937795643688e+00 -2.378825188867022433e+00
-1.990272708455320672e+00 -2.118481605100392406e-01
-7.251976610839271364e-01 -4.352083712635929302e+00
-3.363007781252328465e-01 5.748543547202539017e+00
-4.637061115508176457e-01 7.444574392311104738e+00
4.221550993733030666e+00 -9.521818851285059893e+00
-1.505282120269905821e+00 8.349374775481726019e+00
-6.889631839906508404e+00 4.348868984154870887e+00
-4.941583615129450990e+00 -5.671818723479842284e-01
9.397526094743110292e+00 -4.443425600942455311e+00
-2.993389763969809714e+00 -1.171555719391343953e+00
-6.942844793302602735e-01 -4.788233454780658427e+00
-7.326812779142104493e-01 7.263879620349456445e+00
2.451125779007721217e+00 -5.422458407425151172e+00
-5.384891390689762858e+00 4.730767164738442609e+00
2.574181946603934179e+00 -4.456734850201995002e+00
-1.795654595150791399e+00 -3.255934869919286712e+00
-9.348529993623667878e+00 -2.625205446923243091e+00
-1.758897938807499672e+00 -5.030916962777759460e-01
3.170986458671598118e+00 -4.720330450414412127e+00
-5.942259374262710558e+00 -6.738144711634399542e-01
-6.282097792559600435e+00 -6.940222225106043030e-01
-4.654322842865186161e+00 1.820531001852924380e+00
-2.297573781716721886e+00 3.972638227890484597e+00
1.399833417202055452e+00 -4.417934172640802792e+00
1.036346023454824206e+01 -4.154434490555412474e+00
1.048217273283256468e+01 -2.853493073168193561e+00
-6.007114720728004009e+00 4.498581965104237135e+00
-8.727629714825670959e-01 -2.282080919943509478e+00
-6.327282656819770423e+00 4.469751593260366640e+00
6.332517592078782620e+00 3.353948137965676146e+00
-4.111465599437471585e-01 7.698306064551109884e+00
-1.962633808920630774e+00 -4.422826624449191613e+00
-1.968638444349019689e+00 -5.734646758856418725e-01
-4.925660988744517077e+00 4.634171990464799329e+00
5.113520654766382734e+00 -9.703703124830273197e+00
-9.348614568338680098e-01 9.595485573928963063e+00
-1.154017537889543865e+00 6.092273849634893601e+00
-1.010274950390757986e+00 8.601890266562057796e-01
-6.975244536916282101e+00 -2.589359500815023196e+00
6.563669040646711750e+00 2.112443387329162370e+00
5.370348726705612030e+00 3.114782395150578864e+00
-1.131782359532670146e+00 -2.475023926273039798e+00
-1.599461963181027624e+00 7.443402350993796546e+00
-5.063737783385992230e+00 4.358227287274823780e+00
-3.306127510886805343e+00 -5.506083372081986838e-01
6.117037809130978054e+00 -9.141886512212478166e+00
6.359686582372204633e+00 5.471998467744963790e+00
-1.544764540711813794e+00 -5.518412395190670949e+00
1.003674581646768615e+01 -4.590425550374586550e+00
1.919171195486075732e-01 6.163401586095199391e+00
6.036856132384915696e-01 -5.141773973281494214e+00
8.365913644452405151e+00 3.607764494628228569e+00
3.131032577400871375e+00 -7.879337697472505120e+00
4.793071998863971395e+00 4.847401014909017647e+00
-3.626312956189404080e+00 -4.714278855949599389e+00
-1.962078466654103570e+00 7.938663517538464554e-01
8.629569558415679964e+00 -9.193544524405339757e+00
-4.162374333978055008e-01 5.987617907101514980e+00
-5.434084180805855091e+00 -4.663283103645275318e+00
-1.621174328385251329e+00 -8.074404904557347606e+00
-1.191263925711988581e+00 5.371430738171059538e+00
-1.863655422184149701e+00 7.755634159417681417e-01
-7.274899899140044646e+00 -2.816725999843245898e-01
6.557978251907771394e+00 4.120160544161990401e+00
7.174876372819158021e+00 4.672266684914243129e+00
7.549812226445983043e+00 6.800795905137013264e+00
-5.137585293163549949e+00 -3.569757947142044863e+00
6.493062081711281408e+00 5.882292299433351523e+00
9.000504510393346536e+00 -4.585404780753044918e+00
1.093824164569605850e+00 -3.499553006559144919e+00
-5.918879403147373708e+00 -1.668449654662643500e+00
-5.118658211407768555e+00 -1.670354115532197481e+00
-2.729536615975765468e+00 -6.632810680335682996e+00
-8.023383748427265871e+00 -1.556246409483876825e-01
1.094687602556249306e+00 8.352096734663282618e+00
-5.963045354008682963e+00 -2.366943283089983474e+00
5.132246642717647411e+00 3.204505309663762791e+00
9.689351673914258001e+00 -3.056624944139749722e+00
2.889494729138303519e+00 -2.866099775947654305e+00
-5.623415609770083812e+00 3.616593922819481222e+00
-2.032051719527683264e+00 -1.359139679275563672e+00
-2.199552077822269691e+00 -2.571023062975915430e+00
7.482879738660967561e+00 -2.484795033772641659e+00
-3.158284801796956032e+00 7.501754364030016831e+00
-4.563976341123501257e-01 -5.283778807107756492e+00
-2.403210007922500946e+00 -2.803950825800282765e+00
-4.251699760914101844e+00 5.443492295067206221e+00
1.010553988332832631e+01 -3.170150065317497656e+00
1.812375560779980299e+00 -4.440008172127333452e+00
-2.634916308003137253e+00 -1.693562612552577118e+00
-3.688330687150435327e+00 -2.050802985686443147e+00
-1.378064096286951035e+00 1.000357528939890051e+00
-3.887371863466108302e+00 -3.118027407381704919e-01
-6.201109474745128303e+00 6.224758934080041328e+00
5.767022476560218713e+00 5.795679193735232104e+00
-1.880095369606755273e+00 -2.665578795836206716e+00
-2.154043308778569532e+00 -5.970688868535245497e-02
-4.285743542794500094e+00 4.646230064538699800e+00
-1.820139840095243322e+00 7.122719668798114689e+00
4.008968197322349880e+00 -8.355515658973807547e+00
-7.437813197506073948e+00 4.226806942152829816e-01
-1.352869488261272402e+00 7.062209049695395535e+00
-9.286816292491893776e+00 1.883541357582592113e-01
-3.297019744691004117e+00 8.061690744980417378e+00
-1.517431262348771792e+00 -2.156216542320477991e+00
-3.382122038947551701e+00 8.875045333306383899e-01
-2.271925755996579976e-01 4.097085217632907117e+00
-1.820394687630484620e+00 9.594529632118997675e-01
6.206355678502391449e+00 -9.977112595011261575e+00
-4.024070373507349530e+00 9.660328015923491662e-01
6.014917683179270114e+00 -9.359839902833384073e+00
-5.754653820858011137e+00 4.025110985184099377e-04
1.062319304975912981e+00 1.007170597551555424e+01
-1.720383217734537951e+00 9.309901594835725547e+00
6.387792265017142590e+00 3.846077911622970635e+00
9.247814705215020581e+00 -4.376905339466215850e+00
6.659970395304024571e-01 5.044684627283793965e+00
-7.019217105607657992e+00 -3.402495289174994886e-01
6.602066667022798541e+00 -7.795499357181426170e+00
6.924853662284158773e+00 -1.051331149999140457e+01
-7.698900170545661670e-01 7.897008172965239048e+00
5.633416205828282841e+00 -9.312803259535844091e+00
-1.940026152786899161e+00 4.354460744308919828e+00
-2.703593640077889493e+00 -5.953893860022951845e-01
-3.398137674315746537e+00 5.611603012977017357e+00
-2.476737967676221785e+00 -5.694492823239412083e+00
-2.000411270345223702e+00 -1.694354552908872158e+00
1.191580813635680469e+00 -6.350000835353172945e+00
-2.425267508949367823e+00 -1.752444693070017045e+00
1.111442199349996773e+00 -5.084826965904790441e+00
-3.020143198689245079e+00 -2.907671825120630604e+00
-3.390849555176696839e+00 -7.892941676432844389e+00
5.194877248119937008e+00 -7.943520004275891111e+00
-9.066967749730379111e-01 -1.987530344559328643e+00
-1.286989321715037882e+00 -1.855730574667168398e+00
-3.716805882498171787e+00 -2.485652918680013812e+00
-9.658577665570169390e-01 -2.202057830448674647e+00
7.066582019215799981e+00 -9.223414913553446226e+00
-1.280774121819690414e+00 6.801201894210942456e+00
-2.036604461224230000e+00 4.492696554011274657e+00
-1.259571801624183029e+00 -1.693817131453518199e+00
3.650821791464897714e-02 -1.452009769962559371e+00
2.489956097295948467e+00 -9.338347409157590207e-01
1.119536362414756070e+01 -1.414593127283124030e+00
1.283043679715778485e-01 6.610843742968254944e+00
-1.610153457459500448e+00 -4.436315310276822466e+00
5.541853326933047441e+00 -9.643918569865938650e+00
-1.685226652661818925e+00 -4.016694699974852512e+00
-6.482429682184533970e-01 -2.357165755667042895e+00
-9.649182280037200687e-01 2.519265358931285448e+00
-4.119653249065336809e+00 -2.353991549906582770e-01
-2.885642347755164039e+00 -2.725966038410522874e+00
8.345229404813053975e+00 -5.889281651262994188e+00
2.438845598847983354e+00 -1.021169385866332924e+01
-2.375041003389367411e+00 -2.672728023470847702e+00
-5.198830709717165988e+00 5.335315024644654791e+00
6.557750247380542241e+00 -9.062518493829662347e+00
1.343667898291810214e+00 -6.517290529880846783e+00
-1.012759089689169167e+00 -7.233464661775620641e+00
-2.365945991079668964e+00 2.556095562279243616e-01
5.310360515649108493e+00 1.469045812205990398e+00
1.832690576305593844e+00 -2.191105480550253226e+00
6.494179019616048265e+00 -8.803920513252039726e+00
5.681998621198014909e+00 4.726663079210148943e+00
-2.705950323463406360e+00 -5.360916111531349726e-01
-1.667682708678872361e+00 8.535080395943410725e-01
-4.344588191787622122e+00 2.784005874329392505e+00
-9.631248821421292128e-01 -9.318445398294349369e-01
2.814302059977082493e+00 -4.284843608854665753e+00
8.229960671391660654e+00 -3.568202299645915510e+00
-5.452704571520051502e+00 3.704602869396168785e+00
3.830896478868838884e+00 5.835475270261333947e+00
4.187341233516275629e+00 2.785963162833776430e+00
-6.456083699832428913e+00 -1.560024378203794582e+00
-6.465109721010013466e+00 -3.212648786796595601e+00
9.060721152395460720e+00 -2.924977760098012691e+00
5.006751988084280569e+00 -8.266627420124258663e+00
-6.299101779496320219e+00 1.839698435366406759e+00
5.327993821998552981e+00 5.439297877763051403e+00
-3.375514994753491038e+00 -6.843057298090631235e+00
-2.146371249047624996e+00 -1.870690993869026375e+00
-3.832662184488869528e+00 4.927345992059398050e+00
8.628551328658376818e+00 -3.734828869191560763e+00
4.282740384303187042e+00 4.469266295287878776e+00
-4.694804345276234470e-01 -6.312198730797109469e+00
-3.900849761152787032e-01 1.477512540017453802e-01
-4.138850926454393786e-01 -1.679631478214233198e+00
4.979232942414490992e-02 -4.265998270131755810e+00
-6.728067966441707348e+00 -1.620515175893623150e+00
8.430404970606525383e-01 -5.175082360725778763e+00
-1.169163181669594209e+00 -4.658173294904369044e+00
3.307822561996326183e+00 -8.888988094522728645e+00
-2.271662653945656807e+00 -5.943142004644560217e+00
-2.059916022834118454e+00 -1.820454000275838258e+00
4.051505280018885991e+00 -1.099852083036426542e+01
4.954469607780756846e+00 -9.704332933819536322e+00
1.009154271397775915e+00 -6.449084775803007652e+00
-7.168722909379076746e+00 -2.644081130414586145e+00
-4.099381391621658821e+00 4.472442951983567561e+00
-1.045350228214518840e+00 -5.572952920952107370e+00
7.825094869790112373e-01 -4.789704303953587150e+00
-9.246572328811055730e-01 6.154616891766433007e+00
8.626984083003669257e-01 -6.290388102556755179e+00
-2.071911618552845002e+00 -7.483803803441882785e+00
-6.409583294451328683e+00 -3.771355914295710932e-01
-3.789801040828853385e+00 -2.442891157494677667e+00
-4.575759460959196723e+00 -1.400068907321227130e+00
-2.019529128967524567e+00 -8.138608364408126405e-01
4.985730663388413753e+00 2.945865538975457998e+00
5.792349749706354523e+00 -9.830047111802613813e+00
-4.489551938117823937e+00 7.363392245278809867e+00
-2.993422016302030642e+00 1.097657728422110512e+00
6.574420307228869831e+00 -9.548827762119683982e+00
-5.086567692668162444e+00 4.148668709715125580e+00
6.555747637355557877e-02 7.999184024653462011e+00
6.946240739091980032e-01 -1.200629756411566662e+00
-9.294276147723391501e-01 -4.120060408913325034e+00
-5.072823085411559685e-01 -6.059237347097281123e+00
1.078769138962183405e+00 -4.899348602663254226e+00
-3.732849597714550161e+00 6.616473810972081093e-01
-2.369343407057596718e+00 -1.835537112431920415e+00
5.266036117222083313e+00 -1.078559603693036806e+01
-1.327260185019516259e+00 6.569659388630634034e+00
-7.962979207286225325e+00 -9.478779754072323982e-01
-4.384574023605648740e+00 -5.781298741676708097e-01
-1.888333365835468403e+00 6.749454045608616060e-02
-3.312109667965106308e+00 5.172908064033549635e+00
1.248691143628499756e+00 -3.547582205044139236e+00
-8.598487925366615769e-01 -1.835753705802918079e+00
-2.106521543885279790e+00 1.067902752183335302e+00
-2.011882717269268372e+00 -1.774790281736937425e+00
-1.064228241910661010e+00 -6.382225663927829196e+00
3.533998474164892212e+00 -4.133743881751738236e+00
6.865420592693062041e+00 -1.082544745576414869e+01
-6.427551094440918433e+00 -8.283981151070467508e-01
-1.704151781498221219e+00 -5.420928342589549587e+00
-4.412171558052955689e+00 3.629863385695428324e+00
-1.117528352647363388e-01 4.843653042874661807e+00
4.087044960144140759e+00 3.422382342584294967e+00
-2.698731632958629056e+00 -1.973476224080064068e+00
-3.782776926390771344e+00 -2.477007464275957638e+00
-2.534664757040504757e+00 -4.672036982068124011e+00
-7.353158275541113120e+00 -2.444876749681292871e-01
-3.368387162019002901e+00 -5.423890667537833110e+00
-9.201176094012373241e+00 -1.284323910091814236e+00
-1.676800177523875668e+00 -2.930416947622286106e+00
8.725357599435465517e+00 -4.665913665224598716e+00
-1.638475806468218332e+00 -1.828037000921759025e+00
4.323157686364380581e-01 -4.265888375373712904e+00
-4.725759662529180893e+00 4.308361478482474194e-01
-4.098707237251272062e+00 3.073100348877403132e+00
-1.299769086699647413e+00 6.302557946103243935e+00
1.960390219245204957e+00 -7.180596673146919073e+00
