9.368316261534980427e+00 -4.297088917467858593e+00
-1.424868781905754833e+00 -7.713874402364531591e+00
8.932852337227618733e+00 -1.749615976894766334e+00
2.123239603440656431e+00 -5.263180259737733735e+00
1.545635624064799263e+00 -5.195372568441427141e+00
-2.949605172812841403e+00 -1.852661357495345662e+00
-1.163594220566777748e+00 8.263391276505551275e+00
5.663144944140353410e+00 2.837810616379533357e+00
2.717455603962405597e+00 5.675448151428764021e+00
-1.201356397852582525e+00 -6.690805205031289837e+00
6.163805240272020036e-01 -6.693403968507072754e+00
6.737161326096742897e+00 4.933915440932858942e+00
6.038318255780203536e+00 3.397904799158392386e+00
-6.752693011739829387e+00 -1.029313044136692668e+00
-7.240546629937131939e+00 -9.155627753010752157e-01
1.013237817257108375e+01 -6.220970811940236267e+00
9.399149946187787208e+00 -1.368983145640474408e+00
-6.216352795371983930e+00 -5.738233054957851964e-01
-3.324045535353004954e+00 7.338953036380229555e+00
-3.518566508084120414e+00 -4.233661667419267971e+00
5.515296257314237227e-01 7.539428537748886328e+00
6.171916017703487967e+00 3.787234971873341127e+00
-4.874246503031719691e+00 -1.005946663536931407e+00
-1.053523029303436553e+00 7.013189255223347018e+00
-6.512372465337844529e-01 -2.419857385905138880e+00
7.524358203866987616e-02 7.696995897537418863e+00
9.507208501186688032e-01 5.899702503563128531e+00
-2.597339177513660058e+00 9.356943602257450365e-01
-5.307234941644753512e+00 3.642581603878468410e+00
3.155651857523435577e+00 -6.582953555503781473e+00
9.934105128018979158e+00 -5.441677897543316433e+00
-2.269971279886325188e+00 -2.867721586533577671e+00
6.514964068003894937e+00 -9.174254617191239802e+00
-2.521274478574269562e+00 -1.068973101597954667e+00
-9.285409259172837437e+00 -3.071612032075670573e+00
-5.809219336785360177e+00 3.902967061521651626e+00
8.055250526573111358e+00 -9.315341553457619383e+00
-2.204385871672978059e+00 -1.556657431353921206e+00
1.146476269354043076e+01 -3.492544291669911871e+00
5.895879231801703924e+00 1.792955007871017692e+00
1.350978842469493957e+00 -2.729959043874659486e+00
-8.212253169029629873e+00 -2.897556157219463024e+00
6.271889567959665790e+00 -1.025176194192879287e+01
4.884337825661815291e-01 -3.957937032710423519e+00
-2.243098903280489331e+00 -1.931863944860979232e-01
8.549455594212268750e+00 -2.189573019763630501e+00
4.621875748716738563e+00 3.026910017122226293e+00
-2.834996689361754640e+00 5.706905298092753043e+00
9.562067088492433697e+00 -2.770278617610860472e+00
-3.765581677626445689e+00 7.096232235732458093e-01
-4.829636010542914804e+00 7.038125556297313956e+00
-2.240046513806140283e+00 7.982777877824085877e+00
6.956142404239644694e-01 -3.511413631359054488e+00
-1.453849263258797819e+00 2.873178047006543334e+00
-1.750071875251755227e+00 8.571296987778758592e+00
4.049058353219117556e+00 -9.207987277682063265e+00
-8.666039005932740125e+00 -1.415427046778181097e+00
-8.348531942206507406e-01 -6.034686523745486753e+00
-3.412155439212811725e-01 -2.601347071217839257e+00
9.224583239171643356e+00 -3.291760482824080292e+00
4.348391645779505765e-01 -5.432437406558641158e+00
-4.675645076247469945e+00 6.172891045365206608e+00
5.101343530959105976e+00 4.050396935309072077e+00
4.821855888226836306e+00 3.592862062119294819e+00
-1.764836708807727694e+00 -2.916224669705751449e-01
-3.575442484249898634e+00 -1.051761278761186080e+00
-3.426321040511187022e+00 -1.442123095488614837e+00
6.808899913736423670e+00 3.232720325301714936e+00
-2.362827174515199857e+00 2.221573042805856657e-01
-6.226108059413450135e+00 -2.570743306784966986e+00
3.921666397182815622e+00 2.835843358802173420e+00
5.899560976350982422e+00 4.200472169157206004e+00
1.983316340179689385e+00 -3.270399932909087592e+00
4.348149792557043369e+00 4.069002082248100116e+00
-4.716399280624380630e+00 3.475382336925498361e+00
-1.332887050779773652e+00 -5.967178449270075902e+00
-2.602921511100590113e+00 -7.587054613632052025e+00
9.025975240924246634e+00 -3.333006479399560185e+00
-5.246157288430966403e+00 -1.697599007440216301e+00
-3.082738285199118522e+00 5.257457712963244489e+00
4.503360489537763023e+00 3.779553881566022788e+00
-5.598117469614384056e+00 1.429202765505299677e-01
5.015654844134900259e+00 -9.020901662702971890e+00
3.968302402344221491e+00 -5.445733720588161297e+00
5.047457672372221538e+00 -1.084235131953777831e+01
8.481439522124697206e+00 -5.177119042183136344e+00
1.742467995282391602e+00 -3.525633418024885835e+00
-7.240516233636683729e+00 -2.439367789139736953e-01
-1.750597368969322387e+00 3.856810787234221660e+00
-5.924754113565716906e+00 -1.294858981367900341e+00
7.782854227862586072e+00 -1.120868740259240326e+01
3.304567460014163238e+00 -5.473982890026993786e+00
7.921062220790510144e-01 -3.075940587827515671e+00
3.883519156960425267e+00 -1.044498542233742810e+01
4.223093512916686443e+00 -1.020292981633890150e+01
3.244274537020229943e+00 -4.548853149664324746e+00
5.288046288599149491e+00 -6.804507559425664098e+00
8.174389311556153004e+00 -4.258161993351860630e+00
5.250157368759913012e+00 4.293559370950971399e+00
4.580216614076939585e-01 -2.376555990994014156e+00
-1.440638507670609414e+00 6.818188065968738165e+00
7.164948910646752545e+00 -8.803805890139861035e+00
4.734013852147780366e-01 4.832140462370308143e+00
5.535102884780196408e-02 -4.438378584350680001e+00
6.232467884032319105e+00 5.244300462760564940e+00
9.840058146662702399e+00 -5.888079334895368611e-01
1.245776283245151994e+00 -5.709498848764501311e+00
-4.617215024087569120e+00 5.809893907340120123e-01
1.761898393497664639e+00 -4.517818308627909119e+00
-1.301492693544027857e+00 8.195718146738396825e+00
-1.569626922018322768e+00 6.342726890353032942e+00
-4.023380456248174752e+00 8.815201957031066016e+00
5.673083238288399777e+00 -8.754382204550193336e+00
1.159841347221665586e+01 -4.210300068752167668e+00
-5.134501167261294796e+00 5.252783461190389858e+00
-4.389617398036975260e+00 3.301115645327439285e+00
-2.477025743223696175e+00 -7.528360999348965521e+00
1.036120242861786345e+01 -3.298731290002036687e+00
-1.352003045960692651e+00 -3.418049475834892270e-01
-2.670202934873439737e+00 3.920657626290341646e+00
-2.479503273625309756e-01 -2.576666310907959723e+00
-7.211908315856637941e+00 -1.917857445773776259e+00
-3.399480583238362996e+00 -7.483265594955943456e-01
-3.173558198640713091e+00 -9.619022077170136242e-03
8.306116108854141089e+00 -5.025634168372301147e+00
2.038583287256086063e-01 8.567459281639946411e+00
-4.207959320277058879e+00 -6.868132010693390299e+00
8.894783344273511361e-01 5.236516952086646803e+00
5.071887912682572441e+00 4.612606877641680647e+00
6.598386542669274490e-01 -3.477014475705940466e+00
7.447212813237841234e-01 -6.123448197009719429e+00
2.711161435831492827e+00 -9.671763564549149095e+00
2.885212898324278630e-01 7.270890308522452550e+00
-2.145687390993734400e+00 -6.144558701963679148e+00
4.124725710528908351e+00 -8.799438899892471966e+00
7.333544339784138444e+00 -1.670100217347634697e+00
1.154033317262945957e+01 -4.963329996734041849e+00
-1.803537646292721508e+00 7.650702824741093977e+00
6.207927548997680400e-01 -4.718546884205039760e+00
-5.469880552931171813e+00 -8.259429579092287810e-01
9.333105584740247096e+00 -3.480930468859076754e+00
-1.937247188675501608e+00 4.857967359616768732e+00
5.502344314869340280e+00 -7.664837883057948886e+00
-5.350235147171503725e-01 8.841553759687647229e+00
-6.243302825148502322e+00 -3.611490098901242174e-01
8.383162153094184887e+00 -9.136433637364238081e+00
-8.043782100068657126e-01 6.846229909638101851e+00
-2.467760519847093104e-01 -4.622894069159240615e+00
-7.527205641638473388e+00 -2.822946113461276774e+00
-1.342528017319762457e+00 -4.364408554030068110e+00
7.302645194420442465e+00 -2.782860231044924859e+00
4.671526073993319983e+00 4.361564503767920264e+00
-1.943072540480279109e+00 1.892752690304067009e-02
-8.866258658016737959e-01 4.610251694908975573e+00
-3.631456454416484014e+00 1.031249859706344640e-01
-6.471391590815843031e+00 4.101704434685927936e+00
4.710404882329877196e+00 4.125576217434792525e+00
-7.039534613830833010e+00 -5.637450129936483201e-01
-8.046544445885341901e+00 -6.549808169099802235e-02
8.588731796625692638e+00 4.135035746794335054e+00
-3.625886241190706016e+00 9.835733588411432748e-01
2.736890365660030966e+00 -4.778574156547815477e+00
5.586105319079401887e+00 3.765904288992864224e+00
-4.947055134675514054e+00 2.436162335544658664e+00
-7.762857808969614304e-01 -4.813826829161889975e+00
-2.675919154992882465e+00 -1.182101088375890230e+00
6.515985531917711349e+00 4.253180401478395822e+00
-3.086775924151274886e+00 5.830013900331793231e+00
9.468463955860485726e+00 -2.007698148344215561e+00
-4.582894089580144659e+00 3.828413712885803122e+00
5.935776100312841308e+00 2.457361440439478351e+00
-3.903538327145979814e+00 -1.714328680921439974e+00
-1.298246003219027944e-01 8.933910292932404573e+00
-5.474122780405604738e-01 -4.014794225985325760e+00
5.907516947710059085e+00 -6.625820943640137628e+00
-2.106894448317030211e+00 -5.662190675448825594e+00
5.937125529496302789e+00 -9.859182692177652640e+00
-1.288465007632182857e+00 -2.518251486808786410e+00
-3.013240775668810656e+00 -2.123435150013002204e+00
-2.853243959490799675e+00 6.324430719146469926e+00
-2.176053102874710987e+00 3.698423575253615425e-01
-2.977179027019103863e+00 3.422193268850565850e+00
9.697929224715347019e+00 -3.516179905579151832e+00
-1.877183106208600849e+00 7.693818334611619569e+00
-4.825670205745793417e+00 -3.696513370974274793e-02
-3.259438673628862304e+00 5.653487193971029612e+00
3.953557722677901509e+00 -9.672752344362926635e+00
1.034179076859621738e+01 -3.065498974515527220e+00
6.567665026860372457e+00 4.329976845362156546e+00
-2.930894167290577279e+00 -3.670294329566156311e+00
-2.123792992116839251e+00 -1.125391741449198180e-01
-2.967179097251986253e+00 6.417456921795854363e-01
-3.660161119782660677e+00 -1.390998645027119895e+00
-7.227196166917868148e+00 -2.938907832244482599e+00
-1.047358483803608298e+00 -5.578260551686895496e+00
8.533280685228083584e+00 -5.248059249250996317e+00
8.753137119687430356e+00 -4.912292412843839884e+00
4.765807607630662801e+00 3.603803816544882022e+00
5.852792129262286203e+00 -9.159436280997439894e+00
-8.829148211813271363e-01 3.413682603983681840e+00
5.392717892991605311e+00 -9.364889209289946947e+00
-2.787612591347765623e-01 -3.270089334780530432e+00
-1.081519056333712925e-01 7.462210050184590493e+00
-6.730702765971197543e+00 1.311437892804940386e+00
4.285033814345219128e+00 5.651435188009983790e+00
-2.929485441121181033e+00 -2.356806159028855596e+00
-1.799474656729993738e+00 -5.822056076932381252e+00
-2.490086370330634402e+00 -3.617186590562744719e+00
-1.318719997588689186e+00 -4.125318034618822516e+00
-5.065484096535482372e+00 6.695199139213139361e+00
5.856192016770565445e+00 3.421636766189463774e+00
-5.619254053221757417e+00 -9.853767269403952422e-01
1.112545660941699488e+01 -2.971350806428459279e+00
-3.908098999757000369e-01 -6.430043296684265997e+00
2.128118691111117178e-01 -2.888633217687144317e+00
-1.754153497021740726e+00 -2.907500684287794179e+00
-2.865588900613488477e+00 -2.027216861674884463e+00
8.700001097663577099e+00 -4.498403985440343256e+00
-7.755341827731320192e-01 -5.156754412935363518e+00
1.481627302209788333e+00 -2.126882490314681906e+00
-1.190650895842140677e+00 -4.652520181568384317e+00
-5.928845000254313824e+00 7.711421411671124382e-01
4.273293771395518803e+00 -1.050821579732365763e+01
-2.533696909250441998e+00 -1.787236966235526303e+00
-5.130726372137335289e-01 -2.245128038656709624e+00
1.554077287368906823e+00 5.834815007066194603e+00
1.632778296744432645e-01 7.005925015598431393e+00
-2.187387257441009147e-01 8.772992967062533509e+00
-2.102703870773363626e+00 6.557576051965797959e+00
4.539015394275642379e+00 -1.033386640985376026e+01
5.004790466126977755e+00 4.331525333136475808e+00
4.937834265952698587e+00 5.083489630630078970e+00
1.003426677321306926e+01 -4.858053708456973041e+00
-3.289245782278571895e+00 5.176449936712015365e-01
-4.515821363413029310e+00 2.851229355378220642e+00
4.313493530254020492e+00 6.820544964306394675e+00
9.617195758897256752e-01 -6.189943943958171602e+00
6.084459985737334264e+00 -1.096029389010469224e+01
-3.249355033472729914e+00 -2.053939766485757268e-01
-1.678873364412383662e+00 -7.272954776269969779e-01
-1.221498479473624332e+00 -6.224095962589142772e+00
-6.457442130360938615e-01 -6.066909068068627064e+00
-2.443470050650806691e-01 -1.288899722210351539e+00
-8.659576977464031877e-01 7.067264543229930140e+00
-5.413358594082069430e+00 4.560391369415827789e+00
-1.675415436351864074e+00 -2.237541473212169674e+00
6.872062204617248593e-01 -5.456486617355849944e+00
1.299767184594676106e+00 -5.135727209859078712e+00
-2.314272132065496645e+00 -1.810504380992637441e-01
-3.614407509904978610e+00 3.816941995343219318e+00
2.916095442600605825e+00 -9.138949899774772234e+00
6.245109314769003106e+00 4.872267041917246466e+00
5.681244414381154684e+00 4.957208027732400879e+00
-5.395266095431654918e+00 -4.460708874274015301e+00
6.309546142064931251e-01 -4.650555470124860591e+00
-2.713340436697044389e+00 5.525963037302475733e+00
-6.084994676878192621e+00 5.256571275804319043e+00
7.770292391966504564e-02 -3.503845908579378055e+00
-6.919340834634477133e+00 -1.023204807458473642e+00
-4.804727079820684033e+00 4.530729167996042861e+00
1.157505394157038348e+00 -1.708090105331754316e+00
5.678312491551647412e+00 2.547512315441303521e+00
3.270928935151249828e+00 2.408465112433104238e+00
6.314994908177746780e+00 1.467130812401273854e+00
-5.872873493143935697e+00 9.858204621637218779e-01
-1.041764177603386132e+00 9.068298216514605770e+00
1.298407833255274113e+01 -4.511819253468663860e+00
6.243320279144001894e+00 -9.039009358320106102e+00
1.098919008001364617e+01 -5.419223297802155948e+00
-3.088453010718144487e+00 -2.593889703126616153e-01
9.580926270901175101e+00 -5.752704020460829959e+00
5.296715783579931447e+00 -1.142444357871530514e+01
1.751786266772930034e-01 7.300818563035556430e+00
-7.608030930689992033e+00 -1.385893413612111047e+00
-3.715089196653607040e+00 -1.388472737452804751e+00
6.120819740682268417e-01 5.076139427277428062e+00
-5.641435615918201307e+00 4.354355943373453108e+00
5.702727388261050301e+00 5.265824884904887426e+00
-2.489698997857837881e+00 -5.972995645833243827e+00
4.172447914096407473e+00 -1.134862592961611583e+01
-3.453998213679224882e+00 -1.828610821857710178e+00
1.002633975697490598e+01 -3.599812140412811168e+00
1.060410308668526724e+01 -4.308821405115441650e+00
3.154951865568733638e+00 5.541248228307169121e+00
8.599593034277614123e+00 -4.024018345628218363e+00
-5.712274605713890452e+00 -1.671133783842149612e+00
-3.393995580409215229e+00 -4.061597805560232644e+00
-2.751698994608599236e+00 -1.087698041157081130e+00
4.641302558947727697e+00 4.343232464009085803e+00
-2.557264787684367047e+00 -2.185814764865963600e+00
-5.255225036838157671e+00 3.694521848805722986e+00
-2.696230604518279783e+00 2.161596677565540858e+00
9.095387052170169184e+00 -3.388083316118795540e+00
2.702797492960870240e+00 3.602161577490341049e+00
4.715523235320664419e+00 1.764330749508048690e+00
-6.096799645389880951e+00 -1.643231349444967959e+00
-2.989856378942366888e+00 1.596261652357801042e-01
3.453178916787587927e+00 2.095045819639362428e+00
-1.230657794483164480e+00 -6.593343613742020715e+00
-4.612016180365686502e+00 -1.881047449961892992e+00
-3.322703815646734338e+00 -3.487288391615201988e+00
-8.121655424483087415e-02 -4.869109756565114466e+00
-3.840819311013887294e+00 -9.630762007893001186e-02
1.430906928227775543e+00 -2.760193972307832588e+00
1.068949992276855099e+01 -4.250302993116083172e+00
9.404190248606827396e+00 -2.880938467726005481e+00
6.348240772129582155e+00 4.054602155158529619e+00
-2.132622549139332246e+00 9.880436692433230306e+00
9.580504181968588995e+00 -3.679604437639651060e+00
-2.185052694010040319e+00 -4.754293032565440669e+00
-2.340494519781630700e-01 -1.936310796806300916e+00
-2.108160102775915590e+00 -4.637934592902821507e+00
-1.100216709808518445e+01 -3.086310857009052278e+00
1.580098896279118481e-01 -1.842849341614476444e+00
-1.927034913410090144e+00 -2.306851125594412966e-01
-7.728847401234122394e+00 -2.124181476406980185e+00
3.455778042259786353e+00 -9.920279249198985738e+00
-4.942866902431664045e+00 6.096253987532406882e+00
-4.041636624838899072e-01 6.252993909203476086e+00
-1.756828950610731965e+00 -1.517207412571588421e-01
3.679716560003007952e+00 3.286545592902324842e+00
-9.722330120070776793e-01 8.621755311150735679e+00
6.130610786873358364e+00 3.474249059064730805e+00
1.069014466740567215e+01 -2.587167728115558063e+00
3.304121403280335656e+00 -8.539771127800658945e+00
-6.309334906299014278e+00 -1.046405345242248597e+00
-4.870484544058522047e+00 7.461320411110527573e+00
1.871836682855335887e+00 -4.088059040044756287e+00
-3.328141946606231194e+00 5.758551752073125307e+00
-2.435329880852544981e+00 -1.941495998765990993e+00
-2.458504574472408777e+00 7.415905405275016182e-01
-9.738682450955371550e-01 -9.231599609255699557e-01
-1.581374411709685512e+00 -5.556082556418041385e+00
1.476801819548131389e-01 -6.098055696507619139e+00
1.038251577913992918e+01 -4.704142634515766197e+00
-6.846982727551089276e+00 -3.099840620998854046e+00
-3.079233566429838476e+00 -2.476455206423609390e+00
-4.039049003222363154e+00 2.018058520795833477e-01
-7.168215800293507023e+00 1.060959562247125287e+00
6.780594939369156471e+00 2.709057954855664363e+00
-2.546087452001169815e+00 6.413335707989837431e+00
-3.261829883716356182e-01 -5.599253590072222231e+00
-1.772701206221396042e+00 -3.310734834387000780e-01
-3.764941874707044889e+00 -1.394287128223103966e-02
-1.584183201076443837e+00 -4.667715359998772406e+00
-8.314172139281805762e-02 -4.656128499170951507e+00
-3.754377472630330281e+00 -1.138261387690093329e+00
-4.825301629326347097e+00 4.157134765658968334e+00
-4.016815230404436221e+00 7.050725262467641308e+00
-9.220621703161427929e-01 -6.851379900516782584e+00
-1.460311592207313769e+00 -3.700269024432140341e+00
3.966631788260452929e-01 7.489940724440086406e+00
4.326405680274934440e+00 -9.639629718053340568e+00
2.755851184176725255e-01 -3.719067345626627219e+00
-5.510095394550862835e+00 -1.105078905805131795e+00
6.554276959656366586e+00 -8.462582385887474246e+00
-9.980504579153157696e-01 9.901620696249164855e-01
9.833198036120423424e+00 -1.758739604755501507e+00
2.644517719624206897e+00 -5.610362777855899097e+00
6.499767000083259028e+00 3.524469323472784410e+00
-1.599207801949146468e+00 -2.670315599165221432e+00
2.853795789086771784e+00 -1.856175495240172335e+00
1.979123126569033442e-01 -5.611064928083143499e+00
-2.947326124034323591e+00 -2.251950800848615764e+00
-6.923339587144881069e-01 -3.514432557530353662e+00
6.518161949973791280e+00 -1.190828807134317024e+01
-3.617152502679205739e+00 -6.348879229742003361e+00
2.089585572493634302e+00 -5.007335240507613250e+00
5.236103252848542944e-01 -2.505493442787643410e+00
-2.748506222672310706e+00 -1.827447344428372089e+00
1.091426979172291922e+01 -2.739171170329953053e+00
-3.465973021881796345e-02 -5.522775085492936498e+00
1.079788821327613224e+00 -2.300804219245073945e+00
4.177937564757485234e+00 -4.037636893327816168e+00
2.300873831140801684e+00 -4.157347989932545396e+00
-1.559547894002373702e+00 -3.774740671854167839e+00
-2.625003510293767661e+00 -5.978526698833849906e+00
-5.597589800677436500e+00 -2.587235813934809059e+00
-3.093317632923189731e+00 8.176871463174393284e+00
1.035139617693520009e+01 -3.522773886579794400e+00
9.318025045091298253e+00 -3.326540237840947878e+00
-6.888372411435466525e+00 -1.502273024406451940e+00
-2.533685979512453113e+00 -1.338524736112658653e+00
-5.506705153862908375e+00 -1.779297270800766384e+00
5.650530591302505456e+00 -1.061687643611434950e+01
-2.025284806467072762e+00 -2.361643415444069638e-01
-7.083985133375664267e-01 5.451300449986615781e+00
-1.346716750608000002e+00 -1.587335828028165530e+00
2.368853917548721100e-01 7.037368063352993808e+00
4.772067852226390627e+00 -8.796785667779401408e+00
1.400404370283957256e+00 -6.023452026872099907e+00
-6.354688539810479098e-01 5.997882274351267640e+00
-1.389194304258869916e+00 -2.855554071501046121e+00
9.127992998774443478e+00 -4.067941632236371063e+00
-4.971662888538946889e-01 7.843310351649172674e+00
-5.941884271017494612e-03 8.173919316258970724e+00
-3.724148953045316901e+00 4.686694859325713836e+00
-4.062644501441121214e+00 -6.019869128570249917e-01
-2.210621239649718905e+00 1.327548164828545207e+00
-2.342147787931902148e+00 7.938816601702482600e+00
-1.884594023418936892e+00 6.658254409841780408e+00
-1.989261569231169924e+00 6.317048503393666969e+00
-1.068627187664274558e+00 -4.981840839436740609e+00
-3.774260409249083015e+00 -3.640184774316076677e+00
-3.990154850032810785e+00 -6.077930382977565493e+00
-7.779400396830012943e-01 7.014268762842278626e+00
3.918900117628887347e+00 4.918151741408505195e+00
-4.923282721489878000e+00 6.401183133260664349e+00
2.159090676793894659e+00 -3.431207057216254963e+00
4.620949310889877815e+00 5.224805554919012884e+00
-6.058650504183566099e+00 2.290085800023404783e+00
9.352215142889712673e-01 -6.833291635114243867e+00
-4.776770498872691562e+00 -4.047215645039409893e+00
6.322070997117124946e+00 5.039344947400196340e+00
-2.579079269882112779e+00 -2.928253373517167191e+00
-2.518620458470583134e+00 -1.154751067079917259e+00
5.399451695399465123e+00 -9.414604913938600106e+00
-7.729801337677275619e-01 -7.114957357756033218e-01
4.419435993815969077e+00 -1.156609145937110483e+01
6.114965503954330472e+00 3.243081497411517411e+00
1.367275697046859362e+00 -6.037746331657937837e+00
-1.909779281542171248e+00 -3.987795447036395657e+00
-5.726705311256813369e-01 -5.216935807114889023e+00
-8.400091184570191771e+00 -8.846083114942853154e-01
-2.641968929205817496e+00 7.473710691217390512e+00
5.239954232322799221e+00 5.351370112045492178e+00
8.932635868313115068e+00 -5.227658421881450579e+00
-2.499689650741327984e+00 8.192817853548865159e+00
-1.548207402700828572e+00 -3.042930042402697044e+00
9.572937485333090635e+00 -4.139083235167033692e+00
2.778326331664941584e+00 -5.154929064532497662e+00
-2.859831504212780207e+00 3.873002229308486477e+00
-4.673797308060152034e+00 3.238135954538277073e-01
-8.413127569897016045e+00 -1.736735417560437034e+00
1.319133714301330418e-01 -4.051409048390580914e+00
6.316813207982661105e-01 -5.900557234523667205e+00
-2.029239642480796135e+00 -3.038913324878675937e+00
-3.357930906150438766e+00 -6.287630539860447065e-01
8.166972990346652139e+00 -6.811141491092657319e+00
-5.501217775209686245e+00 -1.883872888993171735e+00
-1.270948285081051843e+00 -3.140359064315546345e+00
-1.789749554278535992e+00 -1.990446534522275046e+00
8.554292874990206741e+00 -3.983440157626466416e+00
5.077436288589837865e+00 2.637637884183788639e+00
-1.350787984952319665e+00 -5.578116933148812961e+00
-5.509653547809937990e+00 -5.330094683406484179e+00
-3.767758087750856966e+00 4.578174364997327217e+00
-4.350699868171520102e+00 6.719336475705918410e+00
1.340023813633983707e+00 -1.257915944450856305e+00
-2.513053161182767781e+00 -8.420959646991359904e+00
-7.172133153211526668e+00 4.735097595334170073e-02
-7.110679504732487999e+00 5.963457681342934968e+00
1.117036286125082256e+01 -4.787294616579330864e+00
-1.093649522162812637e+00 -5.485050310698830422e+00
-2.452348603343870170e-01 5.753960638033592367e+00
-3.315723631602389254e+00 4.179480693531646196e+00
-5.826722762929390509e-01 -6.497142396867372938e+00
6.015855018687657818e+00 -1.101698044867451287e+01
-2.249630605868464528e+00 4.798133846951584403e-01
8.375727676841913549e+00 -1.019512312950737432e+01
5.448102373519770225e+00 5.612469360545111030e+00
-3.409761938610458287e+00 2.629075813887630453e+00
1.659779353241370048e+00 -5.220193094891814489e+00
5.301137057651045481e+00 4.932216115007377333e+00
6.639612947296220646e+00 7.085374300393755931e+00
-4.404298914620015992e+00 -7.619038107420645911e-01
-1.536900546454135874e+00 1.130794695086341672e+00
6.903163203807682002e+00 4.079787139885546310e+00
-7.689091913303086612e-01 -8.556441012500433985e+00
-4.932250662423300014e+00 4.111714611954568888e+00
-6.595170074369336000e+00 -9.772947925265014213e-01
-1.837703083881259136e-01 -4.650942071016807233e+00
-1.915987029616770032e+00 -2.777543266070599870e+00
-3.407678015252642911e+00 -1.650994860569399592e+00
-2.999719731287041391e+00 -2.061663776710374041e+00
-1.823099306793489083e+00 3.874020095632020322e-01
1.009937921178100773e+00 -2.550523686721808403e+00
2.475727531266688208e-01 -6.675770071950384299e-01
-8.055014325230768435e+00 -1.111743002950651871e+00
-4.689570535440852339e+00 3.662783566874643348e+00
-3.999465274514746760e+00 -2.501240171342233864e-02
-1.387649328221507439e-01 -5.510114485986369104e+00
1.074312821888629443e+01 -5.304775085471529650e+00
-4.344650434635596525e+00 -3.323430029896198845e-01
-2.598956382202549431e+00 -2.039572233024510517e+00
-1.386679671896111188e+00 -1.299310779966442730e+00
-2.696025699407680332e-01 -7.064955252782400663e+00
-3.947967634701583073e+00 -1.245516591276200735e+00
-6.342404198540330107e+00 5.104830194046680703e+00
3.175770794396727270e-01 -3.639969011294002854e+00
-4.087170420427561623e+00 2.784999393949293411e-01
-4.661136528368339249e+00 5.744996254912443590e+00
-1.442516308155516125e+00 6.791570439880060484e+00
-3.752675734018244391e+00 4.561469756868666181e+00
-4.063763647093904474e+00 -2.544543335510214277e+00
-5.491956942217038673e+00 6.399048714866680143e+00
-9.239313048612279644e+00 -2.654885961993128873e+00
-5.836687227310461523e+00 3.862538358467819677e+00
4.757652113829279550e+00 4.652704099066856003e+00
3.330280904186628810e+00 4.668958343657489962e+00
-7.787936029417061867e-01 -3.379668917839777187e+00
4.362086309917014404e+00 5.379360897491018534e+00
-5.808819192948820209e+00 5.714417151234261194e-01
-2.617391741855076059e+00 -3.293247901349769524e+00
1.046418182080950388e+01 -5.863334365828580808e+00
-4.644479263191642282e+00 -1.035592640669484643e+00
-4.310009864695262038e+00 5.977044629120580765e+00
-4.482162453646003186e+00 4.303765115535765240e+00
9.570288446540412552e-01 -3.061907680540344234e+00
-7.039269470668885198e-02 -5.322728039527321542e+00
-5.433217842688552679e+00 5.712423579770320892e+00
-1.180573137829372010e+00 1.892726401290090177e-02
-1.021525029780555371e+00 4.692604006985656717e+00
9.459883343164428027e+00 -2.586374346756306952e+00
-8.482285237462157124e-01 6.332120699304895517e+00
4.238366181093779161e+00 -9.257376356066547629e+00
2.132229238936770521e+00 -3.092320362691576729e+00
-1.172988387567630131e+00 3.382299215536177517e-01
-1.469844448213492472e+00 -5.319861276134640882e+00
5.257739872206887988e+00 2.773547208869840297e+00
-5.333292053511432762e+00 -1.106596050789005359e+00
-1.480166268325191936e+00 -2.760505913030142366e+00
7.616521460787600617e+00 -3.970482024265082455e+00
-4.715257550160821154e+00 4.227185189705968682e+00
-2.836634127635629277e+00 -1.895528370206982949e+00
-3.630898564141969764e+00 -1.937821101695667458e+00
9.135094896960285205e-01 -4.452477649289788175e+00
1.152890351438313310e+01 -3.747869366528936208e+00
5.904163545446523109e+00 1.606977493417540703e+00
-3.587581055528827889e-01 -6.304368428141844838e+00
-2.857070246033020400e+00 -7.943221083887545220e+00
-2.399203016311960646e+00 7.082524127131794245e+00
-3.075093904931065492e+00 -1.447682865861502632e+00
3.972515836500634112e-01 -6.474148089164732056e+00
-4.628132991367683857e-01 -4.458670212847591685e+00
-2.569693187420392988e+00 -2.994590053856055700e+00
4.028016709691905284e+00 -4.485901359544294031e+00
-5.541842250800268488e+00 6.175160225268209402e+00
-1.764377977428979616e+00 1.268094346697567376e+00
-4.288819913313266952e+00 8.659833434741441849e-01
-4.586541444546583968e+00 3.656036915012343513e+00
-6.206532109297245192e+00 3.446474243259132209e+00
-9.358888715358564259e-01 -6.221877330832684905e+00
1.079568534592895190e+01 -4.628740505928409910e+00
-2.889817538924914775e+00 -4.253807909849893765e-01
6.367810631041660230e+00 -1.204822247360996457e+01
-2.360028143172811177e+00 -1.165491525243647075e+00
2.290905729707466421e+00 -6.769430868023042613e+00
-3.085438575320375243e+00 5.279894670514818422e+00
-9.608119235013889980e-01 -2.509143508854064564e+00
8.095168160002597091e-02 6.147972429055888810e+00
7.527074052018946082e-01 -1.763103075602798331e+00
6.970654568999838041e+00 4.965750495294738442e+00
2.914457522803167944e+00 4.380793505514655628e+00
3.888547384522302863e+00 6.767656355357782871e+00
-3.605089839651697936e+00 -1.915069221922462095e+00
8.506374267623924013e-01 -4.737565569667181009e+00
-2.538785796209890755e+00 8.505637875450743124e+00
-5.499412416818667104e+00 5.330311894872678202e+00
3.561046436550034056e+00 4.907193183729622099e+00
7.406471877285813576e+00 5.190400610997509823e+00
-1.643722860464817526e+00 -5.079740904910601262e-02
3.164812397409526579e-01 -6.435704037991947679e+00
2.685179398621617697e+00 -2.890259944335414666e+00
-4.330645936531437812e+00 -2.054152711016473454e+00
-2.345557251882131045e+00 5.365812800741847077e-01
4.755971914057019134e+00 3.437927933605982922e+00
-5.927272847431372504e+00 -2.332709607811257246e+00
6.323974349569096987e+00 -9.936158281260627945e+00
1.078334505712942315e-01 -5.297654142054167181e+00
-5.472538822274513493e+00 6.315253014425409539e+00
1.015918635228607947e+01 -3.644139970963339081e+00
7.612393723035856041e+00 -1.035305117787373241e+01
4.760079307511421831e+00 -9.075525758940193199e+00
-1.142544659367328075e+00 -4.412831965810478096e-01
-2.672192219114115641e+00 -5.131631222986717811e-01
-3.035518079856455387e+00 4.924733969806599276e+00
-2.907555825902238489e+00 -7.557339084894371339e+00
-1.098228396938087048e+00 -7.100703165055381128e+00
8.868849680109322620e+00 -3.463317951556167174e+00
8.891293591523403705e+00 -3.832736418299142134e+00
-6.671247140517118090e+00 -6.294332299013866150e-01
2.966306501054660316e+00 -2.799926724791316879e+00
-1.792796946652375212e-01 -2.573236984846213105e+00
6.303332590991916895e+00 3.493417142713310497e+00
-3.455650841547410757e+00 4.475577414100482265e-01
1.495662596981520043e+00 -1.270974495509634483e+00
-8.000897315436439339e-01 4.522405407426258961e+00
1.150365914450971871e+01 -6.291927514591645121e+00
-2.680882325107080799e+00 -2.121598100449550550e+00
-2.429742451733066133e+00 -1.533267789701589834e+00
9.410225271911961897e+00 -2.256606147257864237e+00
-2.311656635198350962e+00 -5.798073989492994462e-01
-2.042643149306967665e+00 2.135705874200180432e+00
6.330573946204996361e+00 -8.408896988766823455e+00
-6.053801513030764525e+00 -1.228491173839709738e+00
1.106975911647350053e+01 -3.475583921254695952e+00
8.769540972389471278e+00 -4.733724248105875887e+00
-5.946168826759647974e-01 -3.317188814245596973e+00
-3.827982038897069117e+00 -7.140954651006904408e-01
-1.331113160941682416e+00 2.676490109336304712e-02
7.077194913302950141e+00 2.852165943534674675e+00
8.203384428744412205e+00 -2.767035461288834597e+00
-4.819951970382472695e+00 2.125639988175989981e+00
4.936930560975346438e+00 5.153412930735101760e+00
7.314996008598416921e+00 4.176413932965852283e+00
1.873309248731431786e-01 -3.881237520513443062e+00
-4.028328815645394911e+00 -6.289818430698311147e+00
1.124551187272236685e+00 -6.491698877619636043e+00
5.682809809499710596e+00 -1.056800931685393330e+01
-2.711853919708855365e+00 -9.976590604665979134e-01
7.571903023323748094e+00 4.782755677155418716e+00
6.125307572716234716e+00 -1.074797189092425320e+01
-1.073489255334576953e+00 -2.335804711041123305e+00
-8.789955544582337410e-01 -2.590487643676623541e+00
-2.444662829898396339e+00 7.029182402311739075e+00
8.424907366281479071e+00 3.575015082330804894e+00
-3.040553134112085942e+00 7.284874702804204905e-01
1.141970930458061240e+01 -4.796174918325156078e+00
-1.055132859306662674e+00 -2.554333897279457588e+00
-4.489741867780258744e+00 -2.191787072303184480e+00
1.031352887756409586e+01 -4.463520972436640477e+00
2.961353692167646212e+00 -8.361522373462610958e+00
-5.231923592465340889e+00 6.816883948237396851e+00
-1.103583506222272081e+00 -3.113816505130255763e+00
-2.932111591244034088e+00 8.485136980018809894e+00
-5.855806250622606512e+00 -1.536160216105442400e+00
-1.432618230076701193e+00 -2.493145070479590331e+00
-2.399608964211159545e-01 -5.776793035154746292e+00
-2.238540052214132103e+00 5.506958905532858495e+00
2.834797376218492815e+00 3.061037051190713676e+00
-2.058891619496590053e-01 1.685150776074924917e+00
5.334932279590804960e+00 -9.764696903372936276e+00
3.566398459573553392e+00 4.421653836880193644e+00
-3.517928997988928330e+00 -3.141264137843865267e+00
-6.861282310061158629e-01 -5.514956797309643832e+00
-3.007838379030114417e-01 -6.908732389671388141e+00
-3.107267290092126988e+00 1.209195405097364118e-01
-1.093619910181876209e+00 6.378293014463103372e-01
-2.349044162863395790e+00 5.376190160496197024e-02
-3.129823055034815837e+00 -3.388387069888850966e+00
-7.918639093827772868e-01 -2.909107583354521243e+00
-6.288671521517144924e+00 -2.581394217705165417e+00
8.607503456082744364e+00 -3.027266533183704755e+00
-3.675620604523328616e+00 6.767216478151678594e+00
-3.397343633029755061e+00 -3.188186009531126075e+00
4.067197929997172778e+00 3.212691175420831158e+00
-4.978955432158574723e+00 -1.510829052831944797e+00
-1.736506408494085107e-01 6.221090208395989585e-01
-8.128581741176955644e-01 -5.957973654227138205e+00
6.271294309570398795e+00 -1.168060046106322503e+01
9.051337270892998887e+00 -2.064559981805441424e+00
-3.569163735482066002e+00 3.532791801912515961e-01
3.239797983537040516e+00 -1.061912401869803091e+01
2.998254226414974966e+00 -2.995424263074997207e+00
8.492958344542946847e+00 -5.361415112649713599e+00
-6.995682094995117950e+00 3.585917876221984990e+00
-6.104847886669454438e-01 -4.815761041217597516e+00
-3.020975360807396370e+00 6.021867404772897281e+00
-5.218792855336682024e+00 -3.594174562398344541e-02
-1.881299916464153732e+00 -6.048486572386099880e+00
-3.899012164528828261e+00 -2.877192100188836310e+00
-2.939479870714681198e+00 1.099539740236526120e+00
-2.772759321790850606e+00 -1.259728802577774420e+00
4.111023082918574545e+00 -8.138953035006966985e+00
5.058257674640432633e+00 5.992959266680182751e+00
-1.098323319582057866e+00 -6.927983610526478042e-01
5.779616859035444421e+00 4.888006505867636520e+00
5.089480760126095404e+00 -8.002084677987792105e+00
-7.924070708806429053e+00 -2.151322873593408680e-01
-4.376031612262960557e+00 -8.950949942911345936e-02
-2.233662442233529166e+00 -2.399288618816049379e+00
-8.030761973612730031e-01 -3.803148353122790315e+00
-1.610068941207068338e+00 -3.574686434839910554e+00
-8.164459088686486510e+00 -3.516056372690085752e+00
-3.005920068472023310e-02 6.048092977492469657e+00
8.018359768349904826e+00 -1.001729552828493475e+01
-2.668644844061966559e+00 -6.628454186588063735e+00
-5.867610728300443057e+00 4.606817968072675740e+00
7.542527144754425095e+00 -1.225075694364064205e+01
9.490516470690883111e+00 -2.903676710286601459e+00
5.711395637225639810e+00 -1.090345230844094182e+01
9.173596040446245325e+00 -2.516251729866944231e+00
-7.543856913225360117e+00 -1.177439966994964227e-01
-4.380003807109530634e+00 -8.596490621979644420e-01
-1.332913307910563949e+00 -2.864710547417240738e-01
1.623830698749564316e+00 -4.993680250594202619e+00
-3.968154434324982383e+00 5.884345354466149480e-01
6.208186699628426286e-01 5.025826677367009054e+00
3.498149921577760058e-01 -3.746265249347791482e+00
7.792104081309627617e+00 3.663339022279763491e+00
5.688886651421222851e+00 4.047305979340229065e+00
3.023734286604127686e+00 -1.012507478696595697e+01
-5.250686971462046770e+00 -5.014054187759922065e-01
-1.788262213302459713e+00 8.182216842241786026e+00
-1.056994428280364717e+00 -5.980067002029239021e+00
-1.940749004722877480e+00 -2.203831227709016183e+00
5.718698283793979265e+00 -7.446398889151661926e+00
-1.300516260050738726e+00 -4.608766647307158681e-01
1.037499951108127938e+01 -2.889901581200441161e+00
-5.103633277640950539e+00 -2.625070429733819211e+00
-3.686438224538320707e+00 7.153618816698168459e+00
8.688451068752804929e+00 -4.831984498645500281e+00
-1.503324731406157078e+00 -1.287573428177087864e+00
-3.185024814550828420e+00 3.733580580180063002e+00
-1.430195076649167119e+00 4.321911111750095458e+00
-6.705131126669421349e+00 -4.763980139988174267e-01
4.302727093102595823e+00 -8.283955035486012974e+00
-7.748228704194506378e+00 -3.614380648076728431e+00
-3.612925934895424795e+00 -4.667192939685715913e-01
-2.280388765737062950e+00 -4.076663550989481521e+00
-1.112388466463212877e+00 8.241184173878902897e+00
-1.640258824110663927e+00 6.122064630532570995e-01
-1.554034019541002731e+00 7.433364450774339716e+00
1.946282035063607863e-01 -5.562877782801731286e+00
-2.094954746301613380e+00 5.723508509315912818e+00
-2.429804023125238910e+00 6.599810651523635663e+00
-8.726574739932846381e-01 1.196917321787529298e+00
7.543062025744384336e+00 4.023267343974564980e+00
-1.513351846284265445e+00 -6.587839043680012274e+00
-2.751924416712613120e+00 -1.680479836679053651e+00
-4.581715933205448898e+00 5.351507284136837406e+00
-7.306873945524611003e+00 -2.044805359620421203e+00
-2.323417877597557801e+00 2.617107425812058574e-01
8.982165673812847473e+00 -6.305818691476609672e+00
-3.831164091905897351e+00 -2.382432096355666662e-01
5.451844112143121812e+00 -9.134734597685934432e+00
8.034881814000501166e+00 4.448724617298629447e+00
7.701771744468869585e+00 -2.591053387039311762e+00
-2.831201421685217934e+00 -9.823729333413548925e-01
-3.739436447898608407e+00 -1.865089388152027849e+00
2.443768116396227263e+00 -5.281559010993598591e+00
-5.171282650901902755e+00 6.870542031337754096e+00
-6.223086303301354150e+00 -1.964841465660772002e+00
-2.343825986204137735e+00 -4.844781886207446320e+00
-4.600748740815967519e-01 -4.631945722152480682e-01
-6.832311522483272004e-01 1.762159377938260274e+00
5.713733779531517953e+00 -1.397638779509615148e+01
-3.321170144019701453e+00 4.341370794399661115e+00
5.199834151511672609e+00 -9.116570116372784582e+00
6.229617927091652518e+00 4.322502351896045703e+00
-2.631229491413943578e+00 -2.139438513089455540e+00
1.009177027312722608e+01 -2.026537331394907326e+00
-8.340230653483910572e+00 -5.625446875152364523e-01
-5.673301616950629622e+00 4.344340247375748199e+00
-8.232981271099067300e+00 1.430493454974322010e-01
1.119053515931987697e+01 -4.220186429540943251e+00
-1.222912367276776990e+00 -1.579708134398261521e+00
9.631537688044820911e+00 -5.365619850338783081e+00
1.135851509667755543e+01 -3.755244993304590828e+00
-3.356286988351294909e+00 3.426033793881918754e+00
8.539369046566408272e+00 -3.014370285811447836e+00
-1.996898797267934622e+00 6.750461469801013692e+00
5.183366361590093341e+00 4.558546415478669900e+00
4.356712581071938928e+00 -8.498856823447193065e+00
1.014615878133670357e+01 -3.632898060707109078e+00
-2.143880162096570174e+00 7.222197900660970227e+00
2.172747893959376064e+00 -4.163284255141545209e+00
-4.918768881651250702e+00 1.822728670904753212e+00
7.654607643901695901e+00 -4.291525569030147480e+00
-3.139429084180785701e+00 4.797241656573080881e+00
-1.154846306932037159e+00 -4.188157640303837859e+00
-6.878779267262169483e+00 -2.252166049042845231e+00
7.943235518098601400e-01 -5.886550000931843662e+00
-3.202565205165612827e+00 2.190798018698627558e-01
-6.716149062730090158e+00 -2.048817701903101973e+00
2.080897930083200009e+00 -4.424494514396893230e+00
6.542337754136258177e+00 4.440591761783327485e+00
4.774972842311980159e+00 4.115111750662672208e+00
-7.620257996884240992e-01 -1.419355626807481841e+00
6.182320352379324646e+00 -9.550911879148921813e+00
1.096647667964757389e+01 -4.839245531827883084e+00
-7.973485117374413678e-01 5.944604727052322346e+00
7.256594502096382904e+00 -7.289874135610100225e+00
-4.319001475664821399e+00 2.797021134534059428e+00
-2.666439663718249697e-01 -5.696173375482882939e+00
-4.707270090433686605e+00 -9.157072500606789900e-01
-3.510629310568454287e+00 3.231712011033711640e+00
-7.634107420266933453e+00 -1.883568366831751772e+00
5.694414142490512809e+00 -6.455763189855760587e+00
5.506168405255575493e+00 -1.028231946335721858e+01
1.022543211442260969e+01 -4.825027205671672981e+00
-7.860122645915098571e-01 -5.653977231195340458e+00
-7.895985234268957376e-01 -4.974957305333796320e+00
-2.231320621928370773e+00 -5.667917460930546270e+00
-1.163583650949462589e+00 -3.764330085057220332e-01
-2.365740555721018712e+00 1.703986613931102179e-01
-3.883238874182080025e+00 -7.665058412721771353e-01
3.294122437831994432e+00 -5.817662664181259657e+00
-2.413705031761618436e+00 -5.206415362911763545e+00
-5.573860936251186615e+00 5.523462865404809463e+00
-4.737447594531969841e+00 -1.387449889942015346e+00
-2.772327200367163069e+00 -4.138183420165201021e+00
-5.280390297418999346e+00 1.549892792872478164e+00
-5.260265150824841029e-01 -4.281880071299932311e+00
5.361442682967672013e+00 -1.062547973245943567e+01
8.670698914095954279e+00 -4.687498162996087459e+00
-8.267998525558555301e+00 -1.575507823984712896e+00
-2.500057853950480524e+00 -4.436534406410212128e+00
-1.121757394878316605e+00 -1.639384556782266689e+00
7.129075127653631938e+00 4.754668411341654632e+00
8.212225227271780170e+00 5.302207940116393736e+00
3.290559679669904813e+00 -4.132520150915740764e+00
-2.497558517863380789e+00 -2.861559031521919039e+00
-3.523007191008524330e+00 5.741411293419993456e+00
7.039110837157084966e+00 -4.490239395445528636e+00
8.814034248638177305e-01 -4.295582182064715759e+00
-5.188427200415418383e+00 6.814392660190908835e+00
-6.230795329545214756e+00 -1.559255597433121920e+00
-5.449620151230986309e+00 -2.538396506525285812e+00
-7.655355431571744251e-01 -2.262727599457939220e+00
5.143032274665401360e+00 3.613707706926719165e+00
5.784131938305058895e+00 -1.024976321616213149e+01
-9.313714729543054460e+00 -1.963025742676144381e+00
-3.980350153663068102e+00 5.390029017351848140e+00
-5.081920047253704276e+00 -1.213425089677991009e+00
-4.069900488682884010e+00 4.809868767372159404e+00
-7.269145902013938176e+00 -3.488403316977517932e+00
4.772652082299563503e+00 -9.881642944246253890e+00
4.930119341506878250e+00 4.169250901100923556e+00
8.236979562662535059e+00 -3.438243263331624444e+00
3.920487388964098319e+00 5.735820223245141847e+00
-3.298986890832290797e+00 5.381956552966565610e+00
-5.256478041145209446e+00 -9.448069887386982835e-01
-2.571273267107256455e+00 -7.090072933023472856e+00
3.957014781908287482e+00 -6.133026349582678449e+00
5.655002968487636394e+00 6.157926276837963897e+00
-6.181107674297987131e+00 -3.643804920796903657e-01
4.892243985511451676e+00 5.424003721189581739e+00
1.941363179662019434e+00 -2.408932455715774079e+00
3.557294457286547917e+00 2.620588022268231398e+00
-2.483847406575123262e+00 4.554291161000242560e+00
-6.891953714147163623e+00 -1.693465162650902078e+00
9.439000279466538856e+00 -4.952246660639037401e+00
2.728679356314118731e-01 9.084031703346681752e+00
8.848341192326715898e+00 -3.069691209552086075e+00
7.031335608464213571e+00 2.769732020096689951e+00
-1.956425819919356268e-01 8.029784034791196845e+00
8.766025573343467769e+00 -9.752961251970647893e+00
5.250820709552676213e+00 -1.198027587790235238e+01
-7.064115137579427994e+00 -2.916770450499413414e+00
4.612669644937104074e+00 -9.950009482829219820e+00
1.304831436271435496e+00 -3.734483924915631636e+00
-1.778857572527672515e+00 -5.430896805823062223e+00
6.527882564258544740e+00 4.602290080043541565e+00
1.151635968357808970e+01 -5.052442713986574852e+00
-5.583096775218070462e+00 2.719289779693327525e+00
-6.890742586501181322e+00 -3.154653835366365122e+00
-5.869478391357956237e-01 -1.569437163767159582e+00
-4.480928880690341565e+00 4.569791970477805165e+00
1.074374230913485562e+01 -3.629217180286238520e+00
3.890349857274773004e-01 6.300294394154298594e+00
7.591256599148159090e+00 -1.071083725607699932e+01
-2.629723542117156754e+00 1.002040382306967903e-01
-2.503177999237753415e+00 -5.300018902784098263e-01
4.584586240752564379e+00 -1.142304546592021985e+01
-2.952120341760131161e+00 -9.075915127406252170e-01
-2.570196823265419983e+00 -1.660346020656056965e+00
-6.000459030816046591e-01 -5.549703701827929159e+00
6.056983277629070628e+00 3.002342333393087870e+00
-2.449251488361770868e+00 -5.060093863494572464e-01
-2.964918164317542626e+00 -5.958731031822606994e+00
6.114803767741269880e+00 -9.921943634609680984e+00
6.438292831255253645e+00 6.643468334834484068e+00
-2.499469016495312168e+00 6.452045273549267712e+00
3.388054526600311478e-01 -2.854024147943505341e+00
5.632109317363927836e+00 5.124007366714765865e+00
6.528449529424161568e+00 4.572987875941078251e+00
5.137014612121374668e+00 3.341113427938099623e+00
-6.296190982097225941e+00 -2.433519320503290118e+00
-2.241595975127185447e+00 -8.098315242380753176e+00
6.127769299283904125e+00 5.179579588335850637e+00
5.262481714583007175e+00 -1.349434980224656755e+01
1.041881460225279099e+01 -3.897358513396405044e+00
-6.781632146809147832e-01 -4.449760984568820632e+00
-2.095108000787105684e+00 4.861585937968847304e+00
-5.516026414582919646e-01 -4.842244124215194567e+00
6.302228908007248442e+00 5.370258364897265047e+00
-4.668570543873258316e-01 -2.323944139793056252e+00
-1.545330137132695958e+00 -2.139596501895732583e+00
-3.979194948917061936e+00 5.570700215356854557e+00
4.234656759996612507e+00 6.804860835245563067e+00
5.716243809164963885e+00 -7.937065356590950138e+00
-8.117254665420190474e-01 -5.438633892782543944e-01
-4.137218324048731688e+00 -1.811602212076591556e+00
-4.973488156871017196e+00 -2.172678531589840034e-01
-4.147750881493994513e-02 -7.112129542947494443e+00
9.622224311520646722e+00 -5.700272431840538445e+00
5.552966496654136108e+00 1.758440939502849965e+00
5.435550277537728903e+00 7.893836776705605018e+00
-5.043898733308727067e-01 4.429424544201559399e+00
9.077859526054776751e+00 -4.661267740601352294e+00
-4.418317273359466668e+00 5.269148712334319917e+00
7.356139082294335552e+00 -4.642362399546584584e+00
7.227736717782575759e-01 -7.773572437878983443e+00
2.223868757440476074e+00 -5.007418780724970375e+00
-6.944469507092535743e+00 5.076610130206262728e-01
8.605507604146489520e-01 7.885879686220034657e+00
-3.314070955618285019e+00 -7.240951463080650186e+00
4.270364746255241872e-01 -4.297433389163433759e+00
-2.453713695192005773e+00 8.386735975978520941e-02
-6.537248537396715964e-01 -1.735963574161083489e+00
6.627691909171998574e+00 2.928127595622795010e+00
3.019022815317534469e+00 -9.536624736544043301e+00
-3.075057431194445634e+00 -2.992765311821607099e+00
-3.135138440026790985e+00 -1.693123856105422709e+00
-4.257409589906082203e+00 6.547025364785604928e+00
-1.870652208455248822e+00 -4.906330612804393532e+00
8.699899839418762326e+00 -3.349573568668746226e+00
1.056271067508730610e+01 -5.085404320653226229e+00
-3.628185215215414594e+00 -3.491168526850623621e+00
-7.578125414368516388e+00 -1.164911651533401704e+00
-2.656035527592257139e+00 1.233352905413351852e-01
-6.768868618151938854e+00 -1.920682856270804928e+00
3.613204921786752344e-01 -3.119600067533578436e+00
-2.430524590663611928e+00 -1.187415761914279333e+00
3.383088362474909960e+00 -1.106824104298201128e+01
-3.125822483875601243e+00 3.035517836459145968e+00
-5.565746197249336058e-01 6.685604626940738093e+00
-6.857118221484766352e+00 -5.223964740000868190e-01
-1.479912703263199347e+00 -1.660386376099916239e+00
9.588312171871450573e+00 -3.893417078916271645e+00
1.329180349831083685e+00 -6.261551367324141637e+00
-2.576265446990879227e+00 -2.659105668459041283e+00
3.148497539164947678e+00 -8.951585407207016232e+00
-4.871881171950028566e+00 3.895831798518017752e+00
-2.301325921282153519e+00 -2.019955706196474132e+00
4.069605583303464336e+00 6.374735526843416267e+00
1.441979101310104650e+00 -5.066500791197406706e+00
-4.070357035042817984e+00 2.701515235193530540e+00
-1.135447300006775961e+00 7.612755044128247661e+00
-1.947696097331086396e+00 -5.377715597581476104e+00
1.217506883508237436e+00 -2.667016185543373830e+00
8.789753086220576606e+00 -4.208504504605190988e+00
-2.683266140232579477e+00 2.800801584154508195e+00
-5.730852836652696070e+00 6.618871930500809242e+00
-5.455124961105545900e+00 -7.440762129596975027e-01
-3.117774690980730234e+00 -7.027887758906243398e+00
-7.816499469155797630e-01 8.984946006935206952e+00
-2.647430912308546880e+00 4.004732846319742023e+00
7.469691927175560409e+00 -9.565306517687496068e+00
-3.557037675847017688e+00 2.066170291255951863e+00
-1.263010095080272510e-01 -4.182197642007530192e+00
1.634754784994525423e+00 -4.235162561614729704e+00
-2.238920333364400772e+00 -1.365994203983049937e+00
-7.067965958428423789e-01 4.222389364123021238e+00
4.760375973078264877e+00 -1.052113690963699533e+01
-2.815334098229022253e+00 -4.504895980790314169e+00
-5.508360400372417587e+00 3.819181407750594115e+00
-3.302638559233281423e+00 9.963311971035198056e-01
-9.634610490478738853e-01 5.462241184535177041e-02
-4.810641079346462234e+00 -1.071146340120771923e+00
-6.346906928862696695e+00 -2.561758899509281484e+00
6.907125415232449939e+00 3.833265172671913135e+00
9.795014399116144688e+00 -3.158901730953873166e+00
6.289251702348283679e+00 -8.147875102040567086e+00
6.670000923653605973e+00 2.791952582098661928e+00
7.424514914123800935e-01 -5.042642661606956622e+00
-6.233337090307739636e+00 5.228355476874393393e-01
-4.617183435937040059e+00 -7.439476527677217899e-01
-1.506235995107939596e+00 -1.312056310090478295e+00
-2.079988838773214166e+00 5.495251620273476689e+00
-2.327217694538113779e+00 1.274518425334885130e-01
-7.897753126630330023e+00 -2.851732150562431123e+00
6.333538284588807521e+00 2.703406901180958943e+00
-4.667572960856278819e+00 2.116154812443143296e+00
6.183214927753279966e-01 7.347586931002604516e+00
-9.370227529434146385e-01 6.573648934256612009e+00
-5.184728816530020268e+00 4.190977537413444587e+00
-1.969951063031360583e+00 -4.574746708877019508e+00
6.545794954973811031e+00 -1.020808260790328426e+01
9.918588322442372096e-01 6.709350317882108783e+00
5.903567252904759144e+00 -8.462320990215117078e+00
7.291712048102967358e+00 -9.426523049118769038e+00
4.712605873341321860e+00 4.393616562798767333e+00
-5.209649882692104050e+00 -8.180842104375444235e-01
-1.592013033028169655e+00 -5.414430672326533411e-01
-5.039452599251327491e+00 5.013068294228330224e+00
-1.540561835232785004e+00 -5.172247373488604083e+00
-7.524666738182049563e+00 -1.836676933001391010e+00
8.495666005786587149e+00 4.782503679703975052e+00
4.616621158528070090e+00 3.561983467317540342e+00
-3.911928086750381617e+00 4.339458692898242376e+00
-4.014495970585723050e+00 2.353592792939967815e+00
9.530894361082946631e+00 -4.410345982510166962e+00
5.106400253101681663e-01 5.006322612087461543e-01
-3.746813964925364004e+00 7.555495538812399658e+00
-6.143236691115752990e+00 -2.192751381465417815e+00
6.476292929889261529e+00 3.714743632741592361e+00
-2.922969267614887734e+00 -3.010998988449110847e+00
1.144609292527997013e+01 -4.236161176285027530e+00
9.160499506344406129e+00 -4.258124097717482570e+00
-6.067127609521647535e-01 -6.372652627736003161e+00
3.470244213261796107e-01 -3.929802760399573103e+00
-4.430296274577655069e+00 -3.809230061841968329e+00
-6.270336417399062778e-01 7.894966443687365221e+00
-2.160375518656092009e+00 -8.042652552199111682e+00
-7.711350350451715130e+00 1.040320638817218146e-01
-9.710434520353090626e-01 -5.155437888313921135e+00
-1.189747018885137786e+00 7.477057776152244095e+00
-1.118441598641051193e+00 -3.739573267919865884e+00
-1.995427396479807935e+00 4.979236340495793556e+00
-3.864924954277300984e+00 -2.228420357398875229e+00
-7.897822624585940865e+00 4.193583697571774405e-01
3.729534886233272672e+00 5.038833924433745004e+00
6.710310664456100582e+00 4.250351738296371806e+00
4.399253061227117456e-01 -4.616748437104097214e+00
7.268582267186072698e+00 -1.004833338047918900e+01
-4.742918408929120311e+00 4.095468365097143959e+00
7.829699268549845215e+00 -9.119531714576650572e+00
-8.103975466531730731e+00 -1.804219515149374509e+00
7.571818898950185783e+00 -9.978867394537203950e+00
1.806581789941636762e+00 -4.294564411547031391e+00
-2.331680220914330803e+00 6.593297661297147449e+00
6.403643230792363639e+00 5.710276018573769541e+00
-1.183287821263832917e+00 -4.258795211010593995e+00
4.329240388435910969e-01 -9.380366123799541711e-01
-4.409332216371850688e-01 -3.856368283095419347e+00
-6.417805755599747641e+00 -2.323779737880971474e+00
6.615367756514548780e+00 3.878616742298857556e+00
-2.288602428414826750e+00 7.391157790725028320e+00
6.623518072481076047e+00 -1.196548746540080543e+01
-1.489009097032567563e-02 -3.486951272803022306e+00
-2.687184235104702168e+00 2.986239215488989407e-01
7.882887529108485225e+00 3.379357229729809120e+00
1.546011724185382130e-01 -3.570640150493219700e+00
5.166217555112300186e-01 6.283903457444069751e+00
-1.685269824937344341e+00 -7.044848650785571209e+00
-6.878251453695684248e+00 4.853569808578677147e+00
-2.146364477746546484e+00 -6.885959638070989763e-01
-2.885312932162272581e+00 -1.400995439150394040e+00
4.247895686755076561e-01 -5.921758996580756218e+00
-2.116450569673966164e+00 7.702143495125524097e+00
-3.528770025712403502e+00 4.784032208887537330e+00
8.196597827181182794e+00 3.820199809546484637e+00
-1.698497379060064816e+00 -1.955518458717961483e+00
-6.054662201400708099e+00 4.311549139111426676e+00
-5.953118811075771788e+00 -4.327260478818344414e-01
-7.846441079203514413e-02 -4.328840275847966268e+00
-2.096232754106631901e+00 -7.157898061946641910e+00
-3.839058848069167418e+00 6.817401573488728772e+00
-3.208448077801194120e+00 1.710315953103735964e-02
-2.657304061542742346e+00 7.973148270563057416e-01
5.200804115214468837e+00 4.017836278198679167e+00
-1.141218515459636595e-01 -2.815859656767270458e+00
6.253420026814133781e-01 5.436888919037302870e+00
5.917340925411319397e+00 5.889787735358192222e+00
-2.390729302555268276e+00 -6.918513394803839311e+00
-4.816607975808349984e+00 -7.354320609112885432e-01
-5.727943628199663628e+00 -1.692837074128069386e+00
3.139907356427665608e+00 5.653948669145200334e+00
6.485788030178683883e+00 4.271383072594717945e+00
-5.868314358964687116e+00 2.490366197064739495e-01
-3.440263609107206300e+00 -5.785077132682059364e+00
-3.501482266433544321e+00 5.498466398692018586e+00
1.302942144130511792e+00 -2.311354669284508390e+00
5.407203595619585634e+00 2.722440212186540531e+00
-1.075101272747430725e+00 -1.464465468773577417e+00
-2.011731591860399515e+00 -5.411672706856843540e+00
-1.613965585377799439e+00 5.969916386442088552e+00
-2.210853027283377958e+00 8.384288556791833713e+00
-1.035246342522901708e+00 -6.415208450021000708e+00
8.225485113181825625e+00 -2.987747673618873723e+00
-9.421332766004676174e+00 -2.933755791537230984e+00
7.511635916295524851e+00 -8.107979682987748404e+00
-6.919180733841882258e+00 4.994758262110336133e+00
-6.292638207063319111e-01 -1.228530849439198658e+00
-1.899485661648817825e+00 1.302755762638160730e+00
-2.373223365697707976e+00 -6.808772697020926135e-01
1.128351544763427938e+01 -4.896930079937859226e+00
-4.594634535794264174e+00 5.047991313255573154e+00
4.983538088076945094e+00 2.820368386520983872e+00
-2.682251003607253992e+00 -1.936539155670617740e+00
-7.191272595436615234e-02 5.678892914426560523e+00
-1.750492222317883817e+00 -6.758436779442418274e-01
-4.741281533334461784e+00 5.767128429516917620e+00
-6.715692359488717678e+00 9.452904381207916096e-02
-2.404688354011954576e+00 5.132556620043827067e+00
9.742504111196847560e+00 -4.406711129990322107e+00
-8.298649144491253793e+00 -6.116022335418646039e-01
-2.227189444544550589e+00 -3.281106985105874951e-01
-2.283126172233767459e+00 6.135888233371280975e+00
9.345138813887386320e+00 -5.022891832415585789e+00
6.024889189787715260e+00 4.601666048740685078e+00
9.282160745020711090e+00 -2.711173689345996340e+00
-4.621204692906407452e+00 2.786972940775540586e+00
9.108050334819747462e+00 -3.013849031396001354e+00
6.148491822183820510e+00 -1.171761651298596973e+01
5.642240438893541210e+00 4.132688046225241330e+00
-6.010853975678657868e+00 4.816038469784806431e+00
1.019323855036041593e+01 -5.927702052651369513e+00
-3.499801977265349695e+00 2.710530403735466054e-01
-6.846605683437591239e+00 -2.221860576986763203e+00
-6.576668900413399577e+00 -1.982148419389782923e+00
1.913262384714005560e+00 -4.528529453219857892e+00
6.016432955383031356e+00 4.361153889397632710e+00
-8.832801483927130715e-01 -4.492244220773251584e+00
-4.721459986464028979e+00 -1.508927361863846350e+00
4.197282350689516939e+00 -8.443391376182916019e+00
1.034546791145875666e+01 -3.511336616927057896e+00
-3.785892077904462472e-01 -6.657219292553385515e+00
-3.324139881528959783e+00 8.440125204538871273e+00
1.109363891755898557e+00 6.965381077703102441e+00
-3.218453668528841405e+00 -7.886961403509200608e-01
4.779779753939578768e+00 -8.586358393008909573e+00
-6.549273481733259850e-01 -5.451930398152070367e+00
-7.572264576597636854e+00 -2.401536764818998915e+00
-1.174168984641982272e+00 -2.182291320614221597e+00
7.401401843523930602e+00 -1.020156324902111500e+01
5.947386314140814534e-01 7.263735883294733853e+00
-6.905530742093177743e+00 -2.505723660692395605e+00
1.095472102600419362e+01 -4.537652958250929736e+00
-4.277529535291719753e+00 4.299261218960447550e+00
-2.767267364616146086e+00 7.980238705920235986e+00
-2.754707169191008553e+00 -1.771384628958605267e+00
6.968630714725431829e+00 -8.365791632351642804e+00
-3.132804091607741537e+00 -9.003278562113185002e-01
1.613944459395866282e+00 -7.997583225105156401e+00
-4.960720427327236060e+00 3.941297373301346330e+00
4.395278248077841177e+00 -7.951449486029673608e+00
-6.339700205674982492e+00 -7.070431518609366917e-01
5.915272430941556081e-01 -5.889947943187406665e+00
-3.386161359565065698e+00 -4.862985332690457074e-01
-5.803663907070959471e-01 -2.902161725413090920e+00
6.996068981898723393e+00 -8.476468196506429464e+00
-8.534523879757749398e+00 7.085029198088825808e-01
-3.377681763831628103e+00 7.178309316144987129e+00
-6.617720864030359529e+00 -2.109380179987586867e+00
-1.957561405290662249e+00 -2.698457253229232577e+00
-2.189746439731329986e+00 8.330478294677726936e+00
-2.902821635771227538e+00 3.753405174104813113e+00
-9.022482863389278407e+00 -2.796165543696605305e+00
6.841961055014243342e+00 -9.161601827367187312e+00
9.398353056769490621e+00 -1.451909481930911738e+00
9.074349151048972217e+00 -2.674464883559186212e+00
3.537948723939245976e-01 3.939648401771292274e+00
6.290219679255617535e+00 -7.792555965502019788e+00
4.320671001461433569e+00 -1.028213539375962071e+01
-4.388764543798080453e+00 1.027827141437129832e-01
5.998825109909165398e+00 -8.696850928867050357e+00
-6.068863832626782084e+00 -1.757887911223535049e+00
6.423289832787359543e+00 4.680546916131577362e+00
1.553357732727716378e+00 -2.750011172788074276e+00
9.381972566953779236e+00 -5.111697161675786916e+00
5.366931847411348322e+00 4.579134785996978430e+00
-6.858851180892034272e+00 -1.925201435328478983e+00
-2.256664029699686047e+00 1.027035511575564719e+01
-2.521592607988893509e+00 -9.656049485231628093e-01
-3.378435805704657291e+00 5.992674529794734362e+00
-3.092151157188372412e+00 -1.385021183830320801e+00
4.348680156556894438e-01 -1.380347821345203063e-01
-1.652421055830011642e+00 6.994266400998528255e+00
6.730564648493798430e+00 -9.350906938946007330e+00
-4.112515002411916143e+00 -6.298168811628852559e-01
-3.041286712526585667e+00 3.147751372615344323e+00
-2.907929781439949402e+00 -1.661867331676966542e+00
-2.559250897972046079e+00 1.479332493596544618e-01
8.910502832368210058e-01 -6.535461948343264993e+00
-1.447811647038783844e+00 7.560999582825161269e+00
2.426356439306408319e+00 -3.353987575214820271e+00
-7.837299062476179579e+00 4.951968173655879824e+00
-9.937296328177461779e-01 7.005870649658544558e+00
-2.478568322369097299e+00 -1.720137251452402039e+00
-2.042677850120303784e+00 4.803800691147765534e+00
4.308625529203133908e+00 4.293772586470244512e+00
8.327994348314446071e+00 -3.184333418393819670e+00
7.318088521463952389e-01 -4.189444033109459120e+00
9.507793215690579558e+00 -1.769753863421748008e+00
-7.223058012337949529e-01 6.453681310081298861e+00
1.066199225810481543e+00 -2.836286622814300884e+00
-8.346065469007726279e-01 -6.894178930246003034e+00
1.627504763052702197e+00 -4.494906682985526203e+00
-7.630425342134604882e+00 -4.244693053068960609e+00
-1.882090291187398901e+00 -7.376763367523127002e+00
6.487731272318058018e-01 4.401383370501327441e+00
5.217995566136204300e-01 -2.203589510611223989e+00
-8.393420428538256317e-02 -6.583472577350340416e+00
-2.726578342842699065e+00 4.980491088307239522e+00
-2.075999051097646486e+00 -4.804867830169740728e+00
-1.977774319546077741e+00 -9.027535620814686190e-01
8.333684947373162899e+00 -4.886538732416072506e+00
4.516999994400105578e+00 -1.047443887985224009e+01
-4.091653911855125614e+00 -7.330537883330917381e+00
5.182127132972931705e+00 3.562888581798944632e+00
1.037002136105545880e+01 -3.658462892725874216e+00
-7.396302470563551612e-01 -8.740152168293833235e-01
-3.065143388243987577e+00 9.443285314952891696e-01
3.864746442443320440e+00 -1.001930178585697995e+01
-2.121621473433460636e+00 -2.030305228009359642e+00
-3.257428126762068388e+00 -1.864136569014332334e+00
-3.057709639353696218e-01 1.221487564346444454e+00
6.752954922090446566e+00 4.683698699302353496e+00
-1.784096571093553685e+00 5.808796884693918194e+00
-2.076915605930194531e+00 6.594636640549558670e+00
8.225993501321138268e+00 -3.883518971435351741e+00
-2.378507229089919406e+00 -7.673523783397709686e+00
-1.170732114900665310e+00 -2.823535896949539659e+00
6.298193579943449194e+00 -7.828377368401213232e+00
-1.483153460676091218e+00 -8.362469725980419266e-01
-5.513604899400140091e+00 6.550640388062737074e+00
-3.848571921772451887e+00 -5.932683980997145445e-01
-4.326975762577879969e+00 4.684351961981773727e+00
-1.248639882463359108e+00 -8.415042048599904456e-01
5.370634603008106467e-02 7.278572513240706421e+00
4.490305880708436170e+00 4.500522139343583916e+00
-6.246468243611239535e-01 4.695511995648178782e+00
1.089851908708433292e+01 -3.726041990489578737e+00
-3.661279237784186069e+00 -1.823407375668936847e+00
-2.049829119117108078e+00 8.317215142217680324e+00
1.010812405894559562e+00 -4.680726809843541503e+00
6.920439829383838060e+00 -1.122750853097626944e+01
-2.106035086859804561e+00 8.221120836901803841e+00
-2.782449582557287915e+00 -1.791431066107501024e+00
8.127664336034663428e-01 -7.057854428035170713e+00
7.535079305344369871e+00 -5.311272349056617159e+00
5.659624318830536183e-02 -2.131929652040957635e+00
-2.820862061417542144e+00 7.361533955983432520e-01
-2.839160465370961450e+00 3.063309099514321954e-02
5.217649708063431646e+00 -8.667057174881865222e+00
6.022327807254609588e+00 -9.932862126578495321e+00
-7.635628119736552755e+00 -2.173440298794374836e+00
4.005152257958887185e-01 -3.256221487840634143e+00
-2.320344981165065601e+00 -5.797197579051848182e-01
-1.753885628085373405e+00 -7.986402711217726491e+00
5.279725379292072418e+00 2.632849250664243357e+00
1.101328405305639357e+01 -3.738419163545415369e+00
7.503105517393872326e+00 -9.406707067993867355e+00
-6.403048677643226938e+00 -1.222972943926633693e+00
-3.358142525569523862e+00 2.572617877576586665e+00
5.956327511291015675e+00 -9.203176683855483375e+00
-3.866361243986138341e+00 3.928764995420381823e+00
-2.969626778144451418e+00 -2.282179297494975501e+00
-3.029093753805867095e+00 -3.124655291876651475e+00
3.200087130828637605e+00 -2.828819876702449498e+00
5.662487401932625453e+00 -1.090258633531425403e+01
-6.436389574528701196e+00 -3.391917236455666007e+00
-1.546341842369131303e+00 -7.998762784694552153e+00
-7.889733888405174866e-01 -5.926702258245232002e+00
-2.943688529212761029e+00 -1.208071207623797605e+00
-3.793405478086747440e+00 -2.036884208937291163e+00
-2.905460049295092162e+00 1.485094405730085221e+00
-1.409437235427338120e+00 -2.052574109375993938e+00
-2.078739164678477191e+00 -2.639764644270883309e+00
-4.061680164339351862e+00 3.191846811293242325e+00
-1.259504453851422845e+00 4.254017798642847126e+00
-6.495684699140465312e+00 4.215080478214328075e-01
-1.255373758387286598e+00 7.961433038192926581e+00
-7.292814910627472891e+00 -2.129676800750755383e+00
-2.774976513901164843e+00 -2.798255363796378070e+00
-3.127998864600627371e+00 5.766828326940408367e+00
1.026910395645868235e+01 -3.983638357194233315e+00
-5.889185806402446488e+00 5.875830227759294644e+00
-1.006030593676512375e+00 4.667396913220951404e+00
-1.306374937432174921e+00 7.268090826594329812e+00
-3.675266289595340297e+00 -7.836310294814529342e+00
-1.302901098635312227e+00 4.067897997386563880e+00
9.572701614984727714e-01 -5.509566477123630790e+00
-3.244077748040739451e+00 6.611103853339639791e+00
4.863272159080717083e-01 -4.051335035798219408e+00
4.713785178108357288e-01 -4.035484402070478538e+00
5.571898097909728342e+00 -1.030181754519207971e+01
-3.701377690759409589e+00 -4.611673553320537522e+00
5.450300010034501597e+00 -9.417282626729917894e+00
-2.321081522025911781e+00 -8.590474144861222072e+00
5.961338451791806659e-01 -3.939089343230655071e+00
3.271876000227526005e-01 -2.579348674547268239e+00
-6.378645312098856213e-01 -1.425502156687486366e+00
-2.729425805799797988e+00 -3.127967287223673232e+00
-3.473528214051372132e+00 4.513417184387307657e+00
-3.069052963214688123e+00 1.434718598928941713e+00
-1.780917184102673412e+00 7.368867610221425224e+00
-3.242225810608982961e-01 -3.498524882829967542e-01
-1.286809093673139559e+00 -2.200878104849516070e+00
1.035877665382041357e+01 -2.218849241794359273e+00
1.139376178056743960e+01 -5.826793885711413878e+00
2.033885109019013981e+00 -1.693103376212759414e+00
-3.063061917118645283e+00 1.527492221088687430e+00
1.069281500990528500e+01 -4.382713600466700221e+00
-1.011678914994126544e+01 -1.189055037715099905e+00
2.875782616945111947e+00 -1.062521744238849308e+01
-1.904383502239136217e+00 6.787236999999344711e+00
-1.011325139294019904e+00 4.407799378635278487e+00
3.465253235744208737e+00 6.926619889050444456e+00
1.092700279958642184e+01 -5.217683661373821558e+00
-5.140395098128811568e+00 -2.346513446774025180e+00
-1.383372579732387031e+00 -1.022093671685550209e+00
1.266097151365809914e+00 -3.393277806755133685e+00
-7.753465573268751854e+00 -3.752325680099322547e+00
-3.181893732392599983e+00 -2.068887969699350737e+00
-1.863922665432823367e+00 -2.024752801521320644e-01
-2.768517614574755648e+00 4.963037846541245912e+00
5.533477701793743542e+00 -9.267511434502772261e+00
-4.056688656984558383e-01 -6.768671255060668912e+00
4.932141037953143403e+00 3.348213547109897714e+00
1.361482454426484967e+00 -4.766333430355438772e+00
1.271191822237200064e+01 -3.903482961131242490e+00
5.095800913221171236e+00 6.184104314428519267e+00
1.922924215393027048e-01 8.469889989565741573e+00
-1.032086188448445796e+00 -6.168825759082937843e+00
9.957277129679589223e-01 6.270444495612705005e+00
5.442805329661995373e+00 -7.942414664662910795e+00
-3.407932794447453340e+00 5.320682963857396253e+00
-1.021213228176348853e+00 8.573897781574951082e+00
-5.180121581816844234e+00 3.727417084540529668e+00
8.992900045641912143e+00 -8.197311658019290626e-01
-3.634661287299372656e+00 -1.554873283317083632e-01
-7.725124645956560343e-02 -2.526802016105633264e+00
-5.524468942941367366e-01 -8.043374608807777326e-01
-5.430971018902726044e+00 6.869591195026787389e+00
-2.210137511036146307e+00 2.338900292472814613e+00
-1.781597567844953156e+00 4.517926278872388401e+00
3.545307390116159141e+00 -9.266718894500119319e+00
-3.864826239251895501e+00 -2.171268484500068929e+00
1.519358058475467121e+00 -6.655459453462990282e+00
4.869695690065360405e-01 -3.656364285441622730e+00
-4.046188261230551753e+00 5.052814145437069193e+00
-5.686632384158456510e+00 3.705007167929601497e+00
1.053374733217263781e+01 -3.484920101547850813e+00
5.924027219716706760e+00 -1.116503483750042491e+01
-7.968719139610616509e+00 -1.326899644216290808e+00
-9.693945979847109484e-01 -3.791929296845452324e+00
-4.082880831046710846e+00 5.892150533611202334e+00
9.164950708454185246e+00 -3.793641111145463540e+00
-6.594024897349711978e+00 -1.264668572178952344e+00
6.479656043542270538e+00 -1.019618798650271252e+01
-2.699375506284071857e+00 6.576165816851918144e+00
-4.847495599606146399e-01 -4.140088836219357304e+00
-4.777030065068037068e+00 -2.187411115997839772e+00
5.913369027221760277e+00 4.478768423040460078e+00
-1.304205326683874899e+00 -4.906693279826670917e+00
-3.793817754173356871e+00 5.043612083756094933e+00
-7.680769949210484171e+00 -1.221225215906043493e+00
-7.605803349142497893e+00 4.967154883932917819e+00
