-4.733877893025876915e+00 1.692960335836098729e+00
1.028532089421353390e+01 -2.392847830585002278e+00
7.808527383988250747e+00 -9.296251869453589833e+00
6.946409630556971138e+00 5.657443882084809417e+00
-1.163594220566777748e+00 8.263391276505551275e+00
-1.365863423427196910e+00 -2.898940041039970161e-01
-2.426181229918640270e+00 -4.041705631738690130e+00
-1.648449735106911618e+00 5.092843888581668921e+00
6.737161326096742897e+00 4.933915440932858942e+00
6.038318255780203536e+00 3.397904799158392386e+00
-4.519567769784761602e+00 2.834385316947509281e+00
-1.798182723000199656e+00 -9.034085973290305605e-01
8.126223495923539986e+00 -4.261788360848709267e+00
-3.464297020876308864e+00 -2.514757320360203607e-01
-4.679866888019938109e+00 1.599606448054817776e-01
-2.716753604103302244e+00 4.353223327106061191e+00
3.953563754638280248e+00 5.306533590184946192e+00
-4.480090682672321023e+00 5.377229216744741080e-01
-3.190871348280765130e+00 -2.815585517558543138e-01
-5.449872766912529087e+00 -1.785986469996831527e+00
-6.240082502284000299e+00 6.980154861428104596e+00
1.350978842469493957e+00 -2.729959043874659486e+00
6.271889567959665790e+00 -1.025176194192879287e+01
1.019421770075862099e+01 -4.194784299441712605e+00
1.583264292808879148e-01 6.465372409783523899e+00
-3.713283827800013537e+00 -2.148795760050627557e+00
8.437478468767958262e+00 -2.664352777016815832e+00
-8.674348421250430263e+00 -1.992985446936649696e+00
8.978999680764376379e+00 -9.544974635068959046e+00
4.049058353219117556e+00 -9.207987277682063265e+00
6.104689170395751319e+00 -8.612114979615133947e+00
-6.765029629695484381e+00 -1.111432723284883073e+00
-8.348531942206507406e-01 -6.034686523745486753e+00
8.374645339193554250e+00 -2.475795093991508544e+00
4.348391645779505765e-01 -5.432437406558641158e+00
-7.688135314719032110e+00 2.936774664477257435e-01
1.081032238780971211e+00 -3.594728973198590083e+00
-2.309810064293602583e+00 -3.760813788377760147e+00
-5.689933571125993517e+00 3.113455315732234663e+00
6.808899913736423670e+00 3.232720325301714936e+00
-2.480673831788177797e+00 -5.914456813604627605e+00
-2.246670860739742981e+00 6.741334273604344673e-01
5.753343765020431100e-01 -8.547234402981219725e-01
-2.170765534062490953e-02 -3.622221317318884637e+00
-1.334910515757815608e+00 -6.921735703345264223e-01
3.921666397182815622e+00 2.835843358802173420e+00
1.983316340179689385e+00 -3.270399932909087592e+00
8.473867320285807025e+00 -2.197178122082491747e+00
-7.454660869209442708e+00 -3.563744431347486863e+00
-5.346524605830698995e+00 -1.832226059105937832e+00
-3.279103354490000566e+00 6.147263536439664833e+00
-6.410933841166588820e+00 1.024640263867597767e-01
-9.519304191621605904e-01 5.857649897681358020e+00
-1.346089282249821606e+00 -6.707735697085332127e+00
-3.921054326425073899e+00 6.275012179843802329e+00
8.847104290538100102e+00 -5.836655774094635873e+00
-5.118162966555186433e-01 4.929193631557474475e+00
5.735154571659171197e+00 -1.016097338351114310e+01
2.799096322519276203e+00 -4.540899224652678257e+00
6.765507010884206807e+00 5.010793626340274365e+00
-2.368008168494103671e+00 -2.192137652098396394e+00
6.196847409556927921e+00 -9.223345426339788489e+00
-6.134320814364250252e-01 6.330120515059787678e+00
-1.750597368969322387e+00 3.856810787234221660e+00
-4.100625279230136755e+00 -3.622312076482574472e-01
-3.323186502416223931e+00 -2.855235870377715646e+00
5.833070773817238042e+00 7.293742989187574466e+00
-1.420634377898530420e+00 -1.487790263453373951e+00
1.114588628986701302e+00 -3.667114318119816474e+00
-6.241246458691126264e+00 3.670360834940009198e+00
-9.532704504380037136e+00 -2.638424764929764521e+00
2.027899600457952367e+00 -3.386307596144455978e+00
4.323035543785472834e-01 -3.698188869420758529e+00
-2.015561250493810075e+00 -1.479353094889876097e+00
-4.640854109975130370e+00 2.481750728959238206e+00
2.522984136927354903e+00 -4.027213910168044642e+00
-2.856885967680200533e+00 -6.893422221741051459e+00
8.816479132804161400e-01 -5.222984995556966936e+00
9.481096915490136112e+00 -3.315840232138757671e+00
-4.985702547511792204e+00 -2.466726319364712872e+00
-1.096936094214964186e+00 -2.401665491874669378e-01
-5.094101456944374107e+00 4.961018470218554910e+00
-1.322038387444349761e+00 -4.837287677078885295e+00
4.901300791920585986e+00 1.929310680875486739e+00
5.234247718160936813e+00 6.927351839848331139e+00
-8.136376693224553591e+00 4.912890629692254763e+00
-2.102046292013600493e+00 -3.692071767497688839e+00
1.159841347221665586e+01 -4.210300068752167668e+00
4.593770548952024413e+00 -9.263871469336010023e+00
-5.134501167261294796e+00 5.252783461190389858e+00
8.341925108913141429e+00 -3.069360253201997679e+00
-5.232182353189420709e+00 5.832222908890837942e+00
7.720260023926641679e-01 4.635404662805592046e+00
9.479026558047792150e+00 -3.077349843749697111e+00
2.873913443320904593e-01 -5.544410311022296867e+00
-2.479503273625309756e-01 -2.576666310907959723e+00
5.136777553563664611e+00 -8.181889175873699571e+00
5.767505834723962721e+00 4.098552999537350416e+00
2.038583287256086063e-01 8.567459281639946411e+00
6.598386542669274490e-01 -3.477014475705940466e+00
4.148439698802519615e+00 3.953691793031777646e+00
6.740685586739351365e+00 6.330490780329760092e+00
5.646397917721020399e+00 3.205570551355849673e+00
-3.717528946182499183e+00 -8.079960595930801848e-01
-5.710229238377639405e+00 4.190904900817585599e+00
5.862189685822114527e+00 -9.143003589960981614e+00
-4.160158357398915818e+00 -2.793669010762304783e+00
8.531074055331984596e+00 -4.896776427071321436e+00
9.718155382029443956e+00 -2.192537727988084661e+00
-3.635458197382451129e+00 2.921989441351666272e+00
-4.143147790194802838e+00 3.165432312721175645e+00
4.880250913014532177e-01 -3.452195330538954998e+00
8.545387975609887832e+00 -1.136395038901256171e+01
-7.757263203366989934e+00 9.035918021815358969e-02
-8.169296458933796856e-01 5.179687588311345792e+00
-1.198790602546004891e-01 -9.821363934288509512e-01
-9.149636769546596327e+00 3.725310182710158902e+00
7.893211087763501332e+00 -8.272840271622161623e+00
-1.894550213391504201e+00 -4.191371404287778546e+00
-3.849310636511047878e+00 5.878543601970926957e+00
-2.310798232232280647e+00 4.366200697501154693e-02
-8.046544445885341901e+00 -6.549808169099802235e-02
7.059857331216607079e+00 -1.075837799942544848e+01
-1.232610571928959509e+00 5.712130944365148011e+00
-2.926430150369302208e+00 -1.119084276794786392e+00
4.282038828047902701e-01 -3.809273723749373008e+00
1.981385676341083091e-01 4.822056998084573110e+00
5.827423657737664797e+00 3.579726717116901824e+00
-5.585172969342446780e-01 4.462614756924974557e+00
-2.184300668618364138e+00 2.418214174361537072e-01
-5.339150886121974082e+00 3.408846768763379664e+00
-3.739074004823334185e+00 -3.948133824559810989e+00
1.084078166940097887e+01 -4.320089021398548113e+00
-2.371791240469653506e+00 -4.997905102833324342e+00
-1.565561906981066453e+00 1.438198736326897764e-01
4.613821260721536532e+00 -8.436554518466898855e+00
-3.217663445851500548e+00 -3.392077271687326867e+00
-2.710139329015721632e-01 -3.477047739633206014e+00
4.912301923783770063e-01 -1.985748730149548447e+00
-6.043821825083091070e-01 -6.734147971482471462e+00
3.596732301623550399e+00 -4.909119524836874859e+00
-4.258775603630443385e+00 5.265187119248890824e+00
-1.848202279604335363e+00 -2.693968749709141797e+00
-6.570692530037518075e+00 -2.063181306371571377e+00
6.661288904297139268e+00 1.329612971597840421e+00
-1.827246356497874036e+00 -2.687744784275447607e+00
-2.090855432684868731e+00 -4.273591164862565961e+00
-1.736114783249438798e+00 -6.288834379434816491e+00
-7.281015763316477596e+00 -2.254696046167856682e+00
-7.327809828785412094e-01 -3.440861764524830946e+00
-7.633502733529463846e+00 -2.855358966510174845e+00
8.753137119687430356e+00 -4.912292412843839884e+00
-8.829148211813271363e-01 3.413682603983681840e+00
3.360859114601745024e+00 -2.773718168435039821e+00
-4.560214021206631330e+00 -2.628883501588602734e+00
-7.980391599676494252e+00 -2.281630622700513200e+00
-7.470985558094557888e+00 6.014507776943556649e+00
-1.789846734797020389e-01 -7.258137364228880450e+00
-5.262203872259672899e+00 5.495158903533351236e+00
-1.081519056333712925e-01 7.462210050184590493e+00
-6.730702765971197543e+00 1.311437892804940386e+00
6.252284741343181906e+00 2.770560976738696279e+00
-2.455882064664906217e+00 -4.749298400804167208e+00
-1.960422299038305338e+00 5.692327024485777098e-01
-1.127852780544300604e+00 -7.908316459420286826e+00
6.628036922646848517e+00 3.171184057673387180e+00
-3.821770903066273206e+00 5.150899897118476289e+00
-7.820127425780915686e+00 -4.267668406520841451e-01
6.441579637575438610e+00 -5.958885437881443536e+00
-1.754153497021740726e+00 -2.907500684287794179e+00
-1.356704820770741504e+00 -2.517578160935053599e+00
-2.181756926644136563e+00 -4.660749224046114136e+00
-1.219552584318150501e+00 4.206698043501480910e+00
1.404709652566648703e+00 -6.715705902953144069e+00
1.481627302209788333e+00 -2.126882490314681906e+00
-4.503056691675443979e+00 -6.773704387974637253e-01
7.918255640451114630e+00 -3.665141043171147306e+00
-2.102703870773363626e+00 6.557576051965797959e+00
-7.264105940381094584e+00 -3.722640961306614926e+00
-6.538944373530553911e+00 -8.378178948164204387e-01
4.539015394275642379e+00 -1.033386640985376026e+01
-5.712940566403232889e-01 1.063918812495975086e+00
-2.215284763967207748e+00 -5.995408124953303108e-01
9.512171916374217773e+00 -2.562061828860755952e+00
-1.678873364412383662e+00 -7.272954776269969779e-01
-2.443470050650806691e-01 -1.288899722210351539e+00
-8.659576977464031877e-01 7.067264543229930140e+00
-5.413358594082069430e+00 4.560391369415827789e+00
6.872062204617248593e-01 -5.456486617355849944e+00
-9.721800408916738689e-01 -1.820577041615000224e+00
-2.314272132065496645e+00 -1.810504380992637441e-01
9.277206394169076331e-01 -4.582564118097891992e+00
7.272522828093775260e+00 -1.104504200088665655e+01
-8.032747525754501794e+00 2.259534791150676458e+00
-4.456728092367455929e+00 3.998452958794321166e+00
6.309546142064931251e-01 -4.650555470124860591e+00
-1.745016004180821589e-01 -4.779862327626906549e+00
-1.722796669037471862e-01 -4.523038798886544143e+00
-2.194711671255700214e+00 3.482359261174674980e+00
-5.645606753843136261e+00 5.688809154397428181e+00
4.282974642082285399e+00 5.949603871193495763e+00
9.381928984859200682e+00 -4.104234110701582061e+00
9.029053423437678916e+00 -5.120009093277620771e+00
1.298407833255274113e+01 -4.511819253468663860e+00
6.130182846634046889e+00 -9.192828798231321485e+00
-1.957230681911640069e+00 -7.320916666856781774e+00
-1.117899918821071648e+00 -3.902653185205733344e+00
9.216006594641078520e-01 -3.936187306676061759e+00
-3.573849895352262163e+00 -4.370232274985871967e+00
5.702727388261050301e+00 5.265824884904887426e+00
-3.453998213679224882e+00 -1.828610821857710178e+00
4.476552559097380701e+00 6.222305943760656710e+00
6.457718084512591439e+00 2.956768489664940880e+00
-2.557264787684367047e+00 -2.185814764865963600e+00
-4.504993282345822081e+00 -1.486640787220513404e+00
6.947735710324497660e+00 4.479581835014474045e+00
-7.022672280378250420e+00 -1.554165273238115930e+00
-2.718396474695924159e+00 2.263562126138649599e+00
-6.096799645389880951e+00 -1.643231349444967959e+00
1.393487518319507235e-01 7.094818087314402000e+00
-6.216363090738972197e+00 -8.405433941830953160e-02
1.498520812811404701e-01 -4.397951931371519407e+00
-4.979632900033277743e+00 7.337936447647162019e-01
8.558870505513095139e+00 -4.760575754869693199e+00
-5.924989090201565389e+00 5.937584412911587783e+00
-2.408549307609322732e+00 -4.998326847303707687e+00
-3.743296344535814946e+00 -1.819820313650394539e+00
8.675871381215412015e+00 -3.784372709216424546e+00
-3.971186279369545602e+00 -1.128857922631029131e+00
7.750086121327008470e+00 -4.658246145749538769e+00
5.643646096459452588e-01 -1.163356508955084578e+00
-3.473579163724797247e+00 -7.951697355442234327e-01
5.468605288990279867e+00 -1.282896396753583446e+01
-4.544415091388409600e+00 -4.067237786990274273e-01
1.391794067769050791e+00 -4.850418022453741429e+00
-2.251130453753468874e+00 7.009126166134914904e+00
8.997329831279282431e+00 -4.240343130272486327e+00
4.860132862025857037e+00 -8.902694977163404744e+00
3.679716560003007952e+00 3.286545592902324842e+00
5.486646168912224120e+00 -1.065864068957582234e+01
6.130610786873358364e+00 3.474249059064730805e+00
1.069014466740567215e+01 -2.587167728115558063e+00
-3.350314574985371774e+00 1.626811261884573145e-01
5.632731027074673769e+00 -1.015632806605941241e+01
-3.935603367161015775e+00 -1.086043660877334727e+00
6.670531781432442742e-02 5.695770456864517328e+00
-1.563911626171312630e+00 -4.341206034895852106e+00
6.381892287469456804e+00 4.213617935242059964e+00
-4.470625780417061712e+00 5.505327514028826918e+00
-1.799152295093528364e+00 -3.551062187794900016e+00
-4.039049003222363154e+00 2.018058520795833477e-01
-7.998544425955405934e+00 -6.700348274642474733e-01
-7.194417694587018630e+00 3.523736114057831603e+00
-2.076046676904968802e+00 -5.110655342537499202e+00
-3.261829883716356182e-01 -5.599253590072222231e+00
1.267571479422439085e-01 -5.340074917164692181e+00
4.818437659485367064e+00 3.930816945467141554e+00
7.030721884100445074e+00 4.717653486303604815e+00
7.107422069955749322e+00 4.651045284850149564e+00
-4.825301629326347097e+00 4.157134765658968334e+00
-1.512835131191928806e+00 -3.709140998801492284e+00
8.196532897536830120e+00 -7.137723783977235392e+00
-3.184081888682850359e+00 -1.558167157754587695e+00
-4.016815230404436221e+00 7.050725262467641308e+00
5.721797792345174827e+00 -8.135302184998460362e+00
-3.478060238800989801e+00 -2.762747427232807418e+00
-4.983224439829553987e+00 -3.270320096118935815e+00
6.134684033870590802e+00 -9.417478563861212848e+00
6.567716819605665890e+00 -1.132603283986607323e+01
-4.390421492376363588e+00 5.214072555892179661e-01
6.037408646250461253e+00 -9.540793904781992296e+00
-7.489956394900426417e+00 1.432646164527382471e-01
-1.603406190876849102e+00 -4.430498524255974679e-01
2.644517719624206897e+00 -5.610362777855899097e+00
6.499767000083259028e+00 3.524469323472784410e+00
-1.172275403497713420e+00 4.771934364795006545e+00
2.853795789086771784e+00 -1.856175495240172335e+00
1.711417580850620679e+00 -5.688275407730891686e+00
-6.036826998627702778e+00 -2.245940619473773658e+00
-7.694724855770149752e+00 -9.625575557709311614e-01
-3.700276279271337287e+00 7.918742551751964953e+00
-4.898734930880488392e+00 -1.256221388075436485e+00
1.358332411905825543e+00 -3.145247504378618331e+00
-5.797641915333001883e+00 -3.235247693210408393e+00
5.236103252848542944e-01 -2.505493442787643410e+00
1.170856459183756115e+01 -5.244173739757981956e+00
3.338291131503066556e+00 -6.925147695152286786e+00
1.091426979172291922e+01 -2.739171170329953053e+00
7.630525259531121485e+00 4.818801420063316243e+00
-3.222979094323225269e+00 -5.685020429877504888e+00
4.150105049222689857e-01 5.848641426312282121e+00
-3.930457534149058407e+00 5.196213141593204021e+00
-2.159159498000113864e-01 -4.563540689132281614e+00
2.300873831140801684e+00 -4.157347989932545396e+00
2.218107328590466221e-01 -3.013281779558058648e+00
-5.597589800677436500e+00 -2.587235813934809059e+00
-5.995041915026599000e+00 -1.743985436853068505e+00
-5.848293339872733476e+00 1.692941981808000040e+00
-2.729554403302486776e+00 -5.993088637605468172e-01
-5.428520975542239668e+00 -6.935915823335888630e-01
3.453534282208373440e+00 -9.668534824494765090e+00
4.616051851900193626e+00 -9.954920827608553680e+00
-2.365905002875996477e+00 -2.021985606527528567e+00
-6.912118388173333905e+00 9.341548553661578325e-01
7.278890061995621608e+00 4.325423234139964990e+00
6.212171163168617838e+00 5.186087535322831954e+00
-2.537262605763790368e+00 -8.465930395295624411e-01
-5.061557066559343454e-01 6.883629613840088979e+00
-3.001067717826631842e+00 -6.772120118220636975e+00
3.918900117628887347e+00 4.918151741408505195e+00
4.858344571991427330e+00 -8.761113030512099442e+00
-1.958589792219672887e+00 -5.479773114055493943e-01
1.506629530866132605e+00 -3.532888924064240044e+00
-1.102842623000145350e+00 -1.810434663441689906e+00
-3.688127313188800827e+00 4.794217898395006117e+00
-2.518620458470583134e+00 -1.154751067079917259e+00
-5.590841724078893904e+00 3.081293192144625159e+00
-1.381717414772425379e-01 -1.222669733510545642e+00
4.010440905813378976e+00 -9.589293456174289076e+00
1.547291572701639861e+00 -4.643615003867778590e+00
-7.976768361031722598e+00 -8.942832194284270342e-01
1.367275697046859362e+00 -6.037746331657937837e+00
-1.909779281542171248e+00 -3.987795447036395657e+00
1.837262305850248190e+00 -4.866242574060684944e+00
-1.570568545960310924e+00 -1.042070988898852857e+00
-4.446678145850420982e+00 4.160067959632742784e+00
-8.413127569897016045e+00 -1.736735417560437034e+00
-3.441946362407182214e+00 -1.046748948136219326e+00
9.016430283955369163e+00 -6.227207496321696567e+00
-1.270948285081051843e+00 -3.140359064315546345e+00
9.269074386962177670e+00 -4.968155214757318028e+00
7.165742684002004204e+00 3.359843660476935057e+00
1.289605517841422966e+00 -1.016063396187190548e+01
-4.297578956726554544e+00 6.153848812798501378e+00
8.966462546964823588e+00 -4.056605245467496346e+00
-4.756353874866126041e-02 -4.841929341664545028e+00
-5.087686408599816801e+00 -2.041796789665655254e+00
-8.563346058803421590e-01 7.725697858789278172e+00
-5.509653547809937990e+00 -5.330094683406484179e+00
-2.732120081630071251e+00 -3.590187265443753883e-01
-1.854572720525987206e+00 -6.957042602765596051e+00
1.338783929243592352e+00 -3.950933153393191510e+00
-7.110679504732487999e+00 5.963457681342934968e+00
-1.093649522162812637e+00 -5.485050310698830422e+00
-3.379623864615323825e+00 -8.517335683073349983e+00
-5.894239024975786556e+00 6.115689524469255289e+00
5.223454316507416095e+00 -8.696113273355704720e+00
-2.926621371388589132e+00 4.575827352867401387e+00
5.448102373519770225e+00 5.612469360545111030e+00
-8.675797149487747273e-01 -5.766280111391703933e+00
-3.035374339702840985e-01 -8.298456048785678441e-01
-6.138443414357016792e+00 3.256773368651450173e+00
8.137556572796407650e+00 -2.113855961646539772e+00
4.582910050418699477e+00 -1.024482415896548382e+01
-1.576443989269710855e+00 7.207963363682765134e+00
1.417421199019856415e+00 -4.778931052525889456e+00
-5.890095095177736439e+00 6.811301036241514950e+00
-7.689091913303086612e-01 -8.556441012500433985e+00
-1.476028207084397303e+00 -3.401258791818094540e+00
1.019945880101839641e+01 -4.883580860862331896e+00
-2.958070773146594945e+00 -1.914038531115218156e+00
3.835008400564587916e-02 -4.015646053666915627e+00
-4.689570535440852339e+00 3.662783566874643348e+00
-6.555441029202675907e+00 -4.219471123205358332e-01
-5.673325794049377535e-01 -4.115285503609514173e+00
-1.203798857012029710e+00 -4.018076167726692738e+00
3.175770794396727270e-01 -3.639969011294002854e+00
-2.406537780461488474e+00 6.095301103679770627e+00
-5.491956942217038673e+00 6.399048714866680143e+00
-6.344829814952035463e+00 8.032148248615045283e-01
-7.070873495583070323e+00 5.049630973907574649e+00
-6.049438551262440456e+00 -2.050590339987141242e+00
-4.310009864695262038e+00 5.977044629120580765e+00
-7.453017287254052547e+00 -2.671681344551428694e+00
1.274505774795275936e-02 -4.644784843242493189e+00
-5.430209813596605928e-01 8.414623695644678492e+00
-6.423075507257114403e+00 -1.820816749026098247e+00
-1.780344450835741332e+00 -5.909068589303021923e+00
-4.292202368052309147e+00 5.360275904222026710e+00
2.132229238936770521e+00 -3.092320362691576729e+00
7.157929550117669848e+00 -1.010541568043277216e+01
3.568628752477319477e+00 -3.015610261516834534e+00
-1.404560401455803298e+00 4.871972713688490941e+00
-5.791271847726191524e-01 -5.928903243916897381e+00
-1.294834566205619097e+00 7.902153633429843005e+00
-3.051286509634974387e+00 6.629001396845747962e+00
-2.836634127635629277e+00 -1.895528370206982949e+00
-8.832788475775677384e+00 -8.107921212568433011e-01
-2.195315307631823476e+00 -4.120880404450885104e-01
-2.219974979689841810e+00 -1.171694463887190896e+00
6.846403757646033483e-01 -4.504630777669856201e+00
-1.957607267598358458e+00 -9.208717874457899910e+00
2.741582067783268073e-01 -5.504670883999444264e+00
-1.954514504881445625e+00 -7.069355340512199604e+00
-2.569693187420392988e+00 -2.994590053856055700e+00
4.493451910642021652e+00 -1.073704407730203236e+01
3.833610982944986922e+00 -8.346258745850139604e+00
1.101962997702582570e+01 -3.287725468332633572e+00
7.423663314577567895e+00 -7.901614253361671558e+00
-7.049818615671437527e+00 -3.559257312701551434e-01
4.191745979470349326e+00 -8.430639274874863531e+00
-3.717475441930877089e+00 -7.333280408828725783e+00
3.995220418076588675e+00 4.212707835738730644e+00
-4.732105525202175755e+00 -3.137912964720002584e+00
-3.079619147499308873e+00 -1.382171664578568659e+00
-9.358888715358564259e-01 -6.221877330832684905e+00
-3.085438575320375243e+00 5.279894670514818422e+00
6.289570305446108733e+00 -9.647457153623017589e+00
-3.218422026707425054e+00 -5.460743998436460522e+00
7.527074052018946082e-01 -1.763103075602798331e+00
-5.387252682763014056e-01 -4.048225971801986844e+00
-1.237763973795364292e+00 -2.594201458461207643e+00
-3.605089839651697936e+00 -1.915069221922462095e+00
6.051559768960835584e+00 5.948997682667491738e+00
-1.072571087562042669e+00 -4.776984870853382859e+00
-2.476112038935198267e+00 -6.474861229314942790e+00
1.666514642406498048e+00 -5.974143455286758275e+00
-2.649046987895006922e+00 6.639608386969113596e-01
-3.290226494559495229e+00 -1.773981207930236170e+00
-7.008472849016651907e+00 -1.554058206027129962e+00
-2.443830541440641380e+00 -2.155822265269765836e+00
5.747195004140465358e+00 -9.250447017472572142e+00
-3.223313116120898769e+00 3.379762096484863143e+00
-1.729546169813879430e+00 -2.328454609952689491e+00
-5.322457776100866234e+00 4.033665264220726243e+00
5.096184994017933789e+00 4.254129109606426873e+00
6.872453796605066501e+00 3.446943876093351289e+00
-1.232919305412417454e+00 -7.772575941004733480e-01
1.165283451247640212e+00 -5.173182108625039355e+00
-6.301118050801853165e+00 3.469618366097355633e-01
1.107617371192142430e+00 -3.631824299723218630e+00
4.818357516168141785e+00 -1.095282285885159546e+01
6.484869012536196298e-01 -4.473211384517239431e+00
-7.681042687263326840e+00 -1.056685609764807188e+00
-3.035518079856455387e+00 4.924733969806599276e+00
8.868849680109322620e+00 -3.463317951556167174e+00
-9.995012719394640310e-01 -5.115683666904963234e-01
-1.630354770986452317e+00 -5.231006673169966703e+00
-6.973172967068790307e+00 -8.605040538294720376e-01
7.127905248695115326e+00 4.606604593393932134e+00
-2.783316011868299356e+00 -1.745349794001596067e+00
-2.171362146628827539e+00 5.853360434409212942e+00
4.052317543609401440e+00 -9.130211133426701764e+00
-3.884428758411602178e-01 2.190555822199790281e+00
7.837071735503253755e+00 -8.438187571118032082e+00
7.428390972551261129e+00 -3.367300947158057944e+00
-6.563494426427548767e+00 -2.095120437461961416e-04
-1.991923096588191999e+00 4.517438074904131184e+00
8.203384428744412205e+00 -2.767035461288834597e+00
3.184886813838628594e+00 -9.378129480611333335e+00
3.996225236606249176e+00 -9.694090041968626892e+00
1.565153441222644437e+00 -3.231630405721459542e+00
-3.442630155508224377e+00 -1.077649805372169922e+00
5.207969475221027267e+00 4.497502955410486614e+00
-5.363487702371910970e+00 -1.509427258758762047e-01
-5.052169203733432035e+00 4.017150325075006911e+00
-3.212957386753280131e-01 5.909571270103305629e+00
1.020010432412564860e+01 -4.840210232005423663e+00
1.658513606075145752e+00 -7.239039194502320029e+00
-1.073489255334576953e+00 -2.335804711041123305e+00
-7.175336683281087424e+00 -1.121108315400123789e+00
4.864018949745378961e+00 -1.003447717237674652e+01
9.805350681571891158e+00 -4.267672278846279532e+00
6.013432949551011930e+00 -8.802706382254800843e+00
9.898611855710848673e+00 -3.684235117924802960e+00
-1.928668130590830643e+00 -7.142442700240303033e+00
-6.844463489115651278e+00 -2.212169255949440139e+00
-2.149369444138020668e+00 -1.679675895334071578e+00
4.899773915495090337e-01 -2.908392750255740289e+00
8.552040594962164732e-01 -2.321377613224620440e+00
-4.668742400604916298e+00 4.898754448493058966e+00
1.966699180005407888e+00 -4.286932043642944556e+00
-4.780477081019961716e+00 5.279870026275323980e+00
-1.636185328427622654e+00 6.245384349157577120e+00
-1.825105529771820390e+00 6.834827278806287154e+00
-5.073892266792358718e+00 -7.281643028329366496e-01
-1.908551328552079207e+00 -7.567725133980995444e+00
4.756449080281420549e+00 -7.415345857831452392e+00
-4.829091278122810138e+00 6.183516286681395968e+00
4.474376446275788233e+00 -5.294186926581348374e+00
-1.791748460736747983e+00 -3.834190907438156160e+00
9.887971407796081635e+00 -5.254473620529607203e+00
-2.231323582698240493e+00 -1.654304911506580655e+00
5.281454852728931115e+00 -1.036212828509863471e+01
6.031254964256076434e+00 4.516570574402510196e+00
-1.416824928192086164e+00 -8.534603920518170739e+00
-3.516937330887366375e-01 7.967505557573637098e+00
-1.478197226609798687e-01 7.832483839522089042e+00
-3.129823055034815837e+00 -3.388387069888850966e+00
8.373205288404710345e+00 -4.287231150757821574e+00
1.693381222129657360e+00 8.993062215251310221e+00
8.189514121200540231e+00 -3.238649742083963723e+00
2.116388270980414710e+00 -4.949379896959608338e+00
6.521286005137105768e-02 -4.629392361066352102e+00
8.607503456082744364e+00 -3.027266533183704755e+00
-5.982357622647292317e+00 4.351521334450867862e+00
-2.495958816672981140e+00 -2.298638326436392099e+00
-2.586346329558159240e+00 6.913802927155972000e-01
-3.402009931139622800e+00 -7.870259976293817461e-01
-6.757234562803375866e+00 -1.045242765412839336e-01
4.172720340542557693e+00 -7.206712211561937309e+00
7.361307358180776639e+00 -9.535869574993302678e+00
-2.819117708946373480e+00 -4.524462322386385793e+00
-3.020975360807396370e+00 6.021867404772897281e+00
-5.218792855336682024e+00 -3.594174562398344541e-02
-3.899012164528828261e+00 -2.877192100188836310e+00
-3.306304343931337097e+00 -3.114389270145860422e+00
2.213481616193904156e-01 -3.987258300094988606e+00
-3.654490617484245085e+00 4.783082794799212500e+00
-2.111603832041573980e+00 -1.194825525539650268e+00
1.146543811078862163e+00 6.667844161003942283e+00
-1.994639803170676240e+00 -2.594270964433787352e+00
5.608118198708294422e+00 -1.043885332685102796e+01
-6.855686732714961984e+00 -8.521361928768733662e-03
6.048242360920920824e+00 2.316772109089739740e+00
5.089480760126095404e+00 -8.002084677987792105e+00
-1.123533755231065134e+00 2.340091765435170501e-01
-6.278933852737582200e+00 -1.986469287074418499e+00
8.779863074096352804e+00 -4.334003691519527024e+00
-1.832393935364359905e+00 2.772183810734750509e+00
-3.021113627768342802e+00 -4.726384222470237262e+00
9.011847415700493968e+00 -2.252203714168011572e+00
-3.897369466782394820e+00 -5.231988906047932986e+00
-8.164459088686486510e+00 -3.516056372690085752e+00
8.018359768349904826e+00 -1.001729552828493475e+01
-5.268952543990947035e+00 5.973050772507164652e+00
9.173596040446245325e+00 -2.516251729866944231e+00
-8.050203608040371606e+00 -1.379113268569137407e+00
4.025157311023090934e+00 4.868461659208970893e+00
-1.625974143389977700e+00 6.916117888235794986e+00
-3.412537013759970872e-01 6.836213300867701292e+00
-1.789763308692819521e+00 -3.011959072267700321e-03
9.601656118553849595e+00 -4.511595152551368670e+00
-4.935621145801105669e+00 1.377065984620164274e+00
1.037499951108127938e+01 -2.889901581200441161e+00
-2.298718652613502833e+00 -4.362711035138362448e+00
6.549192213303314247e+00 -8.913994364878606191e+00
-7.542310367359110757e+00 -1.593986028403682864e+00
-1.162707447423175333e+00 -9.313779387583298597e-01
1.120521819466044100e+01 -5.377076395626207983e+00
-9.074920678711123401e+00 -4.516471689129039069e-01
-3.649596832811169200e+00 -5.516643240591411868e+00
5.696653778864611439e+00 -9.531392187754466505e+00
-2.835277875160105765e+00 3.193707971237957022e+00
6.122296743145194675e-01 6.419531556191517829e+00
-7.093072824947518562e+00 -2.155178457165694894e+00
9.207716664696130593e-01 5.964625741320133123e+00
-3.647301078831750587e+00 3.367349322031571557e+00
-1.914476112540092645e+00 5.487663002432086046e+00
-1.722183520788309163e+00 -6.491728179178661406e+00
8.653466041295951428e+00 -3.201667652809677023e+00
-2.429804023125238910e+00 6.599810651523635663e+00
8.839797236410543491e+00 -6.253279610344729456e+00
1.014042999052984939e+01 -3.194815650527100370e+00
-4.522263876380619330e+00 -3.019430045548918251e+00
-3.831164091905897351e+00 -2.382432096355666662e-01
1.005013202256147231e+01 -4.579405671342334117e+00
9.314455541348033663e+00 -2.971176552180680996e+00
-2.827345678741368218e+00 4.476629076312010902e+00
3.651717307305907489e+00 6.668623431843951899e+00
-1.521904817583886294e+00 -1.091884919949500876e+00
-3.739436447898608407e+00 -1.865089388152027849e+00
5.590320228482421605e+00 4.344597592034626032e+00
-3.944274863186658653e-01 6.394628154743741355e+00
4.801393121858293256e+00 3.308854299087980788e+00
-1.155356850591120033e+00 5.152236356036143938e+00
-2.894312676196304501e+00 3.801193096736010801e-01
-1.080259633177219403e+00 -4.365955298997163503e+00
9.065188329670053946e+00 -4.820152884732570087e+00
6.323191557882121394e+00 -1.037110675870052567e+01
-2.371744248126918642e+00 -4.484407085636657797e+00
8.896668413711914525e+00 -2.820043093724081906e+00
-4.356276716345749200e+00 5.836157979226355152e+00
8.137400076149581274e-02 -5.587481893763230012e+00
-2.223717242022669627e+00 3.986692887651821948e+00
-3.711977954403227642e+00 4.900319572080799269e+00
-3.633331413573593238e+00 4.746046296065272507e+00
6.102527057921394160e+00 -6.546597157036338821e+00
-3.086693627207213186e-01 -6.302402570277952698e+00
-8.232981271099067300e+00 1.430493454974322010e-01
-1.883988088975208974e+00 -5.622085451202917916e+00
-4.214048735683588731e+00 -4.302319802704575480e+00
-5.155571132097120035e+00 3.691000936769957441e+00
-2.058578628281940492e+00 -2.297976322530638882e+00
4.302114858439588296e+00 6.637473470265042863e+00
-8.923202687675511058e-01 2.086313874714984529e-02
-3.149780032971183363e+00 6.043994807448556550e+00
5.176804419893037412e+00 -8.040512571910241491e+00
1.535493008290346406e+00 -1.114140359241735823e+00
-4.154479621654222576e+00 -1.474557836625604468e+00
-2.437912844294535919e+00 -5.681275162503296450e-02
-1.198189713631811593e+00 5.607175600542671390e+00
6.542337754136258177e+00 4.440591761783327485e+00
4.774972842311980159e+00 4.115111750662672208e+00
-6.248191306027038650e+00 3.746425694053878264e+00
-3.580315695365368978e+00 -1.696813028862979245e+00
7.832552756152598050e+00 -2.548424754155932170e+00
-3.861640591039350312e+00 2.200448013054757679e-01
7.256594502096382904e+00 -7.289874135610100225e+00
-3.199235024136275918e+00 3.177915427622196809e+00
7.717360461651242787e+00 -8.059474695717739223e+00
9.287365748582974589e+00 -2.549701954522904934e+00
-3.905810806760814380e+00 -2.116366335924098063e+00
-3.779349664445612156e+00 9.415550270771328556e+00
-8.599323429075356628e+00 7.231759833203632581e-01
5.694414142490512809e+00 -6.455763189855760587e+00
5.980887049490149820e+00 3.653860059324935516e+00
-4.803815018268937642e+00 -3.058749418826853805e-01
-4.662831715254956322e+00 -8.537115391571754586e-01
-1.619755592693348234e+00 -3.045585552007870511e+00
6.851747928096699525e+00 -1.408253391977546976e+01
5.200300036672217630e+00 3.662214393576739724e+00
-2.365740555721018712e+00 1.703986613931102179e-01
2.283134400417528465e+00 -5.762247974830355446e+00
1.510481038905686635e-01 8.457307446313166110e+00
-9.510524214199169712e-01 -9.854150519283968457e-01
4.562885462214131271e-01 -5.292323438729173546e+00
4.330506352102216461e+00 5.133345949447218004e+00
-3.635801050801996226e+00 7.638377200085413321e-01
4.435880924065101816e+00 -4.217344466517954693e+00
-1.627197238397196433e+00 -1.548094699938203256e+00
3.290559679669904813e+00 -4.132520150915740764e+00
-2.497558517863380789e+00 -2.861559031521919039e+00
-1.143278992520843307e+00 -7.971177377632937544e-01
8.814034248638177305e-01 -4.295582182064715759e+00
-5.843368146002283048e+00 -1.653710741656865491e+00
-6.879480072786200218e+00 -4.861353528373097976e-01
-2.737923996015956263e+00 -1.620093307243666070e+00
-2.275530255310933558e+00 -2.230825689362952780e+00
-3.964469865844045149e+00 -4.903284258099100512e+00
-2.065423069683244517e+00 5.573567555238753357e+00
4.772652082299563503e+00 -9.881642944246253890e+00
-2.945895873607706772e+00 6.637311715929370415e-01
3.903492441192904394e+00 3.753550504613655914e+00
-2.543521564527623902e+00 2.229242412573581245e+00
-3.298986890832290797e+00 5.381956552966565610e+00
6.465251190984838914e+00 -8.407972774323102527e+00
-7.720190546306331392e+00 -6.105632148292542416e-01
8.896965078789765613e+00 -3.442742276073783803e+00
-2.869179433774118770e+00 3.946736760977836322e+00
6.712351106139043289e+00 5.636553923618347284e+00
-6.907958399953555428e-01 6.136455859406535041e+00
-1.941792921771856584e-02 -1.416127397223987616e+00
-2.486634020262965539e+00 -4.051701171015423597e+00
1.907262164265063120e+00 4.997875054695317232e+00
6.382530853285344641e+00 4.892750344573769006e+00
-1.779759242871012948e+00 4.528962157692710377e+00
3.931915661828010222e+00 -1.079012983560273398e+01
-6.043936967263269899e+00 -7.807704059216066250e-01
1.062106556742370422e-02 -4.902739719647258632e+00
3.272945218486510432e-01 -4.058518516990457847e+00
-2.115097557333270650e+00 -7.284949850989045572e+00
-5.483332902841775436e+00 -2.573933784284603732e+00
-2.911759699636299104e+00 3.185723128771489332e+00
7.486990705806531032e+00 -8.547116560499507187e+00
1.224204372733085577e+01 -3.007263953924025124e+00
9.700741484252457525e+00 -3.923779277394509712e+00
-6.890742586501181322e+00 -3.154653835366365122e+00
-1.914606474812704962e+00 7.232308790573268809e+00
-5.869478391357956237e-01 -1.569437163767159582e+00
-7.362513810691777572e-01 -5.807608453117677705e+00
-4.808494577973942086e+00 4.960347635712323289e+00
7.002330068129736240e+00 4.299673218933470764e+00
-2.629723542117156754e+00 1.002040382306967903e-01
-5.952752676273719068e+00 -2.429954340828187842e+00
-2.287065978865469251e+00 8.953697384310181917e+00
-1.966754030629132011e-01 -1.778423963551069242e+00
-5.505816589921672666e+00 5.263870516680232647e+00
-3.580643970097796558e+00 8.142605611343428862e+00
-7.285491565985801721e+00 -2.042136712036464630e+00
-5.159977019844763646e-01 -4.787450301792370411e+00
5.680581335121440922e+00 -8.553249650858925079e+00
-5.895623837358973773e+00 -8.293022990136220685e-01
-2.759279598302279535e+00 -7.202630134606984313e+00
-1.515179808587231447e+00 -1.272941030530659212e+00
-6.309636915224149156e+00 4.852995241473896826e+00
7.877352247097523907e+00 -8.691105153788408089e+00
2.348112248893852616e+00 -6.702984079893399283e+00
8.854446221414960405e+00 -4.646462261596305154e+00
3.388054526600311478e-01 -2.854024147943505341e+00
1.120565511071859888e+01 -3.163689941817555695e+00
-2.208973263823685862e+00 -2.568184271879201841e+00
-3.609803921255791970e+00 -6.684011106017070603e+00
4.657695020078384651e+00 2.211917506145292922e+00
-2.032856253830251259e+00 -1.890482525301630856e+00
1.041881460225279099e+01 -3.897358513396405044e+00
-5.516026414582919646e-01 -4.842244124215194567e+00
-1.965778971123227858e+00 -1.685163398055678607e+00
-1.263490521182801585e+00 -5.023993358558595190e+00
6.302228908007248442e+00 5.370258364897265047e+00
-5.082771954617952836e+00 5.385866344928773586e+00
5.397260302153292777e-01 -2.914660259264025832e+00
4.234656759996612507e+00 6.804860835245563067e+00
1.141673155125725536e+01 -4.598543029436605423e+00
5.716243809164963885e+00 -7.937065356590950138e+00
-1.869822189093611531e+00 -7.934328615291077469e+00
1.098573114828627073e-01 -4.690536933065190262e+00
-3.170178206205016558e+00 -3.727471189964143505e+00
-2.576404467405613019e+00 2.885690234047912028e+00
-1.590719628590319346e+00 -2.525293669266720720e+00
6.807290114205524212e+00 -1.143754024954704640e+01
-1.903068899440695905e+00 -1.020508285171930041e+00
4.186650244999638559e+00 2.205764696224754129e+00
4.671272504681449611e+00 4.506896236593843419e+00
5.064538553377960994e+00 -1.244040175701876194e+01
-1.013935931391757750e+00 1.073034050151029817e+00
-4.418317273359466668e+00 5.269148712334319917e+00
-1.622255286403536889e+00 -5.858487791010594137e+00
-3.423654405778677301e+00 7.924428942396904318e+00
1.222012258278980923e+01 -2.419038121437459665e+00
-1.055990698189199106e+00 -4.333212308132118551e+00
-1.209808777788638379e+00 7.627831693795261714e+00
7.950542935332413741e+00 -4.366235380963524371e+00
-5.419543452626437663e+00 -1.993208336710926787e+00
1.418277827314318174e-02 -4.660241819584138412e+00
8.605507604146489520e-01 7.885879686220034657e+00
6.048069348195543427e+00 4.749383502816062474e+00
-4.362452196059184217e+00 6.080953262770448120e+00
6.965774297129859072e+00 -1.066979319749894017e+01
-5.425303086538637132e+00 5.759642316894847625e+00
6.440189625510459592e+00 -8.385467056798907137e+00
-5.945039442572411126e+00 -8.115808179553946067e-01
-2.885309739930338679e+00 -1.913825056002724789e+00
6.627691909171998574e+00 2.928127595622795010e+00
-5.932182923410717734e+00 1.155370585402639705e+00
8.785046116539110272e+00 -2.497307477284302912e+00
-3.135138440026790985e+00 -1.693123856105422709e+00
5.514492896670139643e+00 5.531927848525009850e+00
8.699899839418762326e+00 -3.349573568668746226e+00
6.226552173034201054e-01 -4.537331477406132407e+00
-4.747104915392985625e+00 5.660036936592310219e+00
1.285861297043157325e+00 7.926026279575144606e+00
4.611059747404611997e+00 6.566270866157371877e+00
-6.237063654933321821e+00 -3.419910398342431712e-01
5.890869486175536629e+00 4.133296087606329827e+00
-8.012540669030346896e-01 -2.799101955976388556e+00
-1.302814985004861814e+00 -8.130294272196958438e-02
3.148497539164947678e+00 -8.951585407207016232e+00
-4.127041204615448322e+00 3.326348603326316766e-01
5.466023733361758730e+00 -9.759691073429511476e+00
2.916534117511157653e+00 -2.797806888393053804e+00
-5.730852836652696070e+00 6.618871930500809242e+00
4.279633772324224594e+00 4.108244512615208954e+00
-3.605480287864671229e+00 3.820699527692219100e+00
-1.034811377924671483e+00 5.285137721106724307e+00
-5.353235246754914023e+00 6.469856933449087411e-01
-4.502997008479432850e+00 4.458223275081400594e+00
5.433155290383987257e+00 5.336466374215783404e+00
1.019423777789733876e+01 -4.574154167606898191e+00
-3.008008960827912581e+00 -6.216091909886960920e+00
1.598204064265662527e+00 -5.479337263013830395e+00
-1.473217037202171342e+00 -4.916803093058628171e-01
1.001573571616724934e+01 -2.627167230803576725e+00
-1.231258390235961508e+00 -4.215092956952042891e-01
-3.181841192743079638e+00 -1.268577562769509282e+00
-5.764217022530284673e-01 -5.539419571779986562e+00
-5.098217015268220464e+00 3.117782010620245181e+00
3.586247656339772050e+00 4.588151964193547094e+00
-9.634610490478738853e-01 5.462241184535177041e-02
-5.828934380059293652e+00 -9.785882623050945472e-01
-6.346906928862696695e+00 -2.561758899509281484e+00
9.795014399116144688e+00 -3.158901730953873166e+00
1.069826714349078678e+01 -5.257144295720914684e+00
-2.779623453792205989e-01 -5.999489799049834815e+00
2.980990799772391675e-01 -1.587120541223890902e+00
-1.246723181438676331e+00 5.316322070799022192e-01
1.239751039936621835e-01 -4.124686085952286696e+00
-1.423220910606744161e+00 6.966114630153882104e+00
1.223697484218480014e+00 -8.746310825632878760e+00
-1.252442854936967054e+00 -1.936280626659735882e+00
6.735696992700788144e+00 4.023628899428581818e+00
-1.397218580133531951e+00 -3.507117246150772250e+00
5.841751990083383639e+00 4.166352832736291312e+00
3.848516338947266746e+00 3.680052514022323251e+00
-5.992050784033642330e-01 -5.624097341812512418e+00
8.909001965760396047e+00 -4.193923293100704441e+00
-1.592013033028169655e+00 -5.414430672326533411e-01
-1.540561835232785004e+00 -5.172247373488604083e+00
-5.290310682925231767e+00 5.478271457377337228e-01
9.936337796354082208e-01 -3.850024273939483876e+00
-3.640314796289650268e+00 -3.794223447423676898e-01
-3.496297839044246292e+00 -1.521955398829780703e+00
-1.184255277082614022e+00 -6.997203849551754118e+00
3.690846564794122653e+00 -8.292884217338727382e+00
-4.264437052416027996e-01 -6.521322072658773950e-01
-8.466026585710137997e-01 3.893619433343679770e+00
1.193306300279325072e+01 -3.320483148891889336e+00
3.470244213261796107e-01 -3.929802760399573103e+00
-4.430296274577655069e+00 -3.809230061841968329e+00
-3.538524346967569567e+00 3.230736770309977857e+00
-1.562629644008194818e+00 -8.452980623884058797e-01
1.087181568121389041e+01 -3.530411890278765785e+00
9.119551371086518365e-01 -3.910304028860215553e+00
-3.731423843742492252e+00 5.700172699176310864e+00
-2.931904390056591758e+00 -5.903561586954376494e+00
-3.761013065423825186e+00 -2.150744582325482934e+00
-2.965905675526348872e+00 -1.464718326587055364e+00
4.399253061227117456e-01 -4.616748437104097214e+00
7.124397904672722603e+00 -1.052506817132327299e+01
-2.678479663469430783e+00 5.884057950190673125e+00
-2.093711985541691245e+00 -3.379364068417149536e+00
-6.938656006302293955e-01 -6.309021619387545243e+00
6.739435142200289164e+00 -3.937339711335584358e+00
5.122923317164337575e+00 -1.031538557409551871e+01
5.238257026488843948e+00 4.209752025183468582e+00
-4.627267162524066890e+00 -1.218112615084773642e+00
-1.324342909288966919e+00 5.988624819722065951e+00
-5.277817848005307511e+00 5.566466704307654112e+00
6.623518072481076047e+00 -1.196548746540080543e+01
-1.489009097032567563e-02 -3.486951272803022306e+00
-2.994170516961603745e+00 -6.425191349073464231e+00
-2.782412934103631219e+00 5.683045827119626026e+00
-7.512958707069392617e+00 6.631708520620954062e+00
-7.065530094732095812e+00 1.895453130709175316e+00
-2.033832531218730200e+00 7.255444470807503876e+00
5.166217555112300186e-01 6.283903457444069751e+00
-1.685269824937344341e+00 -7.044848650785571209e+00
-6.878251453695684248e+00 4.853569808578677147e+00
-2.441110585930024612e+00 -7.033351786817823026e+00
5.258296177137734340e+00 6.283754050884437170e+00
-2.116450569673966164e+00 7.702143495125524097e+00
-5.299062455644726555e+00 -1.914860006605742626e+00
-4.323381318897338232e+00 5.443216855359615636e+00
-1.698497379060064816e+00 -1.955518458717961483e+00
-1.857733536952216546e+00 7.474936680171006209e+00
-5.953118811075771788e+00 -4.327260478818344414e-01
2.630108549436600107e+00 -5.154411477922860918e+00
-1.403505009281178273e+00 -1.772514780575255910e+00
-3.572617312143952617e+00 4.275763765333561395e+00
-4.637061115508176457e-01 7.444574392311104738e+00
5.586169968988200729e+00 3.268618827439353058e+00
-1.471409082988173189e-01 -4.416017209617495887e+00
-2.891538464817597465e+00 7.000676892983261013e+00
-3.796363606522362932e+00 6.884223874248097452e+00
-6.942844793302602735e-01 -4.788233454780658427e+00
2.451125779007721217e+00 -5.422458407425151172e+00
-7.152445903388588988e+00 -2.011259358922037777e+00
-5.911492125213301918e+00 3.934225998359831333e+00
1.858106890123778498e-02 -6.439070017891287634e+00
2.574181946603934179e+00 -4.456734850201995002e+00
-4.931684032270489126e-02 -4.726117941678032786e+00
-2.523148076810119989e+00 6.143475249831756635e+00
-9.288979454736234764e-02 6.138029197344536669e+00
-6.379536460791188190e+00 -1.545976654774277037e-01
-5.868314358964687116e+00 2.490366197064739495e-01
-8.965330413628953554e-01 4.200761306630432124e+00
-5.284376416309548574e+00 -1.328093138993425404e+00
7.023624281157885285e-01 -3.925420714110144704e+00
-8.595878785023258750e-01 -5.758853020886051333e+00
-1.599461963181027624e+00 7.443402350993796546e+00
6.117037809130978054e+00 -9.141886512212478166e+00
1.034240722422076786e+01 -5.735620897761486425e+00
5.987871354602993357e+00 3.391386323845766881e+00
-3.804952565951156274e+00 -2.164129815710004845e+00
-1.750492222317883817e+00 -6.758436779442418274e-01
4.467837020703803397e+00 5.286311663453707510e+00
-3.626312956189404080e+00 -4.714278855949599389e+00
6.670474628276052975e+00 3.962417562487889455e+00
1.019323855036041593e+01 -5.927702052651369513e+00
2.110012649674113394e-01 -4.156372820528705603e+00
-1.863655422184149701e+00 7.755634159417681417e-01
-2.736720786699387453e+00 -3.726244840667269909e-01
-2.794824955398785171e+00 7.860337582199560025e+00
-2.601244911161457729e-01 -2.674235296679246421e+00
-4.308955865281172137e-01 1.278072043391285995e+00
-3.573430386945143145e+00 1.002082871480253701e+01
6.016432955383031356e+00 4.361153889397632710e+00
9.837039643821139379e+00 -4.647531580603651236e+00
4.643483325727276068e+00 -8.830141709094609936e+00
4.779779753939578768e+00 -8.586358393008909573e+00
6.528530133517167044e+00 3.784333457604851070e+00
-1.858336064027116485e+00 2.479618735354031100e-01
6.125906813164249343e+00 4.233892960651118642e+00
7.009304433240079568e+00 -8.040626172494615531e+00
1.095472102600419362e+01 -4.537652958250929736e+00
-3.332056286205292039e+00 6.051176473046032456e+00
-9.830241524932217256e-01 -5.229504481285290218e+00
-6.201109474745128303e+00 6.224758934080041328e+00
-4.694630208388241854e+00 4.573244025474436647e+00
5.722399151901615966e+00 -7.483681743172629020e+00
-4.960720427327236060e+00 3.941297373301346330e+00
-3.382122038947551701e+00 8.875045333306383899e-01
-5.374246465393668348e-01 5.160881946928704167e+00
-2.902821635771227538e+00 3.753405174104813113e+00
-1.834800053711723500e+00 5.990351636635044663e+00
-7.019217105607657992e+00 -3.402495289174994886e-01
3.421165383925793169e+00 4.003035411157466861e+00
-7.698900170545661670e-01 7.897008172965239048e+00
-1.953887080256783149e+00 -1.319957729513200118e+00
5.025764695507712432e+00 3.528830510520567287e+00
3.680657336456290452e+00 -7.967588985265225965e+00
1.110935214361442824e+01 -5.510803942087061813e+00
-2.000411270345223702e+00 -1.694354552908872158e+00
6.282534483456807983e+00 6.465198629703781563e+00
-3.390849555176696839e+00 -7.892941676432844389e+00
-5.176255430569214333e-01 -4.989980339387455111e+00
-3.976319438368587367e-01 -2.089478948136493486e+00
2.203997945952965942e+00 -4.432516511979846641e+00
-3.536219381592411892e+00 5.887620241852733471e+00
-3.378435805704657291e+00 5.992674529794734362e+00
6.730564648493798430e+00 -9.350906938946007330e+00
-1.914749512115636820e+00 -4.452330880549122405e+00
-3.131733183863218084e+00 4.611794234973848106e+00
2.489956097295948467e+00 -9.338347409157590207e-01
1.461108268626397866e+00 -6.996031401972018671e+00
-3.730969596051600057e+00 -4.287794097136646276e-01
9.724035745384222551e+00 -4.306342956322110282e+00
-7.273678527463568244e+00 -3.066243327857756107e+00
-9.937296328177461779e-01 7.005870649658544558e+00
-2.478568322369097299e+00 -1.720137251452402039e+00
-1.713902155220384582e+00 5.530514922830501057e+00
-2.010443184503927228e+00 -1.395707323206944128e+00
-6.249176289916677618e+00 -5.415695481287676749e-01
-7.223058012337949529e-01 6.453681310081298861e+00
-8.346065469007726279e-01 -6.894178930246003034e+00
1.627504763052702197e+00 -4.494906682985526203e+00
-4.480766164630982651e+00 -6.380748629132505734e+00
-6.404906444965705603e+00 -9.796149606546806776e-01
-1.572992231410643260e+00 -3.234829165386290395e-01
-2.375041003389367411e+00 -2.672728023470847702e+00
-2.803083329072015850e+00 4.465938201689352738e+00
1.173427593022385373e+01 -3.136168881299322919e+00
-1.263180628007620765e+00 -7.497868844249321540e+00
-1.412031050625166317e+00 8.781743451019057289e+00
1.037002136105545880e+01 -3.658462892725874216e+00
5.282778333794559966e-01 -7.724322940343828492e+00
1.011758382326766847e+00 -6.745646033359343541e+00
-4.173563992990468208e+00 6.905131695910816880e+00
-3.144280201639318761e+00 -7.784913077174390184e-01
5.529144150968989813e+00 4.208299544751072041e+00
-1.667682708678872361e+00 8.535080395943410725e-01
4.053861692334672640e+00 -9.071842487950917189e+00
-1.605310054524075936e+00 5.141122853505621038e+00
-4.326975762577879969e+00 4.684351961981773727e+00
-9.635041969094114478e+00 -1.910972832348295736e+00
3.830896478868838884e+00 5.835475270261333947e+00
5.370634603008106467e-02 7.278572513240706421e+00
9.356457622557435627e+00 -4.662447827875451978e+00
-6.465109721010013466e+00 -3.212648786796595601e+00
5.006751988084280569e+00 -8.266627420124258663e+00
-1.031641555920032038e+00 -4.254584991116079351e+00
-6.838461073781523680e+00 -1.410521389599967312e+00
-4.167213047379869195e+00 3.953831951731380023e+00
-3.595188077216995737e+00 1.834813168727203347e+00
-7.046056253615224030e+00 -6.023030536490725506e-01
4.282740384303187042e+00 4.469266295287878776e+00
8.127664336034663428e-01 -7.057854428035170713e+00
-1.141901020545268652e+00 -1.762959729268611664e-01
-2.244509439469959844e+00 -4.894407788317550967e+00
-7.293225719621549974e-01 -5.149260448820137448e+00
5.250507896702987232e+00 -8.827926762735261335e+00
6.306704270471401585e-01 7.347642503894575405e+00
-1.836893154241566739e+00 -4.570425202614467608e-01
6.757517325276789499e+00 -8.456335407760656508e+00
-2.604860084594174285e+00 -3.001719907427741196e-01
5.279725379292072418e+00 2.632849250664243357e+00
4.994097492617471268e+00 -1.219407558625886345e+01
-6.284094565370004659e+00 -1.052364736719163307e+00
-5.247482123477768212e+00 -1.103282779498691024e+00
-2.019529128967524567e+00 -8.138608364408126405e-01
-8.496845118726634727e-01 6.074091720148907747e+00
4.252288643429443127e+00 6.335753023299355746e+00
-5.077828768643744439e+00 -1.567942927708523282e+00
7.961314662048080137e-02 -6.109740145102533049e+00
-7.889733888405174866e-01 -5.926702258245232002e+00
-1.759050115883963539e+00 5.622796593563754719e-01
4.686377937322143694e-01 6.607658364421768127e+00
-2.078739164678477191e+00 -2.639764644270883309e+00
-7.074789545574696747e-01 -3.198625509190460292e+00
6.946240739091980032e-01 -1.200629756411566662e+00
5.283940405464714551e+00 4.952473722858188765e+00
-1.255373758387286598e+00 7.961433038192926581e+00
9.341057241411041545e+00 -3.487936413493867516e+00
-7.962979207286225325e+00 -9.478779754072323982e-01
6.916944419447553116e+00 -9.365103860039170058e+00
-1.888333365835468403e+00 6.749454045608616060e-02
-5.576665793134075066e+00 8.853893440514393198e-01
7.063118736285887600e+00 1.990500094308891743e+00
2.977982969727221096e+00 -3.544252879948873503e+00
-8.601760295220237662e-01 -2.465807100805613938e+00
-4.285860701371956294e-01 6.458112219272751808e+00
-3.798418618294959970e+00 5.586352045800961008e+00
-3.675266289595340297e+00 -7.836310294814529342e+00
2.359736481475782632e-01 9.169317097596342947e+00
6.263188468173002121e+00 3.007176210647129366e+00
-1.302901098635312227e+00 4.067897997386563880e+00
-6.190338285946328511e-01 5.871163920898514910e+00
-1.221841709241671792e+00 -6.341067319882544240e+00
-3.782776926390771344e+00 -2.477007464275957638e+00
7.176441021859572444e+00 4.746723872827735669e+00
-1.025882599396539474e+00 -5.809408127323445470e+00
-2.668979243613911034e+00 2.187091922793872101e+00
4.863272159080717083e-01 -4.051335035798219408e+00
1.924743440536767380e+00 -2.113238674260182748e+00
8.725357599435465517e+00 -4.665913665224598716e+00
5.571898097909728342e+00 -1.030181754519207971e+01
-1.320518697433219701e+00 6.555374687282703228e+00
-1.299769086699647413e+00 6.302557946103243935e+00
7.455204928759473937e+00 3.856975053548699517e+00
5.961338451791806659e-01 -3.939089343230655071e+00
