9.854286277330809085e+00 -5.882909454361511692e+00
-1.949443180826990307e+00 -1.095904348342062296e+00
5.049630874473898245e+00 -1.002547454043400776e+01
-1.286117020688873014e+00 4.285571106587292789e+00
-5.723801723077141190e+00 -5.997827516594921304e-01
5.665039216065590466e+00 -1.037413878557244118e+01
2.123239603440656431e+00 -5.263180259737733735e+00
-7.235782947091150552e-01 8.612097410331736924e+00
-7.050273771472254758e+00 -4.774369329265599760e+00
-9.034019461074831447e-01 -5.764233371049866328e+00
4.880928445456881093e+00 1.392155273974691632e+00
4.207266291173623607e+00 5.977488735210342519e+00
-1.617031998048594765e+00 8.957084333152098843e-01
-4.059743295208994240e+00 5.795662975326592026e+00
-1.210089506586224717e+00 -4.948044539205342929e+00
-2.191609784993917565e+00 8.675996729311563627e-01
1.013237817257108375e+01 -6.220970811940236267e+00
5.874081459885419854e+00 3.023541664774553439e+00
5.085871860047248560e+00 -9.234674820608811174e+00
-1.519840014208753143e+00 -8.092357419331056567e-01
9.795809036594507191e+00 -4.693947551345890368e+00
9.767635436120228221e+00 -3.897338014278119989e+00
-3.528633954620794100e+00 -6.715670085748878249e-01
5.005991162742659206e+00 -8.013165427566226739e+00
3.155651857523435577e+00 -6.582953555503781473e+00
5.646304148153473257e+00 -8.522139769619213823e+00
6.514964068003894937e+00 -9.174254617191239802e+00
-2.521274478574269562e+00 -1.068973101597954667e+00
8.055250526573111358e+00 -9.315341553457619383e+00
-2.204385871672978059e+00 -1.556657431353921206e+00
-4.200957008371035251e+00 5.182470116290276430e+00
1.146476269354043076e+01 -3.492544291669911871e+00
-2.318475748147365678e+00 -4.404298974663438671e+00
-3.949728155266507557e+00 -1.578647733163895950e-02
8.564896026658043837e+00 -4.287772600944153467e+00
-3.285895657043830020e+00 2.549932207041087917e+00
-2.056756259679268339e+00 9.849017256643508134e+00
-7.104895760879511357e+00 5.124491461123211522e+00
-3.012549220342979339e+00 -3.810293110458775057e-01
-2.332039784098800972e+00 2.624762857889938461e-01
-8.666039005932740125e+00 -1.415427046778181097e+00
-5.397990606446736450e+00 3.924619191598208268e+00
2.241600415304554339e-01 -5.474536699989295485e+00
-3.965513316103621122e+00 -8.301011469267631782e+00
2.008769721647177597e+00 -4.428068585167943105e+00
-1.296646539682150934e+00 7.334874567509228172e+00
-6.383410520184588322e+00 -2.897876312693804302e+00
5.379514928784641548e+00 -8.776116731126514026e+00
-1.327166183831909763e+00 -1.371728109196464818e+00
6.203733365958243873e+00 4.240226477935455485e+00
-4.675645076247469945e+00 6.172891045365206608e+00
4.821855888226836306e+00 3.592862062119294819e+00
-8.137806354537914899e+00 -1.035985640921293083e+00
-3.426321040511187022e+00 -1.442123095488614837e+00
-2.452136758634720248e+00 6.874973739730247502e+00
-1.366865254564985310e+00 -1.315106404222808667e+00
-5.230407920685333778e-01 1.480818674608898267e+00
-6.870168103117177960e-01 -1.886903501207134237e+00
8.938849531117782021e+00 -4.764554440253654377e+00
7.903354404355830809e+00 4.051243684861532302e+00
1.071961736549099697e+01 -4.437539715171524790e+00
-2.701726999832751996e+00 -8.787169509597678729e-01
3.187563622317706180e-01 -4.098720667304988297e+00
-5.296535735754797969e+00 -2.099451569383114169e+00
-3.642063595447608826e+00 6.960136032951329099e+00
5.763824492782609887e+00 3.536551579817589719e+00
-5.316745963642460104e+00 -1.256310513397244089e+00
-1.757763286146403869e+00 7.155075485470696606e-01
-4.210198543575200958e+00 -9.484011757865877801e-01
-2.019520498883854209e+00 -2.879463548502956272e+00
-3.386324133256189306e+00 -2.210549291364603874e+00
-2.368479023816228324e+00 6.918893003256298080e+00
-3.039121114759940845e+00 6.384653427260913006e+00
-3.130300596181441186e+00 -4.505570062472791903e+00
3.983828269867247585e+00 -8.382363715810440041e+00
-3.935263366158092246e+00 4.536420011942812636e+00
1.044251961581745825e+00 -6.412630881014438344e+00
-1.077215973694839235e+00 -5.621823493637820413e+00
5.286631521959899160e+00 -1.065065990832804665e+01
7.782854227862586072e+00 -1.120868740259240326e+01
4.720535355652618392e+00 2.529311095782225571e+00
6.689926100679892684e+00 -1.165060839073028909e+01
-1.183953929371623248e+00 -6.345339939880402902e+00
3.244274537020229943e+00 -4.548853149664324746e+00
-7.648480402063908556e-01 -2.350231323882422174e+00
7.385610470306788855e+00 2.507432699660122832e+00
-4.279556196941550539e+00 1.215483643337528452e+00
-1.098934050352738501e+00 -5.524084952858999920e+00
5.140338803949680013e+00 -6.231118252006834446e+00
7.164948910646752545e+00 -8.803805890139861035e+00
6.769381425427946297e+00 -1.106066057428722793e+01
-6.514924586688175090e+00 -2.652752948259283539e+00
-2.479035881015098752e+00 -8.551972051256029328e-01
-2.345171466845883401e+00 7.842531738496225202e+00
1.543223984155686068e+00 -2.687988614570293144e+00
-1.569626922018322768e+00 6.342726890353032942e+00
-3.492583918850427516e+00 4.735473494786980098e+00
-1.313143551111907836e+00 5.139943845522136456e+00
1.164405585733362836e+00 -4.161610671766449165e+00
4.591329438011362285e+00 -8.754553620177771833e+00
1.065522497636739452e+01 -4.081832637196760594e+00
-6.910925722967564688e-02 -5.497885979723904804e+00
-1.352003045960692651e+00 -3.418049475834892270e-01
-6.080136147600679664e+00 -1.361326766759167750e+00
-6.856391399536660103e+00 -8.611005408440399744e-01
-6.466477681836430236e+00 -3.538887087962679701e+00
5.660020692575724155e+00 -1.046576678237175528e+01
-7.719432653770224917e+00 -1.123632830407615968e+00
8.894783344273511361e-01 5.236516952086646803e+00
-7.467464990497028055e-01 -6.387803707849629475e+00
2.885212898324278630e-01 7.270890308522452550e+00
8.531272063790590110e+00 -1.428627844716070072e+00
6.054041542993151559e+00 -8.018095102996632306e+00
-1.803537646292721508e+00 7.650702824741093977e+00
-4.251217253311523336e-01 -3.962312681111556323e+00
-6.478741914980445493e+00 -3.446631935897734422e+00
5.679021059031970964e+00 -9.647012658763875592e+00
-6.069189758164852400e+00 4.913968745402307547e+00
6.754101349252501052e+00 3.353019181078299660e+00
-7.071119818402552326e+00 -2.586481818898928253e+00
6.432704641024955095e+00 4.788121358425561525e+00
-3.631456454416484014e+00 1.031249859706344640e-01
-1.771200910000307882e+00 -1.747258331876060833e+00
1.041649029349643918e+01 -1.809476286788290089e+00
-8.762474133222537542e-01 5.127104395421284266e+00
6.771127388913087408e+00 4.456486955186759857e+00
-2.671765233559102892e+00 2.921460503807121523e+00
-3.100720933730082507e+00 -5.734033239479909838e-01
2.942812595983754775e+00 -3.944887186411596858e+00
-3.972054990622169157e+00 -1.733648586307271033e+00
5.873282011955918591e+00 6.067425471803678860e+00
-1.691705043186406243e+00 6.191157110760361348e+00
2.736890365660030966e+00 -4.778574156547815477e+00
5.586105319079401887e+00 3.765904288992864224e+00
-5.620866267558493057e-01 4.984536486754158169e+00
-1.350038616891344523e+00 -2.363013749859380841e+00
-1.286377896150388445e+00 5.496761823550785131e+00
5.481522962261853316e+00 4.458300230187253632e+00
9.951581066328392566e+00 -5.019267695154846720e+00
1.101272336593225099e+00 -3.226890942440073129e+00
1.052809600809908197e+01 -5.143617221925352645e+00
-4.484165938191170042e+00 -2.117074013716591097e+00
-3.489720820635885623e+00 -1.454605118288884169e-01
-2.676019984109232031e+00 3.952846430105058317e+00
-5.859017331724732713e+00 -1.196748865956277275e+00
-3.995177121118559604e+00 2.845253852723534926e+00
-2.624785966572625640e+00 1.278874139672715016e+00
-4.520384246410779738e+00 6.468083086442291574e+00
-3.364692359341223238e+00 -1.517527003031876154e+00
-2.932333501622536032e-01 6.302994976277677353e+00
-2.196970983983152603e+00 -4.977939324021263268e-01
1.476154958166426834e-01 -2.931223335026447607e+00
-2.090427214226405539e+00 4.491100657581355904e+00
-4.398590920387357883e+00 -6.725703635247604062e-01
-1.464308306620776268e+00 5.616025107648119352e+00
-8.366459320759375151e-01 -7.227881180341247713e+00
1.374350655022114953e+00 -4.359726970701290227e+00
9.337475088226948827e+00 -2.773967397936004886e+00
4.592195333350602482e+00 -1.063267077435191688e+01
-4.178808996059277803e+00 4.181957532002185118e+00
-1.758167869010532902e+00 2.342776630679955563e+00
1.314185174411184764e+00 -3.618981733502333764e+00
8.198387991898895777e+00 -9.640653706724709338e+00
-3.586672090514106070e+00 4.069693001723473813e+00
-2.080802610384108409e+00 -7.302096921314454869e-01
-5.899728561169542695e-01 4.956732472836906211e+00
-1.857102041296100126e+00 -1.767285703650632422e+00
-5.400167218370213185e+00 5.141487401453550987e+00
3.807405923860650798e+00 -9.184155511920751636e+00
-2.490086370330634402e+00 -3.617186590562744719e+00
5.117416818269573398e-01 -3.972080736256682343e+00
9.269475294510428398e+00 -3.967409410739822562e+00
-5.438603896751854627e-01 -1.051081019974904107e+00
2.318229810809215863e-01 7.285332221228586036e+00
-3.703371784424968727e+00 -1.934652952345969013e+00
-4.806934279445029823e+00 5.645430997419675023e+00
-4.235310613033307803e+00 -9.754892125334251318e-01
2.568491595757278034e+00 7.173555854961323419e+00
1.918915193850044831e-01 -3.829905289745061392e+00
5.770779526210151111e+00 2.835888343294453051e+00
-7.755341827731320192e-01 -5.156754412935363518e+00
1.257951524044662683e+01 -3.912913788949869964e+00
9.946828182721867861e+00 -3.208005216915282620e+00
-1.198100415263877228e+00 6.281567340105445041e+00
-4.244649007568696675e+00 -1.596494368598708524e+00
4.093721900529867952e+00 -1.005724932134435079e+01
-4.757045199156939574e+00 4.807035558905305095e+00
4.937834265952698587e+00 5.083489630630078970e+00
5.820553902939777924e-01 -4.287574839748243605e+00
-7.650990050010865851e+00 -1.211745216713030038e+00
4.887786899060577284e+00 4.854517058037672861e+00
1.067360844125185615e+01 -2.646515642245421240e+00
5.397393954637783153e+00 5.293675310203203921e+00
-1.539264565440270349e+00 -6.043883972170697838e+00
-6.448503716040890232e+00 -1.616657304209541346e+00
9.980097861029618045e+00 -2.923123385832173682e+00
-9.500320244907900502e-02 6.168328671630613158e+00
-7.260111057145873126e+00 -1.122438957555110806e+00
6.245109314769003106e+00 4.872267041917246466e+00
6.260292133250531244e+00 6.696605358803608965e+00
-6.084994676878192621e+00 5.256571275804319043e+00
1.754289597944325818e+00 -6.298072024335672481e+00
-5.396736366861324186e+00 -3.383600244932171375e+00
-1.379013439862494916e+00 1.326449988082287756e-01
6.948520677507134202e+00 6.884205779790409707e+00
8.832843530626217188e+00 -1.852155106957769304e+00
-5.872873493143935697e+00 9.858204621637218779e-01
-5.960238448013658541e+00 2.289083556307428768e+00
-7.189439385742511845e+00 -2.518620406386009591e+00
5.296715783579931447e+00 -1.142444357871530514e+01
-2.643753212381556139e+00 7.056843782098895623e+00
-6.213775058696517917e+00 5.142340737181926968e+00
-1.766203445812929651e+00 -2.395641526275997357e+00
7.745386209790254384e+00 4.563826610943685580e+00
-7.796313146434159513e+00 -1.058799053949480928e+00
5.643453558922883140e+00 4.791805480027491626e+00
1.200187744738523854e+01 -3.789584229925040404e+00
9.034887505799572338e+00 -3.070160776672723912e+00
-3.303375986027319300e+00 -1.152976914332765945e+00
9.095387052170169184e+00 -3.388083316118795540e+00
2.702797492960870240e+00 3.602161577490341049e+00
5.380587328576365458e+00 4.625441801334009284e+00
5.877105710916847414e+00 -9.372499352139803008e+00
-4.240697796078891635e+00 5.053216402590028800e+00
-1.069383212219702450e+00 5.066086901509923912e+00
-8.111145814453177394e+00 -6.356833551549065930e-01
-7.389255020649843964e+00 5.220672682071263004e+00
-2.791446871399076102e+00 -6.125751716218861276e-01
-4.412278532486531013e+00 -9.976834318898654130e-01
1.145862147875780401e+01 -5.173323142460750645e+00
6.749897359893132887e+00 -7.039173547432841183e+00
1.114754704692276199e+01 -5.807634570441551958e+00
-9.078425401141430040e-01 -7.837667633689022750e-01
6.211236852465281011e+00 3.943713713666042064e+00
2.600889352330278737e+00 -4.346026017365121064e+00
-5.018806334866578567e+00 4.080653063798754587e+00
-1.120304695956808150e+00 -3.082236707041486667e+00
-3.442392661207637872e+00 -3.801124844080139731e+00
-2.435329880852544981e+00 -1.941495998765990993e+00
9.402537702814298015e+00 -4.662088981662792619e+00
-2.933268988061148441e+00 8.363908516490953460e+00
4.600251475530377832e+00 -8.909741259784336620e+00
5.769114425719561456e-01 -5.317489538242888614e+00
-2.457284060547269000e+00 6.263576909411993299e+00
-7.331478401217214724e+00 -6.899262345786382200e-01
3.412554609358126712e+00 -4.070210322678475379e+00
1.339871971205133683e+00 -5.800909506480902422e+00
4.125481730087759757e+00 3.936392499504725695e+00
-4.953701305034906355e+00 4.797884742122435320e+00
-3.079233566429838476e+00 -2.476455206423609390e+00
-9.988591053669533260e-01 -4.833959876735616668e+00
-2.952493225685755007e+00 -5.974862500224650042e+00
4.714806823730982366e+00 -6.315063006272985113e+00
-2.951174083621394661e+00 -2.473541281922867263e+00
-4.315326841481958553e+00 -1.382659732899806038e+00
-2.138526152155973747e+00 -1.834569315832823566e-01
-2.168478748612737483e+00 -8.782641255314100448e+00
-7.168215800293507023e+00 1.060959562247125287e+00
-9.849623442969243081e-01 -5.359938878119356431e+00
-1.433566363489006124e+00 2.695742616422382110e+00
-5.775554268210304265e+00 -2.199380813416569325e+00
-8.314172139281805762e-02 -4.656128499170951507e+00
-5.598084683885049539e-01 -6.402346901537725898e+00
1.120760265136276779e+01 -3.341545440064030537e+00
9.592003068205306349e+00 -2.971079800010826055e+00
-2.460478074341683641e+00 5.946346432244792091e+00
3.884692247787294050e+00 4.197597499075432559e+00
2.755851184176725255e-01 -3.719067345626627219e+00
9.143346470302819995e+00 -2.866946648353134286e+00
-4.176620592705476476e+00 6.759441093280331714e+00
-5.510095394550862835e+00 -1.105078905805131795e+00
5.805979958478660663e+00 3.993231059855726794e+00
6.554276959656366586e+00 -8.462582385887474246e+00
5.317688779132897281e+00 -1.036374471924976426e+01
5.214858950877290233e-01 9.778820415963702217e+00
7.010359761267112688e+00 -1.149104338413103754e+01
-1.599207801949146468e+00 -2.670315599165221432e+00
6.537396336312740530e+00 -1.080968642181327510e+01
5.149813534616391131e+00 4.266003754013182991e+00
4.993901609726914437e+00 2.684931388542268760e+00
-5.524593184334840146e+00 -6.287970795095351173e-01
-2.404052955047238260e+00 -1.879942515586687790e+00
-9.937021431988850573e-01 -1.881153792918454304e+00
1.096990045718109208e-01 -5.218380848546593676e+00
5.059113210331064536e+00 4.931624429780692154e+00
-3.705536675997729290e+00 5.069883515306965016e+00
7.426271649838019684e+00 5.625180169685624954e+00
-3.412714748672544651e+00 -1.838463730954583042e+00
4.742951026968977857e-01 -7.853706634886638227e+00
-6.273147406847305874e+00 -3.020586143318332528e+00
-5.506705153862908375e+00 -1.779297270800766384e+00
6.093624055107134119e+00 -9.388415770590148313e+00
-1.389194304258869916e+00 -2.855554071501046121e+00
-3.506775668343607322e+00 -2.040808952793803144e+00
4.838680862454498022e-01 -6.098471121676346307e+00
9.120919807001737212e+00 -2.970753258780026052e+00
-2.291740398970961934e+00 6.705462423549026774e+00
-5.542067773286964538e+00 1.422896802247673786e+00
6.161151907705975095e-01 -6.118689015155627686e+00
-4.223769525931484026e+00 -5.931520484498590262e-01
-5.335734386764488413e+00 4.381062660848398238e+00
-2.342147787931902148e+00 7.938816601702482600e+00
9.958630092770535569e+00 -3.644282405548753712e+00
-4.923282721489878000e+00 6.401183133260664349e+00
-5.690949880403328720e+00 -9.450740738096199411e-01
-1.959800422426739352e+00 4.930403472030688405e+00
-8.014284047719179682e+00 -1.407118962312509769e+00
-1.662361315926762506e+00 8.336187865615675818e+00
1.069446454535647995e+01 -1.871440553356813474e+00
-1.128950854373130142e+00 6.116364725775242928e-01
-6.109647298405320726e+00 -1.698549217783456244e+00
8.932635868313115068e+00 -5.227658421881450579e+00
-6.213831296905769630e-01 8.463132395368377914e+00
-2.068741526414021425e+00 -7.669981440571135289e-01
-8.655776004511395172e+00 -3.436391605656687442e+00
-1.970185947527208103e+00 -7.172757239985437794e-01
4.441138801941294290e+00 4.665681190209248541e+00
-3.811457827656715480e+00 -5.492616660370932546e-01
-2.414625944379413358e+00 6.091342809113427847e+00
-3.357930906150438766e+00 -6.287630539860447065e-01
8.166972990346652139e+00 -6.811141491092657319e+00
8.374472705762038061e+00 -3.308020507389545450e+00
7.081708886023138305e+00 4.383456654834931854e+00
3.547961433956054123e+00 -8.885512037751256642e+00
-5.171833871516160919e+00 -3.645497835498280548e+00
4.952987872417971893e+00 -8.928616636415661389e+00
1.034520249897811972e+01 -3.805793174883585372e+00
7.835334435810326070e-01 -6.003124310669577746e+00
1.160365630917469559e+01 -4.526402089695327646e+00
-4.350699868171520102e+00 6.719336475705918410e+00
-4.188008656664713669e+00 5.918334073974882870e+00
6.913257938744115094e+00 -4.097465731966851266e+00
-4.195544077811591777e+00 -2.087077977388325234e-01
-3.315723631602389254e+00 4.179480693531646196e+00
6.015855018687657818e+00 -1.101698044867451287e+01
-2.603080795991176366e+00 -4.719020330481316527e+00
-2.641731826807830252e+00 4.838878732754628764e+00
7.302187930218773992e+00 6.124659723197724226e+00
-4.459471196470779830e+00 3.612369533556898826e+00
8.195651971548215897e+00 -2.226164806402225693e+00
6.639612947296220646e+00 7.085374300393755931e+00
-4.404298914620015992e+00 -7.619038107420645911e-01
6.903163203807682002e+00 4.079787139885546310e+00
-7.564914105371061126e+00 -1.909338509496037783e+00
-2.647493568604444292e+00 6.320479404321251771e+00
-4.454274437526803965e+00 3.659932480731338700e+00
7.202171571773105185e+00 -9.677601558206928800e+00
2.662739736371164234e+00 -1.162709294673919658e+01
-6.075407866575743832e+00 -7.502357698858845847e-01
4.672801469500722504e+00 -9.074155266643067819e+00
-6.578762847796690849e-01 3.835913636397896287e+00
-6.744720560746613636e+00 4.841433371700990307e+00
2.475727531266688208e-01 -6.675770071950384299e-01
-3.463007528212291852e-02 5.204835276259459853e+00
-1.303310005729581000e+00 7.780906357454866473e-01
-4.428549576913676233e+00 5.043137902821335672e+00
-2.696025699407680332e-01 -7.064955252782400663e+00
-4.368011050881571045e+00 4.551038344891670029e+00
2.872203580705288140e+00 -7.701747223237168427e+00
8.425060412731472326e+00 -4.121416607715044478e+00
2.219768977620847128e+00 -2.282958449222481256e+00
-4.839796850687619667e+00 -8.739359001135516003e-02
6.777202510589951601e+00 -1.181383437624208810e+01
-2.806895838671272791e+00 -1.353758619953517206e+00
5.716929963662345848e+00 4.851392495515859160e+00
-2.385708322932225123e+00 6.834281981577550180e-02
1.046418182080950388e+01 -5.863334365828580808e+00
-1.176167692740695214e+00 5.349050352328530877e+00
-6.974421077806461255e+00 -3.333367596686889645e+00
1.078797029047505873e+01 -3.601408695503981239e+00
9.241610773471164109e+00 -3.504522630234230274e+00
-7.026058695315859026e+00 -2.541690644773284546e-01
-2.024881925473554833e+00 -5.797808636470473953e-01
-6.355055324862819432e+00 -9.518897570972542077e-01
5.735304091234859847e+00 -7.824475255589650402e+00
-3.048769612805521056e+00 -1.943364906032312822e+00
-7.354460154917466852e+00 -1.499588343633176279e+00
4.051469983191188007e+00 -7.543822077166186801e+00
-3.587581055528827889e-01 -6.304368428141844838e+00
-5.775785765144459738e+00 2.403677539018858056e-01
1.125472863488287167e+01 -5.586999750986779034e+00
-6.298466132218660363e+00 4.999523524853261236e+00
-2.392674119337577121e+00 7.033078702753116751e+00
-1.863408628317541282e+00 -7.221221437312443925e+00
-9.417832013770829347e-01 -8.095503082716856369e+00
5.162141462959657368e-02 5.301419601646946589e+00
5.036910261268120692e+00 -8.041877190388902363e+00
1.079568534592895190e+01 -4.628740505928409910e+00
-1.253692597110683149e+00 -1.523635767332964130e+00
8.031025957788134884e-01 -4.617220623622716680e+00
-1.605992367843950275e+00 2.951671441415646857e+00
-4.408184386327383741e+00 5.406057917586315043e+00
-2.233499857731147564e+00 -2.925134371475068384e+00
3.561046436550034056e+00 4.907193183729622099e+00
-1.643722860464817526e+00 -5.079740904910601262e-02
4.915129018920972648e+00 -8.784482754341480515e+00
8.864161849904915513e+00 -3.099022491273850655e+00
-3.572291372128555409e-02 -2.453454662328198310e+00
5.711591887579682947e+00 2.224576132181961263e+00
4.755971914057019134e+00 3.437927933605982922e+00
-3.043866438891611459e+00 9.107744526282930408e+00
-2.274878504782553712e+00 -6.612175532476220141e+00
-1.408268276006235276e+00 4.838544487512034031e+00
3.604978011113145531e+00 -1.915021942576221825e+00
-5.017274630073384145e+00 -4.188175561953904946e+00
8.921964847598001569e+00 -4.119123949540167473e+00
1.006584269758727945e+00 -3.610811531000945873e+00
-2.371947083442803361e+00 -1.526746985525792244e+00
4.172222886142805898e+00 -9.183374870079580532e+00
7.644650408775808259e+00 -8.662453978345856953e+00
1.082284269921698439e+01 -5.086231093630067868e+00
-1.446496812781011609e+00 -6.429197601730338718e+00
7.612393723035856041e+00 -1.035305117787373241e+01
-5.023868538465631417e+00 4.903422307443934258e-01
1.027032143820144938e+01 -4.291857912823265231e+00
6.633096479463523876e-01 -2.548649397518143900e+00
-6.703937325403583891e-01 -5.282615182570282286e+00
8.898678052962454288e+00 -4.583707375240631876e+00
-9.093979128500269127e+00 1.342606966462962514e+00
9.410225271911961897e+00 -2.256606147257864237e+00
-1.616135786888405423e+00 6.874528875773789238e+00
4.991024915270378060e+00 3.345508682361121977e+00
-1.396627900702450908e+00 -1.170275003046640672e+00
5.550525168456786673e+00 -1.062028079520418089e+01
-3.061123810276140667e+00 6.015637084181972405e+00
4.936930560975346438e+00 5.153412930735101760e+00
-6.136732995000126145e+00 4.918419068542056571e+00
-2.884153319583696806e+00 -1.837237048194258482e-01
-4.802084570365218852e+00 -1.178979186295809001e+00
9.543874821935622421e+00 -3.154730573260097870e+00
-1.239241373315189687e-01 -5.337532232531748022e+00
9.344242803744608139e+00 -4.002577354456900771e+00
1.124551187272236685e+00 -6.491698877619636043e+00
-2.162665023836931599e-01 -7.018659485218836203e+00
7.571903023323748094e+00 4.782755677155418716e+00
-1.717952003756191948e+00 6.228732425655967297e+00
-1.852329542604359780e+00 4.688105157968789349e-01
-9.416939276460141173e-01 4.206846342221652435e+00
-3.092436363248859621e+00 6.046327071349218762e+00
-3.118337026717381555e+00 -3.578628453000381793e+00
1.388462656920309790e+00 -3.729781769541133052e+00
1.322340547628070517e+00 5.505985719439176584e+00
-1.733388823704413717e+00 -2.363569974390756556e+00
-1.315889940573716554e+00 -5.635617682293876385e+00
9.373265553695238950e+00 -4.658629509244926581e+00
-3.427385201922045432e+00 -1.646950493383565917e+00
-1.475702777276970412e-01 -4.900961124185998941e+00
1.031352887756409586e+01 -4.463520972436640477e+00
4.179130790935010609e+00 3.840195733966623060e+00
-3.208850960747822612e+00 -1.557694620106111927e+00
7.494827145424602932e+00 4.684905720276861807e+00
-2.222868748414556617e+00 -4.917974767405249636e+00
-7.648880234064551864e+00 4.829089080510572174e+00
-1.554436207481466603e-01 -4.681656414535045663e+00
-2.118607200211520158e+00 -2.992428191584324715e+00
4.388618830233514956e+00 -9.486271198624182333e+00
-5.855806250622606512e+00 -1.536160216105442400e+00
-3.013845056732955996e+00 -9.438381792426520533e+00
4.855298958786169017e+00 3.619564613421944799e+00
-3.011541991184216727e-01 -1.174403569877569886e+00
1.179241185312509188e+01 -4.030557707101361409e+00
-4.163487641029966824e+00 5.535672052266697563e+00
5.334932279590804960e+00 -9.764696903372936276e+00
1.113844047864081332e+01 -3.031317735430903326e+00
-1.901542709313619461e-01 -5.345563427190548111e+00
-1.093619910181876209e+00 6.378293014463103372e-01
6.973763657359255852e+00 4.694475619567421987e+00
-2.391256969071593907e+00 -5.482234656011221396e+00
5.544415349888714317e+00 -8.739917613191197532e+00
1.166906379066503519e+00 -3.476623648326094163e+00
-6.288671521517144924e+00 -2.581394217705165417e+00
-1.456954122154415554e+00 2.136791607969835027e+00
-3.665857724287960195e+00 -1.291972478849907180e+00
2.686939436507000956e-01 -4.532717823901078802e+00
2.341480510085316880e+00 -5.833252624284088306e+00
8.086590668153602834e+00 -8.529197270277748544e+00
5.664146590630861233e+00 3.819488619043688971e+00
5.801223894479755394e+00 3.030047614271660805e+00
-4.808753727832248970e+00 4.860927740080382087e+00
-1.768164295694908406e+00 -5.484670595740760213e+00
-1.257189573798449311e+00 -2.555562294003433932e-01
1.150158007872854160e+00 4.878801837431685051e+00
-6.863943551957154554e+00 -2.137707813533296974e+00
6.700040082408913911e+00 -1.014479917534316478e+01
-8.114387063382695331e+00 -2.045612797478495448e+00
8.803978490378248978e+00 -4.482019974581572086e+00
-7.310851555036617100e-01 5.876943108208139144e+00
4.346328503988249103e+00 -9.109776128928322336e+00
4.033076616215225840e+00 4.491485681333577062e+00
-1.881299916464153732e+00 -6.048486572386099880e+00
6.542054970069909103e+00 -9.324060216901299825e+00
5.058257674640432633e+00 5.992959266680182751e+00
2.522377385990975718e+00 -6.034666486726154133e+00
-5.935560594904115028e+00 4.695343230518063571e+00
-2.198044634217341642e+00 -2.646139995396853628e+00
3.754804066062070511e+00 -9.482493299982946766e+00
-5.171075012216483024e+00 5.258291682338805728e+00
-7.011593815135280794e-01 -4.681911029030873195e+00
-3.364733851944077259e+00 -9.704792192392780459e-01
-4.493209829131127542e+00 5.961759919786430828e+00
3.122375139553979828e+00 -8.258335179338269327e+00
4.300859465000564263e+00 -7.286491831381836093e+00
8.842563919402010697e+00 -4.019842963391431212e+00
6.883669186596267586e+00 -1.026237177360842168e+01
9.973609027570757846e+00 -4.844536854350412369e+00
1.164546066866743779e+00 -4.320554783812732502e+00
4.579325249897842731e+00 3.765823691076646718e+00
4.615277052065043240e-01 2.431767815368161223e+00
-7.166141593903402551e+00 -1.971580801581210185e+00
7.542527144754425095e+00 -1.225075694364064205e+01
9.490516470690883111e+00 -2.903676710286601459e+00
-1.958930358825011098e+00 -3.598818582086746432e+00
-2.423850012581910462e+00 3.345038647243756547e-01
-7.362870941256616675e+00 -6.635869126864082368e-01
-8.178696295069403099e-01 5.037756966434838724e+00
-3.553898167272133257e+00 -3.626633789225798932e+00
6.599990997919775282e+00 4.242251410557005720e+00
-3.961894723316293998e+00 5.534003205300010109e+00
-5.805137988920450631e+00 1.017056419966821501e+00
5.718698283793979265e+00 -7.446398889151661926e+00
-4.056190893787542606e+00 -8.805725351177839944e-01
1.080718385689552363e+01 -5.702014155049826449e+00
1.455589363146188475e+00 -9.224844917298691271e-01
-6.282467423604195744e+00 6.019487567442923570e+00
-1.390700958444461843e+00 -3.828214561907176683e-01
-2.118204776668679123e+00 7.852716784918781556e+00
-5.103633277640950539e+00 -2.625070429733819211e+00
-3.686438224538320707e+00 7.153618816698168459e+00
-3.955901357553641695e-01 -2.893359796978184573e+00
-6.349437220630111955e-01 -5.428235749204811889e+00
5.791397976509079726e+00 -6.791831290925445686e+00
4.084833106695687777e-01 -3.899777212760318523e+00
-6.705131126669421349e+00 -4.763980139988174267e-01
4.302727093102595823e+00 -8.283955035486012974e+00
-3.240706902082642671e+00 4.674193170126554442e+00
-1.502883163288839974e+00 -6.801052409603077997e+00
7.818247469246384362e+00 -3.602994439240579272e+00
-8.444113521944279555e+00 -3.508417065849027683e+00
-1.343225340450435290e+00 6.397776367807114895e+00
2.671170805672299142e+00 -3.976382951487510198e+00
-6.817030530596604798e+00 -1.424010022677297815e+00
-7.954655114723559350e+00 2.329079973959409244e+00
1.033379962195462554e+01 -3.855942018914781055e+00
-2.306912358186000045e+00 -5.062611251897886078e-02
-5.332687325712576865e+00 2.993684678472950278e+00
5.755393463481659033e+00 -7.263728286389810940e+00
5.193415045419246034e+00 -9.960924335666531348e+00
-2.094954746301613380e+00 5.723508509315912818e+00
7.818912423973413794e+00 -4.114144216591945735e+00
1.067909017553550610e+00 -3.249827076354065980e+00
-2.772999861536566968e+00 -6.718703152067238449e+00
-5.523199581367044253e+00 -6.794818126837888217e-01
6.084765062269678282e+00 -9.511255555079896951e+00
-6.412233397803327684e+00 -1.081544980260759292e+00
-2.388301255528545664e+00 -2.087661898788299553e+00
-2.539073448285897427e+00 8.569511190561911462e-01
-2.598187136794365415e+00 6.316757144773746724e+00
-2.546082748529298279e+00 -5.326949213409839956e+00
4.516032370800914464e+00 -8.369254704880898288e+00
1.074032247809462959e+01 -3.465155902121861864e+00
5.187999833225926949e-01 -4.164515063843508003e+00
-1.102535754662879786e+00 -5.673732381679092995e+00
-5.082643218070899138e+00 2.937166139798860875e+00
-3.171855645034067805e+00 -5.355053661460473791e+00
-5.166615929222991177e+00 5.597107264760267320e+00
-4.600748740815967519e-01 -4.631945722152480682e-01
1.067790461568571025e+01 -3.707382892081736880e+00
-2.447301835525800939e+00 -1.031062451815073278e+00
6.810244059054448407e+00 5.170518596210380124e+00
-1.907892013426043754e+00 -2.018113216956085587e+00
-3.708366386198475695e+00 -6.184328022422148408e+00
-4.886817445826857842e+00 6.194197653333253228e+00
5.809183430801225789e+00 6.904126514076790677e+00
-2.746868506951094524e-01 -3.293522188938227124e-01
-8.340230653483910572e+00 -5.625446875152364523e-01
-1.835906331409372649e+00 5.864618123594564914e+00
-4.517299004351524871e+00 -7.757160296697875879e-01
5.470095658652859960e+00 -8.533155504249219092e+00
-1.222912367276776990e+00 -1.579708134398261521e+00
1.044719231025607442e+01 -2.512790652452269402e+00
-1.048774046601309795e+00 -5.683926562389426174e+00
-7.201048113035774634e+00 -6.623544378892067819e-01
8.539369046566408272e+00 -3.014370285811447836e+00
-3.004355040634601792e+00 7.550747305551929855e+00
-4.618267354253514867e+00 -5.290030043824106576e-01
4.091071679517591875e+00 3.535285348198387911e+00
7.467447052685212583e+00 -7.536604221595945674e+00
4.189299954199500853e+00 5.491162662011111806e+00
9.065764291024541732e-01 -2.880098609303504809e+00
-6.856239881068094677e-01 -5.912948925405660638e+00
-3.376341166364919211e+00 3.452787994635388991e+00
-9.850223002158600139e-01 -1.026306706181534523e-01
-2.186207044542886280e+00 -4.679118888255485942e+00
3.954305155102830316e+00 -1.109362883120983412e+01
-2.355251259729910007e+00 8.294135769668997682e-02
1.689106772397996448e+00 -3.641556771920787305e+00
-4.999860018770412751e+00 -3.100788522083955279e+00
-2.625008493500714302e+00 -1.354500421117139419e+00
-1.069013528999812834e+00 7.053961166441469199e-01
1.623733179593283005e+00 -1.959520591629372532e+00
7.827455075799837125e+00 -4.157581873348705770e+00
-1.775416618289884507e+00 -2.062016192908440182e+00
2.677498285900983266e+00 -1.161291702963142214e+01
8.973336077134488775e+00 -3.169607568994496916e+00
5.887415320378607930e+00 4.062638550449726438e+00
5.300489176346563802e+00 -8.053517169750806559e+00
-1.172459332189227377e+00 7.868208765686256712e+00
-2.413705031761618436e+00 -5.206415362911763545e+00
5.845983915260300812e+00 3.583966064083463188e+00
-2.297028189064687531e+00 -5.249605590195151272e+00
-4.737447594531969841e+00 -1.387449889942015346e+00
1.013452915210143246e+01 -2.202707887626452532e+00
-2.772327200367163069e+00 -4.138183420165201021e+00
4.519155125595073486e+00 2.917506784427376321e+00
1.616605825094384219e+00 -3.763943474943087786e+00
-5.719496715270471210e-01 -2.679473413305449192e+00
-2.702828955180317294e+00 6.212460451480228407e-02
-1.452754648122660086e+00 -3.913443075197294174e+00
-1.593307999839326916e+00 5.423234850579659039e+00
-4.512834308991058307e+00 5.998579045458032333e-01
7.807968471405072108e+00 3.829829197272032637e+00
1.695560552288377210e+00 -4.550537056730052043e+00
-7.345860177901699650e-01 6.044032610502281244e+00
-8.170162629874814231e-01 6.568052472628222560e+00
1.224519789606568665e+01 -5.195097355247204618e+00
-4.190670904654080431e+00 7.046885646582710550e+00
-3.018740577820383297e+00 6.257106747501977040e-01
-7.068009317536450009e-01 -3.034653854876521173e+00
1.469409986419180303e+00 -5.201011231790601208e+00
4.605384501675111597e-01 -2.426447771991373514e-01
-2.194894379174213483e+00 -3.031246060428880451e-01
-4.069900488682884010e+00 4.809868767372159404e+00
-3.018355921286684840e+00 -6.349268961733946171e+00
-7.626833779620163511e-01 -6.712434328426843066e+00
6.624948976446594529e+00 -7.342927508989394170e+00
9.212932496198549259e+00 -2.426850233796447043e+00
9.945678566277218025e+00 -4.825573933591508435e+00
6.918045742068878567e+00 4.441549799296775625e+00
3.557294457286547917e+00 2.620588022268231398e+00
8.675964221473972948e-01 4.214986721876214926e-01
-4.475252070463286991e-01 -6.132968969976470675e+00
4.731660344982226540e+00 5.986404835584007600e+00
4.191418563228507033e+00 7.160235906345237211e+00
7.517355787904200781e+00 4.764911912768642566e+00
-5.659673074723733599e+00 5.469336357294038109e+00
-1.956425819919356268e-01 8.029784034791196845e+00
8.766025573343467769e+00 -9.752961251970647893e+00
1.029769625842643954e+01 -2.037922811877468376e+00
5.110487896830539611e+00 5.654402850258660074e+00
-7.379584129098585521e+00 -2.577271206257364611e+00
-3.962252856199359741e-01 7.400552988821630152e+00
-4.199446193370290459e+00 -1.024013806245869240e+00
5.748227886837759648e+00 3.910005657027280979e+00
-3.004630370639912673e+00 -6.760797955611663745e-01
-5.055271226685327690e+00 5.355822436432211120e+00
3.890349857274773004e-01 6.300294394154298594e+00
-1.920585022429095012e+00 -6.170642015245336509e+00
3.023477547807565280e+00 -7.959474360092519518e+00
1.440249252210210607e+00 -2.997647965702162853e+00
-3.163924238099169894e+00 -1.948190441250530203e+00
-2.720572295538315810e+00 1.464451905408887811e-01
-9.551523644911408262e-02 -7.931452647300029746e+00
-7.888702520931854423e+00 -5.230221368456078324e+00
-9.742959681092748792e-01 -3.156248291531196237e+00
-3.534942407947780030e+00 6.499489436605866644e+00
-4.143758759237311295e+00 1.574421471734178013e+00
4.701871003712358998e-01 -5.497267417622328622e+00
-8.870292733399715246e+00 -9.877130199306454195e-01
-2.268992783635710886e+00 -1.280188448248672950e+00
6.127769299283904125e+00 5.179579588335850637e+00
2.996565538956357688e+00 -9.940903566746273512e+00
1.803256495955118499e+00 -4.787931364038129800e+00
-7.206129700257326576e+00 -2.845271291202323916e+00
-1.519993025043075097e+00 -5.141284399704776353e-01
-5.220252539823100335e-02 -5.392990966193925040e+00
-4.133637703267897257e-01 6.079300151601374047e+00
-2.828670292279034992e+00 -7.332623974915739584e-01
-1.429014045504726216e+00 -6.666255647175065135e+00
1.159657028474508778e+01 -4.704920940566013066e+00
-4.137218324048731688e+00 -1.811602212076591556e+00
-7.389553915562996345e+00 -4.842013994400795163e+00
-7.164632827495089895e-01 6.231827735862656148e+00
1.011536767125083447e+00 -5.824637422278097887e+00
-8.286318847712774716e-01 -3.767192198759850008e-01
4.155175976298935758e+00 5.075851674405655878e+00
9.077859526054776751e+00 -4.661267740601352294e+00
-3.194762521844263681e+00 2.537095610905117038e+00
-1.089216727237485305e+00 -2.754606986607620378e+00
-1.466621385428018343e+00 -7.422006222220012273e-01
6.295199676070043715e+00 -9.575361327365731867e+00
-5.225951585607789163e+00 5.577869198128422745e+00
-3.814648226576758727e+00 4.837370344031590719e+00
4.683318508901440858e+00 -1.139451485638340245e+01
1.178683053705596118e+00 -3.110125054447874682e+00
2.826910355893581972e+00 -1.181245434410222472e+01
-6.137321403727916902e+00 4.654302482136314367e+00
-2.760496441593200512e+00 7.857143193303904205e+00
-2.072678617825199687e+00 7.551883156950229825e+00
-3.928189523524427074e+00 -5.758076430505789656e-01
5.504148750071774288e+00 -1.010173588154388469e+01
-3.178100924181173070e+00 -5.145423911544240170e+00
-1.311263846949070278e+00 3.659219784324685421e-02
3.613204921786752344e-01 -3.119600067533578436e+00
3.383088362474909960e+00 -1.106824104298201128e+01
-3.121757980282002354e+00 -5.955489209905755033e+00
-1.479912703263199347e+00 -1.660386376099916239e+00
5.299432355256341154e+00 -9.619672500565300766e+00
-7.556086681098084235e-02 7.021728325481714883e+00
-1.375360981113344927e+00 -1.826965247117074531e+00
8.196837114456513973e+00 -1.732522537660924566e+00
8.789753086220576606e+00 -4.208504504605190988e+00
-9.152180429579044318e-01 -5.881317359119502264e+00
-5.455124961105545900e+00 -7.440762129596975027e-01
-2.662428190942494055e-01 -3.353687833618392400e+00
-3.391104434527750122e+00 -4.667694244671391601e+00
-2.647430912308546880e+00 4.004732846319742023e+00
-4.336036815335058137e+00 6.932290421328138663e+00
4.210887301953039064e-01 -7.515184318756211734e-01
4.885923945348281450e+00 3.442052422563581349e+00
-5.473306296293658058e+00 6.593977351983067337e+00
-3.365978648109631877e+00 6.830323697732463728e+00
1.083586384888433063e+00 -4.381476136530701559e+00
8.733620340048108943e+00 -4.943996594951442169e+00
2.611555027599396617e+00 6.235227840377061348e+00
5.075086797201850075e+00 6.145505704751448306e+00
-9.278575210538595464e-01 -2.987681848264057916e+00
-7.223159807026054757e+00 -1.690618981160926904e+00
-3.171254783734068106e+00 4.178504718365128490e+00
-6.233337090307739636e+00 5.228355476874393393e-01
-4.667572960856278819e+00 2.116154812443143296e+00
4.944603835697490624e+00 4.280404900370675669e+00
7.849000077187726632e+00 -2.603262380748038840e+00
-2.945899157710522687e+00 -6.697932920140768687e+00
5.903567252904759144e+00 -8.462320990215117078e+00
-1.000087871231061687e+00 7.313241123103736641e+00
3.738223168365947480e+00 5.425414695149360256e+00
-2.065150014003710233e+00 5.742207714952082931e+00
-3.911928086750381617e+00 4.339458692898242376e+00
9.932558285353991323e+00 -4.725618071949019949e+00
-4.106337503145310208e+00 -4.010401006287187542e+00
-2.098113919380506509e-02 6.890832302938010301e+00
-5.853978661158443231e+00 -1.602806766867454824e+00
3.694901913392363291e-01 -4.669218197353957933e+00
-4.779913308925600290e+00 7.636499705737764820e+00
-2.156786832353902561e+00 -4.924638320423644799e+00
7.070594413493341612e+00 -9.881957536845606072e+00
-7.148023261616121005e+00 -8.595848959466891870e-01
5.251685457303452154e+00 -1.077590535128202376e+01
1.259288658422989648e+01 -4.660359738983465228e+00
5.582548542857058926e+00 -9.442056693594645722e+00
-2.160375518656092009e+00 -8.042652552199111682e+00
-5.313684606119172038e+00 6.787503132294590458e+00
-7.711350350451715130e+00 1.040320638817218146e-01
-4.869189242103628246e+00 -3.411071039263762206e+00
-5.087511245862897269e+00 2.920887965215085202e+00
-3.393906787987897911e+00 -6.083773040132793852e+00
-2.163778283300815453e+00 8.214626841227936183e+00
-4.742918408929120311e+00 4.095468365097143959e+00
-5.380169744351488426e-01 4.697506185189077144e+00
8.399091566931632613e+00 -2.164061848817748768e+00
1.057809448868632174e+01 -3.440007019685752176e+00
7.571818898950185783e+00 -9.978867394537203950e+00
1.947062644686283317e+00 -2.347377893853997755e+00
1.005010139060733110e+01 -3.154064600160417786e+00
4.342219860699961131e+00 3.907121492129211671e+00
-7.024324511522775261e+00 -1.246972582226514081e+00
-3.080931248422585256e+00 -3.403686585372092677e-01
-1.887244901686904175e-01 -5.477917810246959007e+00
-5.799212477066587823e+00 -2.339332890331647263e+00
-1.171275431360517372e+00 -7.635882045762762971e+00
1.081445076512087233e+01 -1.878626620038821526e+00
3.985846226867231668e+00 3.025575185893901953e+00
-5.682920578067518491e+00 -2.758382004472330618e-01
9.766025744364846162e+00 -4.814046342908356202e+00
-4.811587631021452260e-02 -4.420381769214746015e+00
8.306026629145103257e+00 -4.383271273820985137e+00
-1.582035022824151760e+00 8.038828439048366192e+00
-3.363007781252328465e-01 5.748543547202539017e+00
7.325715995666232772e+00 -9.089106327149229614e+00
-1.141218515459636595e-01 -2.815859656767270458e+00
6.138634586040616625e+00 5.161598209021675210e+00
4.159083869877704398e-01 -3.489857664733563958e+00
1.084978065252082935e+01 -5.875374456618340346e+00
8.971863430692911479e+00 -5.787571285587635117e+00
1.033276382166987162e+01 -4.771448810996623990e+00
-6.282097792559600435e+00 -6.940222225106043030e-01
1.399833417202055452e+00 -4.417934172640802792e+00
-4.518818088286025159e+00 6.281122374335450509e+00
3.615793166530723024e-01 -3.122244588332931947e+00
-2.002358898673219922e+00 8.135281519672208361e+00
-2.030832741788394458e+00 9.426348343830383669e+00
-5.320369712077365421e+00 -4.468689645375192310e-01
5.113520654766382734e+00 -9.703703124830273197e+00
-9.348614568338680098e-01 9.595485573928963063e+00
-1.154017537889543865e+00 6.092273849634893601e+00
-6.292638207063319111e-01 -1.228530849439198658e+00
-5.540634061599842841e-01 4.792675542473293859e+00
1.128351544763427938e+01 -4.896930079937859226e+00
4.688636834664885455e-01 3.488965006871227459e+00
4.909839394281415359e+00 -9.026693692847329586e+00
6.359686582372204633e+00 5.471998467744963790e+00
-2.682251003607253992e+00 -1.936539155670617740e+00
-7.191272595436615234e-02 5.678892914426560523e+00
-4.001549638257474228e+00 4.439334142047497878e+00
1.919171195486075732e-01 6.163401586095199391e+00
-5.982176016321837153e+00 4.350602747742742693e+00
-2.053695659786170413e+00 -1.484435727306557151e+00
-1.736775379910464601e-01 -3.642255646323016016e-01
-1.962078466654103570e+00 7.938663517538464554e-01
8.289064031767967577e-01 -4.715673973780189598e+00
8.199435929050489236e+00 -1.936507781176412424e+00
-1.215463203515956048e+00 -5.462907711454383808e+00
9.108050334819747462e+00 -3.013849031396001354e+00
-4.162374333978055008e-01 5.987617907101514980e+00
1.079227350295973586e+01 -5.390741959152525631e+00
-6.010853975678657868e+00 4.816038469784806431e+00
9.688707850625815965e+00 -3.907946360815336639e+00
6.557978251907771394e+00 4.120160544161990401e+00
4.352253126584862741e+00 2.771405776607180016e+00
6.493062081711281408e+00 5.882292299433351523e+00
5.426688224400005645e+00 2.371655593033654696e+00
1.093824164569605850e+00 -3.499553006559144919e+00
6.982999222475092083e+00 -8.148126378592213115e+00
1.012421444125407533e+01 -5.610620308955053481e+00
1.966429229078912710e+00 -3.126204281350521086e+00
-2.072773999040503412e+00 -3.253636959542443030e+00
-8.832801483927130715e-01 -4.492244220773251584e+00
-2.674751335747526326e+00 -7.629559967744634186e+00
2.889494729138303519e+00 -2.866099775947654305e+00
-5.623415609770083812e+00 3.616593922819481222e+00
1.034546791145875666e+01 -3.511336616927057896e+00
1.109363891755898557e+00 6.965381077703102441e+00
-2.199552077822269691e+00 -2.571023062975915430e+00
1.934820703476956449e+00 -2.741428071759988594e+00
-2.350644452616492686e+00 5.821278045664516121e+00
4.273687653248283702e+00 -8.606228973460286369e+00
3.508646692098033038e-01 -1.754253362325769672e+00
-6.246807149155307881e-01 -6.158614903911655780e+00
-3.231136689776366921e+00 -6.010501987330155949e+00
-4.257145069047380659e+00 -4.403989825829691895e+00
-3.688330687150435327e+00 -2.050802985686443147e+00
1.906093861867548256e-01 -5.208920022657572702e+00
1.531259606861972156e+00 -6.055763496547337255e+00
-3.893659117692802152e+00 5.304859631206872095e+00
5.730480043206391372e+00 -9.366832732560920860e+00
-2.184292568564723425e+00 -4.407343786641405359e+00
3.637200105675645112e+00 5.445954956039849471e+00
4.049433493719689636e+00 3.414923360101048466e+00
-2.518547685395664537e-01 -3.931703510651144207e+00
-2.271925755996579976e-01 4.097085217632907117e+00
-6.456890112981359842e+00 8.854015342973284852e-01
-8.534523879757749398e+00 7.085029198088825808e-01
-3.377681763831628103e+00 7.178309316144987129e+00
-1.606115129756521487e+00 -1.371389384414995805e+00
4.605950338833937785e+00 3.229722134310466508e+00
5.358846296937094245e+00 3.938525582407357728e+00
6.014917683179270114e+00 -9.359839902833384073e+00
-6.617720864030359529e+00 -2.109380179987586867e+00
-1.917728163964260713e+00 -8.693860329493708905e-01
-1.720383217734537951e+00 9.309901594835725547e+00
-2.189746439731329986e+00 8.330478294677726936e+00
-8.884760154712651570e+00 -1.403307000977324082e+00
-1.296970948083433717e+00 -1.651503737258321447e+00
6.659970395304024571e-01 5.044684627283793965e+00
7.163413651147717331e+00 5.017684300770908656e+00
1.016074304900643099e+01 -4.197671620653482094e+00
4.237733033542200545e+00 4.335562646553968946e+00
-2.476737967676221785e+00 -5.694492823239412083e+00
1.111442199349996773e+00 -5.084826965904790441e+00
6.423289832787359543e+00 4.680546916131577362e+00
1.553357732727716378e+00 -2.750011172788074276e+00
9.381972566953779236e+00 -5.111697161675786916e+00
6.936147352630013252e+00 3.453222774307281639e+00
-2.256664029699686047e+00 1.027035511575564719e+01
-9.026697293519287513e+00 -1.146786206457426349e+00
-4.112515002411916143e+00 -6.298168811628852559e-01
1.068464585406755951e+01 -4.376894844608364643e+00
-2.036604461224230000e+00 4.492696554011274657e+00
-1.614590440288814266e+00 -5.160890758502853615e+00
-1.372598262600102093e-01 -3.210605892043850496e+00
3.650821791464897714e-02 -1.452009769962559371e+00
5.434318612308562280e+00 -9.214851181241339617e+00
-2.446939263634277939e+00 -1.976251384148856705e+00
-6.482429682184533970e-01 -2.357165755667042895e+00
-1.438708553332166407e+00 1.160743241772317136e+00
9.159098919263959360e+00 -4.810576735087193079e+00
-3.091195497221751687e+00 -5.842315454585597756e+00
1.341538283628582517e+00 -3.912206177689250275e+00
-2.102587308006324207e+00 2.578288211684407472e-01
-1.882090291187398901e+00 -7.376763367523127002e+00
-8.314407437208592100e+00 -2.348944369913601449e-01
8.345229404813053975e+00 -5.889281651262994188e+00
-5.198830709717165988e+00 5.335315024644654791e+00
6.645563176565215002e+00 5.286660370267482811e+00
6.557750247380542241e+00 -9.062518493829662347e+00
-1.012759089689169167e+00 -7.233464661775620641e+00
-3.482299865221945456e+00 3.289247934055878453e+00
-9.797710493098223949e-01 7.125951611853239775e+00
5.182127132972931705e+00 3.562888581798944632e+00
3.864746442443320440e+00 -1.001930178585697995e+01
5.681998621198014909e+00 4.726663079210148943e+00
-2.608588890021713347e+00 4.516051690926769169e+00
-4.463919563852258854e+00 -9.209298785377436625e-01
-2.705950323463406360e+00 -5.360916111531349726e-01
-4.917931186717385827e+00 3.522811219099362123e-01
-5.382399401233335823e+00 4.456593038942275875e+00
-3.848571921772451887e+00 -5.932683980997145445e-01
9.060721152395460720e+00 -2.924977760098012691e+00
-8.713029082696444050e-01 -2.195189773620935370e+00
-4.061262945028120797e+00 5.578127728024223408e+00
-3.375514994753491038e+00 -6.843057298090631235e+00
4.734154476506150289e+00 -9.221721370682628205e+00
4.575250671152383042e+00 3.342807536295310911e+00
1.388760552509497259e+00 -3.893346018109671292e+00
-3.101598480449183182e+00 -6.278449172103520937e+00
-3.091541949715745918e-01 -3.028309149905835884e+00
7.371344077411510654e+00 -9.079095320420234927e+00
-1.896186368682437395e+00 -1.183712092368614410e+00
-2.527001912710646003e+00 -6.382545537151082193e+00
9.005573277875725813e-01 -5.303036418937597141e+00
9.643834332065223114e-01 -3.398793966263411903e+00
-2.513775452015539535e+00 -4.544817696819138941e-01
4.954469607780756846e+00 -9.704332933819536322e+00
-6.294053376888774087e-01 5.954990751798128201e+00
1.101328405305639357e+01 -3.738419163545415369e+00
-2.504808680414677191e+00 -4.438535880093862573e+00
-3.633916709507063469e+00 4.525741096359681137e+00
-7.859014728624867274e+00 -1.346638769278151182e+00
4.543526093295993107e+00 5.566118268803307956e+00
-1.665572524978081503e+00 -1.976261131822636408e+00
-2.769784928466451746e+00 -1.032742211193074189e+00
4.888148763582395695e+00 -7.748374453395967976e+00
9.826104677843193969e+00 -3.466525872160892252e+00
-1.817816070488587510e+00 -5.365476589969064847e+00
-6.061693816519906797e+00 4.164189845847136695e+00
-6.436389574528701196e+00 -3.391917236455666007e+00
-2.037612287674241518e+00 2.814075996743019559e-01
-1.546341842369131303e+00 -7.998762784694552153e+00
6.574420307228869831e+00 -9.548827762119683982e+00
7.571331207104204708e+00 -9.608906838772673709e+00
-3.793405478086747440e+00 -2.036884208937291163e+00
-5.086567692668162444e+00 4.148668709715125580e+00
6.555747637355557877e-02 7.999184024653462011e+00
-7.517815076448513878e+00 -2.540360154654746516e+00
7.178158709116706504e+00 -9.921326709697092738e+00
5.823497042161013049e+00 3.373837329429879794e+00
-2.106521543885279790e+00 1.067902752183335302e+00
-5.889185806402446488e+00 5.875830227759294644e+00
-6.427551094440918433e+00 -8.283981151070467508e-01
9.908279233847308021e+00 -3.724647543657689575e+00
-7.093175360516434935e+00 -2.480305758809437044e+00
-1.561568506758565622e+00 4.057036419015287443e+00
5.884595519049899082e+00 -6.156344526478077839e+00
5.962024351726644689e+00 3.104253260066690778e+00
-3.244077748040739451e+00 6.611103853339639791e+00
-5.684138612775980093e+00 -3.209324442880068240e+00
5.635121047003100792e+00 -9.075602555786067782e+00
-1.519573457784768822e+00 -5.893633138402438298e+00
-2.321081522025911781e+00 -8.590474144861222072e+00
-4.098707237251272062e+00 3.073100348877403132e+00
9.039504133943532693e+00 -4.428487930479309220e+00
9.999881331041475363e+00 -4.971836282203222268e+00
-6.403457767402790601e+00 2.334591071520268901e+00
-1.398100448970372112e+00 -2.402386122014905645e+00
-5.756840889634731617e+00 4.536182110777007281e+00
-9.241482338447205791e+00 -3.713341679732008460e-01
-2.729425805799797988e+00 -3.127967287223673232e+00
2.053071674053145834e+00 -1.479705031965956596e+00
1.709547733716622275e+00 -4.869652882866021493e+00
6.757476237588747381e+00 4.785760496882780934e+00
-1.045079470927596788e+00 -4.690623669117042205e+00
-2.331570089701973547e+00 -5.089964940750066447e+00
-2.573013750833943014e+00 -1.626776825232739476e+00
-3.242225810608982961e-01 -3.498524882829967542e-01
-1.286809093673139559e+00 -2.200878104849516070e+00
-2.256549229615399721e+00 -1.126804358882057322e+00
1.035877665382041357e+01 -2.218849241794359273e+00
1.139376178056743960e+01 -5.826793885711413878e+00
-4.147487695356182336e-01 5.283258621217581386e+00
-1.011678914994126544e+01 -1.189055037715099905e+00
-5.140395098128811568e+00 -2.346513446774025180e+00
-5.996150339915240490e-01 -2.169664836173883060e+00
-7.753465573268751854e+00 -3.752325680099322547e+00
7.583914173724393137e-04 -3.832747542260940499e+00
-5.645874585436897464e-01 7.251578709750138962e+00
9.957277129679589223e-01 6.270444495612705005e+00
5.654208378228726239e+00 -8.059475960844114439e+00
8.992900045641912143e+00 -8.197311658019290626e-01
-2.210137511036146307e+00 2.338900292472814613e+00
6.741157864939039790e+00 4.714289528761364423e+00
6.393434807489906113e+00 3.502813533698387438e+00
-3.163297583558027704e+00 -2.374014799127579067e+00
-1.965399078992267290e+00 -1.756127565915771127e+00
1.053374733217263781e+01 -3.484920101547850813e+00
-8.255997786985445064e-01 2.528353222192392113e-01
4.687899281079256575e+00 -8.797634053242358476e+00
9.164950708454185246e+00 -3.793641111145463540e+00
-6.594024897349711978e+00 -1.264668572178952344e+00
5.796345261455314812e+00 4.884223413302904326e+00
-7.605803349142497893e+00 4.967154883932917819e+00
