-7.280150195761931897e+00 -8.336706411555903085e-01
-3.702818062934285059e+00 -1.081040498723455423e+00
-4.714991070331838507e+00 3.725283099757093819e+00
-1.424868781905754833e+00 -7.713874402364531591e+00
4.224733810979939719e+00 3.574437428803718841e+00
-4.097385424889909977e-03 -5.246959093233835247e+00
-1.705320158585078794e+00 -6.080213356158103544e+00
-6.723251506483343132e-01 1.628208547650028315e+00
2.717455603962405597e+00 5.675448151428764021e+00
-3.612634816781011615e+00 6.847751795306664668e-01
-6.216352795371983930e+00 -5.738233054957851964e-01
-3.324045535353004954e+00 7.338953036380229555e+00
-6.273866839566976772e+00 -2.737981671748300982e+00
-4.874246503031719691e+00 -1.005946663536931407e+00
-1.053523029303436553e+00 7.013189255223347018e+00
-2.234144539040164634e+00 -9.242092177186309598e-01
1.626993355590898194e+00 -5.202581625453450265e+00
-2.269971279886325188e+00 -2.867721586533577671e+00
-5.854129609137035395e+00 4.119279192716775562e+00
6.145384780048750439e-01 -5.533633306291826592e+00
1.352508400132838018e+00 -4.391255453703600153e+00
4.982974334995044607e+00 -9.632162160028947540e+00
-3.257402320000190699e+00 -1.619049400676946804e-01
-7.677802438939524521e+00 7.916477966427084567e-01
8.003532847925121985e+00 -4.826856580051148704e+00
-3.781615743956349363e+00 6.312800470335986347e+00
-4.829636010542914804e+00 7.038125556297313956e+00
-1.238389096098570175e+00 -7.141074246660215508e+00
6.144801350450256550e+00 -1.015125686049985632e+01
3.755375238441847507e+00 -3.804039522087539815e+00
-1.750071875251755227e+00 8.571296987778758592e+00
1.003463612191463206e+01 -5.042933290041679228e+00
-4.717517654683537565e+00 3.624807903583273205e+00
-1.713117639955627158e+00 -5.719107860925875642e+00
3.694652789592817399e+00 -9.291676292528952885e+00
-8.010003622762486231e+00 -9.393257666937797623e-01
-4.822066434916367328e+00 -7.870909094982577514e+00
-8.603082342542331951e-01 -3.492366811846807639e-01
-4.787033631145487966e+00 4.590865347345451042e+00
-9.094154716048356235e+00 -8.378018030239455793e-01
-2.527044838064278487e+00 6.976529647384736244e+00
-7.393874659259430437e+00 -1.269603152235824650e+00
-5.202462320113468763e+00 3.923658675418283170e+00
-6.927766948643440337e+00 -3.427359314219461606e+00
-2.064260957227152637e+00 -2.602194385784182273e+00
5.899560976350982422e+00 4.200472169157206004e+00
1.797496770291653334e-01 4.018343692188141247e+00
5.667635382541377886e+00 -7.909961712788421195e+00
5.942635866392074639e+00 4.482233608521333679e+00
5.987306387850154010e+00 -7.305606509127819947e+00
-7.029436664235122478e-02 6.023114680149732614e+00
-6.802841296149910733e+00 -4.094281391596000574e+00
3.383030763655398232e+00 5.004722938323669545e+00
-6.582844085257475442e+00 4.366090261854923327e+00
-9.045081170996966957e-01 7.076069126814393151e+00
1.034542341515532016e+01 -3.776603401217954570e+00
8.241399449596334748e+00 -5.837841053206068942e+00
-3.803263936493838759e+00 5.786566908251279173e+00
4.566557992102058261e-01 -4.525528332973516754e+00
-2.502995166940481298e+00 5.123936412476504998e+00
-2.241213410328422029e+00 -4.535516557053151931e-01
-3.941417080713910170e+00 4.663827761473089417e+00
7.791408803188248910e+00 -8.985382649437474001e+00
-3.693265777150830154e+00 4.544313332406011874e+00
4.982199330617565813e+00 6.222161370092150534e+00
3.582329633499317101e+00 3.504453449155593425e+00
-2.733074710034049115e-01 -6.808516634421345692e+00
4.297304546494432609e-01 -4.455389580985218423e+00
-9.944291345972346985e-01 9.376594938303850491e-02
5.250157368759913012e+00 4.293559370950971399e+00
-1.659897436825587658e+00 -1.052461584348291623e+00
-1.963016337471903183e+00 -5.573597591027813714e+00
4.500514186146029161e+00 -1.043361181079815481e+01
-2.109763280601658852e+00 -9.374974471643571228e-01
-4.632075339386954482e+00 -4.093404507138378001e+00
8.599959427352468211e+00 -4.494237653115209952e+00
-1.105516120368629895e+00 -1.358841153332049467e+00
9.840058146662702399e+00 -5.888079334895368611e-01
-4.649243037810911972e+00 5.356593040465266853e+00
-2.648218389725821353e+00 -5.484253390117427296e-01
-7.944586795071181484e+00 -2.244178327679007712e+00
-1.042765293560716344e+00 -7.219352145215701455e+00
-6.471408193653886975e+00 4.763246926181671448e+00
-8.362348987517087551e-02 1.008930068452977835e+01
1.036120242861786345e+01 -3.298731290002036687e+00
-2.670202934873439737e+00 3.920657626290341646e+00
-2.391498534427421774e+00 5.494648874057624255e+00
-2.396004186980923656e+00 -1.544607692335422389e+00
1.039675735792642186e+01 -2.662026156536153376e+00
-1.353408490670933384e+00 -9.531266777268514456e-01
-5.569433533706892980e+00 1.280518368796454975e-01
-1.719107155638826656e+00 1.237145731206290344e+00
-2.319574084726124585e+00 7.877126961436747621e+00
1.958152842456876597e+00 -5.840210433734217332e+00
-3.173558198640713091e+00 -9.619022077170136242e-03
-6.213226750196406911e+00 -4.090695835707387928e+00
-1.928641692882025138e+00 -5.848499800919646496e+00
-7.356754143496820886e-01 7.235035130704472905e+00
5.071887912682572441e+00 4.612606877641680647e+00
-4.323060923410459999e+00 6.183741522789691025e+00
-4.425568302766933471e+00 4.126122353602905690e-01
4.997021178598149760e+00 5.498386611714037642e+00
-4.924795514953002495e+00 -2.373261821986561770e+00
-2.323264850340600596e+00 7.296417545600281329e+00
6.534077336598414831e+00 -9.420668179965362654e+00
-5.469880552931171813e+00 -8.259429579092287810e-01
-2.256364298799446999e-01 -9.979276604486179147e-01
-1.851461364760313533e+00 5.793856256512591507e+00
-1.791729833309697373e+00 -3.325444578556604469e+00
-2.467760519847093104e-01 -4.622894069159240615e+00
9.562191565455030684e+00 -5.107165265932316345e+00
9.725768044754078190e+00 -2.777365330625842788e+00
-1.233881532356271293e-01 -3.120572379531883378e+00
-7.676506951086374819e-01 -1.384999714333421172e+00
1.007128343032357520e+01 -4.984437248209296456e+00
-2.706453459772056647e+00 -1.646652745393220041e+00
-7.177514053242622261e+00 -3.093620360856089047e+00
-4.848701981766962099e+00 1.939029417024896507e+00
4.710404882329877196e+00 4.125576217434792525e+00
-7.039534613830833010e+00 -5.637450129936483201e-01
5.521032215059883619e+00 -9.151725935180053284e+00
7.386619248199131071e+00 -3.682916697781691617e+00
-1.149683146476329743e+00 2.740340447375458899e-01
-6.917631811759074267e+00 -2.476474113258849918e+00
5.757916854714990151e+00 2.779946205090439548e+00
9.086078799490815427e+00 -3.516863388439384064e+00
-3.086775924151274886e+00 5.830013900331793231e+00
-4.436881875593439162e+00 5.334190194333820578e+00
5.031412321128838627e+00 -8.738532037568710109e+00
-3.352856365588687382e+00 -7.927124930144663351e-01
9.422283142090932984e+00 -2.638166931271550553e+00
4.825835741392543454e+00 6.905402648690650125e+00
-3.013240775668810656e+00 -2.123435150013002204e+00
-5.566364218878321779e+00 4.728679096446026797e+00
4.901052570206744230e-01 -2.786096157613678681e+00
-1.247508568890735026e+00 -2.101047621660976361e+00
-2.536764104655346408e+00 -1.639362900653095867e+00
1.034179076859621738e+01 -3.065498974515527220e+00
-2.318608865323687596e+00 -1.433367847953163965e+00
8.583808310565371968e+00 -4.372176119092649138e+00
1.343870007965784596e+00 -2.383730255434198142e+00
-9.642320719770552273e+00 -2.795019666803619351e+00
6.257801164041105757e-01 -2.603546637408989728e+00
-1.994082523826095965e+00 -1.932687759244498205e+00
8.677287571018561962e+00 -1.054580855658848826e+01
-3.619977915919998956e+00 -2.014378532932230570e+00
-2.196295463322802899e+00 -1.731564572371190991e+00
3.684987977112250679e+00 6.636266443284718264e+00
-2.121495122544963419e+00 -8.009747116557445201e-01
-5.940839506848584861e+00 4.573970600119014129e+00
4.149731415656360056e+00 -8.551660211684728452e+00
-2.787612591347765623e-01 -3.270089334780530432e+00
-2.929485441121181033e+00 -2.356806159028855596e+00
-7.480090605996921660e+00 -1.075250450312306594e+00
-1.799474656729993738e+00 -5.822056076932381252e+00
1.361026876999022583e+00 -4.622094370993676371e+00
-5.627217719224004711e+00 1.773669696965012310e+00
-1.652664898689586437e-01 -1.553969166239905109e+00
-3.051886401592710296e+00 -7.919360041085091950e+00
-8.858307620413872208e-01 -1.348410740765173310e+00
-7.561099963357234444e+00 -6.989685980648077113e-01
-4.085934918864243315e+00 -1.063329761703399656e+00
-6.313397651203365157e+00 -4.514279344748797662e+00
-1.088141781750771031e-01 -4.008141806815040731e+00
2.725338327984565545e-01 -4.582455516483793900e+00
4.708322429301615486e+00 3.847179880878516922e+00
6.403724538428945401e-01 -2.752275055321103725e+00
8.700001097663577099e+00 -4.498403985440343256e+00
-2.349476698251664608e+00 -5.295198773980651641e-01
-7.228609054102675957e-01 -4.292340430162892240e+00
-1.190650895842140677e+00 -4.652520181568384317e+00
5.855776084202091170e-02 -2.567629520899949114e+00
7.576491984416313663e-01 -3.783433303670693082e+00
1.632778296744432645e-01 7.005925015598431393e+00
-2.044756989687187332e+00 5.106322907655053811e+00
1.896026833617368013e+00 7.635791993902278918e+00
3.122283686924912427e+00 5.907790707999989621e+00
1.353408199537823098e+00 -4.617521756608626404e+00
-4.515821363413029310e+00 2.851229355378220642e+00
9.617195758897256752e-01 -6.189943943958171602e+00
6.084459985737334264e+00 -1.096029389010469224e+01
5.973163570174689241e+00 -9.096518119054485041e+00
4.534854957971714562e+00 -8.455745875273807499e+00
-1.221498479473624332e+00 -6.224095962589142772e+00
-3.510550212999852704e+00 6.089957524143322587e+00
1.138626764974100958e+01 -3.027453859611057840e+00
-6.457442130360938615e-01 -6.066909068068627064e+00
-6.475068853540527414e+00 -4.304827000062909637e-01
-1.932215416934297991e+00 -6.348181885768617860e-01
-9.176415217283787618e-01 8.110401589756136786e+00
-3.460648568133247061e+00 -4.473434419696360465e+00
2.916095442600605825e+00 -9.138949899774772234e+00
-6.804155147014907534e-01 -5.040589199067797566e+00
1.005149526954319938e+01 -2.204825455012953128e+00
-1.431887383917625378e+00 -5.959461218400356586e+00
1.260321900782781945e+00 8.585652535288012643e+00
-1.586389463155822854e+00 -8.531168881381459457e+00
3.270928935151249828e+00 2.408465112433104238e+00
-6.194324993123303535e+00 -2.167532573897059667e+00
-2.193751422266798201e+00 -1.755968020349237158e+00
5.175042520387492573e+00 -9.996545010594774183e+00
-5.641435615918201307e+00 4.354355943373453108e+00
5.036831187109608976e+00 3.859606930744970299e+00
-2.311368606098677336e+00 -1.150684055499216818e+00
5.859697174990753155e+00 3.599055082195512067e+00
-7.345543288391156445e+00 -1.524037783438743743e+00
6.279379452565435393e+00 -9.672196435226041444e+00
-5.212672562581484925e+00 5.305861004372261824e+00
-5.255225036838157671e+00 3.694521848805722986e+00
-7.129995218114691724e+00 5.102957413708916867e+00
-8.623365501390594545e+00 -2.468869379368616723e+00
7.835971483823052086e-01 -2.079944462193852317e+00
-3.937174239880436133e+00 -1.776596434614426068e+00
-2.989856378942366888e+00 1.596261652357801042e-01
4.939522607786045461e-01 -3.535720111570186397e+00
-7.002825515498114939e+00 -3.004731838330081395e-01
6.221552887159026213e+00 4.557317395090179524e+00
-4.129149929153602905e+00 -2.765456533183481280e+00
-1.041618831929899347e+00 7.066310004006984613e+00
-1.360955859015173353e+00 -9.366328187669621386e-01
-4.612016180365686502e+00 -1.881047449961892992e+00
-3.823173531930834201e+00 -1.964371215240915625e+00
1.027764965980555267e+01 -5.278349650631085410e+00
1.430906928227775543e+00 -2.760193972307832588e+00
-3.196690220609570421e-01 -3.552160273103308619e+00
3.541330025696458161e+00 5.537046839664894193e+00
-2.132622549139332246e+00 9.880436692433230306e+00
2.595021597541559810e+00 -3.498829594704456980e+00
6.138707979578184037e-01 -4.990541704077723573e+00
4.009215746812680337e+00 3.220841023936602987e+00
-3.106436155018131196e+00 6.743700193141449972e+00
-5.753400897207333387e+00 -2.167519683697366473e-01
6.488579197314184199e+00 3.058614864611878481e+00
6.054623282718496036e+00 3.097945474865314353e+00
-1.111923141890029498e+00 -6.400276994093676564e+00
6.656636805764666320e+00 7.177682619552614440e+00
4.669722823041443149e+00 4.385443273549600285e+00
-2.124212076403086957e+00 5.879236599683033582e+00
-3.196285483516176029e+00 -1.078135196834371978e+00
-2.676269822520544572e+00 -3.711121338176994300e+00
-3.850743650084194059e+00 -1.405285188320095191e+00
3.475502534504887997e+00 -8.008935860103093773e+00
-7.260994417996098349e-01 -3.279419170158954344e+00
5.637049615365257615e+00 5.597056863107484403e+00
4.783927145756217136e+00 4.799098476862863727e+00
-9.367759837467301010e-01 6.281467625977262159e+00
-6.309334906299014278e+00 -1.046405345242248597e+00
1.159599387926288916e+00 6.638734108609615880e+00
-2.097330746281881986e+00 5.950044432616887313e+00
-1.206971454514572439e+00 -3.896145404396464507e+00
-2.458504574472408777e+00 7.415905405275016182e-01
5.896120585849697449e+00 3.489725237137458524e+00
-2.576559054328752651e+00 -1.911894274565073992e+00
6.205918762881143635e+00 4.448155345572795127e+00
1.033799887797659967e+00 -5.135603402294899311e+00
6.301363898978605604e+00 3.108603211234527652e+00
4.235634472271913253e+00 4.007814995674491065e+00
6.787782542251408202e+00 -7.704732812109085671e+00
-2.951105556965499144e+00 -6.367230549894655312e+00
-1.992627040933130145e+00 -9.389180663951376404e-01
8.488417542489969492e+00 5.081969532518072263e+00
2.826333682903805489e-01 -2.514273784499099218e+00
-1.772701206221396042e+00 -3.310734834387000780e-01
5.854558599129690677e+00 4.679180394919202790e+00
7.146020445061593840e-01 5.550028476398420452e+00
3.312117925226425452e-01 -3.498731893697142770e+00
-2.522855704636302931e+00 -2.649466975541864056e+00
3.033933820847572793e+00 -9.282164008127811172e+00
-5.845607077396736129e-01 -6.574335208384684215e+00
-6.411357116815228352e+00 -1.572455023995633416e+00
-5.160594206287283825e+00 4.318237835467852115e+00
-1.570852756135211026e+00 6.043625976082345197e+00
-4.017503583519888011e+00 2.082459663305719300e+00
-4.157099500321756125e+00 5.097906669641493416e+00
3.436367277668181064e+00 -7.009053768941146956e+00
5.675295539204715745e+00 -1.119034038545169807e+01
-1.218557812472278234e+00 -4.520690414328025319e+00
1.018915104654442061e+01 -2.039000599615888198e+00
-3.111569757671899250e+00 -4.959089332341457990e+00
-2.488120987690305430e+00 -1.374656038249560286e+00
-4.090896100309595163e+00 8.657390495531878116e+00
-7.214576068265251330e+00 -1.891204840022647549e+00
2.896013942457997814e+00 -5.826128840512636131e+00
-1.239249816501667212e+00 6.217240465727467580e+00
-3.480095464523142557e+00 5.717347421772260851e+00
4.327480970874639787e-01 -3.441918832543063189e+00
-1.396128693598680748e+00 -5.656029471055833424e-01
-1.609981286277493817e+00 -2.613601919533630191e+00
1.350786521429090392e-01 -3.817956964902496253e+00
4.177937564757485234e+00 -4.037636893327816168e+00
-3.032643832343038248e+00 5.291692532814579408e+00
8.509307902174596094e+00 -5.597790059980340516e+00
-2.533685979512453113e+00 -1.338524736112658653e+00
-6.804449431757342737e+00 -3.309382536894498905e+00
5.048636451313914364e+00 -1.082080588519131581e+01
-6.902866496360865689e+00 -2.880061545485988805e+00
7.143228381222989753e+00 5.009282305532364532e+00
-2.456650112481087778e+00 -1.370204343824658499e+00
9.497768276723527192e-01 -3.741796172099391526e+00
1.400404370283957256e+00 -6.023452026872099907e+00
1.087903718328295355e+01 -4.643931700714269972e+00
5.400709385736185197e+00 -8.982033419465491164e+00
2.416230689983604130e+00 -5.767440689746945459e+00
7.426333287704482977e+00 3.959480803420222017e+00
7.565981096813366946e+00 4.601869329421559129e+00
4.665274527040775610e+00 -1.029826593941377944e+01
7.614902423894380767e-01 -3.040592695222275488e+00
-5.941884271017494612e-03 8.173919316258970724e+00
-7.815422394171515075e-01 5.848488424412156661e+00
8.956821172553931731e+00 -4.593058976277672123e+00
6.495171495767243508e-01 -3.226573566804262772e+00
6.402832761759019498e+00 -1.055745941118798825e+01
1.026401425361355102e+01 -3.905152843806844132e+00
6.018394364485881276e+00 -8.290639992831463800e+00
-7.594154936068600037e+00 -1.495794798149125970e-01
1.047900702071889789e+01 -2.965354766386180785e+00
-2.579079269882112779e+00 -2.928253373517167191e+00
6.877923913022137015e+00 3.893162647053904912e+00
5.399451695399465123e+00 -9.414604913938600106e+00
-7.131005914116900435e+00 -1.349181227617451517e+00
-2.582107545284308969e+00 -1.523224290824639171e+00
-6.604610890775623133e+00 2.431596088232397257e-01
-2.641968929205817496e+00 7.473710691217390512e+00
9.493212443718821447e+00 -4.792809559936172192e+00
4.840092172297439710e+00 2.430218667104016905e+00
-1.260273018356850239e+00 -2.023477731037073291e+00
-2.384099428615712668e+00 -6.858884909271376173e+00
-9.699629465463193156e-01 7.741014745654239526e+00
-1.259763665457378723e+00 -5.127366076957300400e+00
-8.921170485997505395e+00 -2.152352710143476067e+00
8.923741291792275376e+00 -2.469563860621699192e+00
5.132554202283809985e+00 -7.267581618283346145e+00
8.576638197570374267e-02 -5.932122939856363963e+00
4.690473507066733383e+00 5.376818315948064253e+00
4.045042808455676209e+00 -9.932257521032857639e+00
1.627041375409719715e+00 -2.564225912471944202e+00
-1.793488421028385904e+00 -8.985111160917047535e-01
-8.999482116184485125e-01 -7.314234055019095848e+00
-3.598262960868610527e+00 5.042841217729368886e+00
-3.224198433885871573e+00 7.289484244086587239e+00
-6.414989182172709192e+00 -9.496957622129116317e-01
6.047655842007317872e+00 -8.425942775930510109e+00
5.913916562043434411e+00 4.515686667676091837e+00
4.804922450403683598e+00 3.612810928317494952e+00
8.918610135141141981e+00 -2.754185940517563491e+00
-7.172133153211526668e+00 4.735097595334170073e-02
5.780031054075679187e+00 -8.977300673649589058e+00
-3.343226846026065235e+00 -1.308547111788758377e+00
-2.452348603343870170e-01 5.753960638033592367e+00
9.485656638117504258e+00 -4.938157457292938979e+00
-6.841768683547284624e+00 -2.281105998296303561e+00
2.414084193426160763e+00 6.692635230465748819e+00
-6.452378393603340534e+00 -1.434536214632318840e+00
4.044249137622497159e+00 -6.056658661268722099e+00
-1.222015898503517217e+00 -2.061293103912772651e+00
1.621783243624749016e+00 -4.460985929959091933e+00
-1.359076820870004809e+00 -1.651629567678877031e+00
-6.362415750199056141e+00 6.264382162730062209e-01
-2.391245811283162492e+00 5.719100270428336685e+00
-1.823099306793489083e+00 3.874020095632020322e-01
1.025518696229852367e+00 -4.955637432253740648e+00
-7.386213813001685224e+00 -6.070812072012765626e-03
-1.109798162112458630e-01 -4.721132514116390233e+00
-1.521709203981392644e+00 4.540758905669306511e-01
1.074312821888629443e+01 -5.304775085471529650e+00
8.915474331545908626e+00 -8.322790596613238279e+00
-1.398580975826757999e+00 -8.772542295456782213e-01
-4.087170420427561623e+00 2.784999393949293411e-01
4.025299404829980610e+00 5.461992154254931009e+00
3.668559619429125451e+00 5.071825659737959846e+00
-5.162848270245137705e+00 5.629217779176125980e+00
-2.520379417067931449e+00 -6.147265546398805292e+00
8.149942451082425876e+00 3.872476507543024304e+00
-7.787936029417061867e-01 -3.379668917839777187e+00
-1.227132230607321794e+00 6.817581816431390607e-01
-9.200332168113217080e+00 -2.342648971298242344e+00
-4.482162453646003186e+00 4.303765115535765240e+00
1.344979813480855491e-01 6.718537863503461161e+00
7.319175562840889881e+00 -4.125466271256181372e+00
9.222795388535065086e+00 -3.604105642673053111e+00
-5.433217842688552679e+00 5.712423579770320892e+00
5.641570779434877281e+00 2.436997914486461525e+00
4.776826662341129293e+00 -8.854881852646121487e+00
7.425934108931268263e+00 -1.173593805723432837e+01
8.906059173627559389e+00 -3.826196083829795480e+00
5.500998374142858083e+00 -1.141811312884996354e+01
-5.333292053511432762e+00 -1.106596050789005359e+00
-6.473281777172326557e+00 2.529310140631798820e+00
-4.257832254699736474e+00 -5.288287025657723461e+00
6.346734385988336058e+00 3.910573137065234572e+00
-6.333219120183136042e+00 5.550708752121853884e+00
-6.218236778036905221e+00 -9.984271760721770139e-01
9.135094896960285205e-01 -4.452477649289788175e+00
8.768141755639544677e-01 5.337044858614587106e+00
-2.122910971374798450e+00 -2.397460654840191552e+00
-6.688802259430725705e+00 -4.796827365307088087e-02
-2.533832417137736215e+00 4.731221942083012610e-01
-1.600095614832941493e+00 -3.711277937073123478e+00
-9.168362872924145091e-01 1.465955246641762466e-01
-7.616180574669734860e+00 -1.601889784683643736e+00
-2.399203016311960646e+00 7.082524127131794245e+00
-2.861208205931427440e+00 -4.213976679896866973e-01
-1.763975292490633562e+00 -5.177163167660673082e+00
-5.541842250800268488e+00 6.175160225268209402e+00
-4.288819913313266952e+00 8.659833434741441849e-01
-4.586541444546583968e+00 3.656036915012343513e+00
-2.057285610528100328e+00 -8.283465262809682761e-01
8.249710334006250534e-01 6.514408847903245814e+00
-3.864638421960874926e+00 -1.657689905571677835e+00
4.618280463171071659e+00 -8.838926991689717738e+00
-6.206532109297245192e+00 3.446474243259132209e+00
1.788327279450787621e+00 -6.614222616206982153e+00
5.637718127976550697e+00 4.489373299299013631e+00
-1.060738288359169390e+00 4.996934585681665375e+00
3.888547384522302863e+00 6.767656355357782871e+00
1.664615919949216094e+00 -3.182175199528224585e+00
7.707861324500689726e+00 -5.146155435057831795e+00
6.273613361968044977e+00 5.439769532330153368e+00
-1.241608457310094948e+00 -3.897901284788663379e+00
3.164812397409526579e-01 -6.435704037991947679e+00
-1.144996316486271981e+00 -9.145702484593731807e-01
-4.330645936531437812e+00 -2.054152711016473454e+00
8.824360483828986190e+00 -5.737983258132520525e+00
1.056492470663287975e+01 -3.029218727169823211e+00
-9.471014302393907514e+00 -2.857885304999185916e+00
-3.765166629737987325e+00 -1.921135687093604716e+00
2.278762629764273129e+00 -4.770547767428128694e+00
-5.472538822274513493e+00 6.315253014425409539e+00
1.565493671409799337e+00 -2.555760352763531085e+00
-1.856949272959548480e+00 3.989555094307317695e-02
-2.220556214210570811e+00 4.413872324293199867e-02
6.250392331671618784e+00 -1.119055453671242262e+01
7.003055902730980442e+00 2.736021126886937882e+00
7.432942490943998948e+00 4.484651068349163161e+00
2.341715391887351227e-01 -5.410932704904006130e+00
1.397146969731456467e-01 -2.950890365791145609e+00
-1.142544659367328075e+00 -4.412831965810478096e-01
-3.145650261154115501e+00 -7.069613703726311371e+00
-2.672192219114115641e+00 -5.131631222986717811e-01
-7.181654673525816435e+00 -1.252258875190878973e+00
2.966306501054660316e+00 -2.799926724791316879e+00
5.745021818596640628e+00 2.925611073527300654e+00
-1.520060718444594894e+00 -1.703230218420484610e+00
-3.697336039985498424e+00 -2.241749304370094009e+00
1.133426407656965473e+01 -4.925326026203339147e+00
1.004351977797099948e+01 -1.854959516386484042e+00
-5.412867665699176989e-01 5.143735200963496901e+00
-2.042643149306967665e+00 2.135705874200180432e+00
-6.053801513030764525e+00 -1.228491173839709738e+00
-1.812128894332837525e+00 9.120109446565649591e+00
-1.507565954538048647e+00 2.164631420601735190e+00
-3.561356505587805366e+00 -2.696737000092899739e-01
8.751365160788736830e+00 -3.720027907879846829e+00
7.880848575777679166e-01 9.516420327161554837e+00
-7.474672806466871933e+00 -1.027046986125223382e+00
8.130309205105003656e+00 6.016316161762983228e+00
-3.370398713576896021e+00 -1.299703175122510768e+00
3.644002080366888663e+00 3.771094631814478237e+00
3.304625406117874142e+00 -8.449076720645924965e+00
5.597627514807093974e+00 -8.341241563767185951e+00
-3.423918417521480073e+00 -8.194365883022517449e-01
4.176008347424851053e-01 -5.899164170740112567e+00
2.182680340329330448e+00 -3.273011008167086455e+00
1.582040846254518129e+00 -4.460252881014748816e+00
-2.399458791668572566e+00 -2.012937797561809905e+00
6.505903081001737753e+00 4.836113458304343027e+00
6.920700040016566135e+00 3.834284318857524632e+00
5.178355814811646418e+00 -9.575589827668682830e+00
-4.228148392579970327e+00 2.098979560886397255e+00
-8.580981385375636705e-01 -1.247176815820669304e+00
1.078104691274345228e+01 -2.912455441706579773e+00
-2.702878501939955047e+00 3.294802145163809648e+00
-4.554874857080140949e+00 5.301389725656143526e+00
-1.103583506222272081e+00 -3.113816505130255763e+00
1.077418487353673271e+01 -4.846840693482159956e+00
-2.932111591244034088e+00 8.485136980018809894e+00
-1.432618230076701193e+00 -2.493145070479590331e+00
5.928194796232189034e+00 -6.641520971420234787e+00
5.882044757858954753e+00 -1.143809922566720871e+01
-4.332690471900592755e+00 2.859479018843593678e+00
9.324648794172476940e+00 -6.671471407628892791e+00
-2.399608964211159545e-01 -5.776793035154746292e+00
8.772118113966328679e+00 4.189568914195887395e+00
6.321158559226851992e+00 4.893273453925377048e+00
9.228807940673579679e+00 -1.844243038451689021e+00
2.834797376218492815e+00 3.061037051190713676e+00
-7.146105129119670885e+00 -9.351485900493348158e-01
-2.058891619496590053e-01 1.685150776074924917e+00
-2.473594175410068097e+00 -3.290959388587652690e+00
-8.602681796461579822e-01 -5.812301546876629033e+00
-8.593202819982032281e+00 1.368580968336372550e+00
-3.318346133219287175e+00 5.018069048504371743e+00
8.966460688746412444e+00 4.175140766638033796e+00
-1.282367126316938721e+00 -3.015392005735855641e+00
9.216661579462114062e+00 -7.766588375296814561e+00
8.889059068314869805e+00 -1.695184647095227870e+00
-2.950754212116067698e+00 8.295856344142105598e+00
-3.292709785944160750e+00 -4.458077615155286111e+00
-2.940147825622402067e+00 -9.090610818962107098e-01
-1.553613995365077827e+00 -3.639356248153406970e+00
-1.929468683479147240e+00 6.588719001784583362e+00
1.892222531832861598e+00 -6.016532712618231749e+00
6.271294309570398795e+00 -1.168060046106322503e+01
-6.165768349355161604e+00 2.734144731057403632e+00
-7.559996359436975677e-01 -5.769862171990903121e+00
8.492958344542946847e+00 -5.361415112649713599e+00
9.374176161482052905e+00 -4.909079642662946164e+00
-3.622261475847086576e+00 -2.598273491098333832e+00
-3.612167162566551681e+00 -1.923476436748728036e+00
6.792483337226837392e+00 -8.882078358784859518e+00
-1.315038804005982609e+00 -3.025321599237303927e-01
9.623477250757309420e+00 -3.227194813370660054e+00
1.051488043292330055e+01 -1.795966847701775393e+00
-7.108509432376370896e-01 -7.006330250023756534e+00
1.527973686369180184e+00 -2.762249970553654954e+00
-4.686479700018979067e+00 3.740145044918653738e+00
-7.375798432181966291e+00 -7.751034723333471987e-02
1.717030422660165812e+00 6.239663377108665365e+00
-6.049764922482273377e+00 6.178739619377348724e+00
-1.022280093717279348e+00 -4.607135604114612981e+00
5.057621643009619916e+00 3.546555008424923106e+00
-5.883957770394824038e+00 -9.447846029638449217e-01
1.645961989472918496e+00 -3.795040293821201782e+00
-6.630992722144480211e+00 5.878593422192681217e+00
6.918804897421597655e-01 -4.912986980850601704e+00
-2.058835931948885367e+00 3.405857224825787899e-01
-1.052255551119844590e+00 -6.975082051002531536e+00
1.623830698749564316e+00 -4.993680250594202619e+00
-2.131590523356636346e+00 7.751835967010495487e+00
-9.704526123316725705e-01 4.344688000157859165e-02
6.208186699628426286e-01 5.025826677367009054e+00
-2.285750853183191822e+00 2.627356602407289188e+00
7.915596897271827359e+00 -1.025566538942525874e+01
-7.078106120900473641e-02 -3.595178655914830212e+00
6.982181690629314375e+00 5.174921276412614901e+00
-8.510379001602136340e-01 4.947425553812802690e+00
3.966925980739700375e+00 -1.076492948706107988e+01
-1.940749004722877480e+00 -2.203831227709016183e+00
-3.960204867849410615e+00 6.730577659925668144e+00
-2.926896165152301332e+00 -4.033360499815652478e-01
1.028537506409309188e+00 -4.065248653444972327e+00
-1.930186269989374814e+00 -1.666620871146704097e+00
5.973683493770346686e+00 3.078292870393335434e+00
5.339614011641495850e+00 5.864631381805912369e+00
-3.185024814550828420e+00 3.733580580180063002e+00
7.618774778632628752e+00 1.326690312319535714e+00
8.354682036270741463e+00 -3.481942257279684760e+00
2.274905888784985564e+00 -4.451086548044802527e+00
6.584652072539650014e+00 -1.014913170534895137e+01
-7.451023662638336376e-01 -5.356373664968354653e+00
1.263997812798740483e+01 -5.389812938567835943e+00
-3.465099163390954029e+00 -3.161685181638135056e+00
7.543062025744384336e+00 4.023267343974564980e+00
-1.513351846284265445e+00 -6.587839043680012274e+00
9.977224267831600102e+00 -3.398164343916755925e+00
-2.871511667726703187e+00 -1.493907135292005250e-02
-4.581715933205448898e+00 5.351507284136837406e+00
-1.835491161253120618e+00 -1.024072103070779560e+00
-2.323417877597557801e+00 2.617107425812058574e-01
-2.485331453497835241e+00 -1.827914426495073741e+00
-8.078791645719286763e+00 -6.612069031154726995e-01
7.701771744468869585e+00 -2.591053387039311762e+00
-2.552147525211900358e+00 -4.657916261475333997e+00
5.066750278230017557e+00 4.537357088263426874e+00
8.445997377200534117e+00 3.586679776258833385e+00
6.332829671473056088e+00 -8.777267080269355759e+00
1.085823296941532767e+01 -3.580870841228342538e+00
-1.690514678277764693e+00 -5.290928159844568768e+00
-2.127431075625485946e+00 -3.398695986020150439e-01
-2.531382248846773209e+00 -2.106579773516442433e+00
5.199834151511672609e+00 -9.116570116372784582e+00
-5.922889857771187483e-01 -8.859217015297950581e+00
1.079492004459658183e+01 -2.515770901973885643e+00
-5.590241547920952847e+00 -2.067831198318660579e+00
-3.508614079440270039e+00 4.731622941358841317e+00
8.835087325823041127e+00 -5.901259878214355936e+00
8.443633794738506282e+00 -3.944073900873399374e+00
-1.647591008635904686e+00 -4.895310499471467125e+00
-2.438540826433688302e+00 -1.881501131692946416e+00
-1.894326743216797393e+00 -5.138438581629931612e+00
-8.205873899377030156e+00 -2.905760836474141406e+00
4.329930144046749696e-01 -7.274561359674064143e+00
-8.431891864044510854e+00 -1.184364734536670571e+00
9.631537688044820911e+00 -5.365619850338783081e+00
1.135851509667755543e+01 -3.755244993304590828e+00
-3.413789573679429701e+00 -1.650670378219225576e-01
7.178881298936358846e+00 4.772659833024428977e+00
6.585851622117031567e+00 -1.082263702484801016e+01
-2.443424634111842408e+00 -6.451501861105882973e+00
-7.102794383414805068e+00 -3.322826452670818220e+00
4.356712581071938928e+00 -8.498856823447193065e+00
-8.145701929630176252e+00 -4.144821442311526383e+00
1.034842709999051280e+01 -2.767789022402430188e+00
1.083029876699612259e+01 -1.515441807458385082e+00
-1.154846306932037159e+00 -4.188157640303837859e+00
-4.231297661130249743e+00 5.061052383595214366e+00
6.454884981154928703e+00 5.522792416668855786e+00
1.038669267809590302e+01 -4.631411262837168863e+00
-4.793681009463468534e+00 4.980445733858100077e+00
-7.620257996884240992e-01 -1.419355626807481841e+00
-1.640524354684468999e+00 -1.265416877670595408e-01
-1.145006305019518500e+00 -2.754070761679671797e+00
-3.370331709047120317e+00 9.108379567043478620e-02
9.879692894141181014e+00 -3.414669563949738862e+00
-1.090525343616164600e+00 6.470618422736213127e+00
-1.908760198730887314e+00 -6.989349293925414486e+00
-7.593613109914784109e-01 -5.459947988540278629e+00
5.506168405255575493e+00 -1.028231946335721858e+01
-6.569514556102603819e+00 -1.485820778275826592e+00
5.755517648476362602e-01 -2.281310812280262112e+00
2.652799014764236629e-01 -4.790798661135351466e+00
5.200145609020775161e+00 -9.205759719819726072e+00
-4.573422002165488109e+00 6.433026029398564383e+00
-5.539269922612360730e+00 4.710194097838265925e+00
5.063418365700225188e+00 -2.335379375783645628e+00
5.797806063433834645e+00 -9.151128944303595247e+00
7.404279854595986476e-01 -4.948351698039989088e+00
6.406700574074863930e+00 -1.181077238275894814e+01
-8.685134261664952504e+00 3.542750976885185032e-01
8.825470313339220496e+00 -4.135334013482937721e+00
-6.076403826398192543e+00 -2.502376953428452566e+00
-5.941761123436171133e+00 -4.220982456849086795e+00
-1.742916079736522406e+00 -2.298934765460121987e+00
-8.267998525558555301e+00 -1.575507823984712896e+00
-1.596293649352002131e+00 -4.105553628437128566e+00
-8.943071473957677764e-01 -1.507045305522748624e+00
2.840528939437412248e-01 6.831775851166693059e+00
2.927106345530836151e+00 -2.734614247078559046e+00
-6.230795329545214756e+00 -1.559255597433121920e+00
-1.341150256143378794e+00 -6.410398659435724511e+00
2.371284540184508405e+00 7.239961524938515858e+00
-1.891743754199582073e+00 -1.606921752516151436e+00
-9.313714729543054460e+00 -1.963025742676144381e+00
1.128003618511960937e+01 -5.129628557773483699e+00
1.499604864582954722e+00 -3.781471600210535744e+00
6.544844139386031046e+00 2.900322076183627473e+00
-6.086755062966517471e+00 -3.036399523122669919e+00
4.275561172984949643e-01 7.192314309724835653e+00
-3.374423139993836251e+00 -4.776448557409254114e+00
4.930119341506878250e+00 4.169250901100923556e+00
4.751086909762630484e+00 -1.037195866283488677e+01
-5.554230926878052088e+00 -1.717899849052670014e+00
-4.799033836811505083e+00 -4.430973510754482980e+00
-1.616029139124587122e+00 -7.188533385906945128e+00
6.853810117064708329e+00 -8.832013934490355211e+00
-6.040871590171168037e+00 -1.385870045033501530e-01
-2.865277024825905627e+00 -1.176249710453436403e-01
4.754844422633006218e+00 4.008968512535485473e+00
4.892243985511451676e+00 5.424003721189581739e+00
-4.703686607705483524e+00 -1.286756113748132480e+00
3.489970640769744836e+00 3.876253176827228586e+00
-2.483847406575123262e+00 4.554291161000242560e+00
-6.891953714147163623e+00 -1.693465162650902078e+00
9.439000279466538856e+00 -4.952246660639037401e+00
-3.397022232049787149e+00 1.401776859747922765e+00
-7.816932239910003410e+00 6.557659751714890461e-01
9.971975679754955024e+00 -3.637914140448110345e+00
8.645413456894043946e+00 -2.874652371836282860e+00
7.031335608464213571e+00 2.769732020096689951e+00
-2.406795782286316410e+00 -3.014494238163635487e+00
-4.662824955271043237e+00 3.404186105684995134e+00
-2.703131775479730159e+00 5.890695622653999486e+00
4.035925290144199096e+00 3.648841767789610113e+00
-3.302717938818244825e-01 -2.207876032356448359e-01
-1.778857572527672515e+00 -5.430896805823062223e+00
6.527882564258544740e+00 4.602290080043541565e+00
-5.680073567666543255e+00 -1.737575420398137505e+00
-1.522113904268769913e+00 -4.255547101513785790e+00
-4.480928880690341565e+00 4.569791970477805165e+00
-2.512427870867211865e+00 5.579463962929716025e+00
-2.042231501647686187e+00 -6.649015654475058490e+00
-9.913755037225835398e-01 -4.616292974957485473e-01
-3.099287241051948083e+00 -1.499096437758908884e+00
-3.274044165958847064e-01 -3.319262434022810293e+00
-2.952120341760131161e+00 -9.075915127406252170e-01
3.955489514422398933e-01 6.319900521879762145e+00
-4.316470126438206378e+00 3.635760512129174948e+00
5.615228459053593468e+00 4.422365134248750884e+00
-4.692596634166018355e+00 7.645810880353517192e+00
1.401394081379266021e+00 -4.768721007745305052e+00
-3.001461997718272379e+00 -1.998816017591964034e+00
-2.499469016495312168e+00 6.452045273549267712e+00
8.546340313498925312e+00 -5.337873546851133355e+00
6.049132065802278468e+00 4.739180615907280902e+00
9.039632404123882026e+00 -5.630615424885309750e+00
1.402079830424994178e+00 -4.258345517763642007e+00
-2.121496860885398128e+00 -6.272551631256634508e+00
-1.150162444850890697e+00 -3.078704865793749690e+00
-5.223739960440004770e-01 -4.088372511238954843e+00
-1.221197942016417404e+00 2.391937831803506498e+00
-7.944348780008920308e+00 3.190894506596901881e-01
5.155278359447737380e+00 3.730268125062470297e+00
1.981885149970166626e+00 -4.392789189793719906e+00
-7.883585759980064722e+00 -4.423521005349130064e+00
1.008503347153027896e+01 -3.883249236608051547e+00
-6.047836895269014246e-01 -3.199102912728136516e+00
-2.439296947320775288e+00 -7.116289480018853197e+00
-1.914901039517944437e+00 -3.199249148838323453e+00
-1.545330137132695958e+00 -2.139596501895732583e+00
4.526143534475925989e+00 4.099031669225013275e+00
1.268782034366626732e-01 -2.706370049024171998e+00
-2.185370691687431588e+00 4.981988558632533426e+00
2.494428975609598087e+00 6.707855143921078067e+00
-8.726059741222947919e-01 -4.171180450831014852e+00
-8.900336097520127332e-01 -5.468034027484383053e-01
-2.561241891700761997e+00 -4.379543545962908624e+00
1.400204395955007008e-02 7.938900754461005960e+00
-8.728443520635267294e-01 -6.089388131853519681e+00
4.956031808939084238e-01 -4.080184563773437745e+00
7.465964975167056039e+00 -9.067441829763200900e+00
1.111059463215891618e+01 -3.671997765599064323e+00
2.223868757440476074e+00 -5.007418780724970375e+00
4.832635034049148182e+00 -9.622443825576823428e+00
-6.452102910791127854e+00 1.858745182121703809e+00
-3.528366584449762478e+00 -4.132020258847621363e+00
-8.135812768997844557e+00 -2.629345029074083850e+00
-2.217706861172044963e+00 -1.844814273287387341e+00
-7.086653841918656660e+00 -2.410912180623240531e+00
-3.153883511857921818e+00 8.157216730881831523e+00
-7.413548860327658474e+00 -9.687738105749197359e-01
-3.365079734907351572e+00 -1.510773624711943430e+00
-4.865623177239904784e+00 -4.951539105138847319e+00
-1.101358447637817983e+00 -1.470214583843931777e+00
-6.710731716870332875e+00 -2.580618060824797944e+00
-4.148924056563442875e+00 -8.429056626392982254e-01
-2.411014890437137570e-01 -5.192455513117997690e+00
1.063344722179031798e+01 -4.084282094400675689e+00
-2.430524590663611928e+00 -1.187415761914279333e+00
-7.512953842820680350e+00 -2.696539721783010712e+00
4.622077285067097918e+00 -9.819000937987356181e+00
-6.855949084513198954e+00 1.854717952560880345e-01
-5.565746197249336058e-01 6.685604626940738093e+00
-6.857118221484766352e+00 -5.223964740000868190e-01
-1.152928079961973662e+00 -2.121344602551056835e-01
-2.137699557756972624e+00 -4.160571618275867856e-01
3.309763014104181611e+00 4.506519719080802844e+00
-4.070357035042817984e+00 2.701515235193530540e+00
-6.365763787648527128e+00 -2.569708775816641477e-01
-4.841917720158794847e-01 -4.234080553185851414e+00
-2.784364090769565259e+00 -1.441833489716854988e+00
7.124075106116185552e+00 -8.029104477765724113e+00
7.960068364988025280e+00 -5.204191775289037203e+00
-1.263010095080272510e-01 -4.182197642007530192e+00
-3.341703041298481391e+00 -1.403342153567304074e-01
-5.508360400372417587e+00 3.819181407750594115e+00
-1.876089878768190999e+00 -5.120643022206034622e+00
-5.394050665355314855e+00 -3.480874989239062245e+00
-3.302638559233281423e+00 9.963311971035198056e-01
-2.867905667574938811e+00 -2.462215067622214537e+00
3.059816811591415053e+00 4.794647621934908344e+00
-4.810641079346462234e+00 -1.071146340120771923e+00
8.348966002370039163e+00 -3.742005466466607810e+00
3.804555803907176070e+00 3.572033067265036888e+00
-2.625143050698938829e+00 -1.165873449299062559e+00
-3.431762066622765506e-01 9.115724873170231390e+00
7.853817737285830880e-01 -3.069143934921163996e+00
6.289251702348283679e+00 -8.147875102040567086e+00
-9.806606137296335346e-01 6.483465745547166037e+00
-1.029589441312647624e+00 -2.951545448686829776e+00
6.670000923653605973e+00 2.791952582098661928e+00
-4.839018263226605221e+00 -7.178756815382660861e-01
-1.489333444153385200e+00 5.595420177831421427e+00
1.054620134897261963e+01 -3.173646623172348136e+00
7.406345963463891735e+00 -4.383131211683780393e+00
-1.483571962285326507e+00 6.696072647080758777e+00
-1.606273862740286162e-01 -5.005548028077482670e+00
-3.716066192880718155e+00 2.768525374223328672e+00
-1.961784218329236218e+00 -6.445318934265348076e+00
-5.248448323107091085e+00 5.410307505172068154e+00
-5.323035667149770056e+00 3.991299930922140415e+00
7.184491934180836203e+00 5.471063157484653772e+00
-8.422040310889591375e-01 -2.516361659923611604e+00
-7.692867104105589604e+00 -6.013974933053083394e-01
-1.969951063031360583e+00 -4.574746708877019508e+00
-3.751124419319842307e-01 3.674757653806816293e+00
-3.217612628542536601e+00 -2.047492788124507523e+00
6.432537594928553482e+00 4.031049624027621903e+00
-4.014495970585723050e+00 2.353592792939967815e+00
-1.315381841166033627e+00 -1.956334960660218947e+00
9.530894361082946631e+00 -4.410345982510166962e+00
3.834701262595328508e+00 4.165502713440769611e+00
-2.677580656069467047e-01 -4.487745749835877263e+00
-6.143236691115752990e+00 -2.192751381465417815e+00
-4.196140978531835763e+00 -4.816785436292359002e-02
-2.841504978879183518e+00 -7.063278140700913532e+00
9.160499506344406129e+00 -4.258124097717482570e+00
-6.067127609521647535e-01 -6.372652627736003161e+00
5.034094669076107031e+00 -1.182405498967547430e+01
-1.388815677315044184e+00 -5.335417269022762810e+00
-1.830863436445459680e+00 -6.399773556147399844e+00
-4.647197173230672718e+00 4.377809309842062291e+00
4.847319586054259055e+00 2.264191513260962463e+00
5.123393999301951496e+00 3.828088728469198454e+00
-1.995427396479807935e+00 4.979236340495793556e+00
3.729534886233272672e+00 5.038833924433745004e+00
8.063232572845867807e+00 4.844832813393109561e+00
1.296116506809370073e+00 -4.043107475278497454e+00
4.329240388435910969e-01 -9.380366123799541711e-01
3.466328002117402995e+00 -1.136617132114866457e+01
5.551337685078295836e-01 -4.660005483729144693e+00
-1.891181802599307904e+00 -9.816778884701642394e-01
-4.968924704769846379e+00 5.288795738526125945e+00
4.971188161391615346e+00 3.649292170530973323e+00
1.080092503314489472e+00 -1.956820870945036539e+00
1.781543746242016280e+00 -3.371322968957539246e+00
-5.787716237548723441e-02 -2.992111188647895048e+00
8.077011103929656599e+00 -2.625178085871613831e+00
-2.231189840685761983e+00 -7.533558220997388588e+00
-6.350146662036422640e+00 4.614920595093711775e+00
-2.097377989234713080e+00 1.572424245483693639e+00
1.056676483493427199e+01 -4.259245921633423748e+00
-7.846441079203514413e-02 -4.328840275847966268e+00
-8.346850937795643688e+00 -2.378825188867022433e+00
-3.423012812278523054e+00 -1.262752996673824901e+00
-7.787991684232326017e-01 8.434900152626740422e+00
-3.208448077801194120e+00 1.710315953103735964e-02
-1.656467685330489381e+00 -1.605728622640370862e+00
-1.028362804144222764e+00 -5.571264546242294280e+00
5.917340925411319397e+00 5.889787735358192222e+00
-9.348529993623667878e+00 -2.625205446923243091e+00
7.279884037121866491e-01 -5.978129861377205145e+00
-1.793943880103875621e+00 6.572763985126680808e+00
3.171411294507206158e+00 -4.514986164220329279e+00
-2.788604095312004816e+00 7.081530170427354776e+00
-2.700487799208960205e+00 -4.748526195608726574e+00
-3.736017896342169742e+00 4.264108267833658594e+00
4.480949572981936413e+00 3.635419551080952161e+00
-3.785617290206583219e-01 6.348360168253353031e+00
7.679246143523884349e+00 4.289591271469808120e+00
1.136596825200920335e+01 -2.325958145429381840e+00
-2.505305451693175645e+00 5.431994612833743741e-01
4.452767013502781701e+00 5.277943454839120641e+00
-3.306127510886805343e+00 -5.506083372081986838e-01
5.081357202125103889e+00 -8.478249020392759405e+00
-6.698137098844004100e+00 -1.709060506851655559e+00
-3.988029223219529129e-01 8.097969633795246480e+00
7.843586501511891740e+00 -2.769682403098701950e+00
-8.298649144491253793e+00 -6.116022335418646039e-01
-2.283126172233767459e+00 6.135888233371280975e+00
4.793071998863971395e+00 4.847401014909017647e+00
6.690761384400802925e+00 3.885093382264915629e+00
1.097135490229869959e+01 -3.801174810213817423e+00
6.148491822183820510e+00 -1.171761651298596973e+01
8.629569558415679964e+00 -9.193544524405339757e+00
-5.678173440539404204e+00 5.058208446658594148e-01
3.666264504488889742e+00 -5.033832390210767116e+00
-1.191263925711988581e+00 5.371430738171059538e+00
1.009748547576833566e+01 -1.116269309079776395e+00
-6.502211645973503540e-01 -3.244703731160134996e+00
6.036373710266359716e+00 1.020784686765523031e+00
7.174876372819158021e+00 4.672266684914243129e+00
7.525892781907182361e+00 5.997615936754188581e+00
-2.729536615975765468e+00 -6.632810680335682996e+00
-3.915697907509110287e+00 -4.862951280438365664e-01
8.887607545931086594e-01 -5.792077589790245895e+00
4.290774895297465363e+00 -6.342221274505126516e+00
-3.785892077904462472e-01 -6.657219292553385515e+00
7.027120528634012153e-02 -4.669905151626075224e+00
3.461792710832348741e-01 -5.889781367599140616e+00
-4.563976341123501257e-01 -5.283778807107756492e+00
6.985003867614855366e+00 -2.679575217808090493e+00
-3.308931329942400801e+00 -1.484175838042528284e+00
-1.174168984641982272e+00 -2.182291320614221597e+00
-1.378064096286951035e+00 1.000357528939890051e+00
-6.358484117839611205e-01 2.234758411410022738e-01
-6.905530742093177743e+00 -2.505723660692395605e+00
5.767022476560218713e+00 5.795679193735232104e+00
-3.560779861242259869e+00 -7.465342941108940700e+00
-2.308489588052597519e+00 -2.164387282760450226e+00
1.613944459395866282e+00 -7.997583225105156401e+00
5.272223471066459055e+00 -9.423005638646881010e+00
-7.311748641344395505e-01 5.671785584749180487e+00
-1.001904039061553675e+00 -9.989763051819529061e-01
6.016476399459030233e+00 -8.354216188672568322e+00
-4.107065394995141006e+00 -8.845603721955568322e-01
6.841961055014243342e+00 -9.161601827367187312e+00
-8.590468577064676037e-01 -3.012464777512386505e+00
6.602066667022798541e+00 -7.795499357181426170e+00
1.076652136925883774e+01 -3.730541259083478334e+00
-6.068863832626782084e+00 -1.757887911223535049e+00
1.361034179511300568e+00 -4.392283243365096013e+00
-6.858851180892034272e+00 -1.925201435328478983e+00
1.046377148668658830e+00 -5.306191581770757892e+00
-2.541118861640103255e+00 -2.651385556638696794e+00
9.427373580338930026e+00 -2.366682752282581959e+00
4.348680156556894438e-01 -1.380347821345203063e-01
2.271837224259430688e+00 -5.176368857243653920e+00
1.952642914018296594e-01 7.616478270562791586e+00
-2.907929781439949402e+00 -1.661867331676966542e+00
1.121947160313264824e+01 -2.579504523990989284e+00
5.539019328625753857e+00 -8.731650608285008275e+00
-3.104497373321945641e+00 -3.522775181311016635e+00
4.433926777259799223e+00 -9.601826353221337484e+00
7.032320615184081802e+00 -1.109302562864575670e+01
-3.198880240044086332e+00 -1.883182195555922922e+00
3.572635371105663094e+00 -3.321769666327349491e+00
5.675194297663377796e+00 -9.515954478037988551e+00
-8.238941811489615574e+00 -2.070476017820865433e+00
1.944906644938281914e+00 4.967688825752947679e+00
1.343667898291810214e+00 -6.517290529880846783e+00
-3.631443244631347156e+00 2.762705983850575198e-01
-7.570876094957974090e+00 -1.589247787492474862e+00
-2.583677361649024729e+00 5.816776442133186897e-03
-7.753873001519441033e+00 -2.012133581851855091e+00
6.634547896187633853e+00 -1.183555342937075672e+01
-2.583687121267499442e+00 -3.070870701507890099e-01
-5.844026774639912158e-01 -6.186482073695753314e+00
1.076034803538838958e+01 -4.536451871182293871e+00
1.832690576305593844e+00 -2.191105480550253226e+00
-4.241046250430508202e+00 6.424959586189475047e+00
-2.121621473433460636e+00 -2.030305228009359642e+00
-6.615333411638798289e+00 -2.938689268551322620e+00
-9.981549711924975199e+00 -1.863065645883783539e+00
3.395239844965995957e+00 6.696792256878012495e+00
-1.170732114900665310e+00 -2.823535896949539659e+00
-5.768517616120594660e+00 5.149017717934539995e+00
6.853561304345309857e+00 -1.139369374739895058e+01
-6.456083699832428913e+00 -1.560024378203794582e+00
1.517369488526476573e-01 -1.967259009085882804e+00
5.327993821998552981e+00 5.439297877763051403e+00
-2.146371249047624996e+00 -1.870690993869026375e+00
-2.106035086859804561e+00 8.221120836901803841e+00
-4.638569162916840405e+00 7.180689027659566293e+00
5.564175152666149593e+00 -8.621331116344400414e+00
-5.080895492957094639e+00 4.564883956383583907e+00
6.352772246474610363e+00 4.388778491347778754e+00
-6.728067966441707348e+00 -1.620515175893623150e+00
4.064271570542696832e-01 7.637525345293907364e+00
-1.169163181669594209e+00 -4.658173294904369044e+00
-2.839160465370961450e+00 3.063309099514321954e-02
3.307822561996326183e+00 -8.888988094522728645e+00
1.730760081502557668e+00 -3.820308054474391923e+00
-1.571408876187530446e+00 -1.015868231871182914e+00
-1.753885628085373405e+00 -7.986402711217726491e+00
8.975816005013040666e+00 -4.036192741098250103e+00
-4.099381391621658821e+00 4.472442951983567561e+00
-1.845968383591854778e+00 -7.400062248307751389e+00
7.503105517393872326e+00 -9.406707067993867355e+00
-2.513643474996304139e+00 -4.489668419032701863e-01
-1.254508322062077186e+00 -2.465186243762425011e+00
-2.969626778144451418e+00 -2.282179297494975501e+00
-1.152899925799546699e+00 7.933785418010311119e+00
4.204820969357937699e+00 -8.002655275713529193e+00
-2.943688529212761029e+00 -1.208071207623797605e+00
-6.949480298776041565e+00 -1.131381147628128359e+00
-6.495684699140465312e+00 4.215080478214328075e-01
-1.230408860256846371e+00 -3.494044198254941058e+00
3.255236716611658032e+00 -6.121126292913993794e+00
7.521928057881038798e-01 -4.556481715848835101e+00
-3.127998864600627371e+00 5.766828326940408367e+00
-2.162524914232252904e+00 -2.406298392799440578e+00
1.026910395645868235e+01 -3.983638357194233315e+00
4.150739347130266488e+00 5.032579907667138031e+00
-5.900370722998452777e+00 2.068889997699226324e+00
-8.044578007898795846e+00 -2.685593175959723133e+00
-3.312109667965106308e+00 5.172908064033549635e+00
-3.317253150677967888e-02 -4.081848902163041970e+00
-3.215557510956918108e+00 4.242467483297807540e+00
-2.011882717269268372e+00 -1.774790281736937425e+00
-7.239755173777041364e+00 -1.091031363986257885e+00
-8.880692770418899817e-01 8.238121109974784417e+00
3.533998474164892212e+00 -4.133743881751738236e+00
-4.412171558052955689e+00 3.629863385695428324e+00
-2.721594933083895995e+00 -7.827943073874916280e+00
-1.676800177523875668e+00 -2.930416947622286106e+00
-6.140680081668215884e+00 -2.084421124880153187e+00
-3.701377690759409589e+00 -4.611673553320537522e+00
5.404620207200634852e+00 1.936112200117243720e+00
-4.725759662529180893e+00 4.308361478482474194e-01
-1.900079953269753652e+00 -9.353302535182912436e-01
3.271876000227526005e-01 -2.579348674547268239e+00
-2.911355540157565258e+00 5.256831368712756358e+00
-4.670593552502066537e+00 -5.525438495883769896e-01
-8.003833460796768051e+00 -2.207772826007583067e+00
-4.157744357741227637e-01 -4.741820352923000748e+00
-1.737327886434011592e+00 -9.232770060938799705e-01
-8.715072732959322721e+00 -2.524463911392734516e+00
2.080839234849994890e-01 -4.445257403989730349e+00
-5.937726466832188521e+00 -3.638334859146816758e-01
8.333500117902756799e+00 4.147849316280731280e+00
2.033885109019013981e+00 -1.693103376212759414e+00
-1.904383502239136217e+00 6.787236999999344711e+00
-4.676433635911150688e+00 -7.669798630203473522e+00
3.465253235744208737e+00 6.926619889050444456e+00
-6.623890151630937861e-01 -2.290977333436290841e+00
-1.100696000503403216e+00 -6.799202467112951176e+00
-3.181893732392599983e+00 -2.068887969699350737e+00
-1.863922665432823367e+00 -2.024752801521320644e-01
1.054995326756932705e+01 -3.894845802511543553e+00
5.533477701793743542e+00 -9.267511434502772261e+00
2.278158027081236270e-01 -1.122758489041891350e+00
7.194999526436409720e-01 -3.562476335660911264e+00
1.922924215393027048e-01 8.469889989565741573e+00
5.442805329661995373e+00 -7.942414664662910795e+00
-3.407932794447453340e+00 5.320682963857396253e+00
-5.430971018902726044e+00 6.869591195026787389e+00
-1.444710258325296204e+00 -5.763086092507853309e+00
-6.015108479370310235e+00 -9.403662575648488176e-01
-7.432192962044120499e+00 1.431137687762452426e+00
-7.968719139610616509e+00 -1.326899644216290808e+00
