6.465730018628919495e+00 8.697404855776525778e+00
5.934927913547253020e+00 5.718372723062680407e+00
-7.185069216131845238e-01 -5.068273394093871786e+00
-4.267090521421819105e+00 6.185585555211387643e+00
4.402129720978082972e+00 -7.628801413127000330e+00
7.710754047573066927e+00 -8.965312452891641470e+00
-7.371588932344614875e+00 3.996814137444586468e-01
-5.090334115040130669e+00 -1.091164917850429461e+00
7.253298572452963278e+00 -6.105069052590768486e+00
5.515296257314237227e-01 7.539428537748886328e+00
7.524358203866987616e-02 7.696995897537418863e+00
9.687779053570471532e+00 -4.408655642168224809e+00
-2.242421150048826473e+00 -8.227063957856772802e-02
9.507208501186688032e-01 5.899702503563128531e+00
-4.599118437582610852e+00 4.110357304738956330e+00
-2.039377328409512913e+00 -7.237351905539656904e+00
1.003337486880450768e+01 -1.971575926660145583e+00
1.135201692491015768e+00 -2.395937819674472280e+00
6.039546710988267009e+00 3.244514021240527235e+00
-2.900581494328628551e+00 -7.495881903310362304e+00
-8.212253169029629873e+00 -2.897556157219463024e+00
6.934874282970859838e-02 -6.366842724349517368e+00
-3.985527997115023702e+00 3.801757227714606557e+00
7.354757193029094253e+00 4.142259339890853376e+00
-1.745293020814938423e+00 5.353299186534293597e+00
8.549455594212268750e+00 -2.189573019763630501e+00
4.621875748716738563e+00 3.026910017122226293e+00
9.562067088492433697e+00 -2.770278617610860472e+00
-4.185355604817074138e+00 9.663333012339727190e+00
-1.018593422554502137e+00 -6.656159667055874252e+00
-3.356612553641201480e+00 8.084066605793886140e+00
-6.476098005506226052e+00 -1.779096731826899314e+00
-2.879851145214560759e+00 1.891229804051615115e-01
5.641872092844717024e+00 -9.180221147918645741e+00
5.703315632731528195e-01 -5.513984426048677889e+00
-4.260872903332131756e+00 5.397273648297479909e+00
5.640910941977987925e+00 5.615823087950791326e+00
-1.687616714547906183e+00 5.102282562679397060e+00
-1.506382012862668818e+00 5.622592375613394644e+00
7.699526184781781524e+00 -2.448550039499673314e+00
1.303680725003086849e-02 -3.289595946394300530e+00
-5.224808012145859770e+00 3.214924465464449099e+00
-4.716399280624380630e+00 3.475382336925498361e+00
5.045302747000849131e+00 5.573756165195885792e+00
1.571141402705130474e+00 -4.464474381635886502e+00
-1.107105330560413048e+00 -1.527864053326133398e-01
-3.310383497254498764e+00 4.951133211280475344e+00
4.503360489537763023e+00 3.779553881566022788e+00
5.250169942943194723e-01 9.781218699380467285e+00
-2.406908887382245510e+00 -5.832928929118470052e+00
-2.207239238970190698e+00 -1.123024863640612825e+00
-2.093477670010366332e+00 7.271718226119515904e+00
-3.641059137278103375e+00 -3.851872012165910020e-01
1.742467995282391602e+00 -3.525633418024885835e+00
4.973278828969839083e+00 5.667598816301760323e+00
-4.870278307542903917e+00 7.778147321427928418e+00
-4.829560702753774137e+00 -2.315907982653430786e+00
1.141459511834908014e+01 -2.515406857845381872e+00
4.695722273127302060e+00 4.692609659193917260e+00
6.701739154931221520e+00 -1.046919522854144624e+01
8.043706995712796015e+00 -5.677085102380501347e+00
9.063569221476225124e+00 -6.382945991637836158e+00
5.373201042648779513e+00 5.646520820257116213e+00
6.872215499566927122e+00 -2.808067245381214327e+00
-2.194945987711913293e+00 -5.792170748550252490e+00
-4.300961964754481670e+00 4.870393765105681894e+00
6.262180364573557423e-01 -6.196843939066109641e+00
-1.538185545742196680e+00 -2.984344336664090935e-02
9.718219207379364732e+00 -3.191158866926373516e+00
1.482315110302283578e+00 -3.236360983737089470e+00
-1.155013844566374237e+00 -2.523596560915534415e+00
-2.967768019283791858e+00 6.861704644621404725e+00
1.245776283245151994e+00 -5.709498848764501311e+00
1.166518922374114631e+01 -2.348225745590099223e+00
4.649523856013537682e-02 5.709292439363148119e+00
9.547524609607098256e+00 -5.720829600907704204e-01
-4.598997440387891267e+00 7.419639777638921352e+00
-1.754786443573389754e+00 -6.168664468970217474e-01
8.814617441937457443e+00 -3.145897121944178920e+00
-5.571713935909037296e+00 -1.567615749333986175e+00
-8.010486409680563469e+00 -2.925930530314356570e+00
-1.430934560797676447e+00 8.221268357342561561e-01
-1.299863121690680856e-02 5.018802387274588384e+00
7.333544339784138444e+00 -1.670100217347634697e+00
-2.749781873363597029e+00 4.134692140514237835e+00
4.655984203334197602e+00 2.744121146339972839e+00
6.586359006237033853e+00 -9.360975770168439070e+00
6.275281641042256275e+00 -1.226280737536300869e+01
-5.125758318034692174e-01 -3.431371199797373261e+00
-4.226750213906819376e+00 5.641454452657387542e+00
-3.873345481143654734e+00 6.072457451413580287e+00
9.333105584740247096e+00 -3.480930468859076754e+00
-4.531106252023222147e+00 4.500088923769004268e+00
-3.649440970276348395e+00 -1.104928521327554147e+00
7.102929314623652068e+00 4.131282038005966939e+00
9.866302514918219302e+00 -1.789955707872381119e+00
-6.471391590815843031e+00 4.101704434685927936e+00
1.379057958346046053e-01 -4.558851552713471200e+00
-3.142970758552342758e+00 -6.000635292236386142e+00
-2.870922165670153348e-01 9.831161782287592743e+00
-1.071973283923283837e+00 -1.581033231851284082e+00
-2.497880402770216612e+00 -6.086611133938468754e+00
-3.549166564562614479e+00 -1.535739855994445069e+00
6.223798569995474317e+00 -9.616816282718787079e+00
-2.675919154992882465e+00 -1.182101088375890230e+00
6.679150421750766897e-01 -4.939941491322508149e+00
9.468463955860485726e+00 -2.007698148344215561e+00
-3.357401898880296276e+00 -1.561110259496802044e+00
7.956522054121489163e+00 -2.485593770627317234e+00
-4.582894089580144659e+00 3.828413712885803122e+00
-4.915302584538485675e+00 3.536393413685872567e+00
-3.903538327145979814e+00 -1.714328680921439974e+00
1.816663869337486581e+00 -2.661439703623788233e+00
-2.030483869755774773e+00 -6.239255313579875839e+00
1.033873650078620443e+01 -5.210307554683147657e+00
9.401898861119001305e-01 -4.691558881418128379e+00
-2.977179027019103863e+00 3.422193268850565850e+00
1.765435995378070277e+00 -5.032917300925440429e+00
8.355057685405320456e+00 -5.588279205476239575e+00
-8.741213766869408985e+00 -4.649549007026521075e-01
-2.372774882424781406e+00 1.570482024992977621e+00
-4.953829612946354821e+00 -6.467542995204672573e-01
-3.259438673628862304e+00 5.653487193971029612e+00
3.953557722677901509e+00 -9.672752344362926635e+00
6.567665026860372457e+00 4.329976845362156546e+00
-6.061693530799556306e+00 -2.438815553747794684e+00
-2.930894167290577279e+00 -3.670294329566156311e+00
-2.967179097251986253e+00 6.417456921795854363e-01
8.800685410286680721e+00 -3.009083482762674233e+00
8.327983658922804011e+00 -5.394505448475551468e+00
-3.609919448617071591e+00 -1.953333945536810390e+00
3.981268531654571508e-01 7.621950843479411652e+00
-4.211314057490245233e+00 -7.646099304424687215e-01
1.098659413670797225e+00 1.155520595118482374e+00
2.952589856297074267e+00 -1.067026713261035553e+01
1.019740198781215801e+00 -3.497277932475066020e+00
5.392717892991605311e+00 -9.364889209289946947e+00
-5.877448709789674375e+00 4.164479036633002451e+00
6.018055226834098548e+00 5.127624719532245301e+00
4.522904379425567001e+00 5.619889100444755314e+00
-3.757415193346642646e-01 6.231735944394126037e+00
-4.389601420956576128e+00 -2.000616729252065795e+00
-7.057223780385938561e+00 -1.698368750519170023e+00
-2.979028921949068209e+00 4.138460630568232546e-01
-6.596036011691124301e+00 1.019904014336856513e-01
-2.239596953120870815e+00 -5.109225287374800750e+00
4.110995567719424315e-01 -3.959375288078115673e+00
8.396092877170225677e+00 -4.811263992375195642e+00
3.697252076613295912e+00 4.623106550411795190e+00
-2.218053487096443011e+00 4.178541968893024539e+00
-1.318719997588689186e+00 -4.125318034618822516e+00
3.928731490394058667e+00 4.446571242828428971e+00
9.673871354707039849e-01 -2.594923857674795720e+00
-2.972972329740079633e+00 7.088524015751936247e+00
-3.712211591286122214e+00 6.241028570599504999e-02
-3.908098999757000369e-01 -6.430043296684265997e+00
6.034436329472878668e+00 -6.498450799870739480e+00
1.022770732277012762e+00 4.548127067770508347e+00
-2.865588900613488477e+00 -2.027216861674884463e+00
-6.298511210734605292e+00 -1.444971121236678258e+00
-8.405939784153855232e-01 -2.592790242512045928e+00
-2.132771001481415407e+00 -8.581512876442922710e-01
9.330293980266398890e+00 -2.385098952379043791e+00
-5.928845000254313824e+00 7.711421411671124382e-01
-6.370298820818239172e+00 -2.681352229357792272e+00
-3.516767136767710022e-01 5.148095076809554804e+00
-6.836559379949587623e+00 -8.566383954340308637e-01
3.018317751116243119e+00 -1.086884956297540761e+01
-2.034296234361174793e+00 1.442449827383120109e+00
-7.317195646211651194e+00 -8.572723590969197893e-01
-4.166528886892352901e+00 -8.299045695322826433e-01
-3.205105048129447631e+00 -1.642665379657001656e+00
4.836726525338451155e-01 -3.772103087876860439e+00
-7.634354215440465552e+00 -2.278673551340537173e+00
1.299767184594676106e+00 -5.135727209859078712e+00
-6.990073757166891610e+00 4.828841741720897307e-01
-3.680121620360827794e+00 7.328914238663937653e+00
2.775995084291623449e+00 -2.428919489174597324e+00
1.912292567612170036e+00 -2.544358179019855726e+00
-5.222710653749216725e+00 5.892722551270928477e+00
7.290362449781451204e+00 -1.040699953669188282e+01
-1.219498703063392364e+00 7.106773532979720365e+00
1.021796152115780743e+01 -6.623621135476682298e+00
1.157505394157038348e+00 -1.708090105331754316e+00
-9.398377866366827149e+00 -1.271754019431017069e+00
-5.044503879195047169e+00 6.486168275151980467e+00
6.314994908177746780e+00 1.467130812401273854e+00
-4.286279277301378698e+00 -1.614475893807782558e+00
3.264076646049829833e+00 5.139283249424591027e+00
1.751786266772930034e-01 7.300818563035556430e+00
-3.715089196653607040e+00 -1.388472737452804751e+00
-1.317332958444637381e+00 2.268135988722832508e+00
5.125636439538635791e+00 3.017492143184139053e+00
1.060410308668526724e+01 -4.308821405115441650e+00
8.599593034277614123e+00 -4.024018345628218363e+00
-2.865194283738555114e+00 -6.453346273359616525e+00
-1.339679394009002600e+00 -3.900309986109724569e-01
9.144049039868401563e-01 -1.790080118804008968e+00
-5.712274605713890452e+00 -1.671133783842149612e+00
-3.393995580409215229e+00 -4.061597805560232644e+00
6.006077041349430878e+00 3.409770863838214261e+00
1.433811482542093341e+00 7.006804105786543779e+00
-6.499531862113813396e+00 4.547710014470844442e+00
-1.148223565132731050e-01 3.894814774703574844e+00
-3.650781362043571399e+00 4.734714140201274013e+00
-6.847979014129116138e+00 4.311049335388049464e+00
-1.960443963430799297e+00 -2.224150057187632257e+00
-2.696230604518279783e+00 2.161596677565540858e+00
-6.470114541827476806e+00 5.940556964960300057e+00
-3.259998750298317649e+00 2.312419900124213612e+00
1.125910050364239190e+01 -5.127150352339080897e+00
-4.819900544938736431e+00 4.404536431256794948e+00
9.529233273282654793e+00 -4.977048032291708779e+00
-1.974012736970603088e+00 -7.751505739759091185e+00
3.110182162297150832e+00 -8.737695225658271170e+00
5.738973821434709688e-01 -2.933776503115873346e+00
-2.226308714266719946e+00 -1.546218214447880435e+00
2.192488825226361904e+00 -4.165228557413070298e+00
-3.845158972560658306e-02 7.065585291628135423e+00
6.348240772129582155e+00 4.054602155158529619e+00
9.030433178908853220e-01 -5.903522702766504260e+00
-6.913361096998177580e+00 9.161792044629080145e-01
-2.340494519781630700e-01 -1.936310796806300916e+00
4.956090696111057348e+00 -9.724623208618584869e+00
-3.351390323412790195e+00 -6.917526103509109348e+00
1.111822763155238292e+01 -1.455311551561206951e+00
-7.728847401234122394e+00 -2.124181476406980185e+00
6.376263231872040471e+00 5.126812800831978656e+00
-2.970879461033960389e+00 -2.330914352122703814e-01
-8.184588786109714409e-01 -5.945250476130405026e+00
1.255819382013235952e+00 -4.479196427115017087e+00
4.662459725114514342e+00 3.769563190924840157e+00
-4.041636624838899072e-01 6.252993909203476086e+00
-4.309527086447663136e-01 -7.455582258079513025e+00
-1.229780678514919234e+00 -2.177511965836998797e+00
-6.439201558893652866e+00 -2.843428388361577852e+00
5.423103601240581995e+00 -9.630591702969955037e+00
-1.140308429378367405e+00 -2.271461496990425655e-01
-1.433052934412182511e+00 -8.233222339115563448e-01
5.413811535762361515e+00 -9.174442294967718681e+00
6.107580402376009410e-01 -2.687746079851422998e+00
-3.835321547238049966e+00 3.995879196045849291e+00
-6.203477525770187739e+00 -9.567154396179131659e-01
-2.809219038569880755e+00 -4.897874666240743302e+00
-5.228013295782864667e+00 -1.928819644184176507e+00
9.077862941958738663e-01 -3.432183369691657049e+00
-4.385678197686444513e-01 7.317771598862472970e+00
6.299623920982639902e+00 -9.912145930174528274e+00
1.476801819548131389e-01 -6.098055696507619139e+00
-3.162077962286189869e+00 -8.104452205220983307e-01
8.438228596567665107e-01 -4.783897053321936710e+00
6.780594939369156471e+00 2.709057954855664363e+00
-2.207834522008815803e-01 4.942977379629092560e+00
-1.110920293544234605e+00 5.551061924888078813e+00
5.118191930286665858e+00 4.647766322306990716e+00
-1.460311592207313769e+00 -3.700269024432140341e+00
3.966631788260452929e-01 7.489940724440086406e+00
3.911710198641626501e+00 -1.030107262932359369e+01
5.989085756830170304e+00 -1.034185170088983696e+01
5.453913985045712565e+00 3.220794400210372554e+00
-1.852340136572281359e+00 -1.757855327273691870e-01
-2.304285223929158466e+00 1.495754309051358089e-01
-4.065810089707805552e+00 4.917293394247190363e+00
6.248014187776937955e-01 4.281930505361081885e+00
1.787859195023488112e+00 -6.998947758798457208e+00
-3.507934593366353049e+00 5.713454908323919668e+00
1.002909935409971709e+01 -3.995520452066937178e+00
-2.035864671188325481e+00 -2.379742687336862339e+00
-3.984056190307978085e+00 -5.200870198958207347e+00
-3.452747600444915577e+00 5.034491020955596419e+00
-7.651663649216549956e+00 -3.621513210801275751e+00
2.167311043559494443e+00 -1.006605733634927979e+01
-5.380602667519191584e+00 -2.528488926419007576e+00
-3.716658071453801782e+00 5.939315726537561346e+00
-1.741428428290208830e+00 -9.186326116955336740e-01
-4.201901606088544128e+00 -1.183554572362625068e+00
4.270323189438522959e+00 4.166547465926209171e+00
-2.695330461575316860e+00 -9.535467033540878656e-01
2.641675071041851730e+00 -3.939037752154554983e+00
-5.735690182605747367e+00 -2.376045114744369968e+00
5.742976622695228350e+00 -7.724961805321921560e+00
-3.389755710588545412e+00 6.065101553976353088e-01
-5.227267921501461689e-01 8.380322760940273952e+00
6.123676506542182985e+00 -8.532463320300358589e+00
-1.242612735534032398e+00 8.953891221895808883e+00
7.273074556278741554e+00 -9.070696896221617678e+00
7.148469034940247546e+00 1.834428698464272589e+00
2.368853917548721100e-01 7.037368063352993808e+00
-3.297460053273955083e+00 4.771251613909861078e+00
-1.314388205229484186e+00 -1.001851694935464554e+00
-3.407319447620820618e+00 -1.024106333633161281e+00
5.013730663601551285e+00 4.447675409169163707e+00
-4.435326734675617999e+00 5.909760843447262602e+00
-1.110626245998168171e+00 -2.634713733370736666e+00
-1.672501927423977630e+00 -9.154083015389080646e-01
-1.114384028160319895e+00 9.701003608664667155e+00
5.638727247602598247e+00 -8.938686738577032997e+00
2.711241946952394066e+00 -2.694519632142886589e+00
-5.652717181736605312e+00 5.465401213720328499e+00
-7.779400396830012943e-01 7.014268762842278626e+00
-5.095644120978956026e-01 -5.162721824738506271e+00
-7.420109152312773126e+00 -2.328052096510706548e+00
-1.254341784449808372e+00 -4.149085192233854968e+00
6.923402465808616846e+00 -1.077420778890169473e+01
-4.725262117961709585e+00 4.021916841670997833e+00
4.620949310889877815e+00 5.224805554919012884e+00
-6.058650504183566099e+00 2.290085800023404783e+00
6.322070997117124946e+00 5.039344947400196340e+00
1.818053285047167122e+00 -4.134948832863392099e+00
7.564269433358587591e+00 -5.162666128592672266e+00
8.400685515261400838e+00 -3.772057597382469929e+00
1.004420787905407408e+01 -3.382698919559884665e+00
-5.145552987924998378e-01 -6.103864058840938078e+00
-7.729801337677275619e-01 -7.114957357756033218e-01
4.419435993815969077e+00 -1.156609145937110483e+01
-2.826131598586794968e+00 -7.357803033215262190e-01
5.834163364945564645e+00 3.028042590887574548e+00
-6.303091469555104354e+00 -1.306335655886803337e+00
-3.414887397638029398e+00 2.172989557478798961e+00
9.572937485333090635e+00 -4.139083235167033692e+00
2.778326331664941584e+00 -5.154929064532497662e+00
-6.176956733275509315e+00 3.902185225949623248e+00
3.575363573008935703e+00 -8.495768516642385748e+00
-2.743800047295358091e+00 -1.405440151093224621e-01
6.340864719917971293e-01 -3.514862415258982686e+00
-1.789749554278535992e+00 -1.990446534522275046e+00
-2.749886894603381648e+00 -3.555281251232201623e+00
7.990062603348981440e+00 -4.362498260365654801e+00
1.007352500083397828e+01 -5.134934409932273347e+00
-4.548335909029459501e+00 -8.054132190233211919e-01
-3.888465754674394148e+00 -3.386563841281209797e+00
-1.350787984952319665e+00 -5.578116933148812961e+00
1.230808411498034882e+00 7.227846234252528035e+00
-5.887866802367667241e-01 -6.913104628954963582e-01
-8.295572882025187056e+00 1.916196327988706205e+00
-5.174783500823773252e+00 3.469147097173697958e+00
-2.513053161182767781e+00 -8.420959646991359904e+00
8.964984945989058485e-01 -3.952915482870280606e+00
8.479106966432908621e+00 5.108298414280649347e+00
-1.081631591385540769e+00 1.678581516330162504e+00
-2.249630605868464528e+00 4.798133846951584403e-01
5.330715135740044630e+00 6.014430152117329342e+00
-4.276244809845621830e+00 5.258868216900845383e+00
-4.432059291684094404e+00 5.626666400922462508e+00
-3.430887687304554401e+00 1.094354113662221462e-01
3.986021050467208227e+00 4.516087309155748741e+00
1.746474564896765447e+00 7.309143047081171574e+00
-2.611816524121325589e+00 7.411030955960915989e+00
-4.754972710613877496e+00 -2.089350861205675258e+00
-6.443711567555827635e+00 5.595277902883919019e+00
-4.932250662423300014e+00 4.111714611954568888e+00
-9.006160496161960793e+00 -2.212446140040406295e+00
-3.407678015252642911e+00 -1.650994860569399592e+00
-5.846827391972319043e-01 5.375944018394527291e+00
-6.562243648244872496e+00 -2.760454655785792522e+00
1.306551926811119380e+01 -4.122262695900696272e+00
-1.330665064111884011e+00 -3.538158525857498127e+00
-5.438260649853571493e+00 4.278714503254277268e+00
-3.591892172305659159e+00 2.951961093940031589e+00
-6.027769919604653026e-02 -9.838585484760913324e-01
3.125918082595501968e+00 -9.274456749548404488e+00
-1.442516308155516125e+00 6.791570439880060484e+00
-6.711245803113972563e+00 1.367084458933165436e+00
9.339408018358200891e+00 -5.355700421360836572e+00
-2.803635613166919782e+00 -3.676134898270386309e+00
-2.200106079564701389e+00 9.422376203906395187e-01
-4.644479263191642282e+00 -1.035592640669484643e+00
6.016590625064776710e+00 4.727016626291344892e+00
-9.913132716016810342e-01 7.436425068646425274e+00
-7.017446052393634393e-01 -4.687260965361606857e+00
3.940138569022546999e+00 -3.768945206392756653e+00
-7.039269470668885198e-02 -5.322728039527321542e+00
-1.172988387567630131e+00 3.382299215536177517e-01
6.851476926663522704e+00 2.000180966905948488e+00
5.776674227087264413e+00 -8.338326175630804471e+00
7.616521460787600617e+00 -3.970482024265082455e+00
-9.655995482341911185e+00 -6.411951558522707151e-01
-3.630898564141969764e+00 -1.937821101695667458e+00
-4.099392751802930057e+00 -3.295552690635728865e+00
-5.619313550115503375e+00 1.219060580258260362e+00
2.318160250978953840e+00 -3.888410401705303165e+00
-3.623460752517740691e+00 -1.339381238994828749e+00
9.498697898207414170e+00 -3.912884716174324762e+00
-1.952450389180665047e+00 1.149542762662818962e+00
9.001613935071516082e+00 -4.448227250161679081e+00
3.972515836500634112e-01 -6.474148089164732056e+00
-5.714177052365662313e+00 5.510991852836522042e+00
5.526011215748603433e+00 1.863854533910092925e+00
-1.355915751639203526e+00 -2.684634803455198337e+00
1.009721073864936791e+01 -3.664009313048854022e+00
-6.778519137718279630e+00 -3.029071220327872904e+00
6.367810631041660230e+00 -1.204822247360996457e+01
-9.608119235013889980e-01 -2.509143508854064564e+00
-1.963489335052523099e+00 -4.549106432959657553e+00
-3.398967704896160846e+00 5.922828613470928261e+00
4.890073466675510794e-01 -5.024044298737497805e+00
4.846649597024620171e+00 5.212557019754648024e+00
4.797039144907036423e+00 -8.287924394193685984e+00
-3.134756704203482069e+00 2.445623286809915919e-01
2.859938149907634841e+00 -9.427006116444625050e+00
8.885024185055869772e-01 -5.047266580542784098e+00
5.426922960589260825e+00 -8.125850737588617534e+00
5.569403961887512411e-01 -3.268392497274400732e+00
1.067590414367037432e+01 -4.507485562517189237e+00
-1.083225513459936007e+00 5.775488477828019995e+00
9.109070913511096990e-02 -4.601211032750478047e+00
-7.327283504363657052e+00 1.555182148493756689e-01
-2.345557251882131045e+00 5.365812800741847077e-01
7.600283498894292222e+00 4.752660127215975194e+00
1.628005191309281674e+00 -3.671480936852534072e+00
5.737558175049914055e+00 3.188266672983800731e+00
-1.651923100925686505e+00 7.481763076509358790e+00
-3.260337544930339782e+00 -1.844892849305563409e+00
1.243645855772438136e+00 -5.266168026266763391e+00
1.167369006922585406e+01 -2.045785422020083288e+00
-2.872920434283101176e+00 -1.250619959920592050e+00
-1.043563280724768783e+00 4.050431045413788844e+00
-1.262843443871002336e+00 -3.825495061837427713e+00
-5.306678156278817227e+00 3.623788308136585812e+00
1.015161221026865412e+01 -3.815166040220710819e+00
6.303332590991916895e+00 3.493417142713310497e+00
-3.455650841547410757e+00 4.475577414100482265e-01
-4.781779000111707312e+00 3.993613192763811437e+00
-1.625005287608707549e+00 6.083043103914426375e+00
-2.680882325107080799e+00 -2.121598100449550550e+00
3.893829199125613094e+00 -7.883523050512049934e+00
-8.736253255857135969e-01 -2.136812929702318620e+00
-5.946168826759647974e-01 -3.317188814245596973e+00
-3.355992508697236421e+00 3.802843156024293680e-02
7.077194913302950141e+00 2.852165943534674675e+00
2.779515937478376220e-01 7.821700445192540485e+00
8.006024830833052164e+00 -8.514466104827349113e+00
-6.389620529174131924e+00 3.661770449204959199e+00
3.292189085993313391e+00 -8.553597597089925841e+00
7.314996008598416921e+00 4.176413932965852283e+00
-5.746409093215252284e+00 5.419606265969950876e+00
1.873309248731431786e-01 -3.881237520513443062e+00
-4.028328815645394911e+00 -6.289818430698311147e+00
-2.835289053591160346e+00 5.003530697074194400e-01
4.741258725233920224e+00 -1.146052609161364266e+01
5.682809809499710596e+00 -1.056800931685393330e+01
4.877757655499348477e-01 7.917193578065525372e+00
-2.599352546178828494e+00 8.825486210517796692e-01
6.125307572716234716e+00 -1.074797189092425320e+01
-6.687698454433503414e+00 -2.883389869411008277e+00
-2.999195858770185463e+00 1.162998303596742389e+00
1.110669640875998887e+01 -3.395750188374580425e+00
-1.164673192540401692e+00 -1.304686049812437076e+00
-6.912921350418102406e+00 -5.683067846511734578e-01
-2.921657200488650741e+00 2.938717112390937247e-01
5.275602763973900267e+00 -9.234385331810651465e+00
-4.489741867780258744e+00 -2.191787072303184480e+00
1.827644825179912669e-01 7.081697618032221087e+00
-4.589493427055852948e+00 6.032610214438545171e-01
-2.277844873482928190e+00 -2.051821795604092724e+00
-1.073340468245351786e-01 -5.995434273881152798e+00
-6.770399617959282246e+00 -4.174567248771845485e-01
-1.449118567432423843e+00 -5.826776139681292044e+00
-4.667160697233796007e+00 3.902287166770511906e+00
-2.295130314265655169e+00 3.232173370996489492e+00
8.219629783502760745e+00 -2.293080266072813345e+00
4.301462377935004966e+00 -1.090706749261302022e+01
6.587768391411080948e+00 -9.949923735698353866e+00
-7.684029296801491604e+00 1.158789897932602120e+00
-6.861282310061158629e-01 -5.514956797309643832e+00
6.836148362900215325e+00 -8.259905538145279280e+00
4.338651537947580294e+00 4.194909693434513365e+00
-5.737219107234341919e+00 3.468553717888076537e-01
-4.737242462251018971e-01 3.923031727639410882e+00
7.845334474524170432e+00 -1.016655445844077654e+01
5.683733038211816080e+00 -7.953408594705095425e+00
-2.190075557452704658e+00 6.329400463988667624e+00
4.857834209763431943e+00 -8.948319957080718368e+00
-3.587732541308841228e-01 -1.617357333703117961e+00
-3.675620604523328616e+00 6.767216478151678594e+00
1.184173334559156743e+01 -5.025931425181259016e+00
-1.936160597545400819e+00 -4.126855742395873605e+00
-6.225341094203626469e+00 5.822123406346937813e+00
8.390640334493399521e+00 -4.347623113539621720e+00
-3.800805655887286694e+00 -6.148792960970042465e+00
5.250210123115962801e+00 -1.100571743560878168e+01
-4.874988796365335997e-01 -4.619310534505380872e+00
-8.997800692398567612e-01 -3.806993294629910540e+00
5.779616859035444421e+00 4.888006505867636520e+00
-2.080440359256872096e+00 -2.959931968401340541e+00
-2.918437907693054001e+00 -3.141428873733265181e-01
2.887261182809493398e+00 -3.772065342675792188e+00
-7.924070708806429053e+00 -2.151322873593408680e-01
-4.167940689530521325e+00 -3.002614604564821654e+00
-2.233662442233529166e+00 -2.399288618816049379e+00
-7.432940270792186555e-01 -5.733175680931150708e+00
-2.148265292428960915e+00 -1.360622099655210082e+00
9.339338958885635478e+00 -4.137035342467058285e+00
1.696717675714508822e+00 -5.066422056308608646e+00
2.745297479019088716e+00 -7.425022334046999184e+00
-6.015958024825437178e+00 -5.524043248700781783e-01
-3.005920068472023310e-02 6.048092977492469657e+00
-8.240271671394497233e+00 -2.301797734995204792e+00
-3.434165383257201665e+00 -1.162305061420830232e-01
5.711395637225639810e+00 -1.090345230844094182e+01
-3.595160804707706603e+00 -3.622513334322451151e+00
-4.380003807109530634e+00 -8.596490621979644420e-01
-1.332913307910563949e+00 -2.864710547417240738e-01
-8.754666427961188546e-01 -4.185989560813794697e+00
-3.703535428365636761e+00 8.352060988401314390e+00
3.023734286604127686e+00 -1.012507478696595697e+01
1.162925102424259283e+00 -7.507203287826976990e+00
5.200022356284549119e+00 5.789014532576540084e+00
3.692002011091366498e+00 6.910541250219607079e+00
-4.610739400803488763e+00 5.397746985220521765e+00
-3.481363993585537830e+00 3.540593349566433901e+00
-2.660591811443244303e+00 -2.036257249661920232e-01
-6.371428199000999104e-01 -2.858698874826965941e+00
8.691369853537700862e+00 -3.972561016721533722e+00
6.384816895083428534e+00 4.194775440261640398e+00
-7.524889265376173419e+00 2.118859605876117769e-01
5.985088528301217181e+00 -9.959143998238030093e+00
9.825149882351848163e+00 -5.107868648631585629e+00
7.624005713691913044e+00 6.719724787633014174e+00
-7.007787971766912705e+00 5.591889154614482216e+00
-2.519633813149978696e+00 -4.906294271961772147e+00
-1.878910015758586072e+00 6.466595729487125688e+00
-6.042379119585849168e+00 4.822068903176013777e+00
-9.276472517619266611e+00 -1.968411073879171358e+00
-3.093513334140691740e+00 1.602080053576533825e+00
3.299239199116383858e-01 6.261249575968387937e+00
-4.759634265023082733e+00 5.225341324876056959e+00
-6.400320426154794795e+00 -1.657690450530970860e+00
-2.039682256189595311e+00 -8.134455799720345937e+00
8.353475524261009255e+00 -4.190435398218701479e+00
5.295322335081841025e+00 -7.992406406539941166e+00
-5.080303194585487958e+00 6.329306962269622971e+00
-2.328313452614454881e+00 7.401365186414368580e+00
1.567694618619371649e+00 -2.932956683923667818e+00
-1.732206586442980090e+00 8.591298353261219489e+00
-1.341182565811130711e+00 -1.851676060523014478e+00
-1.147657479950525694e+00 4.515113969359068058e+00
-4.731243144838290782e-01 -2.018818190610799590e+00
4.973002940078741219e-02 -6.481885350232029275e+00
-5.171282650901902755e+00 6.870542031337754096e+00
-2.067493510634507370e+00 6.724778767918401456e+00
-2.372347147025535730e+00 -5.096649254406516505e+00
-2.343825986204137735e+00 -4.844781886207446320e+00
5.581313466827896974e+00 -8.453659758504768362e+00
-1.281744590909526416e+00 9.828555285738151959e-01
1.015145694161935452e+01 -6.195575609590089350e+00
-3.321170144019701453e+00 4.341370794399661115e+00
-5.801461262123107865e+00 -3.596493312494575267e-01
-4.252311344816821048e+00 -6.096229538239589019e+00
6.174312932910555496e+00 3.654110458502522363e+00
-1.731668735742584175e+00 -1.414181453039425218e+00
1.142798676758003928e+01 -4.321080803508989376e+00
5.547478818660254163e+00 4.658782593971129593e+00
-1.165689236109039184e+00 -4.242197523628489897e+00
5.807583487060004934e+00 2.257672468183709036e+00
3.915769261458542871e+00 2.840692006756033727e+00
-2.631229491413943578e+00 -2.139438513089455540e+00
1.009177027312722608e+01 -2.026537331394907326e+00
-4.077416584041714032e+00 3.240393973888942458e+00
-5.673301616950629622e+00 4.344340247375748199e+00
5.615197823241401487e+00 -7.901487088955168048e+00
-1.712362172626481049e+00 -4.651130485215024812e+00
-2.241502299312997604e+00 -8.475326485316180936e+00
2.223720939159663956e+00 -2.186508065312082749e-01
-5.402264932080469428e-02 -5.336892375231705010e+00
9.749712657948462535e+00 -2.571814950423513046e+00
-3.139429084180785701e+00 4.797241656573080881e+00
5.323963779929034246e+00 -1.042467548494044571e+01
-1.318680255514299793e+00 -9.278441000541906014e-01
1.096647667964757389e+01 -4.839245531827883084e+00
8.298919437786821618e+00 3.941593860461766408e+00
5.176703954015445142e+00 -9.047688128174055322e+00
-4.707270090433686605e+00 -9.157072500606789900e-01
-1.516972884091024820e+00 -2.322409234193871796e-01
1.022543211442260969e+01 -4.825027205671672981e+00
1.557854402254659210e+00 -3.994140918044128963e+00
-3.883238874182080025e+00 -7.665058412721771353e-01
6.155540573390172909e+00 5.969489418137770897e+00
5.699659150651172901e+00 4.980879572034878855e+00
7.142004266153147540e+00 -1.037135891953570166e+01
9.547395831047804649e-01 6.492839867133207044e+00
1.760997701990473452e+00 -4.188063166515386904e+00
-7.993462462130908719e+00 -6.059071371604182188e-01
-2.402619030245785492e+00 -7.152404491540542697e-01
-2.675659424704548872e+00 -5.742104026742120837e+00
-8.547356732779023414e-01 -1.444629860185794978e+00
1.046947428112010492e+01 -2.362946062208999720e+00
-1.439619554148491964e+00 8.852537956292909627e+00
4.797000224171004135e+00 -8.120775517035578872e+00
9.816483784846985472e+00 -2.985078126574663759e+00
1.008910513300317646e+01 -3.269775148030012790e+00
-7.246310038887760818e+00 -2.405097378803470853e+00
-2.374109494966637701e+00 4.776726798974313404e+00
7.596277196436439283e+00 -4.248176803438261651e+00
9.755878844424218599e+00 -5.090189074827608628e+00
6.266196816769917355e+00 4.670396077088839526e+00
-1.203806982006107695e+00 3.698251938010351569e+00
9.303887371204504930e+00 -3.442822862850792198e+00
-3.710049324696566675e+00 5.511009721069836331e+00
5.531405374468579161e+00 4.981579851286184635e+00
-3.980260164214366014e+00 -1.131127057587372642e+00
-9.832228297869525235e-01 8.218944514081616859e+00
-4.741864230306203964e+00 4.874080557277418180e+00
4.075970428746570562e+00 -9.646022418147195410e+00
-3.980350153663068102e+00 5.390029017351848140e+00
1.479595113735872047e+00 -3.564934834660822283e+00
-5.081920047253704276e+00 -1.213425089677991009e+00
5.061549559221233174e+00 -9.750534100489963052e+00
-1.798468214760095218e+00 -2.082366429532243934e+00
2.485888186782310605e+00 -3.240463510438779782e+00
3.920487388964098319e+00 5.735820223245141847e+00
-2.046367737190236458e+00 7.550964685993418968e+00
8.004255200661392067e-01 -4.329149181584918793e+00
-5.687134066304069258e+00 4.467211011629820483e+00
-2.571273267107256455e+00 -7.090072933023472856e+00
-8.085532080257017640e+00 -1.191322653590329406e+00
7.181801161659322474e+00 -1.081494028584116940e+01
-1.054913681670957004e+00 5.870966865287456926e+00
-1.283796429255959604e+00 5.472403680773939350e+00
-2.485796275509386533e+00 -3.125913335269247195e+00
-7.141373294415437556e+00 -2.846432664808997703e+00
2.728679356314118731e-01 9.084031703346681752e+00
1.067209773726030875e+01 -4.110432092197172871e+00
9.959969541239670932e+00 -4.078684001752516330e+00
6.119960229750483371e+00 -7.779178141474996089e+00
2.342132474789815344e+00 -3.808301620019817868e+00
-6.009601061250926080e+00 -2.140917654936536074e-02
-5.575200691589239810e+00 7.184836491778334278e+00
-7.064115137579427994e+00 -2.916770450499413414e+00
-7.911807323271722758e+00 -2.337078710203810417e+00
-5.716812140915222606e+00 4.137546053253298162e+00
4.982986872338987183e+00 -8.371834011665345798e+00
-8.013914873397776972e+00 1.156674232040466599e-01
-5.583096775218070462e+00 2.719289779693327525e+00
7.582964372817617260e+00 -2.985766679873553819e+00
-4.337781482616609452e+00 2.994580996739649947e+00
-1.522009307465348460e-01 -2.952301993619792508e+00
8.583099466775237829e+00 -2.787743006827480663e+00
8.821886131080052706e+00 -5.153471467546410167e+00
6.056983277629070628e+00 3.002342333393087870e+00
-1.109692640089443350e+00 7.066849966492269708e+00
8.673249658022792019e+00 -4.588691860562654767e+00
-1.065936859372543122e+00 -1.559289430853222358e-01
-4.383494148748596331e+00 6.324278799733912493e+00
-1.092119918372565390e+00 -5.281932789024872399e+00
-2.241595975127185447e+00 -8.098315242380753176e+00
-3.919635859645645759e+00 -1.349214026075871597e+00
1.233499328248557703e+01 -4.241867556334374179e+00
6.815410994658904542e+00 -8.508531237482205967e+00
6.119532056369488160e+00 -7.369653581807401821e+00
-1.929232164202728583e+00 -4.942272171316915319e+00
-6.781632146809147832e-01 -4.449760984568820632e+00
8.155433471930244593e+00 -1.028071664846062205e+01
-3.009817240696960994e+00 -1.350197966976370623e+00
-3.421457185298001136e+00 -2.341407117941431970e+00
-4.668570543873258316e-01 -2.323944139793056252e+00
1.943438120111580680e+00 -4.445617862402702514e+00
9.630026094935947967e+00 -3.436597068988167525e+00
8.706890753500120539e+00 -2.431506949215568980e+00
5.541440773908782091e+00 -1.041651553413364084e+01
-1.904913413611944550e+00 -3.065414850738504837e-01
9.022283021063588038e+00 -2.869805094420009084e+00
6.821465851007038950e+00 -9.186828157969451070e+00
-3.437576541358188464e+00 -1.060146510945651599e+00
2.130112052720227744e+00 -4.789790527037438572e+00
-1.394367156687294607e+00 -4.156182103052953103e+00
-5.230405906815900341e-01 -2.118477958274093353e+00
-8.117254665420190474e-01 -5.438633892782543944e-01
-4.973488156871017196e+00 -2.172678531589840034e-01
-2.117351421102098730e+00 5.153067789558799738e+00
-1.999988029045806082e+00 -5.446346712842918159e+00
-2.632749491037527534e+00 -4.210856112792704664e+00
-1.703159003275650951e+00 6.915063303571876929e+00
-1.519238953588537111e+00 -5.849920072788430403e+00
-1.254054888769164711e+00 -1.846767313433297364e+00
-6.505363958665655311e+00 -3.942005189501927909e+00
1.914558861920969468e+00 -5.505906966758873367e+00
1.151201336487749138e+01 -3.292712050632038867e+00
-5.435714378326594876e+00 4.567875696913142214e+00
5.500964627802476414e+00 -1.008750381518615669e+01
-3.776092560518145014e-01 -1.400992077702892136e+00
1.021353363569833306e+01 -6.014463156058521776e+00
7.356139082294335552e+00 -4.642362399546584584e+00
5.607570992179731206e-01 -9.440247861415819841e+00
-6.944469507092535743e+00 5.076610130206262728e-01
-5.193225359769429339e+00 7.506628397427646426e+00
-4.061836613922933381e+00 5.082262539466814388e+00
5.743743388528166349e+00 -1.006047889691815378e+01
3.019022815317534469e+00 -9.536624736544043301e+00
-5.533533057695425583e+00 5.917876540016492548e+00
9.741559758986170436e+00 -1.361815804883107273e+00
5.864431512238461153e+00 -9.778942262540468278e+00
1.220907803097925459e+00 -8.234202433293948076e+00
6.860916627220094099e+00 5.698000654595391623e+00
-7.307870827319963070e+00 -2.953875676423283192e+00
1.441979101310104650e+00 -5.066500791197406706e+00
-3.676259744597425438e+00 5.264397226257097273e+00
5.912460130894237054e+00 3.630784316794957611e+00
5.076307149999228052e+00 3.247600566859205173e+00
5.337965323845067722e+00 5.750583112861538559e+00
-2.683266140232579477e+00 2.800801584154508195e+00
1.286683038777868049e+00 -3.476086884332874050e+00
1.057923917038634087e+01 -3.318844919760937984e+00
-3.101839103054893521e+00 -1.748698827298067915e+00
-3.091802007488990700e-01 -3.693863283770641548e+00
-2.474515936161593821e+00 -3.412137569394760650e+00
5.870909901462169955e+00 5.375921618161235926e+00
-4.547633581721027163e+00 -2.733848730245133751e+00
-1.913992598850894122e+00 -3.990359643893892638e-01
2.436370424721000294e+00 -3.794750998306690271e+00
-5.426909714090285775e+00 4.961760983871269737e+00
-1.066751899117972524e-01 -2.897637314307529799e+00
-5.909812123693026109e+00 4.443224678321266552e+00
7.013015810502375658e+00 5.981510938977072200e+00
5.141006411590801406e+00 2.260191951017279877e+00
-1.703546299818408105e+00 -6.594965782681684985e+00
-4.271904749300424520e+00 3.929501993450966957e+00
-2.270265181157973711e+00 -8.681520545194799654e-01
-1.847995107443002549e+00 -1.982737206520083895e+00
-1.413152567314900132e+00 6.330775763901346664e+00
-4.853333772783522626e+00 5.224653330841222854e+00
-2.079988838773214166e+00 5.495251620273476689e+00
-3.930825702977112979e+00 6.073756958265122741e+00
-8.599259810567212448e-01 -3.158304734119605328e+00
6.183214927753279966e-01 7.347586931002604516e+00
-4.091350733030260756e+00 4.476874514195775312e+00
-6.233507241355122019e+00 -2.154058248573368139e+00
4.383308724767746689e+00 3.926106642788739443e+00
6.334215213877208983e-01 -2.573690116115994186e+00
-2.172996622040315629e+00 -5.723641135512669287e-01
4.204140772477589216e-01 5.650539604899568857e+00
-1.161367393984431340e+00 -1.836591319491176710e+00
-1.421008714777701742e+00 7.866813479080260407e+00
6.053275612186332921e-01 6.293316101875612301e-01
-3.770655326197134727e+00 5.673580250552364035e+00
-2.922969267614887734e+00 -3.010998988449110847e+00
-5.646747942111861818e+00 -9.781604294210991535e-01
-4.055964285489562116e+00 4.357067447278759609e+00
-4.982821374071527920e+00 6.021500673181661156e+00
-9.023440007557743670e-01 -6.549817824617075068e+00
-3.897400294875358551e+00 2.660075342168071177e+00
6.638629320485311958e+00 3.598336777735791525e+00
-7.676849196012014431e-02 -2.299327991207213540e+00
5.388422052348488478e+00 6.234096924826599384e+00
3.306497272487484151e-01 -4.243763022105579097e+00
6.196878226364900044e+00 3.857181248170849397e+00
1.008316603414888846e+01 -2.958859433853960219e+00
8.017962765002653924e+00 -4.376070869719804080e+00
-2.640783378685100935e+00 5.711816111675322105e+00
-3.443167303915138255e+00 5.222382734740915744e+00
-3.649211712637776550e+00 -2.655869463956944010e+00
-6.127057894278220118e+00 5.656831622620074995e+00
4.668291203756932184e+00 2.768443741405421488e+00
-4.536841829382906255e+00 -9.698341503870190339e-01
6.807124980171209039e+00 -1.288664840020542712e+01
7.057137844043841035e+00 -1.083732254696930397e+01
-2.000098119442123679e+00 -1.874843187811912948e+00
7.882887529108485225e+00 3.379357229729809120e+00
-2.607585943011089480e+00 -1.875675974593967288e+00
3.488609877867955955e+00 -9.556592066258817297e+00
-2.885312932162272581e+00 -1.400995439150394040e+00
-7.312675721255011974e-01 6.792466715293222101e+00
-6.460873236732377123e+00 -1.363064988550166667e-01
1.086766013080020343e+01 -3.768120780596641684e+00
6.549198580658339708e+00 4.001981317607534727e+00
-3.528770025712403502e+00 4.784032208887537330e+00
-1.116224286603159754e+00 7.460867675616613681e+00
-9.287341589349336068e-01 6.658821749955653679e+00
1.056611370895696211e+01 -5.342506385435386917e+00
-2.238993793919994868e+00 -3.482930553824716391e+00
-3.061861878547075477e+00 -2.477064807930902113e+00
-4.231665074404427074e+00 -5.687937359335155652e-01
-1.505282120269905821e+00 8.349374775481726019e+00
5.200804115214468837e+00 4.017836278198679167e+00
5.995413452995336456e+00 4.344512007776014428e+00
-4.941583615129450990e+00 -5.671818723479842284e-01
2.099376341713839800e+00 -4.764879329238514316e+00
-5.263065455585556940e+00 3.796839872160487239e+00
6.253420026814133781e-01 5.436888919037302870e+00
1.982604372188319086e+00 -3.441620297707016718e+00
-3.039123149144968394e+00 -5.612599312558661957e+00
-1.795654595150791399e+00 -3.255934869919286712e+00
-1.758897938807499672e+00 -5.030916962777759460e-01
3.139907356427665608e+00 5.653948669145200334e+00
-1.049816937657322313e+00 -3.311815541223802395e+00
-2.775502333136860678e+00 6.597174015287077253e-01
-6.078528955150943602e+00 -1.032806456098529502e+00
-4.654322842865186161e+00 1.820531001852924380e+00
-2.297573781716721886e+00 3.972638227890484597e+00
-6.007114720728004009e+00 4.498581965104237135e+00
-2.081406034392487392e+00 -1.066573669976914385e+00
2.546933597285351958e+00 -2.599433798772822435e+00
5.918048122323391613e-01 -3.219889283596828022e+00
-2.432561150088132784e+00 1.804172761011013648e-01
5.407203595619585634e+00 2.722440212186540531e+00
-4.111465599437471585e-01 7.698306064551109884e+00
-6.093589764001543507e-01 -4.815568019953042622e+00
-6.919180733841882258e+00 4.994758262110336133e+00
-3.504783236733256757e+00 -8.033985847121981605e-01
2.216989833177045899e+00 -8.648318275194071703e+00
-1.010274950390757986e+00 8.601890266562057796e-01
-1.899485661648817825e+00 1.302755762638160730e+00
-1.390531599599702517e+00 5.121961928509875861e+00
5.438790212582700789e+00 3.250977754506621409e+00
-3.117429343776755957e+00 -2.952514304682469337e+00
2.589689681471516458e+00 -4.160015785591751225e+00
-4.741281533334461784e+00 5.767128429516917620e+00
-9.576369359525038760e-02 -3.943207201827698238e+00
-7.864307275626244431e-01 -7.133154360688584994e+00
-1.392630690389748294e+00 4.064965409695251441e-01
-6.237509314000753591e+00 -8.270611709474406936e-02
-2.227189444544550589e+00 -3.281106985105874951e-01
6.291408397526416785e+00 -1.001422589689384779e+01
1.097057484023379104e+01 -3.152446277247491935e+00
-1.721112864041673518e+00 2.030994854400678395e-01
-7.274899899140044646e+00 -2.816725999843245898e-01
9.000504510393346536e+00 -4.585404780753044918e+00
-2.508703537205315470e+00 -5.591245680588059486e+00
-5.118658211407768555e+00 -1.670354115532197481e+00
-4.128442352551305206e+00 4.243168531851535974e+00
-2.118596413892028352e+00 -7.164728782253747319e+00
1.094687602556249306e+00 8.352096734663282618e+00
4.416954036311897092e+00 4.169812406169259411e+00
-5.963045354008682963e+00 -2.366943283089983474e+00
9.689351673914258001e+00 -3.056624944139749722e+00
-3.038123711580723363e+00 -1.862166352544191605e+00
-2.277089290017980883e+00 2.608046048593921640e-01
-4.742192825734210970e+00 -3.382053652700080626e+00
4.140781756628933330e+00 -9.926512035035829129e+00
-3.158284801796956032e+00 7.501754364030016831e+00
-6.549273481733259850e-01 -5.451930398152070367e+00
-7.691090513066525247e+00 3.794661389844222299e+00
-2.634916308003137253e+00 -1.693562612552577118e+00
5.612368367077323228e+00 3.858931589735770995e+00
8.556248178847546626e+00 -3.558305328468284401e+00
4.736584741011201416e+00 4.737869317011146109e+00
9.921893430869226371e-01 -5.575199897038662478e+00
-4.277529535291719753e+00 4.299261218960447550e+00
-6.004722001843776802e+00 -4.810747595709592428e-01
-2.154043308778569532e+00 -5.970688868535245497e-02
-9.331186028552544975e-01 -1.201011183926305792e+00
-1.820139840095243322e+00 7.122719668798114689e+00
-8.492643301966302793e-01 7.102394064540304974e-01
-2.315249462883459675e+00 -1.570953238660038664e+00
3.639578611450374979e+00 -1.014588705935239155e+01
-7.367867619631896403e+00 -4.036128106257020676e+00
-3.297019744691004117e+00 8.061690744980417378e+00
-5.803663907070959471e-01 -2.902161725413090920e+00
2.004594443343751031e+00 -3.075863972107509170e+00
-2.011106300399461588e+00 -2.323070341706125141e+00
-8.298518627673567849e+00 -3.684932349331814017e+00
-6.378706753019022457e+00 4.850584642005695279e+00
9.398353056769490621e+00 -1.451909481930911738e+00
9.074349151048972217e+00 -2.674464883559186212e+00
3.537948723939245976e-01 3.939648401771292274e+00
-5.874277029914588333e+00 -1.824255305501288227e+00
5.633416205828282841e+00 -9.312803259535844091e+00
-1.940026152786899161e+00 4.354460744308919828e+00
-1.969355822336241291e+00 -5.430933047164002048e+00
5.998825109909165398e+00 -8.696850928867050357e+00
-4.234550602445722234e+00 4.321087505694744202e+00
-1.809883546214414052e+00 7.831592423839079942e+00
-5.170373341072854956e+00 3.336693046719561906e+00
-2.742079367004135459e-01 -7.856152592684818359e+00
5.194877248119937008e+00 -7.943520004275891111e+00
-6.111482270293835839e+00 1.948175073411868574e+00
-2.521592607988893509e+00 -9.656049485231628093e-01
4.854885690191052205e+00 -5.300901439147041927e+00
5.505129435393395276e+00 -1.125937694341158846e+01
-3.092151157188372412e+00 -1.385021183830320801e+00
3.513577186992923096e+00 -9.895169957499390989e+00
7.066582019215799981e+00 -9.223414913553446226e+00
-1.835401703283034536e+00 -3.189328479362048441e+00
3.505179946386271617e+00 3.980087774539885270e+00
-2.100950189888203923e+00 -1.626153463830770640e+00
-7.343549993075206395e+00 -8.930819825748980145e-01
-1.356849308319613368e+00 -9.303955772639305621e+00
1.119536362414756070e+01 -1.414593127283124030e+00
5.541853326933047441e+00 -9.643918569865938650e+00
-2.390661618461732640e+00 -3.394540166028906292e+00
-2.042677850120303784e+00 4.803800691147765534e+00
4.308625529203133908e+00 4.293772586470244512e+00
-1.388298700179837919e+00 -3.040649092196567871e-02
8.327994348314446071e+00 -3.184333418393819670e+00
7.318088521463952389e-01 -4.189444033109459120e+00
-3.969341843028380001e+00 -3.482805095819452745e+00
9.058733581837838500e+00 -3.546499882840498330e+00
-4.885916027236985926e+00 4.454863920352499562e+00
3.806070063771560097e+00 3.712252122493040041e+00
3.890723759456817810e+00 3.881047154711044112e+00
7.478707469886357373e+00 2.867123742102561046e+00
-6.216789841731781507e+00 3.655817906111247240e-02
-2.543481515160769924e+00 6.027706407354116003e+00
5.310360515649108493e+00 1.469045812205990398e+00
8.333684947373162899e+00 -4.886538732416072506e+00
-5.143732274342129429e+00 1.370725168673187166e+00
6.494179019616048265e+00 -8.803920513252039726e+00
-3.057709639353696218e-01 1.221487564346444454e+00
-2.076915605930194531e+00 6.594636640549558670e+00
-4.071687048404014853e+00 6.069026521493816162e+00
-5.452704571520051502e+00 3.704602869396168785e+00
-2.238937347138938438e+00 6.014356645158098758e+00
4.959505559215070747e+00 3.539613388710917796e+00
4.490305880708436170e+00 4.500522139343583916e+00
-3.661279237784186069e+00 -1.823407375668936847e+00
-2.049829119117108078e+00 8.317215142217680324e+00
-2.974947109429916026e+00 7.972861634122731189e+00
6.260465829282166883e-01 7.358384982278919573e+00
8.628551328658376818e+00 -3.734828869191560763e+00
7.983316444980318671e+00 -8.096704240183479229e+00
-5.189187042277962902e+00 -6.889871324013212561e-01
-4.694804345276234470e-01 -6.312198730797109469e+00
3.006414717959757787e-01 -5.656041949286962023e+00
-1.359815418396503217e+00 -1.293509450339962452e+00
-2.059916022834118454e+00 -1.820454000275838258e+00
5.321713059926031164e+00 -1.052732742443810565e+01
6.946563728531842230e+00 -1.212573225466720928e+01
-1.045350228214518840e+00 -5.572952920952107370e+00
9.390786662516141803e+00 -6.244758801445192020e+00
-6.184053152534902509e+00 -3.385559696718909439e+00
-5.518073276450897069e+00 -9.707582141723007929e-01
-5.103208718173268821e-02 -7.650535081205465104e-01
-7.575885626746584833e+00 4.284954129629141129e+00
-2.993422016302030642e+00 1.097657728422110512e+00
-9.294276147723391501e-01 -4.120060408913325034e+00
-4.061680164339351862e+00 3.191846811293242325e+00
-2.369343407057596718e+00 -1.835537112431920415e+00
-8.496569281492216685e-01 7.775625486027665900e+00
1.067587740314578859e+01 -3.645805065528568534e+00
1.040590831360982094e+01 -3.741802967105789524e+00
6.190622839959238455e+00 3.736865188748402566e+00
8.348696674311552712e+00 -2.155891803537552498e+00
-3.113096291612259758e+00 1.871017641008582144e-01
6.865420592693062041e+00 -1.082544745576414869e+01
-1.704151781498221219e+00 -5.420928342589549587e+00
-3.382386005472034274e+00 1.747687456275356155e+00
4.817724341486387396e-01 -3.552080362893179633e+00
-2.272920915225240979e+00 -1.207151164329303139e+00
3.595064840334387668e-01 5.655141417165395090e+00
-2.698731632958629056e+00 -1.973476224080064068e+00
-5.878300736331135923e+00 4.881094769279807011e+00
-7.844695041246544598e+00 5.094476696503724700e-01
9.572701614984727714e-01 -5.509566477123630790e+00
-3.368387162019002901e+00 -5.423890667537833110e+00
-9.201176094012373241e+00 -1.284323910091814236e+00
-7.544637644549266220e+00 -8.672574100330876501e-01
4.713785178108357288e-01 -4.035484402070478538e+00
4.323157686364380581e-01 -4.265888375373712904e+00
9.539473832291985644e+00 -2.763911381229699593e+00
-2.965281089438382978e+00 -5.860970366653122987e+00
1.960390219245204957e+00 -7.180596673146919073e+00
8.420762709570572824e-01 8.692000200855503067e+00
3.582665667507262786e+00 -2.455664002949992764e+00
-6.378645312098856213e-01 -1.425502156687486366e+00
6.154779255918169767e+00 -6.057319770929606051e+00
7.831609116839983287e+00 5.463716149893565799e+00
-7.912182901677855540e+00 -4.028007976813590574e+00
-2.490185021913355445e+00 -7.080183726689817547e+00
-3.473528214051372132e+00 4.513417184387307657e+00
-1.780917184102673412e+00 7.368867610221425224e+00
-4.035347493465743618e+00 3.738271657808194259e+00
-3.569277014447408192e+00 -3.075364489610759033e-01
1.069281500990528500e+01 -4.382713600466700221e+00
-3.889239466682322899e+00 3.578474821740752709e+00
-2.162597646384071037e+00 -1.697675440490596488e+00
-3.247675047568740592e+00 -2.301508130670150365e+00
-1.997664362551941242e+00 -6.198165689109350396e+00
-1.383372579732387031e+00 -1.022093671685550209e+00
3.879859740648401001e+00 -1.069467438081666266e+01
-6.660451936938478479e-01 -3.920496022313392448e+00
-1.049779242923391198e+00 6.235753428103800289e+00
-7.132182959237692188e+00 -6.175975460327842725e-01
5.452481265698773782e+00 -8.281571122297204823e+00
-2.961271632231990747e+00 -2.604341870986719876e+00
3.545307390116159141e+00 -9.266718894500119319e+00
1.519358058475467121e+00 -6.655459453462990282e+00
4.869695690065360405e-01 -3.656364285441622730e+00
1.078177420251866891e+01 -3.587845853083244219e+00
-2.164353700133338165e+00 -7.745102265129576224e+00
1.665184823844100048e+00 -5.165252227793482476e+00
-2.699375506284071857e+00 6.576165816851918144e+00
-4.847495599606146399e-01 -4.140088836219357304e+00
-7.680769949210484171e+00 -1.221225215906043493e+00
-6.846671238711976137e+00 -8.658033101739440740e-01
-7.376350350693508418e+00 -7.193453609714927088e-01
-4.232360299880047805e+00 -5.883742811829106856e+00
7.568805087673869281e+00 -4.102215771180158121e+00
-6.812219567451238689e-01 -6.614072182920009979e+00
-2.000047626266245437e+00 6.048797159175339999e+00
1.087596434466030182e+01 -2.950938217865163082e+00
5.055485107510737208e+00 -9.671487656770295871e+00
4.060721560772035943e+00 -9.025730468662636952e+00
1.049987122509703497e+00 -3.707163651930720061e+00
5.060912688974523732e+00 -9.081251667846942155e+00
3.331414599007516131e+00 4.349568616718470615e+00
-1.730430629306294321e+00 -3.366517437094091458e-01
-5.223567869389039053e+00 -1.413277596927144497e+00
-5.593072909230660805e+00 -6.129181678382153109e+00
2.474602373982762948e+00 -6.458570617370547495e+00
7.223232903534011484e+00 3.952694292711692370e+00
