1.300000000000000000e+01 2.914999999999999858e+01
1.340000000000000036e+01 2.510000000000000142e+01
1.184999999999999964e+01 2.700000000000000000e+01
1.190000000000000036e+01 2.450000000000000000e+01
8.050000000000000711e+00 2.719999999999999929e+01
6.799999999999999822e+00 2.685000000000000142e+01
8.599999999999999645e+00 2.564999999999999858e+01
5.650000000000000355e+00 2.580000000000000071e+01
5.299999999999999822e+00 2.610000000000000142e+01
7.400000000000000355e+00 2.425000000000000000e+01
4.000000000000000000e+00 2.425000000000000000e+01
3.350000000000000089e+00 2.330000000000000071e+01
6.849999999999999645e+00 2.325000000000000000e+01
4.650000000000000355e+00 2.119999999999999929e+01
7.349999999999999645e+00 1.819999999999999929e+01
9.349999999999999645e+00 1.769999999999999929e+01
8.449999999999999289e+00 1.719999999999999929e+01
8.650000000000000355e+00 2.130000000000000071e+01
8.650000000000000355e+00 2.189999999999999858e+01
8.650000000000000355e+00 2.250000000000000000e+01
1.230000000000000071e+01 2.275000000000000000e+01
1.309999999999999964e+01 2.130000000000000071e+01
1.059999999999999964e+01 1.814999999999999858e+01
1.140000000000000036e+01 1.830000000000000071e+01
1.215000000000000036e+01 1.810000000000000142e+01
1.225000000000000000e+01 1.750000000000000000e+01
1.519999999999999929e+01 1.819999999999999929e+01
1.390000000000000036e+01 1.710000000000000142e+01
1.215000000000000036e+01 1.639999999999999858e+01
7.799999999999999822e+00 1.369999999999999929e+01
7.700000000000000178e+00 1.325000000000000000e+01
5.700000000000000178e+00 1.225000000000000000e+01
6.099999999999999645e+00 1.175000000000000000e+01
8.550000000000000711e+00 1.209999999999999964e+01
7.099999999999999645e+00 1.194999999999999929e+01
7.650000000000000355e+00 1.109999999999999964e+01
1.015000000000000036e+01 1.100000000000000000e+01
1.175000000000000000e+01 1.084999999999999964e+01
1.430000000000000071e+01 1.244999999999999929e+01
1.669999999999999929e+01 1.219999999999999929e+01
1.180000000000000071e+01 8.949999999999999289e+00
1.109999999999999964e+01 8.449999999999999289e+00
1.009999999999999964e+01 6.750000000000000000e+00
1.319999999999999929e+01 9.349999999999999645e+00
1.134999999999999964e+01 6.900000000000000355e+00
1.375000000000000000e+01 9.000000000000000000e+00
1.484999999999999964e+01 9.550000000000000711e+00
1.540000000000000036e+01 1.009999999999999964e+01
1.555000000000000071e+01 8.199999999999999289e+00
1.355000000000000071e+01 7.450000000000000178e+00
1.059999999999999964e+01 5.049999999999999822e+00
1.240000000000000036e+01 5.799999999999999822e+00
1.280000000000000071e+01 5.700000000000000178e+00
1.309999999999999964e+01 5.099999999999999645e+00
1.134999999999999964e+01 4.049999999999999822e+00
1.434999999999999964e+01 5.750000000000000000e+00
1.459999999999999964e+01 3.049999999999999822e+00
1.525000000000000000e+01 3.500000000000000000e+00
1.469999999999999929e+01 4.500000000000000000e+00
1.635000000000000142e+01 5.349999999999999645e+00
1.664999999999999858e+01 2.799999999999999822e+00
1.814999999999999858e+01 1.949999999999999956e+00
1.864999999999999858e+01 4.200000000000000178e+00
1.575000000000000000e+01 7.750000000000000000e+00
1.750000000000000000e+01 8.250000000000000000e+00
1.760000000000000142e+01 9.900000000000000355e+00
1.880000000000000071e+01 8.099999999999999645e+00
1.925000000000000000e+01 6.599999999999999645e+00
2.250000000000000000e+01 4.750000000000000000e+00
2.075000000000000000e+01 6.549999999999999822e+00
2.075000000000000000e+01 7.650000000000000355e+00
1.950000000000000000e+01 8.650000000000000355e+00
1.860000000000000142e+01 1.000000000000000000e+01
1.810000000000000142e+01 1.109999999999999964e+01
1.900000000000000000e+01 1.165000000000000036e+01
2.005000000000000071e+01 1.019999999999999929e+01
2.130000000000000071e+01 1.165000000000000036e+01
2.094999999999999929e+01 1.019999999999999929e+01
2.089999999999999858e+01 9.699999999999999289e+00
2.275000000000000000e+01 9.349999999999999645e+00
2.239999999999999858e+01 1.005000000000000071e+01
2.330000000000000071e+01 9.849999999999999645e+00
2.385000000000000142e+01 7.349999999999999645e+00
2.394999999999999929e+01 6.900000000000000355e+00
2.480000000000000071e+01 6.400000000000000355e+00
3.039999999999999858e+01 5.650000000000000355e+00
3.450000000000000000e+01 5.049999999999999822e+00
3.489999999999999858e+01 4.650000000000000355e+00
3.275000000000000000e+01 7.099999999999999645e+00
3.229999999999999716e+01 7.650000000000000355e+00
3.300000000000000000e+01 7.900000000000000355e+00
3.194999999999999929e+01 8.150000000000000355e+00
2.969999999999999929e+01 9.900000000000000355e+00
3.470000000000000284e+01 8.000000000000000000e+00
3.460000000000000142e+01 7.250000000000000000e+00
3.500000000000000000e+01 6.799999999999999822e+00
3.550000000000000000e+01 7.349999999999999645e+00
3.610000000000000142e+01 7.500000000000000000e+00
3.654999999999999716e+01 7.000000000000000000e+00
3.654999999999999716e+01 8.650000000000000355e+00
3.639999999999999858e+01 9.099999999999999645e+00
3.525000000000000000e+01 9.400000000000000355e+00
3.350000000000000000e+01 9.300000000000000711e+00
3.385000000000000142e+01 9.800000000000000711e+00
3.250000000000000000e+01 9.650000000000000355e+00
3.329999999999999716e+01 1.030000000000000071e+01
3.194999999999999929e+01 1.134999999999999964e+01
3.295000000000000284e+01 1.115000000000000036e+01
3.130000000000000071e+01 1.269999999999999929e+01
3.275000000000000000e+01 1.309999999999999964e+01
3.635000000000000142e+01 1.000000000000000000e+01
3.470000000000000284e+01 1.175000000000000000e+01
3.175000000000000000e+01 1.719999999999999929e+01
3.005000000000000071e+01 1.880000000000000071e+01
2.960000000000000142e+01 1.985000000000000142e+01
2.914999999999999858e+01 2.055000000000000071e+01
3.025000000000000000e+01 2.044999999999999929e+01
3.100000000000000000e+01 1.989999999999999858e+01
3.370000000000000284e+01 1.700000000000000000e+01
3.304999999999999716e+01 1.885000000000000142e+01
3.229999999999999716e+01 1.985000000000000142e+01
3.175000000000000000e+01 2.025000000000000000e+01
3.155000000000000071e+01 2.219999999999999929e+01
2.935000000000000142e+01 2.255000000000000071e+01
3.094999999999999929e+01 2.414999999999999858e+01
3.144999999999999929e+01 2.369999999999999929e+01
3.194999999999999929e+01 2.314999999999999858e+01
3.364999999999999858e+01 2.189999999999999858e+01
3.310000000000000142e+01 2.075000000000000000e+01
3.379999999999999716e+01 2.039999999999999858e+01
3.439999999999999858e+01 2.125000000000000000e+01
3.575000000000000000e+01 2.130000000000000071e+01
3.625000000000000000e+01 2.194999999999999929e+01
3.629999999999999716e+01 2.380000000000000071e+01
3.325000000000000000e+01 2.335000000000000142e+01
3.245000000000000284e+01 2.369999999999999929e+01
3.360000000000000142e+01 2.389999999999999858e+01
3.425000000000000000e+01 2.410000000000000142e+01
3.370000000000000284e+01 2.485000000000000142e+01
3.225000000000000000e+01 2.444999999999999929e+01
3.144999999999999929e+01 2.444999999999999929e+01
3.025000000000000000e+01 2.430000000000000071e+01
3.185000000000000142e+01 2.775000000000000000e+01
3.385000000000000142e+01 2.605000000000000071e+01
3.304999999999999716e+01 2.650000000000000000e+01
3.420000000000000284e+01 2.794999999999999929e+01
2.144999999999999929e+01 2.144999999999999929e+01
2.169999999999999929e+01 2.189999999999999858e+01
1.975000000000000000e+01 2.364999999999999858e+01
1.844999999999999929e+01 2.435000000000000142e+01
2.064999999999999858e+01 2.430000000000000071e+01
1.969999999999999929e+01 2.460000000000000142e+01
2.014999999999999858e+01 2.505000000000000071e+01
2.160000000000000142e+01 2.464999999999999858e+01
2.255000000000000071e+01 2.430000000000000071e+01
2.285000000000000142e+01 2.189999999999999858e+01
2.314999999999999858e+01 2.260000000000000142e+01
8.500000000000000000e+00 3.250000000000000000e+00
