1.415000000000000036e+01 2.880000000000000071e+01
1.280000000000000071e+01 2.735000000000000142e+01
1.230000000000000071e+01 2.839999999999999858e+01
1.075000000000000000e+01 2.769999999999999929e+01
1.025000000000000000e+01 2.725000000000000000e+01
7.299999999999999822e+00 2.739999999999999858e+01
7.549999999999999822e+00 2.630000000000000071e+01
8.849999999999999645e+00 2.460000000000000142e+01
1.055000000000000071e+01 2.435000000000000142e+01
9.199999999999999289e+00 2.389999999999999858e+01
7.349999999999999645e+00 2.475000000000000000e+01
7.400000000000000355e+00 2.544999999999999929e+01
6.549999999999999822e+00 2.114999999999999858e+01
6.599999999999999645e+00 2.010000000000000142e+01
5.400000000000000355e+00 1.964999999999999858e+01
8.199999999999999289e+00 2.005000000000000071e+01
8.300000000000000711e+00 1.850000000000000000e+01
8.949999999999999289e+00 2.280000000000000071e+01
8.949999999999999289e+00 2.219999999999999929e+01
1.090000000000000036e+01 2.285000000000000142e+01
1.115000000000000036e+01 2.205000000000000071e+01
9.349999999999999645e+00 2.060000000000000142e+01
9.250000000000000000e+00 1.964999999999999858e+01
1.069999999999999929e+01 2.035000000000000142e+01
1.130000000000000071e+01 2.069999999999999929e+01
1.234999999999999964e+01 2.160000000000000142e+01
1.365000000000000036e+01 1.925000000000000000e+01
8.849999999999999645e+00 1.334999999999999964e+01
9.699999999999999289e+00 1.209999999999999964e+01
6.200000000000000178e+00 1.255000000000000071e+01
5.200000000000000178e+00 1.190000000000000036e+01
5.849999999999999645e+00 1.119999999999999929e+01
7.000000000000000000e+00 1.234999999999999964e+01
7.349999999999999645e+00 1.050000000000000000e+01
8.800000000000000711e+00 1.140000000000000036e+01
1.040000000000000036e+01 1.055000000000000071e+01
1.009999999999999964e+01 8.650000000000000355e+00
1.105000000000000071e+01 9.099999999999999645e+00
1.450000000000000000e+01 1.180000000000000071e+01
1.580000000000000071e+01 1.259999999999999964e+01
1.584999999999999964e+01 1.200000000000000000e+01
1.375000000000000000e+01 1.044999999999999929e+01
1.244999999999999929e+01 9.300000000000000711e+00
1.240000000000000036e+01 7.099999999999999645e+00
1.344999999999999929e+01 7.950000000000000178e+00
1.430000000000000071e+01 9.300000000000000711e+00
1.515000000000000036e+01 9.300000000000000711e+00
1.525000000000000000e+01 8.650000000000000355e+00
1.430000000000000071e+01 6.950000000000000178e+00
1.305000000000000071e+01 6.950000000000000178e+00
1.390000000000000036e+01 4.950000000000000178e+00
1.369999999999999929e+01 3.649999999999999911e+00
1.465000000000000036e+01 5.049999999999999822e+00
1.525000000000000000e+01 2.700000000000000178e+00
1.590000000000000036e+01 4.000000000000000000e+00
1.515000000000000036e+01 5.950000000000000178e+00
1.550000000000000000e+01 6.750000000000000000e+00
1.619999999999999929e+01 5.900000000000000355e+00
1.705000000000000071e+01 3.700000000000000178e+00
1.814999999999999858e+01 3.049999999999999822e+00
1.860000000000000142e+01 3.450000000000000178e+00
1.900000000000000000e+01 2.100000000000000089e+00
1.910000000000000142e+01 4.549999999999999822e+00
1.739999999999999858e+01 6.500000000000000000e+00
2.069999999999999929e+01 3.450000000000000178e+00
2.114999999999999858e+01 2.850000000000000089e+00
2.200000000000000000e+01 3.250000000000000000e+00
2.080000000000000071e+01 4.700000000000000178e+00
1.975000000000000000e+01 5.049999999999999822e+00
1.639999999999999858e+01 8.699999999999999289e+00
1.650000000000000000e+01 9.750000000000000000e+00
1.800000000000000000e+01 8.550000000000000711e+00
2.214999999999999858e+01 5.200000000000000178e+00
2.300000000000000000e+01 5.750000000000000000e+00
2.219999999999999929e+01 5.750000000000000000e+00
2.100000000000000000e+01 7.150000000000000355e+00
2.000000000000000000e+01 8.199999999999999289e+00
1.875000000000000000e+01 9.550000000000000711e+00
1.694999999999999929e+01 1.034999999999999964e+01
1.735000000000000142e+01 1.084999999999999964e+01
1.800000000000000000e+01 1.065000000000000036e+01
1.850000000000000000e+01 1.055000000000000071e+01
1.794999999999999929e+01 1.190000000000000036e+01
1.800000000000000000e+01 1.250000000000000000e+01
2.010000000000000142e+01 9.400000000000000355e+00
2.185000000000000142e+01 1.069999999999999929e+01
2.055000000000000071e+01 8.750000000000000000e+00
2.219999999999999929e+01 8.699999999999999289e+00
2.364999999999999858e+01 9.099999999999999645e+00
2.485000000000000142e+01 7.950000000000000178e+00
3.189999999999999858e+01 4.400000000000000355e+00
3.105000000000000071e+01 4.750000000000000000e+00
3.010000000000000142e+01 7.400000000000000355e+00
3.075000000000000000e+01 8.000000000000000000e+00
3.085000000000000142e+01 7.349999999999999645e+00
3.304999999999999716e+01 5.150000000000000355e+00
3.460000000000000142e+01 4.049999999999999822e+00
3.629999999999999716e+01 5.200000000000000178e+00
3.395000000000000284e+01 6.599999999999999645e+00
3.035000000000000142e+01 8.849999999999999645e+00
3.245000000000000284e+01 8.800000000000000711e+00
3.464999999999999858e+01 1.100000000000000000e+01
3.564999999999999858e+01 9.849999999999999645e+00
3.579999999999999716e+01 1.155000000000000071e+01
3.100000000000000000e+01 1.750000000000000000e+01
3.345000000000000284e+01 1.744999999999999929e+01
3.385000000000000142e+01 1.839999999999999858e+01
3.210000000000000142e+01 2.114999999999999858e+01
3.094999999999999929e+01 2.264999999999999858e+01
3.075000000000000000e+01 2.400000000000000000e+01
3.350000000000000000e+01 2.130000000000000071e+01
3.529999999999999716e+01 1.855000000000000071e+01
3.539999999999999858e+01 1.935000000000000142e+01
3.454999999999999716e+01 1.975000000000000000e+01
3.595000000000000284e+01 1.985000000000000142e+01
3.460000000000000142e+01 2.205000000000000071e+01
3.420000000000000284e+01 2.175000000000000000e+01
3.570000000000000284e+01 2.230000000000000071e+01
3.489999999999999858e+01 2.350000000000000000e+01
3.385000000000000142e+01 2.330000000000000071e+01
3.250000000000000000e+01 2.469999999999999929e+01
3.155000000000000071e+01 2.519999999999999929e+01
3.105000000000000071e+01 2.500000000000000000e+01
2.980000000000000071e+01 2.480000000000000071e+01
2.960000000000000142e+01 2.550000000000000000e+01
2.969999999999999929e+01 2.605000000000000071e+01
3.050000000000000000e+01 2.550000000000000000e+01
3.125000000000000000e+01 2.605000000000000071e+01
3.075000000000000000e+01 2.689999999999999858e+01
3.270000000000000284e+01 2.819999999999999929e+01
3.325000000000000000e+01 2.755000000000000071e+01
3.295000000000000284e+01 2.550000000000000000e+01
3.525000000000000000e+01 2.600000000000000000e+01
3.439999999999999858e+01 2.560000000000000142e+01
2.130000000000000071e+01 2.080000000000000071e+01
1.875000000000000000e+01 2.294999999999999929e+01
1.939999999999999858e+01 2.300000000000000000e+01
1.955000000000000071e+01 2.225000000000000000e+01
1.980000000000000071e+01 2.185000000000000142e+01
2.139999999999999858e+01 2.230000000000000071e+01
2.114999999999999858e+01 2.294999999999999929e+01
2.050000000000000000e+01 2.285000000000000142e+01
2.214999999999999858e+01 2.510000000000000142e+01
2.169999999999999929e+01 2.380000000000000071e+01
2.255000000000000071e+01 2.350000000000000000e+01
2.425000000000000000e+01 2.435000000000000142e+01
2.289999999999999858e+01 2.319999999999999929e+01
2.469999999999999929e+01 2.219999999999999929e+01
2.414999999999999858e+01 2.330000000000000071e+01
5.200000000000000178e+00 2.149999999999999911e+00
6.349999999999999645e+00 1.949999999999999956e+00
6.750000000000000000e+00 2.299999999999999822e+00
4.849999999999999645e+00 2.899999999999999911e+00
5.150000000000000355e+00 3.450000000000000178e+00
6.200000000000000178e+00 3.200000000000000178e+00
6.750000000000000000e+00 3.549999999999999822e+00
6.700000000000000178e+00 4.799999999999999822e+00
8.099999999999999645e+00 3.549999999999999822e+00
