1.334999999999999964e+01 2.844999999999999929e+01
1.359999999999999964e+01 2.650000000000000000e+01
1.219999999999999929e+01 2.864999999999999858e+01
1.294999999999999929e+01 2.594999999999999929e+01
1.290000000000000036e+01 2.650000000000000000e+01
1.075000000000000000e+01 2.655000000000000071e+01
1.055000000000000071e+01 2.514999999999999858e+01
9.349999999999999645e+00 2.660000000000000142e+01
8.500000000000000000e+00 2.705000000000000071e+01
8.449999999999999289e+00 2.505000000000000071e+01
1.055000000000000071e+01 2.355000000000000071e+01
8.349999999999999645e+00 2.389999999999999858e+01
4.799999999999999822e+00 2.505000000000000071e+01
4.200000000000000178e+00 2.555000000000000071e+01
5.450000000000000178e+00 2.419999999999999929e+01
4.299999999999999822e+00 2.275000000000000000e+01
7.549999999999999822e+00 2.369999999999999929e+01
7.650000000000000355e+00 2.310000000000000142e+01
6.950000000000000178e+00 2.255000000000000071e+01
6.099999999999999645e+00 2.260000000000000142e+01
4.700000000000000178e+00 2.210000000000000142e+01
3.799999999999999822e+00 2.185000000000000142e+01
5.299999999999999822e+00 2.039999999999999858e+01
5.799999999999999822e+00 2.194999999999999929e+01
7.750000000000000000e+00 2.119999999999999929e+01
5.799999999999999822e+00 1.825000000000000000e+01
6.299999999999999822e+00 1.910000000000000142e+01
7.150000000000000355e+00 1.789999999999999858e+01
8.750000000000000000e+00 1.880000000000000071e+01
8.599999999999999645e+00 2.089999999999999858e+01
9.949999999999999289e+00 2.264999999999999858e+01
1.134999999999999964e+01 2.344999999999999929e+01
1.205000000000000071e+01 2.339999999999999858e+01
1.084999999999999964e+01 2.150000000000000000e+01
1.084999999999999964e+01 2.105000000000000071e+01
9.949999999999999289e+00 1.980000000000000071e+01
1.200000000000000000e+01 2.000000000000000000e+01
1.375000000000000000e+01 1.814999999999999858e+01
1.400000000000000000e+01 1.989999999999999858e+01
1.375000000000000000e+01 1.660000000000000142e+01
9.000000000000000000e+00 1.269999999999999929e+01
6.799999999999999822e+00 1.319999999999999929e+01
6.599999999999999645e+00 1.344999999999999929e+01
7.049999999999999822e+00 1.244999999999999929e+01
8.099999999999999645e+00 1.119999999999999929e+01
8.300000000000000711e+00 1.055000000000000071e+01
9.000000000000000000e+00 1.090000000000000036e+01
1.090000000000000036e+01 1.000000000000000000e+01
1.359999999999999964e+01 1.109999999999999964e+01
1.405000000000000071e+01 1.175000000000000000e+01
1.700000000000000000e+01 1.290000000000000036e+01
1.555000000000000071e+01 1.115000000000000036e+01
1.315000000000000036e+01 9.800000000000000711e+00
1.034999999999999964e+01 7.700000000000000178e+00
1.130000000000000071e+01 7.950000000000000178e+00
1.409999999999999964e+01 1.005000000000000071e+01
1.150000000000000000e+01 7.500000000000000000e+00
1.194999999999999929e+01 6.750000000000000000e+00
1.294999999999999929e+01 7.599999999999999645e+00
1.334999999999999964e+01 8.250000000000000000e+00
1.635000000000000142e+01 1.084999999999999964e+01
1.544999999999999929e+01 9.699999999999999289e+00
1.425000000000000000e+01 8.699999999999999289e+00
1.505000000000000071e+01 7.799999999999999822e+00
1.394999999999999929e+01 6.700000000000000178e+00
1.305000000000000071e+01 6.200000000000000178e+00
1.134999999999999964e+01 5.549999999999999822e+00
1.390000000000000036e+01 5.299999999999999822e+00
1.150000000000000000e+01 4.750000000000000000e+00
1.275000000000000000e+01 3.000000000000000000e+00
1.355000000000000071e+01 3.149999999999999911e+00
1.450000000000000000e+01 6.549999999999999822e+00
1.500000000000000000e+01 3.399999999999999911e+00
1.469999999999999929e+01 4.099999999999999645e+00
1.555000000000000071e+01 5.049999999999999822e+00
1.619999999999999929e+01 4.549999999999999822e+00
1.694999999999999929e+01 4.750000000000000000e+00
1.760000000000000142e+01 4.299999999999999822e+00
1.725000000000000000e+01 3.049999999999999822e+00
1.719999999999999929e+01 2.049999999999999822e+00
1.805000000000000071e+01 2.450000000000000178e+00
1.839999999999999858e+01 3.600000000000000089e+00
2.044999999999999929e+01 2.799999999999999822e+00
1.764999999999999858e+01 5.700000000000000178e+00
1.705000000000000071e+01 6.049999999999999822e+00
1.660000000000000142e+01 6.849999999999999645e+00
1.569999999999999929e+01 7.150000000000000355e+00
2.039999999999999858e+01 3.399999999999999911e+00
2.219999999999999929e+01 3.500000000000000000e+00
2.110000000000000142e+01 4.049999999999999822e+00
1.985000000000000142e+01 5.500000000000000000e+00
2.039999999999999858e+01 5.650000000000000355e+00
1.844999999999999929e+01 6.599999999999999645e+00
1.764999999999999858e+01 7.049999999999999822e+00
1.864999999999999858e+01 7.299999999999999822e+00
1.805000000000000071e+01 7.349999999999999645e+00
1.785000000000000142e+01 7.750000000000000000e+00
1.705000000000000071e+01 9.000000000000000000e+00
1.605000000000000071e+01 8.949999999999999289e+00
1.880000000000000071e+01 8.349999999999999645e+00
2.005000000000000071e+01 6.349999999999999645e+00
2.305000000000000071e+01 3.350000000000000089e+00
1.885000000000000142e+01 9.050000000000000711e+00
1.755000000000000071e+01 1.130000000000000071e+01
1.950000000000000000e+01 1.105000000000000071e+01
1.939999999999999858e+01 9.650000000000000355e+00
2.164999999999999858e+01 1.005000000000000071e+01
2.164999999999999858e+01 9.449999999999999289e+00
2.164999999999999858e+01 8.650000000000000355e+00
2.194999999999999929e+01 7.549999999999999822e+00
2.280000000000000071e+01 6.450000000000000178e+00
2.235000000000000142e+01 9.199999999999999289e+00
2.305000000000000071e+01 1.090000000000000036e+01
2.350000000000000000e+01 7.849999999999999645e+00
2.364999999999999858e+01 6.500000000000000000e+00
3.404999999999999716e+01 3.500000000000000000e+00
3.304999999999999716e+01 3.850000000000000089e+00
3.200000000000000000e+01 3.799999999999999822e+00
3.075000000000000000e+01 6.099999999999999645e+00
3.000000000000000000e+01 6.700000000000000178e+00
3.175000000000000000e+01 5.950000000000000178e+00
3.235000000000000142e+01 6.450000000000000178e+00
3.279999999999999716e+01 6.000000000000000000e+00
3.279999999999999716e+01 4.799999999999999822e+00
3.264999999999999858e+01 4.400000000000000355e+00
3.360000000000000142e+01 5.450000000000000178e+00
3.595000000000000284e+01 6.049999999999999822e+00
3.479999999999999716e+01 5.849999999999999645e+00
3.370000000000000284e+01 7.049999999999999822e+00
3.114999999999999858e+01 8.650000000000000355e+00
3.180000000000000071e+01 9.449999999999999289e+00
3.454999999999999716e+01 8.849999999999999645e+00
3.229999999999999716e+01 1.025000000000000000e+01
3.160000000000000142e+01 1.050000000000000000e+01
3.060000000000000142e+01 1.050000000000000000e+01
3.039999999999999858e+01 1.109999999999999964e+01
3.119999999999999929e+01 1.200000000000000000e+01
3.164999999999999858e+01 1.105000000000000071e+01
3.204999999999999716e+01 1.225000000000000000e+01
3.310000000000000142e+01 1.275000000000000000e+01
3.520000000000000284e+01 1.175000000000000000e+01
3.495000000000000284e+01 1.275000000000000000e+01
3.404999999999999716e+01 1.255000000000000071e+01
3.325000000000000000e+01 1.369999999999999929e+01
3.300000000000000000e+01 1.515000000000000036e+01
3.245000000000000284e+01 1.675000000000000000e+01
3.275000000000000000e+01 1.730000000000000071e+01
3.055000000000000071e+01 1.880000000000000071e+01
3.025000000000000000e+01 1.939999999999999858e+01
3.204999999999999716e+01 1.860000000000000142e+01
3.285000000000000142e+01 1.794999999999999929e+01
3.425000000000000000e+01 1.735000000000000142e+01
3.429999999999999716e+01 1.805000000000000071e+01
3.279999999999999716e+01 2.000000000000000000e+01
3.175000000000000000e+01 2.075000000000000000e+01
3.035000000000000142e+01 2.205000000000000071e+01
3.254999999999999716e+01 2.205000000000000071e+01
