-4.469139999999999779e-01 -9.514399999999999524e-01
1.129359999999999947e-01 -1.065507999999999900e+00
3.621900000000000119e-02 -1.311380000000000046e-01
-4.147999999999999778e-03 3.446500000000000258e-02
-1.063361999999999918e+00 -1.100180000000000047e-01
2.788649999999999740e-01 -8.510309999999999819e-01
-1.543940000000000035e-01 -9.462700000000000278e-02
-1.272799999999999973e-02 9.737419999999999964e-01
-1.045811000000000046e+00 3.036840000000000095e-01
6.984200000000000130e-02 -1.031439999999999996e-01
-1.112719999999999959e-01 4.657499999999999835e-02
-5.519579999999999487e-01 7.532699999999999951e-01
-5.649099999999999955e-02 8.447399999999999354e-02
-9.038899999999999713e-02 -9.192500000000000671e-02
-5.327760000000000273e-01 8.432300000000000351e-01
-5.637269999999999781e-01 8.005689999999999751e-01
-5.544040000000000079e-01 -7.839270000000000405e-01
6.405500000000000083e-02 4.593799999999999967e-02
-9.863800000000000345e-02 -8.942799999999999361e-02
7.445899999999999741e-02 2.551199999999999996e-02
-1.017440000000000011e-01 -7.026899999999999813e-02
3.425099999999999673e-02 1.888300000000000048e-02
9.626099999999999934e-02 1.116400000000000031e-02
-8.958580000000000432e-01 -4.470330000000000137e-01
-7.227100000000000191e-02 -1.126849999999999935e-01
-4.467800000000000243e-02 -1.866970000000000018e-01
-1.320699999999999999e-02 -1.034168999999999894e+00
6.932540000000000369e-01 -7.416700000000000514e-01
-2.957089999999999996e-01 -9.467250000000000387e-01
-7.842899999999999872e-02 -9.690130000000000132e-01
7.896699999999999553e-02 -1.469299999999999946e-02
-6.768000000000000405e-02 -5.241900000000000032e-02
2.349150000000000127e-01 -7.841099999999999459e-02
-4.985099999999999948e-02 1.459080000000000099e-01
7.775950000000000362e-01 6.327519999999999811e-01
-5.439000000000000085e-02 -5.588800000000000018e-02
3.535449999999999982e-01 8.594469999999999610e-01
-8.018399999999999972e-01 5.334729999999999750e-01
7.023679999999999923e-01 -6.362320000000000197e-01
-4.911889999999999867e-01 -8.080479999999999885e-01
-1.013419000000000070e+00 -1.096440000000000053e-01
-1.938759999999999928e-01 -2.896299999999999916e-02
6.452989999999999560e-01 7.704980000000000162e-01
-3.769399999999999834e-02 -1.137959999999999944e-01
-4.809039999999999981e-01 8.581530000000000546e-01
-1.042966999999999977e+00 1.860370000000000079e-01
9.159999999999999740e-03 -4.950700000000000239e-02
-4.684699999999999975e-02 8.078299999999999370e-02
5.600829999999999975e-01 -7.865980000000000194e-01
-4.648999999999999660e-02 1.400240000000000096e-01
2.523200000000000096e-02 5.183100000000000207e-02
-4.393009999999999970e-01 -9.455970000000000208e-01
-1.164430000000000048e-01 5.090999999999999692e-02
-1.795499999999999874e-02 -2.244600000000000067e-02
-1.023840000000000028e-01 6.217700000000000310e-02
-8.241359999999999797e-01 -5.236910000000000176e-01
6.407119999999999482e-01 -6.759779999999999678e-01
9.277929999999999788e-01 -4.672319999999999807e-01
-1.364370000000000027e-01 1.713399999999999992e-02
-9.975249999999999950e-01 2.285200000000000078e-02
-2.171800000000000119e-02 1.013779999999999959e-01
7.408190000000000053e-01 7.072659999999999503e-01
-1.020062000000000024e+00 -1.893029999999999990e-01
-1.641600000000000004e-02 -2.521199999999999830e-02
6.089900000000000313e-01 -7.947039999999999660e-01
-3.782159999999999966e-01 -8.752950000000000452e-01
-4.787710000000000021e-01 9.496670000000000389e-01
1.381189999999999918e-01 1.004849000000000103e+00
-6.075900000000000051e-02 5.318200000000000011e-02
-9.341420000000000279e-01 -3.501130000000000075e-01
-9.838839999999999808e-01 -3.692010000000000014e-01
-1.141309999999999963e-01 -1.831349999999999922e-01
1.012750000000000039e-01 -5.631999999999999854e-03
-7.894199999999999828e-02 -6.848999999999999533e-02
-5.326700000000000185e-02 -8.145499999999999963e-02
-8.021000000000000352e-02 -3.721700000000000008e-02
4.421699999999999936e-02 6.389799999999999647e-02
4.531620000000000092e-01 -8.230750000000000011e-01
4.173199999999999826e-02 -6.981900000000000606e-02
-9.610170000000000101e-01 3.483699999999999991e-02
7.012300000000000477e-02 7.039199999999999624e-02
9.450279999999999792e-01 -4.900869999999999949e-01
1.165169999999999956e-01 -5.445000000000000187e-03
8.708799999999999875e-02 8.790499999999999703e-02
-9.465500000000000302e-02 6.553399999999999503e-02
3.075970000000000093e-01 9.641570000000000418e-01
2.037980000000000069e-01 9.875059999999999949e-01
8.690600000000000547e-01 -3.143859999999999988e-01
1.267770000000000008e-01 2.825300000000000034e-02
1.295090000000000130e-01 3.941399999999999765e-02
-1.156869999999999982e-01 6.309199999999999531e-02
-7.279750000000000387e-01 6.261600000000000499e-01
-2.399300000000000044e-02 1.440869999999999929e-01
-2.602799999999999905e-02 -5.659700000000000147e-02
1.004185000000000105e+00 4.349459999999999993e-01
-7.165299999999999447e-02 6.027600000000000319e-02
-8.903039999999999843e-01 -2.291749999999999898e-01
-2.864490000000000092e-01 -1.101334000000000035e+00
1.177699999999999997e-01 5.658799999999999941e-02
7.520100000000000395e-02 9.417140000000000510e-01
6.643480000000000496e-01 7.106999999999999984e-01
-2.511400000000000091e-02 8.410800000000000221e-02
-9.380099999999999549e-02 2.324100000000000124e-02
1.450319999999999943e-01 2.816799999999999859e-02
-6.723780000000000312e-01 6.909370000000000234e-01
-7.873099999999999543e-02 8.907700000000000340e-02
1.013768999999999920e+00 -5.844699999999999895e-02
-7.017400000000000304e-01 -6.821049999999999613e-01
-8.992259999999999698e-01 4.128209999999999935e-01
4.256610000000000116e-01 -8.972660000000000080e-01
-1.030450000000000088e+00 1.115870000000000056e-01
-9.568670000000000231e-01 -2.251600000000000129e-02
-2.081300000000000164e-02 7.521999999999999520e-02
2.958939999999999904e-01 -9.511370000000000102e-01
-1.607400000000000148e-02 -1.013550000000000006e-01
6.209869999999999557e-01 6.811989999999999990e-01
-5.439000000000000258e-03 -1.014820000000000028e-01
-9.496400000000000674e-02 7.809900000000000175e-02
-6.571899999999999964e-02 -1.771100000000000105e-02
-9.903189999999999493e-01 -1.940139999999999920e-01
5.964099999999999957e-02 8.104200000000000292e-02
8.888030000000000097e-01 -4.434109999999999996e-01
4.036499999999999810e-02 -1.168890000000000068e-01
-3.440700000000000008e-02 -7.770499999999999630e-02
4.095039999999999791e-01 9.839320000000000288e-01
-8.513600000000000334e-02 1.269589999999999885e-01
1.116270000000000040e-01 -9.496710000000000429e-01
7.301980000000000137e-01 6.831399999999999695e-01
-5.420819999999999528e-01 -8.562670000000000003e-01
-7.530630000000000379e-01 6.006329999999999725e-01
-1.302400000000000085e-02 -1.283970000000000111e-01
-9.620579999999999687e-01 2.371959999999999902e-01
2.495850000000000013e-01 1.011101000000000028e+00
-9.244759999999999645e-01 1.894109999999999960e-01
9.910349999999999993e-01 -2.719360000000000110e-01
2.342819999999999903e-01 -1.042003999999999930e+00
9.450819999999999776e-01 -2.979040000000000021e-01
1.014900000000000004e-02 9.035990000000000411e-01
8.174599999999999922e-02 2.044199999999999837e-02
3.164999999999999758e-02 9.509999999999999357e-03
5.570200000000000151e-02 5.197100000000000330e-02
6.129550000000000276e-01 -7.507540000000000324e-01
2.527199999999999933e-02 1.159960000000000019e-01
-9.043069999999999720e-01 -2.844030000000000169e-01
-1.255999999999999998e-02 1.098299999999999971e-01
-9.697300000000000364e-02 1.576699999999999977e-02
-8.743900000000000283e-02 5.232900000000000051e-02
-8.775060000000000082e-01 -5.070120000000000182e-01
6.127160000000000384e-01 7.439900000000000402e-01
2.932710000000000039e-01 -9.594599999999999795e-01
-8.980280000000000484e-01 -3.082469999999999932e-01
8.062639999999999807e-01 -6.071619999999999795e-01
5.466000000000000372e-03 -8.540699999999999681e-02
9.342030000000000056e-01 -5.881150000000000544e-01
1.075789999999999941e-01 -1.094770000000000049e-01
9.283860000000000445e-01 5.237429999999999586e-01
4.449100000000000277e-02 -1.490269999999999928e-01
4.338810000000000167e-01 -8.820839999999999792e-01
1.089399999999999952e-01 -6.532399999999999318e-02
7.243680000000000119e-01 -6.099120000000000097e-01
-3.344799999999999857e-02 -9.793899999999999828e-02
-5.814249999999999696e-01 8.801280000000000214e-01
6.779100000000000403e-02 6.796800000000000064e-02
-1.005643000000000065e+00 -3.241000000000000131e-02
9.866500000000000270e-02 4.712199999999999722e-02
9.629000000000000059e-02 -2.482699999999999838e-02
9.471629999999999772e-01 -4.949939999999999896e-01
-9.915999999999999467e-03 -4.979100000000000192e-02
-8.156590000000000229e-01 -4.120409999999999906e-01
1.607590000000000130e-01 3.963200000000000056e-02
8.726200000000000623e-02 8.706200000000000050e-02
-1.235419999999999990e-01 -5.321200000000000235e-02
-1.054624999999999924e+00 6.976699999999999569e-02
-4.856800000000000006e-02 -1.324499999999999983e-02
5.057899999999999618e-01 9.503040000000000376e-01
1.299710000000000032e-01 -2.625699999999999909e-02
-8.633480000000000043e-01 3.006730000000000236e-01
5.971210000000000129e-01 8.084649999999999892e-01
1.211210000000000064e-01 -1.143899999999999952e-02
-7.677699999999999803e-02 -1.112500000000000017e-01
1.072969000000000062e+00 -1.440240000000000131e-01
3.091999999999999957e-02 -3.998100000000000265e-02
-1.061900000000000066e+00 -9.835199999999999498e-02
1.682410000000000017e-01 -1.062167000000000083e+00
7.712199999999999611e-02 4.270999999999999623e-03
1.033300000000000017e-02 1.773500000000000076e-01
8.346320000000000405e-01 5.285579999999999723e-01
4.691910000000000247e-01 8.800810000000000022e-01
-6.570759999999999934e-01 7.581350000000000033e-01
1.003225000000000033e+00 2.449449999999999961e-01
1.026249999999999940e-01 -5.897600000000000064e-02
6.953700000000000159e-02 2.479699999999999960e-02
4.830999999999999878e-02 9.963370000000000282e-01
-6.243200000000000138e-02 -1.004049999999999943e-01
1.002720000000000000e-01 -9.762999999999999456e-02
-8.584999999999999576e-02 -8.455899999999999528e-02
-5.164300000000000140e-02 -4.849000000000000012e-03
8.467980000000000507e-01 -4.768240000000000256e-01
9.853899999999999881e-01 -3.187059999999999893e-01
2.468800000000000161e-02 -6.802900000000000613e-02
