0.153980 0.016451
-0.138995 0.002017
-0.446914 -0.951440
-0.220901 0.036270
-0.011850 0.039961
-0.048589 -0.120865
0.995465 -0.297636
0.057360 0.034108
-0.810938 0.605777
-0.019199 0.855765
0.112936 -1.065508
-0.079244 -0.010506
-0.107112 0.984908
-0.132618 -0.960347
0.036408 -0.005502
-0.170743 0.943676
-0.238964 -0.899118
0.886406 0.463718
0.061921 -0.047438
0.036219 -0.131138
-0.031845 -0.088130
0.103904 0.109641
0.556565 0.894697
0.066554 0.048286
0.030459 0.013721
-0.117554 0.003762
0.343132 -0.902712
0.028747 -0.066436
-0.087774 -0.031548
0.089313 0.019333
-0.945480 0.355649
-0.059980 0.023581
-0.078257 -0.053570
-0.004148 0.034465
-0.081921 -0.094424
-0.012661 -0.071073
0.571076 -0.858816
-0.017333 0.144516
0.901169 0.325138
-0.001777 -0.907783
-0.087989 -0.004970
0.056435 0.115409
0.813759 -0.694757
0.834488 0.562558
0.975532 -0.068407
0.029255 0.229656
-0.019479 -0.087499
0.419989 0.979215
0.010073 0.042118
-1.063362 -0.110018
-0.002049 0.102846
0.173653 -0.074848
0.278865 -0.851031
-0.051141 0.003215
0.472369 -0.893800
-0.831583 0.638827
-0.154394 -0.094627
-0.183758 -0.996452
-0.012728 0.973742
-0.195151 -0.038845
-0.039438 0.081215
-1.045811 0.303684
0.194967 -1.072661
-0.187387 -0.890060
-0.034394 1.049672
0.709034 -0.728493
-0.089564 -0.093888
0.272869 -0.931896
-0.890123 -0.208979
0.011462 -0.056425
0.580755 0.841765
0.464186 -0.887308
0.089564 0.116951
-0.096570 -0.955924
0.039223 -0.064623
-0.113320 0.133018
-0.396894 0.954857
0.069842 -0.103144
-0.039366 -0.112869
-0.080457 -0.151479
-0.876632 0.382771
0.006641 -0.070680
0.036995 0.970678
0.100150 -0.040469
-0.426283 0.881027
0.608425 -0.894361
-0.673300 -0.639566
0.610123 -0.755478
-0.115129 -0.122667
0.037865 0.067152
-0.111272 0.046575
0.050037 0.061342
-0.114896 -0.046284
0.085537 -0.930496
0.898951 0.055017
-0.006855 0.126648
-0.551958 0.753270
-0.056491 0.084474
0.811134 0.566116
-0.090389 -0.091925
0.724333 -0.754271
0.905537 0.123569
-0.023406 -0.045188
0.056791 0.164800
-0.060284 -0.050949
-0.532776 0.843230
0.915809 -0.009195
0.004549 0.137639
-0.563727 0.800569
-0.086853 1.035977
-0.364435 -0.859026
-0.554404 -0.783927
0.970136 0.237287
0.064055 0.045938
-0.686727 -0.744942
0.951350 0.350324
0.084304 0.135954
-0.098638 -0.089428
0.140694 0.060483
0.116273 0.041259
0.112267 0.108129
0.885488 -0.440362
-0.081886 -0.085531
0.123931 0.018182
-0.960361 0.497930
-0.769548 -0.584850
-0.087129 -0.110849
0.345555 -0.918768
0.507938 -0.828757
0.078248 0.012703
-0.526565 -0.845107
-0.034971 0.102303
-0.035652 0.083112
-0.769118 0.636161
0.074459 0.025512
-0.101744 -0.070269
-1.057547 -0.148554
-0.651921 -0.739842
0.034251 0.018883
0.096261 0.011164
-0.118737 -0.065484
0.120176 0.075509
-0.389751 0.956389
0.047713 -0.091944
0.635107 -0.855378
-0.804632 0.534403
0.126992 -0.106091
-0.772689 0.606272
-0.895858 -0.447033
-0.728078 -0.731774
-0.072271 -0.112685
-0.063601 0.061130
0.981536 -0.077665
-0.044678 -0.186697
-0.859302 0.527489
0.429991 -0.859281
0.401832 -0.954887
-0.110628 1.079530
-0.084072 -0.143037
0.101648 0.051620
0.018605 0.046904
-0.097365 0.007876
0.959174 0.598304
-0.171681 -0.014929
-0.090151 0.062119
-0.611858 -0.833226
-0.787259 0.600319
0.131075 0.043780
-0.013207 -1.034169
0.161096 -0.973406
0.239927 0.940744
0.693254 -0.741670
-1.062750 0.047070
-0.636425 -0.702064
0.157720 -0.068737
-0.450439 0.954164
-0.029220 1.048373
-0.295709 -0.946725
0.076780 -0.030322
0.079975 -0.145547
0.060498 0.010922
0.061515 -0.105468
-0.078429 -0.969013
0.894798 0.185379
0.042477 0.943681
0.078967 -0.014693
-0.067680 -0.052419
0.087241 -0.020030
0.018473 -0.965833
0.244407 0.021544
-0.044390 0.116338
-0.324695 -0.980901
0.005719 -0.151902
0.134878 -0.020508
0.234915 -0.078411
-0.069724 0.015922
-0.275422 0.949718
0.104620 0.153688
-0.049851 0.145908
0.777595 0.632752
0.085536 -0.060456
-0.054390 -0.055888
0.353545 0.859447
-0.004758 0.166849
-0.433410 0.859335
0.091658 -0.116847
0.991549 -0.134766
-0.631044 -0.861799
0.016714 -1.002345
-0.066328 -0.091694
1.010213 0.412466
-0.608605 -0.759842
-0.801840 0.533473
0.340100 -0.916576
-0.009759 0.027976
-0.154887 -0.003098
0.555734 -0.933837
-0.852060 0.598975
0.178127 0.083918
-0.241779 1.041034
0.134967 0.129672
0.683758 0.649171
0.101829 -0.948144
0.852109 0.592870
0.135648 0.137611
-0.504301 -0.933407
0.315599 0.981185
0.702368 -0.636232
-0.108304 0.059404
0.948358 0.262359
-0.491189 -0.808048
0.804884 -0.574278
-0.084096 -0.048057
0.044488 0.021320
-1.013419 -0.109644
-0.925458 0.485426
-0.157541 -0.022328
-0.059946 0.031914
-0.973302 0.332531
-0.193876 -0.028963
-0.012362 -0.128883
0.041750 0.973067
0.645299 0.770498
-0.007654 0.068042
0.352231 0.856882
-0.745547 0.608112
0.045108 -0.029462
0.049272 0.058648
0.913498 -0.358885
-0.037694 -0.113796
-0.485940 -0.938577
-0.142864 -0.014002
-0.511732 -0.879443
-0.480904 0.858153
-1.032065 0.188475
-0.042288 -0.084748
1.013928 -0.165865
-1.042967 0.186037
0.009160 -0.049507
-0.046847 0.080783
0.043004 -0.023938
0.040013 -0.069618
0.956392 -0.303661
-0.119278 -0.149380
-0.684298 -0.727420
-0.937024 0.123183
-0.027265 -0.020485
-0.402231 -0.819418
0.143548 0.040110
0.714604 0.717363
0.017221 -0.002596
1.023123 0.268882
-0.057158 0.115555
0.436371 0.972199
0.037919 -0.071007
0.073553 0.919257
-0.179070 0.053027
0.560083 -0.786598
-0.699935 0.561651
-0.133343 -0.070756
0.657022 0.825634
-0.078729 0.010766
-0.136419 -0.020820
0.863183 0.499477
0.046274 0.078874
0.178563 0.004017
-0.084952 0.057217
-0.268407 -0.921855
-1.116670 0.175588
-0.046490 0.140024
0.025232 0.051831
0.614142 0.784619
0.925213 0.291834
-0.056459 0.086867
-1.029564 0.144647
0.319186 -1.010785
-0.075381 0.057240
-0.131802 -0.070619
0.075873 0.072658
-0.595933 0.668082
0.931048 -0.198759
0.003932 0.078391
-0.917500 -0.320737
-0.031339 -0.018151
-0.852304 0.364581
0.974135 0.405566
0.045768 0.137446
-0.080089 -0.032939
0.904177 -0.293045
-0.939981 -0.189695
-0.882619 0.291345
0.076639 -0.097486
-0.453234 0.937141
0.991184 0.045643
-0.097128 -0.019525
0.795418 0.638700
-0.816420 -0.566927
-0.196056 -0.056507
0.058467 -1.048975
0.742438 -0.596963
-0.439301 -0.945597
0.135631 -0.042653
0.080487 -0.034008
-0.116443 0.050910
-0.563198 0.727451
-0.017955 -0.022446
-0.102384 0.062177
-0.824136 -0.523691
-0.079494 -0.082573
0.073617 -0.131437
0.018053 -0.133223
-0.002083 0.046427
-0.031612 0.125790
0.118739 0.120919
-1.023937 0.016316
0.092359 0.028149
0.071390 0.086038
-0.094280 0.028344
0.090083 0.039974
-0.923815 0.529975
0.316395 0.918121
0.029785 -0.094512
0.021285 0.187737
0.769991 0.519075
0.640712 -0.675978
-0.818037 0.611132
-0.557973 0.773439
0.927793 -0.467232
-0.071199 0.011087
-0.055933 -0.030195
0.204414 0.880736
0.049258 0.102919
-0.810239 -0.355328
-0.131124 0.079966
-0.136437 0.017134
-0.378942 0.970680
0.079727 0.020968
-0.997525 0.022852
-0.120956 0.050425
-0.080021 -0.127495
-0.021718 0.101378
0.740819 0.707266
0.147574 0.944328
-1.020062 -0.189303
-1.024114 0.051665
-0.229212 -1.081879
0.942871 -0.381777
0.958888 0.228600
-0.738448 -0.566042
-0.574732 0.828648
-0.546926 -0.886096
-0.016416 -0.025212
-0.129267 0.017964
-0.080813 -0.016078
0.040787 -0.160318
0.045519 0.039722
-0.055156 -0.109481
-0.190436 -1.021413
0.655955 -0.752977
0.608990 -0.794704
-0.378216 -0.875295
-0.478771 0.949667
0.138119 1.004849
-0.060759 0.053182
0.043304 0.040651
0.060927 -0.040202
0.049825 -0.065252
-0.042193 0.007662
0.502617 0.839839
-0.307398 -0.926845
0.552073 0.833359
1.008597 0.112544
-0.066567 0.015884
-0.086567 -0.086900
-0.040549 -0.096759
0.109938 -0.027053
-0.121946 -0.087937
0.189430 -0.133396
-0.934142 -0.350113
0.126213 -0.024689
0.007189 0.173030
-0.897938 -0.354039
0.172823 0.111266
-0.078554 0.934830
0.924532 -0.319538
-0.152198 0.053423
-0.983884 -0.369201
0.046846 -0.111780
0.066314 -0.074302
0.015640 -0.196533
-0.114131 -0.183135
0.101275 -0.005632
0.000114 0.039089
-0.191530 0.988229
-0.078942 -0.068490
0.058303 0.078931
-0.053267 -0.081455
-0.910025 -0.662674
-0.080210 -0.037217
-0.054254 0.097351
0.087624 -0.109802
-0.191181 -0.029586
0.280839 -0.894039
-1.019097 0.342052
0.130897 -0.145897
0.044217 0.063898
0.187915 0.963359
0.830819 -0.638676
0.160504 -0.003204
0.288341 -0.913379
0.571503 -0.923524
0.106776 -0.037927
1.031243 0.098568
0.453162 -0.823075
0.041732 -0.069819
-0.961017 0.034837
-0.050925 -0.094349
0.138955 0.080414
0.084109 0.960558
0.070123 0.070392
0.064365 0.171149
-0.083442 -0.028828
0.112409 0.000937
0.909679 0.557149
-0.126127 0.172749
0.017584 -0.162450
0.006757 -0.029593
0.371625 -0.952764
0.945028 -0.490087
-0.167978 0.898805
0.251316 1.036142
0.036205 -0.110281
0.719396 0.668103
0.105035 0.048389
0.122976 0.060341
1.033257 -0.209112
0.116517 -0.005445
0.087088 0.087905
0.446234 0.976845
-0.094655 0.065534
0.307597 0.964157
0.203798 0.987506
-0.957358 0.515133
-0.742250 0.783134
-0.961358 0.122854
0.869060 -0.314386
0.126777 0.028253
0.129509 0.039414
-0.205121 0.958090
-0.452073 -0.827256
-0.837965 -0.508284
0.754958 -0.807836
-0.415496 0.887371
0.091111 -0.067021
-0.053020 -0.111604
-0.115687 0.063092
0.933067 0.426465
-1.016216 0.011248
-0.017945 0.044284
-0.727975 0.626160
-0.691120 -0.783248
0.094855 -0.094792
-0.395112 -0.931600
-0.064378 0.028601
-0.023993 0.144087
0.994552 -0.361523
-0.026028 -0.056597
0.006965 -0.080440
-0.130574 1.035805
-0.088509 0.089592
-0.035082 -0.048775
-0.945429 0.082739
-0.044813 -0.100634
-0.020272 0.058791
-0.043286 -0.095834
0.134044 0.003440
-0.024414 0.004012
0.997529 -0.005629
1.028237 -0.038758
-0.129571 0.108343
0.685855 -0.615204
0.001663 -0.142353
-0.822353 0.499782
0.113506 -0.077331
-0.633722 0.755447
0.066913 0.093736
1.004185 0.434946
-0.950427 0.417042
-0.071653 0.060276
0.033659 -0.037493
-0.079421 -0.052415
-0.184384 -0.995452
-0.890304 -0.229175
-0.286449 -1.101334
0.001281 -0.016688
0.117770 0.056588
0.028197 -0.167212
0.037695 0.120716
-0.079756 0.051803
0.092812 0.000891
0.075201 0.941714
0.664348 0.710700
-0.751856 0.694789
0.040039 0.099320
-0.025114 0.084108
0.167797 -0.097259
0.659464 0.726843
0.039064 -0.114266
0.002796 0.061815
-0.093801 0.023241
0.145032 0.028168
-0.204027 -0.945440
-0.043508 -0.139093
0.530382 0.810767
0.105444 -1.008502
-0.115091 0.097649
-0.672378 0.690937
-0.039229 -0.007635
0.532187 -0.808584
-0.003334 0.030723
-0.692766 0.716148
-0.078731 0.089077
0.059361 0.113094
-0.949765 0.516843
-0.688006 -0.590971
-0.009694 -0.097504
1.013769 -0.058447
0.910870 0.130394
-0.178236 0.057032
-0.068243 -1.071944
-0.079585 0.067832
0.457392 0.908050
-0.429743 0.892782
-0.026385 -0.119408
-0.048466 0.081638
-0.098160 -0.076666
-0.186315 0.022900
-1.010106 -0.527093
0.072468 -0.002448
-0.701740 -0.682105
0.988311 0.184277
0.039448 0.041785
-0.899226 0.412821
0.138321 0.005403
0.027927 0.099507
-0.786159 0.617345
0.425661 -0.897266
0.298841 0.956263
-0.881716 0.424497
-0.506718 -1.026953
1.026669 0.048978
0.016241 0.037532
-1.030450 0.111587
-0.344997 -0.810258
0.009064 0.107562
-0.956867 -0.022516
0.059526 0.017227
-0.097269 0.094467
0.776254 -0.630894
-0.020813 0.075220
1.070896 0.007061
0.295894 -0.951137
-0.016074 -0.101355
-0.080480 0.000191
0.949362 -0.330903
-1.056692 0.110118
0.620987 0.681199
-1.012022 -0.287565
0.062357 0.027692
0.706070 -0.570934
0.867729 0.409257
-0.005439 -0.101482
-0.094964 0.078099
-0.065719 -0.017711
-0.011168 0.052799
-0.104062 -0.083315
-0.990319 -0.194014
-0.143330 -0.053855
-0.027337 0.089818
0.059641 0.081042
-0.915144 -0.525218
-0.085406 -0.935631
-0.029731 1.045308
-0.085582 -0.126552
0.059726 0.017661
0.888803 -0.443411
-0.961243 -0.498591
0.755282 0.616807
-0.045326 -0.083551
0.040365 -0.116889
0.934273 0.054566
0.872057 -0.573489
0.952600 -0.001606
-0.034407 -0.077705
-0.860076 -0.615763
-0.969308 0.376806
-0.664282 -0.656547
0.409504 0.983932
0.016887 -0.028335
0.042808 -0.082861
0.089885 -0.049041
-0.072972 -0.120828
-0.017334 0.077400
-0.085136 0.126959
-0.100310 -0.119723
-0.929292 -0.216068
-0.060630 -0.080452
0.056419 0.074820
-1.033135 0.073291
0.111627 -0.949671
-0.541044 -0.773791
-0.039099 0.111926
0.115839 -0.039037
0.053260 0.015248
0.049603 0.987639
0.041814 0.078582
-0.044591 0.158728
0.730198 0.683140
-0.088673 -0.085019
0.748762 -0.463509
0.026684 0.098640
0.002317 -0.060018
-0.532190 0.860664
-0.542082 -0.856267
-0.666017 0.825553
-0.013607 -0.135750
0.324174 -0.903836
0.017250 0.133413
0.029959 0.145956
-0.167642 -0.023960
0.147266 -1.002051
0.115707 -0.063869
-0.203456 -1.033889
0.659272 -0.727626
0.650731 -0.560255
-0.753063 0.600633
-0.013024 -0.128397
0.774974 0.660235
-0.007631 0.100594
0.077278 0.080757
0.770345 0.438854
1.035421 0.032919
0.664725 -0.651383
-0.962058 0.237196
-0.076612 0.097122
-0.488939 -0.982274
0.434429 -0.769326
-0.107650 0.017569
0.249585 1.011101
-0.924476 0.189411
-0.695502 0.682854
-0.115534 0.009850
0.991035 -0.271936
-0.025402 -0.079851
0.234282 -1.042004
0.075620 -1.045493
0.883313 0.557141
0.088414 1.017933
-0.069810 0.057854
-0.603632 0.738145
-0.771371 -0.627381
-0.851734 -0.643442
0.945082 -0.297904
0.796647 -0.698292
0.707307 0.679289
0.112990 -0.054169
0.988439 -0.199941
-0.646087 -0.716813
0.063054 -0.009264
-0.035097 -0.945507
0.833660 -0.470648
0.010149 0.903599
0.024721 -0.134151
-1.006743 0.310687
0.081746 0.020442
0.135388 0.013827
0.031650 0.009510
0.055702 0.051971
0.133678 0.053231
0.053553 -0.147187
-0.465699 -0.865094
0.063709 -0.062059
-0.540213 0.938470
-0.136653 0.009112
1.038870 0.250886
-0.186805 -0.120565
0.571335 0.773412
0.099384 -0.100775
0.612955 -0.750754
0.025272 0.115996
0.076548 0.086112
0.040481 -0.084216
-0.493598 -0.794439
-0.205036 1.020126
-0.981524 -0.223039
-0.057793 -0.098422
0.416592 0.816343
-0.892039 0.312080
0.850465 -0.512723
-0.008083 -0.857595
0.058367 -0.000531
0.453257 0.769574
0.151999 0.065697
-0.008975 -0.162448
-1.009878 -0.071938
-0.064001 0.111284
-0.904307 -0.284403
0.065465 -0.113523
0.002810 0.097179
0.035879 0.045122
-0.012560 0.109830
0.797718 0.532209
-0.940046 0.257417
-0.096973 0.015767
-0.087439 0.052329
0.124591 0.041095
-0.925333 -0.100070
-0.024938 -0.014335
-0.907979 -0.067291
0.032552 0.028908
0.112761 -0.028259
0.731936 0.664490
-0.304976 -0.975342
-0.894718 0.249033
0.137375 0.081554
-0.083666 -0.021504
1.024163 0.325324
-0.877506 -0.507012
1.019608 0.091477
-0.299466 0.983005
0.065950 0.059891
-0.674222 -0.817595
0.355429 -1.011977
-0.085593 -0.111008
-0.877282 -0.495071
-0.801501 0.304669
0.108326 -0.011109
0.605296 0.844615
-0.065153 -0.985073
0.072715 0.146685
-0.022796 0.055697
-0.867728 -0.354267
-0.173577 0.980399
0.612716 0.743990
0.293271 -0.959460
0.171631 -0.020166
-0.898028 -0.308247
-0.829441 0.586508
-0.022436 0.032304
0.806264 -0.607162
0.718929 -0.603391
0.129461 0.133909
0.699870 -0.778792
0.059236 0.076137
0.033064 -0.102124
0.005466 -0.085407
-0.104256 -0.100722
0.162660 -0.095155
0.934203 -0.588115
0.107579 -0.109477
-0.008188 0.974624
-0.817411 -0.508520
0.000433 0.067495
0.928386 0.523743
-0.612636 -0.702872
0.044491 -0.149027
0.787134 -0.689554
0.169794 0.990692
0.016469 0.011177
0.113977 -0.047734
0.084849 -0.047935
-0.103747 0.031223
0.002682 -0.158671
1.003349 0.140597
0.433881 -0.882084
-0.656716 -0.632453
-1.014863 -0.190553
-0.693966 0.715296
-0.782715 -0.502167
0.108940 -0.065324
-0.100138 0.083254
-0.008069 0.914369
0.724368 -0.609912
-0.688309 -0.634037
-0.085626 0.031229
0.092213 -1.028140
0.096851 0.072829
0.938663 0.527571
-0.033448 -0.097939
0.004832 0.019121
0.024753 0.132905
-0.554084 0.787068
-0.867120 -0.581728
-0.260729 0.900032
-0.019022 0.120200
0.960106 -0.124210
-0.885885 -0.361813
-0.112030 -0.067213
-0.581425 0.880128
-0.066559 -0.087213
0.001023 0.007225
0.971807 -0.307227
-0.084458 -0.069396
0.004871 0.196129
-0.326506 -0.908411
0.915625 0.386965
0.133544 -0.057623
-0.020498 0.175659
0.067791 0.067968
-0.056823 0.085222
0.782775 0.692971
-0.108216 0.067542
-1.005643 -0.032410
0.013853 -0.007102
0.098665 0.047122
-0.057559 -0.207983
-0.045709 0.045490
0.353267 0.969006
-0.050184 -0.084954
0.483216 0.929473
-0.135462 -0.018849
0.096290 -0.024827
0.486064 0.966398
0.864804 -0.552415
0.031187 0.089060
-1.009907 -0.110948
-0.137101 0.037845
0.947163 -0.494994
-0.009916 -0.049791
-0.017410 -0.168153
-0.357787 0.874059
-0.024582 -0.077779
-0.815659 -0.412041
-1.014531 -0.042081
-0.274312 0.825524
-0.056901 -0.091879
-0.977438 -0.438456
0.976082 -0.188151
-0.042652 0.087227
0.953125 0.398599
0.684875 -0.558498
0.210761 0.955387
0.050401 -0.096810
0.714133 -0.623891
0.144075 -0.072694
-0.004078 -0.135600
0.160759 0.039632
0.087262 0.087062
0.660224 0.790155
0.103740 0.055666
0.725214 0.663214
-0.167814 -0.908121
-0.073844 -0.010003
0.089963 -0.101532
-0.883963 0.488360
0.820043 -0.545032
0.033791 0.043911
-0.123542 -0.053212
-1.054625 0.069767
0.171741 1.030064
0.085611 0.074637
0.092704 0.128389
0.992897 -0.192828
0.671801 0.618819
-0.109082 0.035253
-0.048568 -0.013245
-0.016344 0.015604
0.624320 0.810409
0.505790 0.950304
0.034706 -0.133077
0.129971 -0.026257
0.068413 0.070222
-0.059076 0.053763
-0.173120 0.896324
0.977984 -0.182045
0.481484 -0.879993
-0.092635 -0.039226
-0.045490 -0.088907
0.160155 0.029253
0.125942 0.091836
-0.109630 0.102753
0.894365 -0.443558
-1.036212 -0.346437
-1.027502 0.255726
0.031185 -0.029454
-0.075532 0.047691
-0.863348 0.300673
-0.052309 -0.200390
-0.665111 0.755561
-0.062023 -1.052787
0.597121 0.808465
0.991564 0.334487
-0.198703 -0.073410
0.136678 0.025399
1.059773 0.015671
-0.127522 -0.071698
0.305201 0.902937
0.121121 -0.011439
-0.076777 -0.111250
0.162110 0.088781
0.091549 0.047893
0.030883 0.189666
0.017157 0.122253
0.035768 1.036534
-0.066844 0.043050
-0.111804 0.020148
1.072969 -0.144024
-0.091127 0.108447
-0.243421 1.031180
0.869045 0.403250
0.026625 -0.910637
0.030920 -0.039981
-1.061900 -0.098352
-0.571597 -0.765036
-0.994371 -0.371749
0.168241 -1.062167
-0.170868 0.919223
0.077122 0.004271
0.010333 0.177350
0.834632 0.528558
1.010488 0.043336
0.469191 0.880081
-0.077550 -0.032837
1.053674 0.213287
0.085559 -0.047621
-0.610111 0.745255
0.929667 0.280732
-0.657076 0.758135
-0.089404 -0.183809
-0.002944 -0.023966
-0.007288 -0.197506
-0.768583 0.709854
1.003225 0.244945
0.102625 -0.058976
0.010476 0.001400
0.051530 -0.073422
0.263031 -0.861114
-0.083736 -0.127151
0.526189 -0.918001
-0.221830 0.914537
0.069537 0.024797
0.048310 0.996337
0.453452 0.889342
-0.062432 -0.100405
-0.663013 -0.754094
0.100272 -0.097630
-0.370074 0.936474
-0.085850 -0.084559
1.045148 -0.021855
-0.051643 -0.004849
0.022684 -0.903233
-0.398220 0.936578
-0.103270 -0.018303
-0.064195 -0.092480
0.704188 0.723839
0.107977 -0.113028
-0.919290 -0.354516
-1.050284 -0.008879
0.846798 -0.476824
0.985390 -0.318706
0.016930 0.050392
-0.333082 -0.935600
0.024688 -0.068029
-0.132486 0.023853
0.108193 0.086407
0.002621 -0.181956
0.151984 -0.114861
0.080159 0.024735
0.111266 -1.058271
-0.489737 0.875197
0.100065 -0.088176
0.124633 -0.010006
0.078961 0.159529
-0.094963 -0.039750
0.445005 0.835853
0.060087 -0.049965
-0.863587 -0.651384
0.859009 -0.391621
1.017335 0.346730
-0.103576 0.142209
