1.428999999999999915e+01 1.408999999999999986e+01 9.050000000000000266e-01 5.291000000000000369e+00 3.337000000000000188e+00 2.698999999999999844e+00 4.825000000000000178e+00
1.614000000000000057e+01 1.499000000000000021e+01 9.033999999999999808e-01 5.658000000000000362e+00 3.561999999999999833e+00 1.354999999999999982e+00 5.174999999999999822e+00
1.644000000000000128e+01 1.525000000000000000e+01 8.880000000000000115e-01 5.884000000000000341e+00 3.504999999999999893e+00 1.969000000000000083e+00 5.533000000000000362e+00
1.402999999999999936e+01 1.416000000000000014e+01 8.796000000000000485e-01 5.437999999999999723e+00 3.201000000000000068e+00 1.717000000000000082e+00 5.001000000000000334e+00
1.389000000000000057e+01 1.401999999999999957e+01 8.880000000000000115e-01 5.439000000000000057e+00 3.198999999999999844e+00 3.986000000000000210e+00 4.738000000000000433e+00
1.416000000000000014e+01 1.440000000000000036e+01 8.584000000000000519e-01 5.658000000000000362e+00 3.129000000000000004e+00 3.072000000000000064e+00 5.176000000000000156e+00
1.410999999999999943e+01 1.425999999999999979e+01 8.721999999999999753e-01 5.519999999999999574e+00 3.168000000000000149e+00 2.688000000000000167e+00 5.219000000000000306e+00
1.208000000000000007e+01 1.323000000000000043e+01 8.663999999999999480e-01 5.099000000000000199e+00 2.935999999999999943e+00 1.415000000000000036e+00 4.961000000000000298e+00
1.410999999999999943e+01 1.417999999999999972e+01 8.820000000000000062e-01 5.541000000000000369e+00 3.221000000000000085e+00 2.754000000000000004e+00 5.038000000000000256e+00
1.344999999999999929e+01 1.401999999999999957e+01 8.604000000000000536e-01 5.516000000000000014e+00 3.064999999999999947e+00 3.531000000000000139e+00 5.097000000000000419e+00
1.316000000000000014e+01 1.382000000000000028e+01 8.661999999999999700e-01 5.453999999999999737e+00 2.975000000000000089e+00 8.550999999999999712e-01 5.056000000000000050e+00
1.408999999999999986e+01 1.441000000000000014e+01 8.528999999999999915e-01 5.716999999999999638e+00 3.185999999999999943e+00 3.919999999999999929e+00 5.299000000000000377e+00
1.393999999999999950e+01 1.416999999999999993e+01 8.728000000000000203e-01 5.584999999999999964e+00 3.149999999999999911e+00 2.124000000000000110e+00 5.011999999999999567e+00
1.619999999999999929e+01 1.526999999999999957e+01 8.733999999999999542e-01 5.825999999999999623e+00 3.463999999999999968e+00 2.822999999999999954e+00 5.527000000000000135e+00
1.427999999999999936e+01 1.416999999999999993e+01 8.943999999999999728e-01 5.397000000000000242e+00 3.298000000000000043e+00 6.684999999999999609e+00 5.001000000000000334e+00
1.316000000000000014e+01 1.355000000000000071e+01 9.009000000000000341e-01 5.137999999999999901e+00 3.201000000000000068e+00 2.460999999999999854e+00 4.783000000000000362e+00
1.485999999999999943e+01 1.466999999999999993e+01 8.676000000000000378e-01 5.677999999999999936e+00 3.258000000000000007e+00 2.129000000000000004e+00 5.350999999999999979e+00
1.451999999999999957e+01 1.459999999999999964e+01 8.557000000000000162e-01 5.740999999999999659e+00 3.112999999999999989e+00 1.481000000000000094e+00 5.487000000000000099e+00
1.491999999999999993e+01 1.442999999999999972e+01 9.005999999999999561e-01 5.384000000000000341e+00 3.411999999999999922e+00 1.141999999999999904e+00 5.088000000000000078e+00
1.538000000000000078e+01 1.476999999999999957e+01 8.857000000000000428e-01 5.661999999999999922e+00 3.419000000000000039e+00 1.999000000000000110e+00 5.222000000000000419e+00
1.322000000000000064e+01 1.383999999999999986e+01 8.679999999999999938e-01 5.394999999999999574e+00 3.069999999999999840e+00 4.157000000000000028e+00 5.088000000000000078e+00
1.436999999999999922e+01 1.439000000000000057e+01 8.726000000000000423e-01 5.568999999999999950e+00 3.153000000000000025e+00 1.463999999999999968e+00 5.299999999999999822e+00
1.762999999999999901e+01 1.598000000000000043e+01 8.672999999999999599e-01 6.190999999999999837e+00 3.560999999999999943e+00 4.075999999999999623e+00 6.059999999999999609e+00
1.910999999999999943e+01 1.626000000000000156e+01 9.081000000000000183e-01 6.153999999999999915e+00 3.930000000000000160e+00 2.935999999999999943e+00 6.078999999999999737e+00
1.732000000000000028e+01 1.591000000000000014e+01 8.598999999999999977e-01 6.064000000000000057e+00 3.403000000000000025e+00 3.823999999999999844e+00 5.921999999999999709e+00
1.894000000000000128e+01 1.648999999999999844e+01 8.750000000000000000e-01 6.445000000000000284e+00 3.638999999999999790e+00 5.064000000000000057e+00 6.362000000000000099e+00
2.019999999999999929e+01 1.689000000000000057e+01 8.893999999999999684e-01 6.285000000000000142e+00 3.863999999999999879e+00 5.173000000000000043e+00 6.187000000000000277e+00
1.957000000000000028e+01 1.673999999999999844e+01 8.779000000000000137e-01 6.384000000000000341e+00 3.771999999999999797e+00 1.471999999999999975e+00 6.272999999999999687e+00
1.826999999999999957e+01 1.608999999999999986e+01 8.870000000000000107e-01 6.173000000000000043e+00 3.650999999999999801e+00 2.443000000000000060e+00 6.197000000000000064e+00
1.898000000000000043e+01 1.666000000000000014e+01 8.589999999999999858e-01 6.549000000000000377e+00 3.669999999999999929e+00 3.690999999999999837e+00 6.498000000000000220e+00
1.876000000000000156e+01 1.619999999999999929e+01 8.983999999999999764e-01 6.171999999999999709e+00 3.795999999999999819e+00 3.120000000000000107e+00 6.052999999999999936e+00
1.898000000000000043e+01 1.657000000000000028e+01 8.687000000000000277e-01 6.448999999999999844e+00 3.552000000000000046e+00 2.144000000000000128e+00 6.453000000000000291e+00
1.817000000000000171e+01 1.626000000000000156e+01 8.637000000000000233e-01 6.270999999999999908e+00 3.512000000000000011e+00 2.853000000000000203e+00 6.272999999999999687e+00
1.641000000000000014e+01 1.525000000000000000e+01 8.866000000000000547e-01 5.717999999999999972e+00 3.524999999999999911e+00 4.216999999999999638e+00 5.618000000000000327e+00
1.798999999999999844e+01 1.585999999999999943e+01 8.991999999999999993e-01 5.889999999999999680e+00 3.693999999999999950e+00 2.068000000000000060e+00 5.836999999999999744e+00
1.946000000000000085e+01 1.650000000000000000e+01 8.984999999999999654e-01 6.113000000000000433e+00 3.891999999999999904e+00 4.307999999999999829e+00 6.009000000000000341e+00
1.917999999999999972e+01 1.662999999999999901e+01 8.717000000000000304e-01 6.368999999999999773e+00 3.681000000000000050e+00 3.357000000000000206e+00 6.229000000000000092e+00
1.885000000000000142e+01 1.617000000000000171e+01 9.055999999999999606e-01 6.152000000000000135e+00 3.806000000000000050e+00 2.842999999999999972e+00 6.200000000000000178e+00
1.937999999999999901e+01 1.671999999999999886e+01 8.716000000000000414e-01 6.302999999999999936e+00 3.790999999999999925e+00 3.677999999999999936e+00 5.964999999999999858e+00
2.096999999999999886e+01 1.725000000000000000e+01 8.859000000000000208e-01 6.562999999999999723e+00 3.991000000000000103e+00 4.676999999999999602e+00 6.315999999999999837e+00
1.914999999999999858e+01 1.644999999999999929e+01 8.890000000000000124e-01 6.245000000000000107e+00 3.814999999999999947e+00 3.084000000000000075e+00 6.184999999999999609e+00
1.842999999999999972e+01 1.597000000000000064e+01 9.076999999999999513e-01 5.980000000000000426e+00 3.770999999999999908e+00 2.983999999999999986e+00 5.905000000000000249e+00
1.599000000000000021e+01 1.489000000000000057e+01 9.063999999999999835e-01 5.363000000000000433e+00 3.581999999999999851e+00 3.335999999999999854e+00 5.144000000000000128e+00
1.875000000000000000e+01 1.617999999999999972e+01 8.999000000000000332e-01 6.110999999999999766e+00 3.869000000000000217e+00 4.187999999999999723e+00 5.991999999999999993e+00
1.864999999999999858e+01 1.641000000000000014e+01 8.698000000000000176e-01 6.285000000000000142e+00 3.593999999999999861e+00 4.391000000000000014e+00 6.102000000000000313e+00
2.016000000000000014e+01 1.703000000000000114e+01 8.735000000000000542e-01 6.512999999999999901e+00 3.773000000000000131e+00 1.909999999999999920e+00 6.184999999999999609e+00
1.538000000000000078e+01 1.490000000000000036e+01 8.706000000000000405e-01 5.884000000000000341e+00 3.267999999999999794e+00 4.461999999999999744e+00 5.794999999999999929e+00
1.559999999999999964e+01 1.510999999999999943e+01 8.579999999999999849e-01 5.831999999999999851e+00 3.286000000000000032e+00 2.725000000000000089e+00 5.751999999999999780e+00
1.623000000000000043e+01 1.517999999999999972e+01 8.850000000000000089e-01 5.871999999999999886e+00 3.471999999999999975e+00 3.769000000000000128e+00 5.921999999999999709e+00
1.332000000000000028e+01 1.393999999999999950e+01 8.612999999999999545e-01 5.541000000000000369e+00 3.072999999999999954e+00 7.035000000000000142e+00 5.440000000000000391e+00
1.333999999999999986e+01 1.394999999999999929e+01 8.619999999999999885e-01 5.389000000000000234e+00 3.073999999999999844e+00 5.995000000000000107e+00 5.307000000000000384e+00
1.222000000000000064e+01 1.332000000000000028e+01 8.651999999999999691e-01 5.224000000000000199e+00 2.967000000000000082e+00 5.469000000000000306e+00 5.221000000000000085e+00
1.121000000000000085e+01 1.313000000000000078e+01 8.166999999999999815e-01 5.278999999999999915e+00 2.686999999999999833e+00 6.168999999999999595e+00 5.275000000000000355e+00
1.078999999999999915e+01 1.292999999999999972e+01 8.106999999999999762e-01 5.317000000000000171e+00 2.648000000000000131e+00 5.461999999999999744e+00 5.193999999999999950e+00
1.200999999999999979e+01 1.351999999999999957e+01 8.248999999999999666e-01 5.405000000000000249e+00 2.775999999999999801e+00 6.991999999999999993e+00 5.269999999999999574e+00
1.135999999999999943e+01 1.305000000000000071e+01 8.381999999999999451e-01 5.174999999999999822e+00 2.754999999999999893e+00 4.048000000000000043e+00 5.262999999999999901e+00
1.213000000000000078e+01 1.373000000000000043e+01 8.081000000000000405e-01 5.394000000000000128e+00 2.745000000000000107e+00 4.825000000000000178e+00 5.219999999999999751e+00
1.149000000000000021e+01 1.322000000000000064e+01 8.263000000000000345e-01 5.304000000000000270e+00 2.694999999999999840e+00 5.387999999999999901e+00 5.309999999999999609e+00
1.253999999999999915e+01 1.366999999999999993e+01 8.425000000000000266e-01 5.450999999999999623e+00 2.879000000000000004e+00 3.081999999999999851e+00 5.490999999999999659e+00
1.201999999999999957e+01 1.333000000000000007e+01 8.502999999999999448e-01 5.349999999999999645e+00 2.810000000000000053e+00 4.270999999999999908e+00 5.307999999999999829e+00
1.205000000000000071e+01 1.341000000000000014e+01 8.416000000000000147e-01 5.267000000000000348e+00 2.846999999999999975e+00 4.988000000000000433e+00 5.046000000000000263e+00
1.255000000000000071e+01 1.357000000000000028e+01 8.558000000000000052e-01 5.333000000000000185e+00 2.967999999999999972e+00 4.418999999999999595e+00 5.176000000000000156e+00
1.114000000000000057e+01 1.278999999999999915e+01 8.558000000000000052e-01 5.011000000000000121e+00 2.794000000000000039e+00 6.387999999999999901e+00 5.049000000000000377e+00
1.243999999999999950e+01 1.358999999999999986e+01 8.461999999999999522e-01 5.318999999999999950e+00 2.896999999999999797e+00 4.924000000000000377e+00 5.269999999999999574e+00
1.126999999999999957e+01 1.297000000000000064e+01 8.418999999999999817e-01 5.088000000000000078e+00 2.762999999999999901e+00 4.309000000000000163e+00 5.000000000000000000e+00
1.140000000000000036e+01 1.308000000000000007e+01 8.375000000000000222e-01 5.136000000000000121e+00 2.762999999999999901e+00 5.588000000000000078e+00 5.089000000000000412e+00
1.080000000000000071e+01 1.257000000000000028e+01 8.589999999999999858e-01 4.980999999999999872e+00 2.821000000000000174e+00 4.772999999999999687e+00 5.062999999999999723e+00
1.125999999999999979e+01 1.300999999999999979e+01 8.355000000000000204e-01 5.185999999999999943e+00 2.709999999999999964e+00 5.334999999999999964e+00 5.091999999999999638e+00
1.074000000000000021e+01 1.273000000000000043e+01 8.328999999999999737e-01 5.144999999999999574e+00 2.641999999999999904e+00 4.701999999999999957e+00 4.963000000000000078e+00
1.148000000000000043e+01 1.305000000000000071e+01 8.473000000000000531e-01 5.179999999999999716e+00 2.758000000000000007e+00 5.876000000000000334e+00 5.001999999999999780e+00
