1.488000000000000078e+01 1.457000000000000028e+01 8.810999999999999943e-01 5.554000000000000270e+00 3.333000000000000185e+00 1.018000000000000016e+00 4.956000000000000405e+00
1.410999999999999943e+01 1.409999999999999964e+01 8.911000000000000032e-01 5.419999999999999929e+00 3.302000000000000046e+00 2.700000000000000178e+00 5.000000000000000000e+00
1.662999999999999901e+01 1.546000000000000085e+01 8.747000000000000330e-01 6.052999999999999936e+00 3.464999999999999858e+00 2.040000000000000036e+00 5.876999999999999780e+00
1.525999999999999979e+01 1.484999999999999964e+01 8.696000000000000396e-01 5.714000000000000412e+00 3.241999999999999993e+00 4.543000000000000149e+00 5.314000000000000057e+00
1.377999999999999936e+01 1.406000000000000050e+01 8.759000000000000119e-01 5.479000000000000092e+00 3.156000000000000139e+00 3.136000000000000121e+00 4.871999999999999886e+00
1.469999999999999929e+01 1.421000000000000085e+01 9.153000000000000025e-01 5.205000000000000071e+00 3.466000000000000192e+00 1.766999999999999904e+00 4.649000000000000021e+00
1.272000000000000064e+01 1.357000000000000028e+01 8.686000000000000387e-01 5.225999999999999979e+00 3.048999999999999932e+00 4.102000000000000313e+00 4.913999999999999702e+00
1.500999999999999979e+01 1.475999999999999979e+01 8.657000000000000250e-01 5.788999999999999702e+00 3.245000000000000107e+00 1.790999999999999925e+00 5.001000000000000334e+00
1.505000000000000071e+01 1.467999999999999972e+01 8.779000000000000137e-01 5.711999999999999744e+00 3.327999999999999847e+00 2.129000000000000004e+00 5.360000000000000320e+00
1.612000000000000099e+01 1.500000000000000000e+01 9.000000000000000222e-01 5.708999999999999631e+00 3.484999999999999876e+00 2.270000000000000018e+00 5.442999999999999616e+00
1.350000000000000000e+01 1.384999999999999964e+01 8.851999999999999869e-01 5.350999999999999979e+00 3.157999999999999918e+00 2.249000000000000110e+00 5.176000000000000156e+00
1.550000000000000000e+01 1.485999999999999943e+01 8.820000000000000062e-01 5.876999999999999780e+00 3.395999999999999908e+00 4.711000000000000298e+00 5.527999999999999581e+00
1.510999999999999943e+01 1.453999999999999915e+01 8.985999999999999543e-01 5.578999999999999737e+00 3.462000000000000188e+00 3.128000000000000114e+00 5.179999999999999716e+00
1.380000000000000071e+01 1.403999999999999915e+01 8.793999999999999595e-01 5.376000000000000334e+00 3.154999999999999805e+00 1.560000000000000053e+00 4.961000000000000298e+00
1.478999999999999915e+01 1.451999999999999957e+01 8.819000000000000172e-01 5.544999999999999929e+00 3.290999999999999925e+00 2.704000000000000181e+00 5.110999999999999766e+00
1.577999999999999936e+01 1.491000000000000014e+01 8.922999999999999821e-01 5.674000000000000377e+00 3.434000000000000163e+00 5.592999999999999972e+00 5.136000000000000121e+00
1.449000000000000021e+01 1.460999999999999943e+01 8.538000000000000034e-01 5.714999999999999858e+00 3.112999999999999989e+00 4.115999999999999659e+00 5.395999999999999908e+00
1.502999999999999936e+01 1.476999999999999957e+01 8.658000000000000140e-01 5.701999999999999957e+00 3.212000000000000188e+00 1.933000000000000052e+00 5.439000000000000057e+00
1.123000000000000043e+01 1.263000000000000078e+01 8.840000000000000080e-01 4.902000000000000135e+00 2.879000000000000004e+00 2.269000000000000128e+00 4.703000000000000291e+00
1.277999999999999936e+01 1.357000000000000028e+01 8.716000000000000414e-01 5.261999999999999567e+00 3.025999999999999801e+00 1.175999999999999934e+00 4.782000000000000028e+00
1.288000000000000078e+01 1.350000000000000000e+01 8.879000000000000226e-01 5.139000000000000234e+00 3.119000000000000217e+00 2.351999999999999869e+00 4.607000000000000206e+00
1.400999999999999979e+01 1.428999999999999915e+01 8.625000000000000444e-01 5.608999999999999986e+00 3.157999999999999918e+00 2.217000000000000082e+00 5.131999999999999673e+00
1.683999999999999986e+01 1.566999999999999993e+01 8.622999999999999554e-01 5.998000000000000220e+00 3.483999999999999986e+00 4.674999999999999822e+00 5.876999999999999780e+00
1.726000000000000156e+01 1.573000000000000043e+01 8.762999999999999678e-01 5.977999999999999758e+00 3.593999999999999861e+00 4.538999999999999702e+00 5.791000000000000369e+00
1.676999999999999957e+01 1.561999999999999922e+01 8.638000000000000123e-01 5.926999999999999602e+00 3.438000000000000167e+00 4.919999999999999929e+00 5.794999999999999929e+00
2.117999999999999972e+01 1.721000000000000085e+01 8.989000000000000323e-01 6.573000000000000398e+00 4.033000000000000362e+00 5.780000000000000249e+00 6.230999999999999872e+00
2.010000000000000142e+01 1.698999999999999844e+01 8.746000000000000441e-01 6.581000000000000405e+00 3.785000000000000142e+00 1.955000000000000071e+00 6.448999999999999844e+00
1.687000000000000099e+01 1.565000000000000036e+01 8.648000000000000131e-01 6.139000000000000234e+00 3.463000000000000078e+00 3.696000000000000174e+00 5.966999999999999638e+00
1.871999999999999886e+01 1.633999999999999986e+01 8.810000000000000053e-01 6.219000000000000306e+00 3.684000000000000163e+00 2.188000000000000167e+00 6.097000000000000419e+00
1.894999999999999929e+01 1.642000000000000171e+01 8.829000000000000181e-01 6.248000000000000220e+00 3.754999999999999893e+00 3.367999999999999883e+00 6.147999999999999687e+00
1.882999999999999829e+01 1.628999999999999915e+01 8.917000000000000481e-01 6.036999999999999922e+00 3.786000000000000032e+00 2.552999999999999936e+00 5.878999999999999559e+00
1.855000000000000071e+01 1.621999999999999886e+01 8.864999999999999547e-01 6.152999999999999581e+00 3.673999999999999932e+00 1.737999999999999989e+00 5.894000000000000128e+00
1.844999999999999929e+01 1.612000000000000099e+01 8.921000000000000041e-01 6.107000000000000206e+00 3.769000000000000128e+00 2.234999999999999876e+00 5.793999999999999595e+00
1.905999999999999872e+01 1.644999999999999929e+01 8.853999999999999648e-01 6.416000000000000369e+00 3.718999999999999861e+00 2.248000000000000220e+00 6.163000000000000256e+00
1.889000000000000057e+01 1.623000000000000043e+01 9.008000000000000451e-01 6.227000000000000313e+00 3.769000000000000128e+00 3.638999999999999790e+00 5.966000000000000192e+00
2.003000000000000114e+01 1.689999999999999858e+01 8.810999999999999943e-01 6.493000000000000327e+00 3.857000000000000206e+00 3.063000000000000167e+00 6.320000000000000284e+00
2.023999999999999844e+01 1.691000000000000014e+01 8.897000000000000464e-01 6.315000000000000391e+00 3.962000000000000188e+00 5.900999999999999801e+00 6.187999999999999723e+00
1.814000000000000057e+01 1.612000000000000099e+01 8.771999999999999797e-01 6.059000000000000163e+00 3.563000000000000167e+00 3.619000000000000217e+00 6.011000000000000121e+00
1.617000000000000171e+01 1.538000000000000078e+01 8.588000000000000078e-01 5.761999999999999567e+00 3.387000000000000011e+00 4.285999999999999588e+00 5.703000000000000291e+00
1.798000000000000043e+01 1.584999999999999964e+01 8.992999999999999883e-01 5.979000000000000092e+00 3.686999999999999833e+00 2.257000000000000117e+00 5.918999999999999595e+00
1.830000000000000071e+01 1.589000000000000057e+01 9.108000000000000540e-01 5.979000000000000092e+00 3.754999999999999893e+00 2.837000000000000188e+00 5.961999999999999744e+00
1.538000000000000078e+01 1.466000000000000014e+01 8.990000000000000213e-01 5.477000000000000313e+00 3.464999999999999858e+00 3.600000000000000089e+00 5.439000000000000057e+00
1.735999999999999943e+01 1.575999999999999979e+01 8.784999999999999476e-01 6.144999999999999574e+00 3.573999999999999844e+00 3.525999999999999801e+00 5.971000000000000085e+00
1.307000000000000028e+01 1.391999999999999993e+01 8.479999999999999760e-01 5.472000000000000419e+00 2.994000000000000217e+00 5.304000000000000270e+00 5.394999999999999574e+00
1.182000000000000028e+01 1.340000000000000036e+01 8.274000000000000243e-01 5.314000000000000057e+00 2.777000000000000135e+00 4.471000000000000085e+00 5.177999999999999936e+00
1.175000000000000000e+01 1.351999999999999957e+01 8.082000000000000295e-01 5.443999999999999950e+00 2.677999999999999936e+00 4.378000000000000114e+00 5.309999999999999609e+00
1.215000000000000036e+01 1.344999999999999929e+01 8.443000000000000504e-01 5.416999999999999815e+00 2.837000000000000188e+00 3.637999999999999901e+00 5.338000000000000078e+00
1.134999999999999964e+01 1.311999999999999922e+01 8.290999999999999481e-01 5.176000000000000156e+00 2.668000000000000149e+00 4.336999999999999744e+00 5.131999999999999673e+00
1.124000000000000021e+01 1.300000000000000000e+01 8.358999999999999764e-01 5.089999999999999858e+00 2.714999999999999858e+00 3.520999999999999908e+00 5.088000000000000078e+00
1.101999999999999957e+01 1.300000000000000000e+01 8.188999999999999613e-01 5.325000000000000178e+00 2.701000000000000068e+00 6.735000000000000320e+00 5.163000000000000256e+00
1.083000000000000007e+01 1.296000000000000085e+01 8.098999999999999533e-01 5.277999999999999581e+00 2.641000000000000014e+00 5.182000000000000384e+00 5.184999999999999609e+00
1.141000000000000014e+01 1.294999999999999929e+01 8.559999999999999831e-01 5.089999999999999858e+00 2.774999999999999911e+00 4.956999999999999851e+00 4.825000000000000178e+00
1.165000000000000036e+01 1.307000000000000028e+01 8.575000000000000400e-01 5.107999999999999652e+00 2.850000000000000089e+00 5.208999999999999631e+00 5.134999999999999787e+00
1.091000000000000014e+01 1.280000000000000071e+01 8.372000000000000552e-01 5.088000000000000078e+00 2.674999999999999822e+00 4.179000000000000270e+00 4.956000000000000405e+00
1.123000000000000043e+01 1.282000000000000028e+01 8.594000000000000528e-01 5.089000000000000412e+00 2.821000000000000174e+00 7.524000000000000021e+00 4.956999999999999851e+00
1.092999999999999972e+01 1.280000000000000071e+01 8.389999999999999680e-01 5.046000000000000263e+00 2.717000000000000082e+00 5.397999999999999687e+00 5.044999999999999929e+00
1.082000000000000028e+01 1.283000000000000007e+01 8.256000000000000005e-01 5.179999999999999716e+00 2.629999999999999893e+00 4.852999999999999758e+00 5.089000000000000412e+00
1.278999999999999915e+01 1.352999999999999936e+01 8.786000000000000476e-01 5.224000000000000199e+00 3.053999999999999826e+00 5.482999999999999652e+00 4.958000000000000185e+00
1.261999999999999922e+01 1.366999999999999993e+01 8.480999999999999650e-01 5.410000000000000142e+00 2.911000000000000032e+00 3.306000000000000050e+00 5.230999999999999872e+00
1.275999999999999979e+01 1.338000000000000078e+01 8.963999999999999746e-01 5.073000000000000398e+00 3.154999999999999805e+00 2.827999999999999847e+00 4.830000000000000071e+00
1.238000000000000078e+01 1.343999999999999950e+01 8.608999999999999986e-01 5.219000000000000306e+00 2.988999999999999879e+00 5.472000000000000419e+00 5.044999999999999929e+00
1.266999999999999993e+01 1.332000000000000028e+01 8.977000000000000535e-01 4.983999999999999986e+00 3.134999999999999787e+00 2.299999999999999822e+00 4.745000000000000107e+00
1.117999999999999972e+01 1.272000000000000064e+01 8.679999999999999938e-01 5.009000000000000341e+00 2.810000000000000053e+00 4.051000000000000156e+00 4.828000000000000291e+00
1.269999999999999929e+01 1.341000000000000014e+01 8.873999999999999666e-01 5.182999999999999829e+00 3.091000000000000192e+00 8.455999999999999517e+00 5.000000000000000000e+00
1.236999999999999922e+01 1.347000000000000064e+01 8.567000000000000171e-01 5.203999999999999737e+00 2.959999999999999964e+00 3.919000000000000039e+00 5.001000000000000334e+00
1.218999999999999950e+01 1.319999999999999929e+01 8.782999999999999696e-01 5.136999999999999567e+00 2.980999999999999872e+00 3.630999999999999783e+00 4.870000000000000107e+00
1.123000000000000043e+01 1.288000000000000078e+01 8.510999999999999677e-01 5.139999999999999680e+00 2.794999999999999929e+00 4.325000000000000178e+00 5.003000000000000114e+00
1.319999999999999929e+01 1.366000000000000014e+01 8.882999999999999785e-01 5.235999999999999766e+00 3.232000000000000206e+00 8.314999999999999503e+00 5.056000000000000050e+00
1.183999999999999986e+01 1.321000000000000085e+01 8.520999999999999686e-01 5.174999999999999822e+00 2.835999999999999854e+00 3.597999999999999865e+00 5.043999999999999595e+00
1.230000000000000071e+01 1.333999999999999986e+01 8.683999999999999497e-01 5.243000000000000327e+00 2.974000000000000199e+00 5.636999999999999567e+00 5.062999999999999723e+00
