-6.761095257216942933e+00 -4.844121561741706827e+00
4.778655589618326260e+00 9.155330610102689892e-01
-1.712838497959897621e+00 -6.199892551686104092e+00
5.040184525298400331e+00 -4.040141291122063549e+00
-7.155264416216567724e+00 9.259700830333276400e+00
-5.337185863975819622e+00 -2.137067905746016905e+00
-3.797056264329381037e+00 4.811887105058378467e+00
-2.326307259558573204e+00 -3.325643738862574583e+00
-7.093541553420113388e+00 -2.639021089418768007e+00
-2.747484535792510840e+00 -5.955053174512236147e+00
-7.340735789258465260e+00 -3.639740508109287287e+00
-6.218527986284719589e+00 -5.925449368884002865e+00
-6.110579540485558070e+00 -4.767261498506650597e+00
-5.183260451752389919e+00 3.116066897620628939e+00
2.906860991463925625e+00 -9.544415246733541025e+00
-7.849946490085683237e+00 7.676741743956696951e+00
3.762287229984752734e+00 -6.804283172381532019e+00
-7.224104635676353858e+00 -4.305716967883517210e-01
-6.040854769618289488e+00 -1.568521250849090887e+00
5.592373013593261000e+00 -1.291637155922559677e+00
-1.947386936000601310e+00 -3.792033339991446539e+00
-5.065950226998151784e+00 -4.143621583849024681e+00
4.374246931817291184e+00 -7.015234519398616087e+00
4.329842129642299753e+00 -1.555567345695445081e+00
3.293339055683929928e+00 -1.042909699207254093e+01
6.372161484405961751e+00 -9.867996904978795669e+00
1.623697100879853084e+00 -7.058394378201606756e+00
-6.355779413202158779e+00 4.586135133985644430e+00
-1.402580324393654321e+00 -5.085718603855622355e+00
-8.262756885211512969e-01 -4.343074453762223897e+00
-2.362405824601837345e+00 -4.960436059853626567e+00
4.535439568891536766e+00 -3.730740765618100419e+00
-2.110404181416190017e+00 -5.831177789164430081e+00
2.773010913566394731e+00 -9.207709823570866092e+00
8.397054877508685067e+00 -6.207334194260667459e+00
-1.138401097860599620e+00 4.982797410220862311e+00
-4.866399772729386619e+00 8.482734676193757650e+00
-5.916271740951211555e+00 -2.836007558525666106e+00
4.028140792577429963e+00 -1.210963916977489951e+00
2.269692983085985549e+00 -9.859589601145865245e+00
6.809252746730725114e+00 5.550213189693176119e-03
-4.010752522774007289e+00 6.875541837408139401e+00
-8.246956079106260162e+00 -1.190226900845338331e+00
2.168444216506601130e+00 -3.176586213356373367e+00
-3.487200603968985124e+00 -2.572564561384877990e+00
5.209667829630954650e+00 4.317742677400611129e-01
7.165603465662198523e+00 1.561212381131588778e+00
-5.653268256080364651e+00 -3.696044072863986951e+00
5.819113067893590951e+00 -4.622669396759768734e-01
2.064659942390455249e+00 -9.054657318950383171e+00
-3.386894302776185306e+00 -4.516656737436387736e+00
4.520666253896491682e+00 -6.991298782556008007e+00
-1.256724014420576907e+00 -6.686778642190200017e+00
-3.334470505309714561e+00 -4.808999260524208452e+00
-6.828785402942962435e+00 9.299118528221162805e+00
-4.291550168379162145e+00 2.827048506981418186e+00
4.756291724660855813e+00 -2.189126208660399087e+00
4.068792178696737594e+00 -1.383954881943313175e+00
-6.487854803502490775e-01 -4.278644415774390808e+00
-3.250661392938619443e+00 -4.890036358939917172e+00
-7.185595700460273960e+00 -3.391184627305899646e+00
-3.087430914942927096e+00 -5.015320770754476243e+00
-1.858382213840517494e+00 -6.026795569526766094e+00
-5.309193813447386390e+00 -3.504463954569253747e+00
3.643012956584076534e+00 -9.291300806696961345e+00
-6.615566667430196723e+00 -3.566390464632757773e+00
4.545209336415311441e+00 -1.945242399701170743e+00
6.992255024391073270e+00 -7.721678715845495589e+00
-2.878438955524564413e+00 -6.247090525630408564e+00
-1.482244034440124203e+00 -6.412292955905842362e+00
-3.744565707330200777e-01 6.007107421302228190e+00
-2.727370589231438824e+00 -4.381805787509357231e+00
2.438073495102300592e-01 -3.373089692426515906e+00
-7.897940492554220704e+00 -1.880603192264097778e+00
4.182986293751206119e+00 -5.097878472432929797e+00
-5.361282972473489394e+00 -3.764517924173420571e+00
-5.613865064773879254e+00 6.516810870527381283e+00
-6.253425160429362251e+00 7.927042561810827337e+00
-2.652496336089090967e+00 6.142306753795143237e+00
-2.265734465473663306e+00 -5.163485782458954176e+00
6.841714704361878674e+00 2.691517276635270850e+00
5.302094380277726060e+00 -1.016804865759018028e+01
-4.130241395170141772e+00 -6.540545388051526743e+00
-5.017799675316965136e-01 4.141925374756140421e+00
-4.053223018213268247e+00 -2.323036416982328767e+00
6.399756491629185362e+00 9.336192736469608455e-01
3.878260974169561504e+00 -1.066640067775912648e+01
-5.993725674835599371e+00 -5.670994086423817304e-01
7.660558299236895685e+00 -7.428042447295099215e+00
-1.318988391686519712e+00 -5.945674937749107158e+00
-2.577155863710720141e+00 8.825466402631853668e+00
-6.565514989558971948e+00 -6.394974308866570922e+00
5.611861870310345779e+00 1.510912181485760231e+00
1.185726683534896519e+00 -3.181508765761804192e+00
4.834612346888710555e+00 -3.966501212172164337e+00
-7.022451353684188824e+00 8.537095983281608014e+00
-7.421222484356646554e+00 -3.575096686576562099e-02
-4.227762246597964513e+00 4.335968648547947168e+00
-3.533026847123792002e+00 5.537680049384688274e+00
-4.907404197492527764e+00 -2.989336304815321199e+00
-2.276562942102621001e+00 5.509062517805253911e+00
6.352985620918281562e+00 -2.354830679583354680e+00
-3.023552315974881388e+00 6.957294543553998345e+00
1.435688552242768479e+00 -4.947511258718041205e+00
-6.355484469215737953e+00 -1.968112024728431830e+00
4.468032918696600575e-01 -5.749709477078332576e+00
8.053248887797161970e+00 8.949831637377582139e-01
-2.547573798621839636e+00 8.192274743527228509e+00
-5.379535038670060665e+00 -6.027487698855649612e+00
-7.224648112356518936e+00 -4.283504737835228227e+00
6.771517956472585809e+00 -6.586199416831896691e+00
-9.240786979405958945e+00 -6.350679647129027217e+00
-6.136308513137597842e+00 1.319206192588303406e+00
-3.528397903049009798e+00 7.041990631503947995e+00
-3.193996141532571720e+00 -3.860558995550029238e+00
-6.474914253766479888e+00 3.567681850940389587e-01
-7.573073750815517702e-01 -4.953379621830579005e+00
4.740398461073547232e+00 -1.069737706580679593e+01
-7.669935919222627518e+00 9.712448680804676826e+00
-1.214173764729975957e+00 -4.762162052557382452e+00
7.571605138285136150e+00 -5.809137653324986772e+00
-2.423865286044591949e-01 -3.428370022711343168e+00
-4.154902694078568715e+00 5.051438466846271069e+00
-4.815545289966169484e+00 1.088621677196067594e+01
2.403321745451752811e+00 -9.306394346038533882e+00
-5.742365632531964970e+00 -3.683040189004497478e+00
-1.178082152858154874e+00 3.689827547876920022e+00
-2.045098800788153870e+00 5.118004445073483843e+00
2.060924828628056815e+00 -8.846441251151315299e+00
-5.335210241572694301e-01 -3.358547865269330135e+00
-6.666485966377904582e+00 -5.229837951257819029e+00
-6.863733004606985766e+00 7.809946570203263327e+00
5.823603283556019861e+00 -6.835068119445023349e+00
-4.400712131778432123e+00 -3.193279796476097054e+00
4.186040236483027144e+00 -7.982729504966510348e+00
1.363310059731717150e+00 9.014318512067774236e+00
-3.180605209763593511e+00 -5.376434111100699020e+00
-2.911647104605399328e+00 -5.131815071896997260e+00
-1.525991263967722444e+00 -5.789539151607795198e+00
6.979112769862055643e+00 1.840839469964552944e+00
-7.737850916342878804e+00 -1.995258102286557200e+00
3.827580118340288884e+00 -7.769284432452266742e+00
4.530925680041493209e+00 -1.111273598938895546e+00
-4.472026018821682491e+00 3.397280823476622746e+00
6.071104462641724986e+00 -1.094203843321624348e+00
1.210040089218551662e+00 -1.048631267678840651e+01
3.586694021950235456e+00 -7.801166293295326959e+00
1.164799351648556636e-01 -6.516894781530035985e+00
-4.938404204536685604e+00 1.773631656704236281e+00
-4.041944683103580793e+00 -2.385137315564431759e+00
7.072184436566804067e+00 7.517703388059538971e-01
4.705561498977414381e+00 -5.522808062323841582e+00
5.285936806386774656e+00 1.331125262128350473e+00
5.566437713491196426e+00 -4.856411488428196144e+00
6.584235327649645697e+00 -5.235545440577616283e+00
-7.049544173753781173e-01 6.192566143118182431e+00
-7.170845034589960143e+00 9.333877238391506737e+00
-3.241956740947883997e+00 -4.263054428266253026e+00
-7.468841370025083748e+00 -5.195464510305652261e+00
-3.495132024194814724e-01 -4.949519444157635562e+00
-8.387348467730875612e+00 9.725523802317137978e+00
-1.475911712178356705e+00 4.463523268967579227e+00
-5.474608007794103059e+00 4.337222562389748681e+00
5.072046955000958590e+00 -6.645885809811573175e+00
-5.840035272162821478e+00 -2.616818097213356786e+00
4.029686962545121709e+00 -5.828347220825775388e+00
3.804161525346859030e+00 -5.206437311687742486e+00
-3.084348514913044959e+00 4.765220524359779830e+00
-4.718050750162947615e-01 -4.032852717374963980e+00
5.061523332628643956e+00 -4.614718363921246791e+00
2.602488015064500892e+00 -9.806843934949483810e+00
-2.826682304681570557e+00 -5.068655265343690708e+00
2.594145012041030096e+00 -3.712662381849228588e+00
6.393048425086898412e+00 -7.325157056921876020e-01
2.332017907126366918e+00 -8.271772166708887042e+00
3.302478024701179571e+00 -7.520365925330000145e+00
5.425382460498020976e+00 -1.135987836861929612e+00
-7.858402717093468048e+00 -4.777054577357899845e+00
2.370776147171124393e+00 -5.651229162717291921e+00
-7.163600742707043612e-02 -2.639859527561752017e+00
-1.849107522286658423e+00 -5.973182261337280252e+00
-6.889778006057276194e+00 1.121369047181603129e+01
3.474830598378748192e+00 1.570547752496479710e+00
7.623213451497034221e+00 3.569619621382982277e+00
2.435661171834906380e+00 -7.567217974751213383e+00
4.625829939428935944e+00 3.273957030409267999e-01
-6.461999295959331313e+00 -3.375440147481387321e+00
4.132844118216273621e+00 -3.880563388210815923e-01
-2.187272430789291011e+00 -6.616673396422307896e+00
-8.982400260654355151e+00 -5.550316632573017994e-01
-8.189204495436165132e+00 7.431224032254712952e-02
-4.606124027517355835e+00 2.810967757622593766e+00
-5.795301739318260204e+00 2.606351614818436246e+00
4.682415988795765038e+00 -5.349793815010636777e+00
3.950976121215872716e+00 -4.527292229849996019e+00
-6.261089586041212129e+00 -1.925537927612648303e+00
6.718704472590934174e+00 2.866072347265434583e+00
6.426132010617383372e+00 -5.961849789563753887e+00
7.932396304598852144e-01 -2.165329242490765083e+00
2.171768355366165970e+00 -9.467121451709113344e+00
-5.504518020612149343e+00 -1.846843156216685378e+00
-5.908639684115399859e+00 -6.032096967425737422e-01
-2.827606558692932204e-01 5.370741062417702771e+00
2.300241616137791656e+00 -9.671936477056265247e+00
2.222395948736413995e+00 -1.013074486080467018e+01
-6.141388012475072600e+00 3.499701969850121497e+00
-3.658075891721543904e+00 2.340808546503011289e+00
5.986926700314297634e+00 -9.331891478882394786e-01
-5.395717849184386239e+00 5.017295029453100241e+00
-3.970678978282296434e+00 6.596374530010832515e+00
-5.221616679342547584e+00 -3.427892418937968699e+00
-2.310807678919195141e+00 -1.745502966725193339e+00
8.181020628624978031e+00 1.093980723210696393e+00
-3.243575719171377436e+00 -3.095051174441586284e+00
-4.755837809370362379e+00 3.634313592040595342e+00
7.717415866130064472e+00 2.756861862298689569e+00
-5.520642972993533348e+00 5.133418710508797389e+00
7.439839175971920682e+00 -5.544617639944687149e+00
-2.746440230344905142e+00 3.866127454586883339e+00
6.159844054988959705e+00 -2.314458781764208162e-01
5.048969322622671285e+00 -7.412792766715272208e+00
7.603777716540395026e+00 1.555564986942800543e+00
1.037498349132426334e+00 -7.421978678746907754e+00
6.655265836257385104e+00 2.495781810343841833e+00
-3.731695058756747674e-01 3.185067494182023395e+00
-5.235301695285513368e+00 -2.645143102190273154e+00
9.455963938051501483e-01 -5.457247727671450832e+00
-5.364400363523618154e+00 -5.492371906702894213e-01
-3.965609740510294579e+00 6.286699982016796362e+00
-6.282479108200799800e+00 -2.315380078740108871e+00
5.146758933222041144e+00 -1.015207814447530055e+00
-2.832817769832793431e+00 -6.983968708283437188e+00
-5.670863652782056619e+00 -5.192898021354569238e+00
-3.144200575811102460e+00 5.067714992535231389e+00
-1.270174980358828698e+00 4.381906282086921678e+00
-2.613640009214298399e+00 2.278183367367254686e+00
-5.299282966284689422e+00 -1.488970677012205313e+00
-2.713040891026976098e+00 7.213124458453234134e+00
5.088386124193113424e+00 -2.633200809041023049e+00
5.376913484975218260e+00 7.986712046078008331e-01
2.078584499567830424e+00 -7.504845895282079127e+00
2.731673137346103175e+00 -7.944009655186467178e+00
4.314643701243244145e+00 -7.876265348571259040e+00
1.869121910290765243e-01 7.744173151077138328e+00
4.343449909257343755e+00 -1.174738002771395173e+00
6.854337382342398755e+00 4.318708726751255833e-01
-7.315582712328232873e+00 -5.110962436300514611e+00
3.530923090298276890e+00 -9.609323059802077793e+00
4.417597390014489811e+00 -3.070082062960469038e+00
-5.579747608002914916e+00 7.760424103119924588e+00
-1.188868273247196905e+00 -2.974369919766030712e+00
-8.198602576184295998e+00 9.419864407738160139e+00
8.762037909231768396e+00 5.745993065880063977e-01
-5.722928098975573974e+00 5.764422197911663659e+00
-7.517308112962193256e-01 -3.686810458679690150e+00
-2.664565991021999203e+00 5.869390999496773453e+00
8.014076462752845131e+00 1.503521578532280190e+00
5.570625107536084641e+00 9.374490946068980701e-02
5.161373462668204404e+00 -1.167664330694715957e+01
-7.876496957466839532e+00 -1.991226235197292249e+00
-4.288849200326108502e+00 7.414648650011646858e+00
-4.862318230096972727e+00 1.049951315142224839e+00
-3.736195218386644701e+00 -2.828470159932708672e+00
4.833593014759864026e+00 3.572468806639993444e-01
-7.292628228678078806e+00 -5.927535412467379139e+00
-4.975921682786529132e+00 4.133262264633632554e+00
-1.472495298165281463e+00 -3.203608292176754802e+00
-1.207550492222720484e+00 -5.940811229706722152e+00
7.980801252406328317e+00 2.264577409019696397e+00
-7.012509399949454547e+00 8.757984155517890557e+00
-2.534990043500985557e+00 -5.001427961998717642e+00
-7.678755870569347941e+00 -3.375120635054312146e+00
5.302843512874670040e+00 -6.399783017898528215e+00
-4.086599267100261557e+00 -4.278953687694381003e+00
-6.706311550995121884e+00 -4.982289752734825328e-01
-5.445926314920731315e+00 5.372679015177055817e+00
-6.226243725143866925e+00 -3.838907770309124334e+00
-2.669055182856024278e+00 6.178609394346772810e+00
-7.169102733213629897e+00 9.418553762370539317e+00
-9.331035684026209864e+00 -1.765792146146873298e+00
-7.370115423279253175e-01 -3.067977779034244179e+00
-4.828957840625072606e+00 3.742722931728830194e+00
5.867927461286338797e+00 4.802230131080253983e-02
4.814270985363391375e+00 -1.006751251592309160e+00
4.269759128842789409e+00 -1.049922570974618985e+01
-5.969590190914622951e+00 7.736106170633116008e+00
5.031346200534868807e+00 -9.330723434032538677e+00
5.093719714376475416e+00 4.810312146364899011e-01
5.737215441261589888e+00 1.094099565830483289e+00
-3.046875215528412895e+00 -2.733818904229032398e+00
-6.706049206102224325e+00 9.559307934869751833e+00
-1.280568780082371738e+00 7.651527271600096824e+00
6.398652976482350319e+00 -4.129468029624682734e-01
5.206306324779710337e+00 1.436996919728783517e-02
-3.767755327745170746e+00 1.710200961090870830e+00
-2.996673040497913387e+00 -7.008984737876104987e+00
-2.447512178456864085e+00 5.261110648358317654e+00
-4.470271983041020469e+00 -4.957122167124972556e+00
2.233378057016055518e+00 -8.348447260947565951e+00
-6.222927552136898299e+00 -3.646073912685322327e+00
-4.997907158677644901e+00 -5.307355376527904234e+00
4.593163084140513774e+00 -8.095889714616118837e+00
3.339129548838120076e+00 -6.431927407502295857e+00
-1.041368751310026708e+00 -4.497019653992669674e+00
-1.955355569621950673e+00 6.597345223594081709e+00
-1.384916750164493671e+00 -2.764586205431428301e+00
2.760021322517290265e+00 -8.934256938734016273e+00
1.686902489609043210e+00 -1.025476875253247933e+01
-6.503749141902794406e+00 6.080420489660160577e+00
3.288389402755455215e+00 -6.482513145646775499e+00
2.775273396581433349e+00 -1.393935863773164252e+00
5.077522410857600477e+00 -9.793662694457170304e+00
-4.804190940898152462e+00 -5.006156950572681730e+00
3.054540730979168561e+00 -9.527580169637822394e+00
-1.628404828062782750e+00 7.716651729511863067e+00
2.241989355500728642e+00 -2.103026733914855839e+00
-6.527497237802412755e+00 -2.161489896594515070e+00
-6.846110547593577067e+00 -5.779999617573895243e+00
6.533785605724283130e+00 -7.442985102744993142e+00
-8.180129789204185542e+00 -3.131784538103492554e+00
4.568026131599116191e+00 -2.095115582010476096e+00
1.475504337660133336e+00 -3.899644264545649719e+00
-3.575464981064256698e+00 -3.589002055829336513e+00
3.609869713625381227e+00 -7.709755806780898446e+00
-2.243879846129563926e+00 -5.645837579355072577e+00
-1.617071327030552563e+00 5.935354468027930430e+00
-6.713062252200384883e+00 -3.895984211033091782e+00
5.872509423705325027e+00 -6.007062175874720467e+00
2.276272733930206460e+00 -1.742055294901179385e+00
-2.953018066322387725e+00 -4.194881430048832627e+00
1.347933182691935627e+00 -6.025164113606907179e+00
4.827631748084404428e+00 -2.094361519752554024e+00
1.189863127300533563e+00 3.599590090556767485e+00
4.848325451238625905e-01 -4.784721904753113542e+00
-1.585496150234103396e+00 -6.475472174965222649e+00
2.125131147559087275e+00 -4.559132685445187683e+00
-8.252666437539007305e+00 9.011480187639755002e+00
-4.205164032657660478e+00 -3.758007505079832722e+00
-3.633915191051714455e+00 -5.282424344647933978e+00
4.221704733752919658e+00 -3.981614238162462183e+00
3.723614820403900350e+00 -1.090181214042399915e+01
1.994705659144437870e+00 -7.396906368835126422e+00
7.191751242599776717e+00 -5.622269712465130631e+00
3.850734331418938616e+00 -5.081413098192382627e+00
-5.882283604254437748e+00 -1.766296044511355579e+00
6.036542300160425256e+00 -4.207485411745800263e+00
-1.983470701120071400e+00 -4.835258423848794784e+00
-5.684693352069536409e+00 9.382014686057589259e+00
3.673679366488856068e+00 -8.360458688886149403e+00
-4.811543821343665428e+00 -9.769799040692109804e-01
-2.920395379773834676e+00 4.201673356087107791e+00
-2.612287755288610125e+00 -5.266972621373588126e+00
-7.784917731493254500e+00 -2.046992425792993231e+00
4.047132437986178388e+00 -1.438249492321882261e+00
-5.798787198239726770e+00 -1.195805130240513492e+00
1.650009410997266723e+00 -8.327176030400391227e+00
5.230692610430256906e+00 -1.878156600752046712e-01
2.853779181997123437e+00 -1.147809487048793464e+01
3.042242486381863564e+00 -7.573170347902539845e+00
7.528646306725756077e+00 -5.482757852018746547e+00
4.641317692186059496e+00 -1.019507737924277535e+01
7.323741063872156509e+00 1.814029390602521774e+00
-6.632883133834943656e+00 -2.716549592831506210e+00
-2.327430629076954194e+00 -4.587593635051335994e+00
-3.770520265133084692e+00 5.069669496619859217e+00
6.280864571991788381e+00 -4.922732282479185706e+00
-8.063767056628844188e+00 -1.507821380568979075e+00
4.787558591487115933e+00 5.877684980174429086e-01
-3.304675970030745979e+00 -4.173599940410304576e+00
-5.751147467081771048e+00 -1.985743825635095217e+00
-1.319192250198489180e+00 8.356533938416090379e+00
-4.860688702632222302e+00 -3.935923299800452302e+00
5.158617201584222656e+00 3.747882565477058225e+00
1.636108227212456079e+00 -1.013546730619494163e+01
-2.368953733770114312e+00 -2.532874870244495646e+00
-5.411080059672107367e+00 8.295552995427197374e+00
-2.140607024928715685e+00 -3.308433809395392444e+00
-6.813490134833071643e+00 -1.464674246691946013e+00
-3.359615095860701395e+00 3.795362419036349966e+00
-2.895315686175045311e+00 6.971353502055058549e+00
-7.303476307514470633e+00 8.879300674824190054e+00
-7.798594391444661156e+00 -4.704955646548695469e+00
6.371557449010890828e+00 3.511868700104178398e+00
-2.074654599179014181e+00 -4.718188199872814792e+00
-5.060322227079542934e+00 4.498611804099162725e+00
-1.161888391770659945e+00 4.021925297346601091e+00
3.324847175533529153e+00 -9.402705151447863230e+00
4.250846226676593176e+00 -8.588915197036120830e+00
-6.175636336082103384e+00 3.815126379370481935e+00
-4.754251786267051472e+00 -2.148105546510568953e+00
-7.780620385736650491e+00 1.002686610973410630e+01
7.150650693382225143e+00 -4.455113322055483494e+00
-2.041904450730695153e+00 7.688406759342909957e+00
2.905495618075651265e+00 -9.235998221478535442e+00
4.193855707856243065e+00 1.030297723563603052e+00
-5.873575166495020206e+00 2.472850950586632290e+00
1.498783204711979344e+00 -8.377852249010159014e+00
2.122024604926647573e+00 -6.786203068639448333e+00
-2.173297998519712060e+00 -6.864624089966053333e+00
8.223971263599678672e-01 -8.175507293440848144e+00
5.205425912702282609e+00 -1.482183510984892205e+00
-4.603040505098742408e+00 -7.244219285280087739e+00
-4.641113160197219756e+00 6.436070197157446771e+00
-6.886078883284602270e+00 8.798496142302628442e+00
1.552102769709969854e-01 -3.744228241848033267e+00
-7.533155658576347058e+00 7.820843303815677494e+00
-9.028842861389680952e-01 5.184385050341917989e+00
-1.198772091573049314e+00 -4.529911936084557667e+00
-2.378328330896009035e+00 4.690335509261386093e+00
-5.219709294579157444e+00 4.657249533681640408e+00
2.279139327913311419e+00 -8.524937007323067917e+00
-7.718623988900962019e+00 2.624477276558626393e+00
-3.670267795878115358e+00 -4.374114903343881089e+00
-5.966333303978810676e+00 7.593692451855826420e+00
-4.540510659285716955e+00 2.922347067861585934e+00
1.774986094581664897e+00 -9.094447541208868557e+00
-5.123938252142818506e+00 1.104661296521308067e+00
-3.816591994193792026e-01 -4.039142960673306249e+00
-6.304461320586705497e+00 -4.601344010985114252e+00
-2.230363408658507129e+00 3.420648622726372601e+00
-1.999471742963523813e+00 -2.796976962685142620e+00
4.197247620653820732e+00 -1.178222029328855847e+01
-2.954560031850027357e+00 8.253153659207814741e+00
4.382676379488499308e+00 -9.518940274328052453e+00
-1.330880040016613863e+00 3.713878755608220672e+00
-1.453717202878549442e+00 -5.222810604565083281e+00
-1.912846090707227331e+00 4.366322995722368816e+00
8.088985600724786451e+00 -4.617845689963617772e+00
6.749194516405761846e+00 1.658877024553733426e+00
3.943914414387960754e+00 -9.527636133612514158e+00
-4.743495825761655738e+00 -4.746645015274796542e+00
5.119179785304700303e+00 -9.947425935024318377e+00
8.217673857578001062e+00 -3.197663619145842517e+00
-3.242237431892326605e+00 -5.816467996318097633e+00
-8.734172933201276301e-01 6.039629764866194073e+00
2.814223348808634118e+00 -9.977000913508300428e+00
-6.580234827335278425e+00 7.921134425481265673e+00
-8.535857056072673643e+00 -2.237344159023925361e+00
-7.292666738753049493e+00 9.141881596190115644e+00
5.921018669922060162e+00 -8.981201566835013139e+00
7.015094031298395372e+00 -5.882504751035143364e+00
2.301337750085896250e+00 -9.157332537020966612e+00
-5.690202417876534469e+00 -1.985630321291895761e+00
7.154856277262310549e+00 2.537463265896532150e+00
-7.392787434812998271e+00 -2.155409239764614071e+00
4.401348693168058546e+00 -3.661333579500641200e+00
4.083948738284510327e+00 -5.006938351838872592e+00
3.985807627068574277e+00 -6.064027250514850920e+00
-3.611958753658168320e+00 -2.743711511890493338e+00
-5.705553263435295008e+00 3.534866651298647522e+00
-1.581206741520428505e+00 -4.826909036098766315e+00
8.001009503084262064e+00 7.002922336303440964e-01
-4.485033973970247168e-01 -3.968469288592683331e+00
5.724688682313201937e+00 -4.898560210599869791e+00
-2.683460308247890502e+00 -4.595520769092031443e+00
-2.812305017686925535e+00 -5.150578755763324246e+00
-2.895695474029496896e+00 -6.658338793254586108e+00
-3.909112153926726840e+00 8.117980089074126937e+00
4.474152540171691506e+00 -1.091148860697976630e+01
-7.701557140361721565e+00 -1.266122171769314964e-01
7.309432798133357778e+00 2.687976974223427185e+00
4.173893265713465084e+00 -8.081770061708843045e+00
-7.220535677788387119e+00 -2.548614357839384947e+00
-5.512013863991262141e+00 8.062179755844356421e-01
-2.321714975131709213e+00 5.849444542780715572e+00
3.008123389617680665e-01 -1.547037907322537986e+00
8.062302469025008911e-01 -3.328235505206686096e+00
-9.161551852262896034e+00 -1.345497621959641066e+00
-3.046806407018781027e+00 -4.321947469298096145e+00
6.795595396994647430e+00 -6.458485963100945249e+00
1.821683776722675008e+00 -8.406066165916536548e+00
-7.095692083740730016e-01 -4.813778893810736648e+00
-6.070782123007068876e+00 8.624011840028236620e+00
-5.178948794803547528e+00 9.008914769999670114e+00
-8.217220410796263863e+00 -1.882387607128229501e+00
-8.490929663577954756e+00 1.043477321746689412e+01
8.342402899711693465e+00 -5.880302566017292065e+00
-1.666970742491262314e+00 4.200745671187177344e+00
-5.845738098433725938e-01 -4.751916439239840528e+00
4.426998263901003483e+00 -1.581909176534716854e+00
-4.644329231254971546e+00 4.091874831766790344e+00
1.077445560145540160e+00 -6.019537691041836780e+00
-6.565498364955442590e+00 -4.203065873442461964e+00
-2.495106176521274310e+00 3.593517230418152408e+00
-3.864555621830562782e+00 4.630104214475444735e+00
-8.012658773592136185e+00 -1.485219654592007776e+00
-3.887740291765956702e+00 6.416082445287321967e+00
4.881853425567744154e+00 -5.457250342742184124e+00
-6.731023337752562341e+00 -8.332947971176126734e-01
3.438620973431667505e+00 -9.878062678445083122e+00
3.568878449157097510e+00 -8.346570907117829563e+00
-7.368084656841982216e+00 9.141086657682398808e+00
-5.155042495444095429e-01 -5.463781056552353022e+00
-6.387196494906646649e+00 8.829332990713304241e+00
2.121576884266060059e+00 -9.371253702536673558e+00
-2.825248240962645596e-01 -9.736499506112027191e+00
-4.062775499881554175e+00 -4.736184603232616475e+00
-3.578606609941442862e+00 5.908692786786729378e+00
-7.665506357169276086e+00 -1.803360953475752648e+00
-5.129206439658992700e+00 -6.729916979569933844e+00
8.251269610522147246e-01 3.084116228653505765e+00
2.685691756239820371e+00 1.342145765691491244e+00
-5.960021787781444758e+00 -6.576417650301407125e-01
4.420116194348544525e+00 4.436275635738307077e-02
3.672758610436118953e+00 -1.010303894967350935e+01
2.579780860623278826e+00 -6.510110269901055347e+00
7.670515931533019582e+00 3.029462054288032391e+00
-3.706979244915885818e+00 5.170762056642328020e+00
-4.851602229871637917e+00 -5.541163968076188162e+00
-3.621847728821199208e+00 -2.456234807588814295e+00
6.227278498248920435e+00 5.351974976515408988e-01
5.891575516332894225e-01 -4.973094767823211804e+00
-2.140425290493009225e+00 -5.593224695637307953e+00
4.382722509838581360e+00 1.104438485966018568e+00
6.666883596417600977e+00 -1.019865301107207856e+01
-5.610381913644285845e+00 -6.027351469337499879e+00
2.307966906376624827e+00 -9.493514735358900225e+00
2.966848035163975883e+00 -1.165580317916794328e+01
-1.733719868205801262e+00 5.585868681597137453e+00
-6.073094687331806796e+00 5.003976147795821561e+00
-6.785595018441035187e+00 9.469429577273464460e+00
-3.126695645169323079e+00 6.271074115582568886e+00
-2.555407773940340910e+00 -3.718340615001739735e+00
5.268900441725618222e+00 -1.081212573051177550e+01
-5.821517298697848730e+00 3.736826428193987581e+00
-7.560021162830244279e+00 -1.427529799272378996e+00
8.041414960269081647e+00 1.449371629832978847e+00
-2.948373109110991930e+00 5.112079835542243877e+00
-5.417821804313287970e+00 -5.540687295362031861e+00
6.740575852000528556e+00 -5.821846953116261325e+00
-3.867320745424349671e+00 6.808202145951998574e+00
-6.895856741171717097e+00 -3.138963410835942547e+00
4.957434372382902410e+00 -8.879740907198428346e+00
8.342176347536044645e+00 1.226313641904938079e+00
4.666899055009348984e+00 -3.936691032447955152e+00
-5.731318381657317218e+00 -1.879585104872775858e+00
-7.266527810754743300e+00 1.032244510293561035e+01
-2.676018219493682793e+00 3.292838442049238257e+00
-4.857874361479622927e+00 2.875965626527916985e+00
-5.987121193288294840e+00 -3.865795980628483175e+00
5.617538498085076881e+00 -5.026077162175264235e+00
-2.552387811108240978e+00 -3.371394983140053814e+00
-4.308737732877181426e-01 -2.395014704523287019e+00
4.138425804946042952e+00 -5.357199138256588888e+00
-7.426630147648966229e+00 -1.760701372729098768e-01
7.440610908295935744e+00 -2.638208764595320055e-01
-6.124702912774349528e+00 -1.395243026179737278e+00
7.246748853009254532e+00 -5.790087226643017893e+00
4.148939039262472761e+00 -9.072932955262739796e+00
4.704622099799257384e+00 1.133653996763883898e+00
-6.071402115896725959e+00 5.086685384703847568e+00
-3.430010504698534746e+00 3.899724138558723574e+00
-8.433429367604039939e+00 1.003935890805234799e+01
-1.614936699066835235e+00 5.663878387049208207e+00
3.983025588809509632e+00 -1.102488804428108438e+01
1.498055890810987334e+00 -5.783615403363713270e+00
-7.388490324081653071e+00 9.326733209496243404e+00
-3.811651067219139932e+00 -4.094009278927967621e+00
-1.735331651799742358e+00 2.768078566589151635e+00
-7.257811172090775642e+00 3.639084652943477494e+00
-4.148778623422743728e+00 -6.377910017461449144e+00
2.355879435363950059e+00 -3.018060171536774305e+00
-2.853451463517688858e+00 5.047805724317927734e+00
-8.532847637304514787e-01 -3.462112795130514620e+00
-7.509996381422491929e+00 -1.262227935524872002e+00
-5.448841200996111134e+00 -4.422286238051787777e+00
-2.152682151951827993e+00 3.596135524936720174e+00
-4.981055685336276184e+00 -3.596936399112701910e+00
-4.597997361681512629e+00 -6.674022176224609026e+00
2.188018609102148737e+00 -1.053194799656332847e+01
5.349846979644196310e+00 -9.210088721281895374e+00
5.199672326901962016e+00 -5.965942969467786794e-01
-5.812563399398320563e+00 4.122694174171731341e+00
4.556198925510372533e+00 -9.427234574069980333e-01
7.789361056747301504e-01 -6.655180743759376405e+00
4.107940732276475160e+00 -1.052149701753067212e+00
-5.205420809049632780e+00 -3.824001620694538861e+00
3.776939980243106731e+00 -5.030161384468319064e+00
2.927873706995716141e+00 -3.268900442217977709e+00
7.502726699131219590e+00 -6.678115608573062190e+00
6.156258251397199288e+00 -5.117261357872258998e+00
-3.097161552556438657e+00 -3.956241296651841655e+00
5.568724632972693378e+00 -5.335619213199473521e+00
7.227429941796597035e+00 -7.809218736074925005e+00
5.030058046861058507e+00 1.274839740015432543e+00
-4.575259528244663088e+00 5.335731049913909452e+00
1.722619730616100853e+00 -6.657051042539489316e+00
5.411760871229740033e+00 -9.317027078920302685e+00
-6.987751186395783520e+00 -2.287014128442546479e+00
2.313168647540371659e+00 -8.033260556250302997e+00
-2.065793101076331517e+00 7.045911775789337028e+00
-7.707242117437909101e+00 -1.012921639849822864e+00
-2.940270239225585058e+00 4.588539621523407774e+00
7.819519085583871210e+00 -5.479794365862978189e+00
-9.638726890817115311e-01 -5.813689457326147725e+00
8.470349428183691742e+00 -1.070713962396375507e+00
6.911588619406909828e+00 -9.792609924666435539e-01
-6.648845219694091924e+00 -4.793215147398194986e+00
3.890146307310087259e+00 -1.062753138403975051e+01
-6.717021696354336768e+00 1.019781363707497412e+01
1.803768361043360580e+00 -2.957975229948513363e+00
-5.138142190056266934e+00 9.913553735136908074e+00
-1.147171660831258766e+00 -2.306549828104355271e+00
-6.492423891069329933e+00 3.280552782741213313e+00
-8.356395736139701214e+00 9.818097119321008037e+00
3.737809156362565055e+00 -1.389214144333295931e+00
6.234765505379165518e+00 -1.000293926701870362e+01
-7.139344371372482456e+00 7.889342027748606156e+00
4.702028713069758226e+00 -7.760931414460218392e+00
-7.073811800027034025e+00 9.808055980196160206e+00
4.825847065240023603e+00 -4.497764487044966231e+00
-5.963158421077981330e+00 8.818250292107958188e+00
-7.092395282676632995e+00 1.137348986105798510e+01
3.471844667458472422e-01 -5.220498435208400068e+00
6.003294401398036939e+00 -1.370957226535574502e+00
-6.517086565556777789e-01 7.177718869520736789e+00
-3.314966780844061489e+00 -5.172987375056432136e+00
8.166128633665465486e+00 3.069441949094779964e+00
-7.911960562955811405e+00 4.318156185712020978e-01
-5.532300525740490471e+00 -8.687267271490387577e-01
3.209616421922842910e+00 -6.175305641653938693e+00
-5.852714638596150820e+00 8.912720014675269198e+00
-6.690531850770097932e+00 -2.373214446558539859e+00
3.795364963918354206e+00 9.101656192791474087e-02
-5.028086694730314221e+00 2.808978453613448778e+00
6.064574672715549397e+00 -1.573003206564386192e+00
-1.145466804561428464e+00 -3.984587973045304210e+00
-6.272694742926389289e+00 -6.264381999433012993e+00
5.736572128354331390e+00 2.032018277220861702e-01
-7.553916466694017728e+00 7.723779589749186769e+00
7.332971667252424774e-02 -3.002578235866170786e+00
-4.034061992486623005e+00 4.458520888973177776e+00
4.309016650320467434e+00 -5.121763701877214636e+00
1.630764044487480025e+00 -2.558481808968974480e+00
-3.621554429358099014e+00 -3.879485018268770347e+00
-5.220063653783977742e+00 -2.283709902457751184e+00
6.779902379906724619e+00 1.636778174238873618e+00
-1.678211520559232284e+00 4.996053506710065761e+00
-8.983278680423680385e+00 9.927955426168479036e+00
-6.141973481453832484e+00 8.931114490888502289e+00
7.098182941502704679e+00 3.210170705669009195e+00
-6.556910135950128726e+00 9.195046710133265577e+00
-4.725099119680648663e+00 7.291804397104908020e+00
-4.115225934960838217e+00 -8.268169884755806054e-01
9.018024415366094004e+00 2.924469273745060605e+00
3.721823981988280128e+00 -5.810183308961597071e+00
2.619286941176965477e+00 -7.555920115436189022e+00
-5.945130344265810329e+00 9.152130275261059822e+00
3.707542995620834780e+00 8.849520497058600554e-01
5.116032526865156527e+00 -5.399140091242496942e-01
7.990255839300238527e+00 1.660813415237520463e+00
1.409232614261745731e+00 -3.665077718813736674e+00
3.846922873235673279e+00 -9.377330989109854187e+00
-5.530118970932048406e+00 -4.578496809085444319e+00
-7.014396131240137500e+00 9.461743019964055534e+00
-5.065853374220205652e+00 5.170161458033231128e+00
-2.816995013420549032e+00 -4.896026848974063483e+00
-2.525885143118806742e-01 -4.304146138236232488e+00
6.554040069211592545e+00 -4.665915416835542118e+00
-7.653425671884894754e+00 -1.387620020241791874e+00
-6.311319510265921195e+00 3.040342852245538907e+00
-5.810821653491523797e+00 -3.447446877601850090e+00
-4.248572230645426551e-01 -3.342188622835728040e+00
6.603644578582657410e+00 -6.591749008581064828e+00
-1.087138360302801754e+00 -3.085808188045223499e+00
2.204089958973469709e+00 -6.766225786093201577e+00
7.748131212312037164e+00 -5.038178453632389697e+00
5.969086974367639797e+00 -8.844493725136777229e+00
-5.364171695614243340e+00 3.535167127050470093e+00
-1.950559345986840665e+00 8.070393126678116147e+00
8.167252672966164084e+00 -7.532040627496348506e+00
2.506897752622005537e+00 -7.559942031231784654e+00
-2.853870533352870886e+00 -4.563312913570660712e+00
-2.759378050054207776e+00 7.817040726920432725e+00
-2.351999728063875139e+00 5.435698395235874614e+00
-7.473513989348356645e+00 9.081648727245966057e+00
-7.056328219800261259e+00 8.144825314924784010e+00
-8.127952198647822257e+00 -3.625786365512805531e+00
1.878859584932290661e+00 -6.914168711969627346e+00
7.897136700509223672e+00 -4.913647650822283275e+00
4.952153860285172904e+00 -8.628567391831420963e+00
6.620616335140770303e+00 1.838254974649790485e+00
2.578384740114590734e+00 -8.341374608450351502e+00
7.051848956936312085e+00 2.379448526550409948e+00
1.875950295708390669e-01 -8.654590931650592012e+00
4.591079634548760779e+00 -6.271629055964183408e+00
3.686605366846697152e+00 -7.504696107586148912e+00
1.634864514294198656e+00 -4.204694531114100187e+00
-8.781324254315615363e+00 -3.461840613970815994e+00
-2.531105068539797998e+00 6.111863780977345506e+00
4.211036046818058765e+00 -6.027870747283908592e+00
-4.670333874185495837e+00 -3.664395725482014310e+00
-3.788645642559982818e+00 6.063993219318784433e+00
6.543821356143638468e+00 -6.690725036193795106e+00
-6.263543769026051145e+00 2.521032217973239842e+00
-7.663756939922501843e+00 9.566308606910929768e+00
4.157977244782233406e+00 -9.153996379713559506e+00
-2.899301112376176270e+00 -5.912573841107626293e+00
1.353342216595034841e-01 -9.058346007932971844e+00
-6.867159217655006920e+00 1.034424839737338786e+01
-5.816257012440090080e+00 1.007031225557964582e+01
3.785151235557864702e+00 -9.675711869846239210e+00
-2.355567891806789493e+00 -4.621202918946177185e+00
7.047570661634837919e+00 1.235226596131346666e+00
-5.641937213478813717e-01 5.928094318176183819e+00
6.068442467116190286e+00 2.171137806248629509e+00
-2.061512663999226724e+00 4.754110463537005060e+00
-1.918693696245491020e+00 5.747336387012660808e+00
4.180488766630272579e+00 -4.423441820402792324e+00
-5.793234963410275107e+00 2.977208327448386704e+00
7.750412288198839761e+00 -7.888346188891998345e+00
6.730548246547202185e-01 -4.206228053692887769e+00
-7.219543793328043968e+00 -5.121587285389241906e+00
-2.079434631863799510e+00 5.928687541000047467e+00
6.230729488696791663e+00 1.504651382008916904e+00
-1.333778514138584725e+00 2.100254371137851184e+00
-5.706531874087278133e+00 5.238652006943137707e+00
1.779599988903376007e+00 -3.464862360735180502e+00
5.233851849613287754e+00 -4.520747100358186721e+00
3.552437164511967005e+00 -9.433081998496184895e+00
-1.381999860823351911e-01 -3.778561115610176380e+00
-3.871690786509903504e+00 -6.696562763546065611e-01
-8.378286981835900704e+00 9.926099836564574730e+00
-1.178548884692610210e+00 -4.578451288704797228e+00
6.946923765334381606e+00 -4.737292296213651888e+00
-5.912580157145093551e+00 -3.459316043065599811e+00
-5.791788149308085831e-01 3.200038779998127136e+00
2.709694396302937847e+00 -9.040085371797269786e+00
-3.221416995798249694e-01 3.761287742876966433e+00
-5.662045124097685900e+00 1.472401177950009021e+00
3.814927070174193524e+00 -7.201955079146072691e+00
1.058935349147998473e+00 -2.972922851065631811e+00
4.401572918420008307e+00 -1.602052736525096721e+00
2.291277261476223348e+00 -9.937492728728511082e+00
-3.100104180570877777e+00 -4.897315953222207696e+00
-2.338726216137749336e+00 -5.758105403849591575e+00
-4.152396839225231950e+00 4.393141294147701714e+00
3.215499046262570104e+00 -9.966531830141345694e+00
6.799813230806880604e+00 -4.742175349164902798e+00
-6.480567533883067277e+00 8.472508378427432874e+00
-2.213061258855193447e+00 -3.779820008639879436e+00
-7.699996440240148843e+00 8.200240267843607711e+00
3.036262802381943793e+00 -5.927878789926000813e+00
-7.305178023942058729e+00 9.785457810128777467e+00
7.759239289325915223e+00 -1.755975031397226105e-01
7.166191843841490439e+00 -7.505264765951200623e+00
4.980888701097438420e-01 -4.195429548961423727e+00
8.170282963740161719e+00 -7.578230413203431937e+00
-3.272033636816176649e+00 -4.147300187420437823e+00
-8.195982755735474967e+00 8.005362008950593022e+00
5.570053468894862192e+00 3.780797340941899343e-02
-7.163951719641482363e+00 7.571837848073254662e+00
-8.988636019629637985e+00 -3.420998874596405948e+00
-2.088496598791306003e+00 -2.985950016414294694e+00
4.934122858559160996e+00 -9.696373822173185886e+00
5.638012989871468150e+00 -2.747342922499285578e+00
9.054984369673244604e-01 -9.797462839550338032e+00
2.574997368598361369e+00 -7.949234661309178662e+00
-3.180015161828609216e+00 5.943269362916879572e+00
-6.994831811632998608e+00 9.371457719527176877e+00
-8.233117260200900844e+00 9.265832519024813863e+00
-1.982523984403436357e+00 -4.769129314668396624e+00
9.707542181878427989e-01 -4.916162627225420856e+00
4.093913578739958758e+00 -6.595996817916661037e+00
4.979636428503660284e+00 -9.655746616738881016e+00
-3.739187706048638482e+00 2.930007156471188701e+00
4.197066782517140382e+00 -2.819563030563358996e+00
-4.935326539468336549e+00 -2.608887549297025821e+00
-1.682101272408277337e-01 -3.269227508362330337e+00
1.529645660424904019e+00 -6.698122961602491543e+00
-3.332973270898466289e+00 2.224465266434517918e+00
-7.585818011455147669e-02 3.187689381233784758e+00
4.284862936433090352e-01 -4.400448378717438658e+00
-8.195174093450166453e+00 -5.392084552761229332e+00
6.004362443992357967e+00 -6.488889820233574746e+00
3.317568825125153165e+00 -9.111090663448925042e+00
3.720246958555287087e+00 -1.028742939838481618e+01
-2.558740707546009574e+00 5.753819600051221173e+00
-2.070640195975446129e+00 2.187613768739846254e+00
1.380371022424742966e+00 -5.654071888208568986e+00
1.978129219268603300e+00 -1.045168642980720541e+01
-6.913661695492412385e+00 9.815603111362388944e+00
5.803223140053824558e+00 1.830014254893456815e+00
-5.395672023107971782e+00 7.661026372958827935e+00
-4.598785042953260849e+00 5.710710945600661503e+00
6.794841856065517938e+00 -8.835864440991273439e-01
-4.454432090437402181e+00 -5.732538881267586817e+00
4.844704985478320403e+00 -5.289901575189281502e+00
-2.032029827909276332e+00 -5.395683924066979387e+00
2.664604007251252682e+00 -9.694142697948407772e+00
-1.331362473456961792e+00 -6.338723151544380485e+00
6.431462201465373063e+00 -6.418895070894663490e+00
-6.192552398740991393e+00 9.560519259956500093e+00
-7.515627428500572194e+00 8.255011810369008884e+00
-2.193217083112504184e+00 5.178606212728323221e+00
4.798016163854507354e+00 -6.830230560862476707e+00
-1.948074120757717020e+00 -4.965682800074980641e+00
6.342414492679116833e+00 1.407219634613621873e+00
-1.361283082186369953e+00 3.113064840403934053e+00
7.442610785012149677e+00 -7.785568214027223100e+00
-6.529066563919855959e+00 -2.849852634731203427e+00
6.593114686690168647e+00 2.113176196044474153e+00
-7.278544466649366385e+00 8.093729472089167487e+00
-3.249009546072725740e+00 3.950559337331245313e+00
3.363587074181432213e-01 -4.509665827987849873e+00
3.351189657350746032e+00 -9.735795094108420145e+00
3.164503046676010456e+00 -1.495903740151701022e+00
-5.008281691908977429e+00 1.627164329584672497e+00
-7.185615656135650120e+00 1.156928734986978746e+01
-5.462845109023277690e-01 -5.730479641970448235e+00
-6.050509320380642819e+00 5.218963920851392047e+00
-7.112195388065352120e+00 8.906074668791372773e+00
7.126887203428289297e+00 1.049298656636336258e+00
-6.350323688644477826e+00 9.161654844720736435e+00
4.294332732367672101e+00 -3.012241752412129436e+00
-5.309424032515819292e-02 5.406451397068300579e+00
-3.840067825999636142e+00 -5.672205705640582352e+00
2.477301001195677088e+00 -8.064469749786180586e+00
-6.114515521833441269e-02 -4.686690546874433316e+00
-7.507680327469067549e+00 4.654748652140908938e+00
-7.830081667399199086e-01 5.272296137237652225e+00
6.821329425698002602e+00 -5.916675591973940662e+00
-4.813890687052593265e+00 5.034893480044731362e+00
-4.989245734145801414e+00 8.008970483917302374e+00
6.868634868407466065e+00 1.449718788230647037e+00
-6.282052060540268545e-01 4.110076960535817392e+00
2.140502227351966269e+00 -9.772587910101519171e+00
-1.405902746218258281e+00 -2.703918728640996694e+00
4.483464863830337599e+00 -7.693020268494911384e+00
-2.358286695035301417e+00 -4.330258934642668756e+00
1.632829652995295255e+00 -4.131420398882584166e+00
5.515188256165564518e+00 -7.731964844435327500e+00
5.393045620857584765e+00 -1.050002521646619869e+01
-3.709689560410030396e+00 6.851950956108560753e+00
4.691485786197753249e+00 -6.176395674318962747e+00
-8.968056639111310346e+00 -2.628620607560404387e+00
5.301637968571057513e+00 -5.859433212215918729e+00
-6.410357904080207447e+00 -4.260524182390269310e+00
2.398628287796548353e+00 -4.413332496790212112e+00
8.120380001672565129e+00 -6.560026596505966978e+00
-6.176819064228334710e+00 -3.168280837423383289e+00
-5.132815639061504065e+00 -4.745995234622433223e+00
-5.511270017179309200e+00 5.010649567697270435e+00
5.235465121527259846e+00 -1.382966705422541187e+00
-7.675668274222766208e+00 8.071007955305905313e+00
-2.981897111685137602e+00 -4.063920490169067534e+00
5.973198389155284005e+00 -5.408974050637388231e+00
-4.873552173815617117e+00 -4.633316806581514236e+00
-8.038112313719910418e+00 8.635669253168522630e+00
-4.475592237652626260e+00 3.845436654321187753e+00
6.071103408603096163e+00 1.809277484913320855e+00
-3.837673548424946013e+00 6.938566903944035857e+00
-7.503804287369428394e+00 9.459857745076281077e+00
-6.988082834596561099e+00 -2.639906213582996042e+00
-3.399661052388917248e+00 3.347912517366669505e+00
4.674723349557660335e+00 -4.827259749490130147e+00
-7.178492887175288217e+00 -3.627574325795722920e+00
-6.816434438072477953e+00 9.608081048959954629e+00
-6.104693136886293559e+00 8.443601521855022440e+00
2.815054210262517120e+00 -9.731260349567538270e+00
5.615309888219123025e+00 -4.508490276118063633e+00
-6.805976058413830465e+00 -3.427579511533413115e+00
-1.422610235297942838e+00 -6.244985679909033749e+00
-6.170480022032476697e+00 -4.489316584022265744e+00
2.811530936277963022e+00 -1.052646787732294698e+01
8.013315043511757274e-01 -6.187489113717003164e+00
4.660978653633403468e+00 -1.018734947206133157e+01
-7.987638370002894561e+00 9.018779693893954175e+00
3.006858483487097722e+00 -5.069868330843287474e+00
5.540869364548833609e+00 -1.758478072865327313e+00
-5.342213858258063830e+00 -3.483886746542592228e+00
-6.821349717692958059e+00 -4.193569135417343219e-01
4.971876880513530494e+00 -1.188774191082500487e+01
-6.260175278456078907e+00 3.498952026079570121e+00
3.849857841430343264e+00 -4.714077106451479704e-01
-3.502173291632957319e+00 5.936146850485695126e+00
-6.826984581901090365e+00 -2.525557969999030483e+00
-8.234287757957403642e+00 -4.806864934479156304e+00
-4.130676783873136415e+00 -3.423840496501455277e+00
-5.084288848257709770e-01 8.721129814477926345e+00
-2.167959170594783824e+00 -3.863360287808915050e+00
-2.685686896509028365e+00 6.159756717858138941e+00
-1.951412949285966647e+00 5.082688670952243193e+00
-4.031830419955046096e+00 -3.469601213718291000e+00
-4.840979617409693958e+00 2.011164279553936840e+00
-6.072182028946045307e+00 2.806970884727947979e+00
-2.744131833003228049e+00 5.928747925062962665e+00
-5.770266070749727305e+00 8.258762062032776186e+00
4.726442393264123965e+00 -5.930196533204147968e+00
3.346508582341116700e+00 -8.309590654529319664e-01
-1.179792237961800883e+00 -2.987714346419895861e+00
-2.857730148830555983e+00 5.350669669785585114e+00
7.929226677884167351e+00 -9.243074760246217103e-01
5.112725114025128192e+00 8.967735342516895969e-01
5.318295338531805250e+00 -4.687952668809868939e+00
-2.665918380401413490e+00 6.784760884927617752e+00
-2.957795777207485877e+00 4.513987279282660303e+00
-4.656520207498750175e+00 4.459133112869977822e+00
-3.273905208827483815e+00 5.738485181582830386e+00
4.485198172407281803e+00 -1.021460546544000358e+01
-2.363247748593767295e+00 -4.334638907785566708e+00
4.047280306235981229e+00 -2.953362103375838821e+00
-6.702732190190753059e+00 -4.840687300639019419e+00
-2.140389336237344065e+00 -4.243015824375968137e+00
-7.344818177427822725e+00 -5.219717644700581971e+00
-9.195979323870511202e-01 -4.942543306931268532e+00
5.028474542739256314e+00 -5.249822664937401129e+00
-5.016737516369706107e+00 3.895148076341701682e+00
9.088315613308644458e+00 4.355055125827383966e-01
-6.706041017842500729e+00 1.186129565183779988e-02
-2.367076911151265728e-01 -2.790510838501187862e+00
-7.232020975211649549e+00 -3.423041396431296679e+00
2.438693346691804376e+00 -8.215744433154540616e+00
-1.306918469458697496e+00 3.425193803523316927e+00
-2.156911558430248954e-01 -4.222062315160993506e+00
1.699689424606833477e+00 -2.230857192173463233e+00
-2.354735358169424142e+00 -4.406023822382521438e+00
-5.614713438968512715e-01 -4.161851756686108850e+00
-5.482941512948754870e+00 -3.210187762014747648e+00
3.848800408630077108e+00 -1.454237024406168199e+00
4.454977342201624779e+00 -6.659162605806807633e-01
-7.708551860047876403e+00 -2.403014483422857950e+00
6.073256541403253550e+00 9.009453769503134035e-01
-6.273797568549992931e+00 -6.092385829406136821e+00
-1.645170463176246489e-01 -5.583440711858616901e+00
-7.262748616657199285e+00 -5.436072155739463341e+00
1.102807867574887801e+00 -4.490517961485982035e+00
-4.344661059018513072e+00 -2.835333851625430945e+00
8.735119633550065821e-01 -2.443770456519278156e+00
1.929654455840524641e+00 -8.925397480296592079e+00
-6.350723760750641489e+00 3.229091989871895052e-01
5.330444276408169202e+00 -6.462149733608679725e+00
-6.853619761132828891e+00 8.893737235415940745e+00
3.207723543704166236e+00 -9.685888822078084104e+00
4.729923988240329003e+00 2.772701924604898061e+00
2.443821831440817771e+00 -8.552997121879323927e+00
-5.161525831578445356e+00 -4.061921009612023958e+00
6.594799632076104423e+00 1.533179019293988032e+00
-2.416358402190903032e+00 3.466289815108188677e+00
-1.557508627890876740e-01 -4.725067636509329816e+00
-2.760275572694289359e+00 -6.977076401764231939e+00
-1.850860489393968411e+00 -5.024865774367551552e+00
-5.137324003420079777e+00 2.606373960206934903e+00
-3.372336667986396197e+00 5.636455776029938747e+00
5.543483517030562524e+00 1.491348065927601052e+00
-3.433633174894120454e+00 -4.287061440987144145e+00
5.812940069971778811e+00 5.461759583749353775e-01
1.002157721196106133e+00 -5.068273386897015342e+00
-3.875564183931420104e+00 -4.602620540140898164e+00
5.823528429237470938e+00 -5.987211434204908755e+00
7.907987704592029488e+00 -7.844918724368787899e-01
1.592491288121780535e+00 -9.021419336112847631e+00
-2.358856613884486642e+00 7.259861765325816840e+00
-6.060682776440829755e+00 -2.998643930634554700e+00
-7.029860236705158805e+00 -2.429783065864502767e+00
6.016993737349925375e+00 -4.869126992102219553e+00
-2.464930722319434331e+00 -3.887777657342739612e+00
-6.208213906433193152e+00 2.790726011053974442e-01
-3.378529787128215833e+00 6.464135697626764099e+00
6.685087288803039485e+00 -4.193324319947757672e+00
-5.381652169786336870e+00 2.770197297096070876e+00
3.062662703552292420e+00 -7.565386768127111417e+00
7.424100119846460899e+00 4.739846506009163241e-01
-9.090076614789079912e+00 -1.302157204130487411e+00
6.325466649072868819e+00 -3.773142652929455387e+00
-3.048075401477544855e+00 -4.997988985098076320e+00
-1.853819598749992581e+00 4.827829710544298436e+00
-5.721502389497079122e+00 -4.296603010007646439e+00
-6.568529659479329652e-01 6.985035638824594884e+00
-8.581179706939318308e+00 8.809203800881936886e+00
-2.874499051767085867e+00 6.271660523574158042e+00
-5.663242505215217548e+00 -3.643340961367993902e+00
3.149681372045926686e+00 -9.000893447967103000e+00
5.511030250968154576e+00 -1.032455244827709961e+01
2.773334696570762148e+00 -7.915263934481775010e+00
6.205072415842145972e+00 1.681227612177442099e+00
-8.912069890431137953e-01 2.924203189340935261e+00
-5.230077111553612212e+00 6.174528745389775253e+00
-1.116836370216303331e+00 -4.653097451563795062e+00
-8.118570830196411237e+00 4.439068039555345457e+00
1.956824981791650764e+00 -8.361015446050080513e+00
-4.055049788515519893e+00 8.634026724769322314e+00
6.693917303806860453e+00 7.695596951346992398e-01
-7.491632248832127416e+00 3.290278090955832901e+00
2.279305349031869543e+00 -4.789558220112766662e+00
4.951795849823347417e+00 -9.097946795552681820e+00
-1.885750243529624282e+00 -5.170649044382774839e+00
-1.716486274473148388e+00 3.298246641150659908e+00
-3.144011488234148555e+00 -4.895441373708986355e+00
-6.698912060208948915e+00 1.003766962928372131e+01
7.567542904096136169e+00 8.638871970807404654e-01
6.098188886279589660e+00 1.807991331705618432e+00
-5.165576968226463173e+00 4.511330512781111857e+00
-2.689943674933702678e+00 -3.085934104459099991e+00
6.254496465336615962e+00 2.900639681423418992e+00
4.809626338977159854e+00 -2.885719597572116157e+00
-7.349797543971710034e+00 9.190355905813730075e+00
1.240926552167498365e-02 -3.984174806845270922e+00
-1.347173126823202338e+00 -3.412815921016114196e+00
-5.179134002448170904e+00 5.676853745410421759e+00
5.780879607946988408e+00 2.733857103666223587e+00
-7.165402861499144294e+00 1.052626304073002927e+01
4.962463016146304362e+00 -1.474667946079592840e+00
7.601254141366299066e+00 1.564402344607529471e+00
8.739305030749850989e-01 -9.119651197203230808e+00
1.975914378996726617e+00 -3.822358014166820528e+00
8.154768061157229297e+00 -4.799775335741855997e+00
3.191993230586374963e+00 -1.306022377941112467e+01
4.208417426486909640e+00 3.554679583798864950e+00
1.603496554010815256e+00 -8.347145342879688457e+00
5.452148458506256290e+00 -1.056273595674168497e+01
5.194303704875739669e+00 -8.631773242843095773e+00
3.079272007762882790e+00 -5.791700541335706554e+00
1.754040622948133121e+00 -3.313323490827543960e+00
2.643277069394360801e-01 5.432502933921961485e+00
3.697641726682884489e+00 -3.193833290545866621e+00
6.852254377050400969e+00 -6.913867662452285678e+00
-1.454950815380976259e+00 4.510814220103381622e+00
-4.612441967655536601e+00 5.432531452298619001e+00
7.212203778931913334e+00 -9.264512245503149224e-01
-5.317262863176229537e+00 -4.529358304692254755e+00
5.030421695610179711e+00 -2.297594852120373954e+00
6.124317467338312504e+00 -5.929437099743704920e+00
-3.220642784843083195e+00 -4.610732598323968645e+00
-3.677391056551797099e+00 5.520622752877718753e+00
8.287454302995751476e+00 -5.615471142010897587e+00
-2.714028887778929811e+00 6.910223893658352878e+00
-5.424302952203492900e+00 1.007350466398948008e+01
1.841578754511507210e+00 -9.994229776677528321e+00
-2.298125844530683359e+00 3.187754887359409484e+00
-3.541200033597921015e-01 -3.444832607587411388e+00
4.054824833350259894e+00 4.945185478311882044e-01
-3.315329377566389013e+00 3.230909845109652956e+00
6.864746387958659213e+00 1.599736222401356045e+00
6.995433177045087270e+00 6.367103491581507235e-01
-8.390378540438426569e+00 -3.638171863253983673e+00
-3.205243792116988732e+00 7.535917579990307757e+00
7.181681615348889380e+00 -3.914850828949465011e+00
-1.443123988547173608e+00 5.209424020608460992e+00
-4.952076893407274305e+00 2.611158697454382782e+00
-2.089165573961201172e+00 -6.615826899932773841e+00
5.806813385878188960e+00 -1.056013381414654795e+01
3.950475878932130591e+00 -8.783975808805042362e+00
-7.191712507395074283e+00 9.415078984800292261e+00
-2.619001951403924000e+00 5.611934730730561149e+00
4.189538226967785661e+00 2.107592582003525283e+00
-6.697472887165801581e+00 -2.482599398067056207e+00
-6.278282860428792134e+00 -5.491729489163668987e+00
-5.662062400794638961e+00 -3.239570098228367279e+00
-4.322070739342138701e+00 4.970939302464082665e+00
4.978791822612798512e+00 -8.889889712016785239e+00
5.018175296337258118e+00 2.161768428494786676e+00
9.679414345554608889e-01 -4.770982470545310328e+00
6.557450770306682664e+00 1.325848576386535083e+00
-7.374209270109745695e+00 -9.462545506998070177e-01
-5.257001587726590763e-01 5.682379806761325369e+00
2.144643886398541088e+00 -3.606046152708482833e+00
2.914387767129097417e-01 -6.005431998699933160e+00
-2.870930971870604864e+00 5.543570601444193890e+00
-6.951605884902671839e+00 7.410698278825611496e+00
3.714342020140194656e+00 4.132163640751984612e-01
-8.090745468417208652e-01 3.515689376668019950e+00
-2.962439680442742418e+00 -7.099848405926214134e+00
2.222258938713244092e+00 -1.352847275854443421e+00
-6.624480126528639268e+00 -3.610479055198021481e-01
-5.860599647752096075e+00 -3.489302509492234972e+00
6.184335002884987276e+00 2.792193646709799637e+00
-7.782262289739774630e+00 -7.712018386697703232e-01
6.597306846485388121e+00 -6.561089687173757845e+00
-6.626386306032634010e+00 5.300605776626905907e+00
7.145872065074770907e-02 -4.123927424973854450e+00
1.284886398759861992e+00 -8.179624120323614633e+00
-6.920318621513719570e+00 -5.823987313410648348e+00
-7.846560455461338179e+00 -1.335429298114232610e+00
3.137168116414950525e+00 -1.068001656151357537e+01
3.159201047296295251e+00 -8.642546932908333090e+00
6.322631872792566554e+00 1.184107444999179304e+00
4.697650517543291215e+00 -6.001794652580030309e+00
-7.416645433314501545e-01 4.865881641964544535e+00
-1.861066037169959886e+00 5.235497985961194978e+00
-1.015959151807270811e+00 -6.056358755230027313e+00
6.972512859530086260e+00 -6.553762743250284295e+00
2.801229404090047392e+00 -8.873556859923711571e+00
-9.583639506688217402e-01 -4.084678659036540260e+00
-6.368260820228860197e+00 -3.997268174111038963e+00
-6.582538992933506528e+00 -2.239496374829227143e+00
7.608892808782643513e-01 -8.850253249027844049e+00
4.521601999360230550e+00 -1.558094895450728989e+00
-6.630321008622277468e+00 -3.297981314924294693e+00
2.558723564972287257e-02 -4.690621909747629381e+00
3.860449695162807338e+00 -8.772847001603446770e+00
2.123605636754414827e-01 -3.246110187659106749e+00
7.188541226339172141e+00 -6.363194770898555674e+00
-7.688788233028920338e-01 4.607995991058243312e+00
-1.661623283868503442e+00 6.424507321846568253e+00
-6.268679980170461796e+00 -4.194080273795679048e+00
-7.006460247632163352e+00 -1.288213744849089348e+00
3.915796089636668365e-01 -3.843421865233748402e+00
2.746478276563836474e+00 -2.322292528933826539e+00
-2.567550838486601261e+00 -5.231101764583679703e+00
8.614264114754854873e-01 -3.475479480078775829e+00
8.508614241636555775e+00 -4.908965516541350382e+00
-3.905479466384585763e+00 -4.220665998864425283e+00
-5.590013026262138141e+00 -1.031992342387591632e+00
-2.894500689641473556e+00 -6.693732082572868336e+00
3.031462563143516586e+00 -8.926256907500647486e+00
-1.411535635753175200e+00 4.295298662344817942e+00
-5.027658140020703215e+00 3.680947605278495516e+00
6.987647105335796915e+00 1.583248330714316365e+00
2.849020448116185156e-01 -4.942389952654250962e+00
2.527602450600762829e+00 -3.223334517208965799e+00
-4.793077179490196293e+00 4.273995556903575910e+00
-1.770392174744092939e+00 5.864657884167766788e+00
-6.610744598088129642e+00 7.073918185379049817e+00
-8.876748548623599078e+00 -3.339555612772505455e+00
-7.164749298593958038e+00 7.555888132270860424e+00
-7.124930225973544751e+00 8.203866007513699543e+00
-1.275129484770454180e+00 7.331038650138812507e+00
6.045949828383065494e+00 -5.722577434476562530e+00
-6.601945446685006935e+00 4.729094469328041228e+00
-6.699710922777762256e+00 8.669922191886783480e+00
5.488823012968230053e+00 3.236562919861269982e+00
-4.090605261688493144e+00 7.575442106840700518e+00
4.316745767399315703e+00 -5.327133743447357794e+00
-1.954640354843730110e+00 6.318513390093906779e+00
2.634506272218112954e+00 -9.667280383075203432e+00
-7.726161911183675457e+00 -7.403815608680225369e-01
5.735252542559402755e+00 -8.461728981026872987e+00
-3.950583983153628687e+00 5.049761849114085877e+00
-6.451100036466401733e+00 3.989101079657618953e+00
-3.149443997911707704e+00 -6.035370256442146086e+00
-5.813411308532865363e+00 4.184111300490034324e-02
6.714345997643688335e+00 -3.732834030785091795e+00
2.598556154219243908e+00 -1.142118658457758285e+00
2.833633616250922582e+00 -3.948057997801285524e+00
2.350019179105721445e+00 -7.935288957901547313e+00
-5.917337161799185452e-01 -3.564415817472777359e+00
7.144489523155583832e+00 3.011094827161048038e+00
-4.185984020688119145e+00 -4.624071855176719481e+00
4.642528013904988704e+00 4.446946209315608911e+00
-5.949577347138283123e+00 -3.027239844422124904e+00
-3.356628962119180493e+00 6.541474989685195141e+00
3.196388472880399512e+00 -9.879994467021473881e+00
-3.925207880758205814e-01 -4.912917403631600344e+00
-8.751077811938712259e+00 -5.036729511873772935e+00
6.128876592926120637e+00 -3.707202030139606030e+00
-2.249056138785570980e+00 7.695250559686301450e+00
-2.481486807137436301e-01 4.648862116935083222e+00
-5.324431633481973236e+00 3.532811427947675664e+00
5.170246488054125678e+00 8.030594224456928387e-01
-6.316220034054591537e+00 -4.079045858534857683e-01
3.976947115056702842e+00 -9.199296733139041837e-01
-3.616472445608078345e+00 6.601472825854367343e+00
-8.445681197099201398e+00 9.368562563966063905e+00
9.017589367737577355e-02 -2.624892435066885632e+00
-4.410299107420659226e+00 5.836266395128990148e+00
-6.150966992610387152e+00 4.113232555702556859e+00
4.557664806048969730e+00 -6.498749983092559468e+00
-8.514265766627395760e-01 -6.034919174650988261e+00
-2.702250049673631249e+00 5.164755557624499893e+00
4.414369778064745731e+00 -3.950462239815371035e+00
-4.766470462836655209e+00 2.977322858698706387e+00
2.883038762472315941e+00 -6.917065590507193384e+00
6.049579795415506389e+00 -5.664939910060440731e+00
-1.791137137589192907e+00 -1.637268389728279150e+00
-3.562254761744162224e+00 -6.134095030271764948e+00
-7.256474204283403395e+00 -4.260696872075340202e+00
6.850701703172912715e+00 -5.740318291256683025e+00
3.364411720253102089e-02 -1.033866549914064414e+01
-3.200750084572290710e+00 -3.773589905696211666e+00
7.221223305487528776e+00 -6.606373508708427877e+00
-5.590196871190292960e+00 -2.201202374167837483e+00
8.403170810479119623e+00 -6.108598568690477570e+00
-7.181295533349339344e+00 7.686053046678638090e+00
5.116667570809444676e+00 -8.863541790610693027e+00
-7.047800842952710809e+00 -4.658589707129094926e+00
-7.946550197515567238e-01 -5.007791675869431636e+00
3.933301953166693288e+00 -9.397591757144349245e+00
-6.329752877735256078e+00 8.610197503200739177e+00
4.345250482440196294e+00 1.047245997718421195e-01
3.088943210729500066e+00 -8.296595143236023873e+00
4.440388014531468031e+00 -9.683525244656816966e+00
-2.226436472735598304e+00 -4.787050131010317955e+00
5.199635371995066535e+00 1.975148093386798642e+00
-1.938985260735244909e+00 4.470900855853690459e+00
-7.975281473868655269e+00 1.062682031448705544e+01
3.547870026664688758e+00 -9.026544174225298534e+00
-4.541240695589352505e+00 3.395699773871186711e+00
6.425754452090583158e+00 2.484002579138775424e+00
-3.161580682413840382e+00 4.663799273955061331e+00
1.310686729690869967e+00 -9.647668335883647472e+00
6.146660337712401834e+00 -6.160746287758024131e+00
5.170996303931463700e+00 -4.176164741576393169e+00
-4.713784385016983158e+00 -1.089044488572040947e+00
2.812390084876361662e-01 -7.917157276343869121e+00
7.995936408406835838e+00 -5.695714647283618426e+00
-5.017137901539516776e-01 4.279084066610354675e+00
4.150063472507087070e+00 -3.470335980473212789e+00
-1.638147312963709190e+00 -4.604926238411809258e+00
-2.158546110502404858e+00 -4.481312443271847634e+00
-6.351292939571683505e+00 8.644635777364976903e+00
-1.461963820858909857e+00 4.935024319786919023e+00
-5.301617623233484622e+00 -3.359153112093202331e+00
-3.924792649286291901e+00 -4.719565692678020952e+00
-3.729794222508732382e+00 -5.226686081516293214e+00
-1.941846347148821650e+00 -5.170689861448884983e+00
-6.598804571901109028e+00 4.170429167771268375e+00
-6.612641577353257638e+00 -3.301571122526563595e+00
3.815995606084555902e+00 -1.088957673773306212e+01
4.284661287903486659e+00 -4.853359922627975998e+00
6.497945005768682059e+00 -1.399574118282417956e+00
-3.867320691687540446e+00 6.520313860530707828e+00
-5.832646307600029445e+00 7.146771398909534057e+00
1.100192123965519464e+00 -1.067987996707942777e+01
-5.849888396180526584e+00 -3.755040645007752254e-01
-8.586019134957532106e-01 6.199454026846135335e+00
-4.395031739899955880e+00 -3.806676077948123460e+00
-3.343178178818347224e+00 6.470553138318297037e+00
-3.143374455058244532e+00 -5.896604281763671906e+00
7.298960025672403873e+00 2.514655951630633268e-01
-5.844880190685766586e+00 2.927453438384392648e+00
3.709437791906786686e+00 -9.607001295239399496e+00
-2.722668661581985727e+00 -1.835163568166299886e+00
-7.479625281308861062e+00 7.760437668003493883e+00
-5.069641137569244727e+00 6.608741477317456869e+00
-2.643443351995654389e+00 -3.669378344724682606e+00
3.427871694235835598e-01 6.219107711202235933e+00
6.035839526673227873e+00 -8.097038657178757148e+00
5.626443882164273269e+00 -1.046021439348997717e+01
-7.514487071960838094e+00 -5.590154725730448249e+00
2.830166259515337845e+00 6.388505296669506617e-01
4.818645418078772558e+00 -3.015199749989983857e+00
-1.963831581480449007e+00 -4.410856179856994075e+00
-2.430623458086364153e+00 4.758007303045153513e+00
-9.148019361084311907e-01 -4.569998965661665302e+00
-4.982032387514259142e-01 -3.263632301469904906e+00
6.799271875372904228e-01 -4.177661763306711684e+00
4.032960603475848949e+00 2.710753138549504282e-02
-1.802684020072076176e+00 5.845602117215861426e+00
-2.146055260648099594e+00 5.274250417138400593e+00
2.647420303058956481e+00 -3.421521680350182670e+00
-3.309828442185365205e-01 -4.333943466329052363e+00
-6.740152704563439734e+00 3.121319015169621292e-01
-6.668977893625600117e+00 9.482611832945153196e+00
7.127918173533659640e+00 -5.360893311698879948e-01
-1.240125432153716289e+00 -4.666933367579325420e+00
8.761882725400534255e+00 -4.719392294577270164e+00
-3.527807807080487024e+00 3.583652738268042537e+00
8.345587051201353024e-01 -4.515107868382417067e+00
1.454043694023713584e+00 -8.714404876186478077e+00
