2.681832304225264529e+00 -6.210642552727819954e+00
-6.238460812721895010e+00 -4.611773679610034371e+00
6.720800561206192292e+00 -7.942330863845892708e+00
5.314600248066373211e+00 1.468509129107689937e+00
-2.126708144329397587e+00 -2.090210025287217555e+00
-5.357650986438773799e+00 -3.058180608344924778e+00
-2.866944106161752437e+00 -5.150080840426427997e+00
-2.367309537069567593e+00 4.924882587941595169e+00
3.007931357175732678e+00 -4.327006935457802683e+00
4.506506069837546313e+00 -1.012914652675611116e+01
-2.680903212543911618e+00 -6.241735403859612674e+00
2.145695695757542598e+00 -4.288213693902148904e+00
-6.418842566029926644e+00 -2.243977649239202066e+00
4.964289258305382146e-02 -4.572912473866582062e+00
2.668477082157201252e-01 4.635507365810693337e+00
5.104656708524879960e+00 -1.009185530592165847e+01
4.389224779337989268e+00 -9.671463880068051466e+00
-2.493796490946329047e+00 -4.295764636670544867e+00
-9.757076835136960113e+00 -2.873971214148811626e+00
4.834267785320279565e+00 -2.945513087534729291e+00
2.932454358196741051e+00 -3.218967589801031259e+00
4.608035999894475765e+00 -5.782510312391605289e+00
-3.672424859256461893e+00 -4.718679555861649000e+00
-3.486406262188583405e+00 1.970319854297791995e+00
3.292729039033944982e+00 -4.447878054200464781e+00
-7.639475245431247785e+00 -1.906536437978497256e+00
-5.982577694072078955e+00 4.246713472122820576e+00
-5.647986759888568464e+00 -3.921236136223154034e+00
-8.458417143752614553e-01 -2.835477375538401290e+00
-7.998724860362601774e+00 1.068776272483932921e+01
-1.263700718809861678e+00 -5.126288032905444325e+00
-5.589100881462546688e+00 4.979156892561722003e+00
8.672341697173001407e+00 7.260846955896375077e-01
9.549294983212437415e+00 2.297494780518557267e+00
-3.087546596484317618e+00 -6.962828440322329726e+00
5.188864373522243056e+00 -5.976368623201472552e+00
-7.650545271981073370e+00 1.034646507110133484e+01
6.765159445569414842e+00 1.988165457349176934e+00
-3.211057685107344906e+00 6.559432188818047571e+00
1.635958639222971911e-01 -9.436129933426633087e+00
5.630746658633032808e+00 -8.933046309779811622e+00
5.019872850123172192e+00 -4.863140677535107148e-01
2.549707872017894061e+00 -4.715986129909237157e+00
5.813125876482995835e+00 -4.888817632682791903e+00
-7.150784003907012298e+00 -2.431040726426104470e+00
6.878003975343024656e+00 -7.066585693235789556e+00
-3.309102611395924320e+00 -2.939285570978743323e+00
6.773576399398310244e+00 4.981051696636633608e-01
-1.010112181823334510e+00 5.837708632148799204e+00
-6.179684685121785925e+00 -2.014209744348974152e+00
4.455231047041542602e+00 -1.092279832916386439e+01
2.639987696644662041e+00 -1.023114733751359040e+01
-7.171717486452029444e-01 -1.904634427401019181e+00
7.106354584276169284e+00 -6.615093196191506486e+00
4.752630477260127329e+00 1.407945462394691871e-01
6.059012656244382455e+00 -1.806644203813611016e+00
4.274969293146968496e+00 -1.069192187715037257e+01
-7.772112180545928339e+00 9.284611023539124375e+00
3.784302163249424034e+00 -5.189734941431033199e+00
-6.060053223278125678e+00 5.408796311512040766e+00
1.962159492636735392e+00 -8.921079404552799019e+00
5.508954555938675668e+00 2.009604704410060450e+00
6.852860042776307559e+00 2.069007901150569317e+00
-1.127934083391862519e+00 -5.548281913848587266e+00
-3.959520846841821040e+00 5.322870785878736299e+00
-6.779064626145611783e+00 7.260380855859761340e+00
4.982355437656377894e+00 -2.107936167810296801e+00
5.374105127306068042e+00 -7.655142958822553467e+00
5.463978937030715244e+00 1.247062073569170648e+00
-4.159378939295451438e+00 -6.881774252349289078e+00
-6.516834349801383652e+00 -3.021763707185387560e+00
3.423901362301207563e+00 -1.004314648432586310e+01
-5.383090027356818297e-03 4.097214184314929675e+00
7.162495943667250842e+00 -3.069842499964293037e+00
7.504778598290916314e+00 8.733210165182385687e-01
-6.489512163842759307e+00 1.111082875121282676e+01
-2.065486463983208232e-01 -2.757494235539479810e+00
-7.451293123762166459e+00 -2.016715734829613638e+00
6.846687770274224150e+00 1.869382159780905717e+00
-7.915934886201275056e+00 -2.053946627963187943e+00
-3.057494803992997223e+00 6.974996971138244461e+00
-1.487967045400269361e+00 -5.021467520441259325e+00
-5.223018024249570956e+00 -3.575098457597928103e+00
-2.589057267408965579e+00 -5.346479703117131166e+00
-1.758953435964556666e+00 7.191285139246447855e+00
6.214647916770389635e+00 -7.379299048624693214e+00
3.949084091186905621e+00 -9.576142026239113036e+00
3.984258975901782129e+00 -9.744682283675977885e+00
-7.217466006335270023e+00 3.173635940204653672e+00
2.202042788951716901e+00 -6.303417402787445667e+00
-3.449800616096068140e-01 -6.956913922417585994e+00
-6.824881006081971790e+00 -3.025629798886185995e+00
-1.325141992559164539e+00 3.727753677788559372e+00
1.495468143676953021e+00 -9.730168520592400228e+00
7.440073137040704943e+00 -5.389792015192147012e+00
7.589051663904208267e-01 -3.693869659812818451e+00
-2.110013950802344773e+00 3.360265042281459724e+00
4.490004588630376325e+00 -2.478688767379174873e+00
1.697126184175906438e+00 -9.064315110240414697e+00
-2.147913266622902384e+00 -9.380526027894728891e-01
-5.491598498256646810e-01 5.252345869931602351e+00
-3.013551006357745976e+00 4.885010270149849454e+00
-2.472943473743466125e+00 6.809411142723457822e+00
5.935643211476525849e+00 -7.781429345906857975e+00
-6.808438175959174998e-01 4.957170489442651373e+00
5.332971755952724990e+00 -7.446239464755100457e+00
-2.997142372358219120e+00 -3.084042198861275175e+00
-3.426133492148243587e+00 -4.245695930634200366e+00
-5.195028584799060489e+00 -1.404265015856627441e+00
-6.547485797185602863e+00 4.146116065706451081e+00
-5.697137388448267892e+00 -1.594593996470456077e+00
-2.480943880927772405e+00 -5.365171769453784378e+00
-3.596548813466930117e+00 -2.373844109628094667e+00
-8.431753087722176687e+00 1.094592017938068196e+01
7.486022695764239288e+00 -6.284975601259205291e+00
7.148386080889160610e+00 2.013070880777850125e+00
-5.056671923911390643e+00 6.119747565271025813e+00
6.258054512699225747e+00 -4.089663125156960177e+00
6.721430779189282667e+00 -4.859798693290559690e+00
-7.832852924880411294e+00 -2.502642518755828771e+00
-1.800402274237169475e+00 -4.369786042464927966e+00
4.560065215137192318e+00 1.790790862362756863e+00
-2.965821824343849666e+00 -3.868273217504051953e+00
6.194250601097134101e+00 -9.068859278848513839e+00
8.214402381759153826e+00 -9.249369114002488956e+00
5.297804095965930493e+00 -1.152232987530442898e+01
6.937508578026847950e+00 -4.409413605007671322e+00
1.978050435417646247e+00 -8.788966306579066412e+00
3.943369437973124558e+00 -4.404168840836820920e+00
-7.130984134787060391e+00 9.853719678987783226e+00
-7.538557901721381072e+00 8.097817497879406190e+00
-4.087352764890377799e+00 5.533301181580107198e+00
-6.565284884269885879e+00 5.414214337605581129e+00
4.387975793567728822e+00 -5.180710101121695388e+00
-1.779317750768727446e+00 -5.631685763822473767e+00
6.650584244272486067e+00 1.074314240064221382e+00
3.204245347940879007e+00 -9.177648251384693978e+00
3.899181678666948869e+00 1.974569533414546330e-01
-6.204534565614308050e+00 -5.677190594331855245e+00
8.135539003115688228e-01 -7.724683375413661679e+00
-3.969286219026284979e+00 6.027372668942920342e+00
-7.868732918003668253e+00 5.651268067820753416e+00
-1.619842095954472150e+00 -4.791743979569839773e+00
-2.327334514503418994e+00 4.120230144005669892e+00
3.226747837643522132e+00 -7.494969904526404214e+00
4.212259074653784019e+00 -1.394252185049082993e+00
3.763916667104495239e+00 -2.280895584460357117e+00
-1.445468203441273136e+00 2.675200362107156504e+00
-4.486777752830374055e+00 -3.275609283887538137e+00
-7.294654785918393891e+00 2.688463419846010449e+00
-3.408036682781228954e+00 4.749985495398952651e+00
-4.291655594994313816e+00 -2.188011801268892054e+00
7.350360829702965226e+00 3.441459065257281402e+00
1.295939167736730901e+00 -1.739219770148991095e+00
-2.726295248538783689e-01 -4.677224087083568627e+00
-3.124203615661823807e+00 4.739065439785942857e+00
3.799428218619465447e+00 -1.033160381067701827e+01
-2.224506385628632010e+00 -6.813682742393590175e+00
4.252287545787444500e+00 -2.937846892972495461e+00
3.045088324313678818e+00 -5.764855350935423672e+00
-7.013903615176779738e+00 -4.938938305115510019e+00
6.607667838907828717e+00 1.078053487463980442e+00
4.721595006296328556e+00 -7.355327169126615772e+00
-5.522785866855611125e+00 5.196289029265173554e+00
-2.737074837343239642e-01 -4.158622101616336053e+00
-5.333417997210310624e+00 3.969630254914605416e+00
-7.064853178664121991e+00 9.362110074043723529e+00
-2.950493970758540030e+00 7.491318655042041641e+00
4.813451627289508927e+00 -6.118534205858246366e+00
-3.519117890636469959e+00 -4.250610245360380901e+00
-9.411117461736853151e-01 -5.918017745356801917e+00
5.952879854680251270e+00 -1.536681420980987034e-01
-2.923972442913962855e+00 -3.782750060670861281e+00
2.169396210113195611e+00 -8.342037871113872072e+00
2.171163973466761821e+00 -8.916785931288073286e+00
3.130696930878643869e+00 -5.130351505337584328e+00
8.304181883134958753e+00 2.164611979609978754e+00
5.073359979610237991e-01 -5.550176327478460792e+00
5.203355504026896838e+00 1.606096085214549607e+00
-8.360073197453049332e+00 1.060055794773527005e+01
-1.430967314652666689e+00 -4.212285751055617311e+00
1.224078170009846422e+00 -5.544140043632404868e+00
-7.884456330635747356e+00 8.307951207910820202e+00
-6.014079981387594032e+00 -2.695987600784703897e+00
-8.517619228098771700e+00 6.592271422013500803e+00
-1.336638402718625995e+00 6.930679530203490479e+00
-7.388689916893491194e+00 -9.003876737172101796e-01
6.326193648566304617e+00 7.593500049444850131e-01
-4.535862929325335635e+00 3.904247724647249562e+00
4.731606305321246708e+00 -4.303982182167474413e+00
-6.760313034318876646e+00 -4.871212269219910240e+00
2.622369787079790182e+00 -8.746142148589431287e+00
-5.252784082681603905e+00 3.886170910775145870e+00
-3.829546555020936438e+00 -5.705674321250111092e+00
1.866024995826970123e+00 -9.268504853671904797e+00
-9.582299896020098906e-01 -2.828796661098698095e+00
5.394927687754791368e-01 -3.160970520303672426e+00
4.374648137587071162e+00 -1.216350712717182425e+00
5.704754902834012320e+00 -8.051187328076316874e-01
-1.109416819649065022e+00 -4.290500993173455235e+00
-4.581241369441032774e+00 5.095961285908959582e+00
-7.260549202634812183e+00 1.010957328628794905e+01
6.652290537544953697e-01 -3.255947158599970415e+00
6.944002812710460049e+00 1.464890429126214366e-01
4.558649107100635867e+00 -9.215804385058081749e+00
-4.167685061524576406e-01 -4.487778540371592406e+00
-5.795586620868168559e+00 -5.174908575967719138e+00
5.522603704555473669e+00 -1.432323651319956870e+00
-5.589990567569967261e+00 1.015016669654628068e+01
2.890194242335121455e+00 -4.719098514321886206e+00
3.955742145236867735e+00 -3.189961439351400863e+00
-5.776518355017317141e+00 3.118020888107146948e+00
2.290048279041330570e+00 -9.544868446947333496e+00
-1.966930389919857580e+00 5.121512101289223295e+00
5.762530864372710226e-01 -3.631998098357148486e+00
3.957951427507564457e+00 -1.041434752687759424e+00
-4.018154414221041471e+00 6.902471248394954628e+00
6.619372240628607074e+00 1.137624159915188171e+00
-4.372704253348565828e+00 -2.266982853313903146e+00
2.993960283455957772e+00 -1.093835257273466866e+01
-5.397429547158325569e+00 3.581787649244012606e-01
7.031680290234782582e+00 -6.396679072000263311e+00
-5.065573718947228521e+00 3.528925775888263949e+00
2.393063775954082928e-01 -8.884672170900822508e+00
-4.937497061644843477e+00 -5.606054351886869291e+00
6.301162657425951608e+00 -5.161779889980469882e+00
5.401754108011818545e+00 -7.448791064597108047e+00
3.960985154981436551e+00 -9.249269398946200482e+00
4.749768616637989993e+00 -4.658865414635017466e+00
-1.460275011183085336e-01 -3.009840007826269037e+00
7.245856132835061025e+00 2.476602866336505837e-01
-3.391885312042177247e+00 -3.892442777441757151e+00
-5.664238163254705860e+00 -6.188100236597001924e+00
1.355872461323771816e+00 -7.914295220005135967e+00
-4.712730755175587483e+00 -5.402690541019823378e+00
-7.639347244028392936e+00 1.117851692825203003e+01
-1.309865283344996412e+00 -4.880564641601463194e+00
-5.134287090950107491e+00 -1.215459165205067915e+00
-3.317193306750136017e+00 5.383909608430012206e+00
-6.807803005427206067e+00 -1.182543115496067720e+00
7.830115795436670467e+00 9.435839445189589947e-01
-3.929853411996042212e+00 6.286889050851542926e+00
-4.201350766231683131e+00 4.881167855582864590e+00
4.455150996778186823e+00 -5.920942685366151537e+00
-6.492516420386493792e+00 -2.126374561003797403e+00
-4.699499489069742353e+00 -4.923858988465404707e+00
1.199355329296953432e+00 -3.408592172542484366e+00
-3.729728975008309355e+00 3.302812596233714260e+00
6.941689173940674529e+00 -4.363527572745875105e+00
6.623876125970979967e-01 -9.628944135850879604e+00
1.499257541795286031e+00 -6.385439165206938661e+00
-5.786690181975235880e+00 2.525434273957528397e+00
7.587534119153581891e+00 2.256879450324371206e+00
-2.387485462386217172e+00 -3.824182786924696487e+00
4.918449208260343930e+00 1.069330038913841596e-01
-5.682968494286837924e+00 4.597312373957693765e+00
-2.691645120841936745e-01 3.240916557004968723e+00
-6.024025131142643374e+00 1.027932739218802283e+01
-2.578039547156361078e+00 -6.976557620372494384e+00
-6.638452146442318735e+00 -2.051680860903554837e+00
3.982812182238333776e+00 -3.668152430087510130e+00
3.868088341770474781e+00 -4.395067136241245009e+00
-4.658991789963835117e+00 -4.560940611705205150e+00
8.416874110754068994e+00 -8.175836425645879757e+00
-6.477139815970738290e+00 -4.966774626369713452e+00
5.799571048081665126e+00 1.111277539247268464e-02
5.350295203000702493e+00 9.106511947094042547e-01
9.378868622929964260e+00 -1.102579442847121616e+00
2.026533324391572410e+00 -6.849521413083566657e+00
6.077985759552989364e+00 -5.248726746428422629e+00
7.851390223674036939e+00 -6.593069367537793823e+00
3.419021044474399140e+00 -8.064181844866732618e+00
-2.776237503079684199e+00 3.668357460199991316e+00
3.525332363535122582e+00 -7.438200005561443895e-01
-1.255736927708754003e+00 -4.643652002172189874e+00
5.149655739670607524e+00 -5.770973326913919621e+00
5.915485080450408439e+00 -1.160095519907572648e+00
3.063076407403750867e+00 -1.032339854675370638e+01
7.804949470985992122e+00 -8.060680794334576404e+00
5.407076299163247946e+00 9.633842192236274915e-01
5.560241514484248526e+00 7.373927602030516670e-02
-3.464434768772560957e+00 -2.818196405956637562e+00
8.324718297085329510e+00 -2.464659688372421442e-01
-2.490679891029844439e-01 -2.832329457458004462e+00
6.873817028621583169e+00 1.696812768263749049e+00
-3.088379686332490159e+00 -5.378911586201491346e+00
9.702300840560074136e-01 -1.177740215624943509e+01
-8.001900537540457492e+00 -5.542600438645611582e+00
4.838072879727960185e+00 1.093823345350448006e+00
-7.637266769330718574e+00 9.222422255726538509e+00
-5.409381489366398732e+00 4.614676293378540350e+00
-6.668274225814262657e+00 -1.485119269427014332e+00
1.053882818246367759e+00 -4.599222668379083778e+00
-6.684084709426507231e+00 1.022187434979162646e+01
2.448586242790767642e+00 -7.628310166205409359e+00
-8.103728674730053427e+00 9.658829338162515654e+00
-2.794954358312073506e+00 3.581484449333481201e+00
1.208677151153851881e+00 -4.330822731312640173e+00
-4.650831218868584749e+00 5.920802110484120639e+00
-7.261099832800836040e+00 2.010857669813841397e+00
3.248232707600205993e-01 -4.752788676575375071e+00
-7.610486112807821613e-01 -3.094944212841581610e+00
-3.728807309499018174e+00 -5.764895253733879343e+00
-2.871731046152522282e+00 7.276133620545964575e+00
6.538137917516175790e-01 -8.822110309165836384e+00
-2.147884502805750273e+00 -5.588320575965859405e+00
-2.950871358760454477e+00 2.539630415406632480e+00
-1.037263692012971195e+00 3.414119200561694267e+00
-5.059169846397476356e+00 -5.214881132178907031e+00
-7.721619461962811570e+00 8.010215425179609383e+00
-9.290486075888667594e-01 8.593866051010863316e+00
-2.573881853488649618e+00 -6.365163163360123555e+00
-1.837068967251528573e+00 5.771610927477790476e+00
8.844726819496129266e+00 6.795714835964355993e-01
5.610561709111853368e+00 -6.628954600442092726e+00
-2.707221762523838393e+00 -5.649973798265300218e+00
-7.639805249703205625e+00 2.097435429736060897e-02
-4.073697234804885881e+00 -4.932142545992132199e+00
-5.785392810513798167e+00 -4.748073902753647602e+00
4.299884975510074980e+00 -1.074150399347070106e+01
-3.617784671881937086e+00 2.866914768182287965e+00
3.088356119357367646e+00 -8.416493773795027167e+00
9.316994558091722389e-01 -3.148733556782029819e+00
-2.258823478247741878e+00 -3.598098228461475312e+00
-8.909733891334671085e+00 -5.317529334557651310e+00
1.206979241853668006e+00 -8.737186061456249320e+00
-6.399489059164118032e+00 2.162935893111545660e+00
-6.371440226204034829e+00 2.891392062702784926e+00
-2.338135237271077305e-02 -5.372556876207397636e+00
-2.954772431995938753e+00 4.897473742350475945e+00
-5.830728116999503108e+00 -5.193248898303479244e+00
4.307800795096756730e+00 -4.768875589857155539e+00
5.048536872664126207e+00 -5.599088731694906507e+00
-5.238072136740518303e+00 6.464491886201201076e+00
6.843664573222165259e+00 2.636927261488096086e+00
-3.683492605439538714e+00 7.474036790145121678e+00
2.557612069584326520e+00 -9.828528907742656529e+00
3.066922906566671436e+00 -8.709272273644068640e-01
-8.210168818356834208e+00 -3.818284092167887778e+00
4.326688533550138160e+00 -4.150349944574494021e-01
3.685643304087417249e+00 2.316537746293311217e-01
-4.004508246154072637e-01 6.850256090807722131e+00
-6.576045548162844590e+00 8.328704676460985112e+00
-7.514959414835290730e+00 9.516062069360382125e+00
7.354823505460228006e+00 -5.823263637607386300e+00
3.101534088483203888e+00 -6.322340954146415726e+00
-5.150652153502996988e+00 6.682676149892864181e+00
-2.406625953638971360e+00 -4.476805817920944008e+00
7.988214497863019847e-01 -5.158300919880918656e+00
-4.239111000348342984e+00 -1.321734646738851993e+00
5.792658254477721869e+00 -1.993058130141125872e+00
-6.263126302967626735e+00 8.814548555553956888e+00
6.258958953453142904e+00 -1.998930644161268644e+00
6.779062203899345995e+00 -4.992798186685678097e+00
-3.329762261113311972e+00 3.523552135591709877e+00
6.839892710857340852e+00 -8.393328939390632959e-01
2.436525593909729892e+00 -9.106437254763800837e+00
-5.298851463386453631e+00 8.517786471047701369e+00
1.858090657694974057e+00 -5.091693422769356658e+00
3.149070852544837429e+00 -8.236115293387886283e+00
6.361755359163892898e+00 -1.034688971623665132e+00
2.167492376700227208e+00 -9.559707924201784834e+00
-7.928504393300920050e+00 -1.121318167652883169e+00
-6.083668781353551935e+00 -2.679961215903293059e+00
2.970236472013178641e+00 -6.821365232737609530e-01
-2.326654752730952680e+00 5.241989612613243033e+00
-4.949319257709382747e+00 -2.814400544759180001e+00
-1.990926482592487057e+00 5.793895003578863445e+00
-5.392413040169977911e+00 -4.446904114360997973e+00
-6.679438558949947868e+00 3.928416867578263805e+00
-5.734655070531556653e+00 -1.693892210152472710e+00
1.897402380862594495e-01 -1.383386225485627730e+00
7.059491279444706890e+00 1.130173380016018303e+00
1.432290381503506183e+00 -8.931868259680651789e+00
4.603103601806942002e+00 -7.229662648294149507e-02
-4.376528226350931305e+00 -3.361862393503113999e+00
8.029672559813205268e+00 -3.077068646291227783e-01
-4.872639333256412186e+00 -1.568989773147649647e+00
-5.396846958755221024e+00 4.357999397765328631e+00
5.468963780472817504e+00 -2.455502460953799537e-01
-7.038437551452422447e+00 4.455721286952873506e+00
-4.238026369995322895e+00 5.180561288960260136e+00
-5.502879347711015612e+00 6.852181903515367267e+00
7.564130738761395634e+00 -6.695489801453421208e+00
-6.415934739340782400e+00 -3.457033120549902083e+00
-5.880905277938943243e+00 3.321408809672039553e+00
7.041161646122901629e+00 -4.982967070187204861e+00
-5.275784169986670769e+00 3.811106354373051897e+00
-5.938804790495599839e-02 4.925028011572399222e+00
-2.589064539625326677e+00 -4.573690128545352174e+00
5.090625856574751751e+00 2.789738286642295950e-01
-3.449871488008536158e+00 -3.306154653603683435e+00
6.413747670334839057e+00 -8.210760885111874074e-01
-4.972594613024926780e+00 -3.449535296822510144e+00
-7.187493355550146568e+00 -2.723306417665363188e-01
-1.263219281413342943e+00 4.707065131725194362e+00
2.206576861279912816e+00 -4.861137341910538368e+00
-4.612424990590611174e-01 -3.861969211154067771e+00
-6.357671142461060576e+00 9.809110089839315094e+00
8.532537901614385412e-01 5.407375004942377217e+00
1.882816754336095189e+00 -1.018788595977033573e+01
-3.549961314766259868e+00 -4.350067975603781889e+00
-5.934509215612065347e+00 -1.093682502616524888e+00
-5.948630200325077944e+00 4.334663596004602937e+00
3.727183975624194900e+00 -5.428867729433563660e+00
-3.469513965619769547e+00 4.080539459699892291e+00
-3.677179428545212847e+00 -6.109710511107726560e+00
-1.372574429175067445e-01 -1.981336880536643807e+00
7.049160438140558149e+00 -5.062470265195573305e+00
-5.236542455001891305e-01 -4.945322851579553536e+00
-4.364328595986991743e+00 3.638465535837136500e+00
5.815043972923769289e+00 9.341028445429333527e-01
-8.156818264629425386e+00 3.928687725350233695e+00
-3.401103235005714431e+00 -4.042172911808865621e+00
-3.831609510595807677e+00 4.705108071805104153e+00
-6.318714775756010482e+00 5.301997685292210605e+00
1.957636527473314070e+00 -1.093408390391481966e+01
-2.476402267236433197e+00 3.110768219853050631e+00
-3.736442233280969916e+00 3.063132695144090256e+00
-7.072479490705821270e+00 -4.134971709106505244e+00
-7.863092918235035533e+00 9.041685712492672167e+00
-6.172674972124235104e+00 -1.097370629476701831e+00
-1.042340011218290785e+00 -4.273270080461625042e+00
2.666635095098265129e+00 -5.464722455346554320e+00
5.297780972404628308e+00 1.547911115103993263e+00
-6.235669326647928834e+00 -2.849653367035694274e+00
5.156899801138676409e+00 -4.235603926124481333e+00
-7.194270574218169401e+00 9.879505582860351964e+00
-5.024610820038343917e+00 6.655180229774540379e+00
6.619545821612156544e+00 -2.983015701424172050e-01
6.607623772825606423e+00 -7.288609584331917191e+00
-7.678830696139449685e+00 -4.191121926324490765e+00
4.327899830571660722e+00 -9.098954499314743316e+00
2.795250503400503739e-01 -2.699445872028470195e+00
1.666499557290105571e+00 -7.061156339014289074e+00
-5.889904167980851923e+00 -1.069286426657019007e-01
-3.375331130198773177e+00 -3.080633061865747813e+00
-5.043822812460831528e+00 6.346957078693646004e+00
3.722647078043948898e+00 -1.168668684749681663e+00
6.217974785003843152e+00 -2.029797431534671737e-01
5.974708806775729464e+00 -4.262226617580195054e+00
-7.429739992179358765e+00 3.768712864727558287e+00
-2.742578245403296311e+00 -3.209283371379851868e+00
-6.969149988825718012e+00 8.448163681632879118e+00
4.378161371632451448e+00 1.366547426037389990e-02
-4.023924851315585194e+00 5.484502637582291840e+00
-8.731183341188765823e+00 1.004214542077358452e+01
-3.603120152114994923e+00 3.463763889852109479e+00
-3.926946261190981780e+00 1.656010414571990719e+00
4.172289063214906335e+00 -9.413771104910304999e+00
5.341169900285008154e+00 -6.819038960357784340e+00
-3.684488634951272878e+00 -3.917054254484863662e+00
3.282473626240097531e+00 -1.474600387662463596e+00
6.168208638065847182e+00 -1.096027023836606951e+01
-4.880753576616017497e+00 2.372686243807173412e+00
-1.025703382475793290e+00 -3.420787484562833214e+00
-2.072709631370795780e+00 -3.006329707617465097e+00
-2.449818962664454425e+00 -5.234208382545895155e+00
-2.612696475496687931e+00 5.521973700100014426e+00
4.938597172185018813e+00 -3.160219653717223132e+00
8.287319181842677907e+00 5.092193937725449926e-01
7.283883300887482370e+00 1.945297526626729612e+00
-6.666520761688636831e+00 -3.624173577763712739e+00
1.140655845945168334e+00 -7.163142835313949242e+00
-4.458243331573358503e+00 -3.866425807162774841e+00
6.689998038651721046e+00 -7.048062787854477484e+00
-5.255535987911398976e+00 -4.273383538335717269e+00
-3.525702217576464736e+00 -5.756838230430378012e+00
5.905903915632753076e+00 -3.874563388061795788e-01
7.804831585793078119e+00 1.384423412591735625e+00
1.679909419697853679e-01 -9.709576537314699607e+00
-1.756813564202086342e+00 5.208772659551033080e+00
-6.264236504431169195e+00 8.470503598230989084e+00
1.895789423174739419e+00 -9.688646427663471172e+00
4.955202011911288729e+00 -2.279034162434821376e+00
-5.443693291898595632e+00 -4.177338053570943011e+00
-1.969194504582290284e+00 5.036571858258701795e+00
-3.689565402419894724e+00 -3.687226847761080784e+00
1.128127517244643219e+00 -2.416354405221024848e+00
-3.468526206320354799e+00 6.618261467166717260e+00
8.030224150109921410e+00 1.611198958705359896e+00
-7.786310973786440215e+00 -3.760138689798557809e-01
-3.564338788970184524e+00 -2.743243931715056316e+00
-6.129916417909829107e+00 -9.328973728732331550e-01
-4.685278488911719386e+00 -3.157947482340637713e+00
-6.954445583214923232e+00 -9.048156947339841549e-01
3.305405061349197204e+00 -1.782889023548182239e+00
5.580301505135038198e+00 -5.963576271553868047e+00
7.200696191504921906e+00 -3.914058387682453510e+00
-2.821980860163727733e+00 -4.656475780109121665e+00
6.398041205706897827e+00 -7.708534675612179754e-01
3.949248182619323533e+00 -9.151214079047537808e+00
3.153140856555409766e+00 -8.648858890302351554e+00
5.525438261256723216e+00 -7.513583186351240784e+00
6.806253267653041839e+00 -6.797497926713770511e+00
3.868043605465279811e+00 -9.834399395069468586e-01
-5.748191118057202065e-01 -4.400966239473583563e+00
-6.326169975491936270e+00 8.614534759230888739e+00
8.610290000545198552e+00 9.315596906005543243e-01
8.492176318231447141e+00 5.844678407082404270e-02
3.107784890945350043e+00 3.510766535922312137e+00
-3.186039704412671369e+00 -4.674334029365414978e+00
-8.376804631033091253e-01 4.776779456956300685e+00
-2.978957691066788094e+00 -5.283812230628175399e+00
5.733192998177378819e+00 -6.210544591847412477e+00
-6.672997316897878228e+00 -2.708215086801819993e+00
-6.442146294294471609e+00 1.940953268673848431e-01
-3.274130173866137916e+00 7.809277351144690016e+00
-5.806607034094746211e+00 2.735215643142995923e+00
7.608417870167615504e+00 -5.708950023399130380e+00
3.455633269950636688e+00 -9.769831640451071664e+00
-6.239277912388518921e+00 9.170389609659389762e+00
6.640023763386638578e+00 -6.394898868246926327e+00
-3.884105157623938265e+00 -6.829284846896163330e+00
2.011191432752317265e+00 -7.708103099372571876e+00
6.633980353265239494e+00 -9.341865682077109767e+00
4.898119977923851565e+00 -6.423248952389186250e+00
-6.816426637427296598e+00 9.423711317013154343e+00
4.521264848711055606e+00 -1.844542501428382941e+00
-6.866586071730752749e+00 -5.272172417529862543e+00
6.211235526862637357e+00 -3.273461389372674946e-01
-2.083767003535752949e+00 5.265644804075010121e+00
-3.565840351568973166e+00 -5.461228033443370045e+00
-2.410971274555888222e+00 7.595931879249274488e+00
1.201265468361313093e+00 -4.089272439475999832e+00
-4.477382547374842758e+00 -5.919015851736048717e+00
-2.519533048593031399e+00 -5.538495555022326045e+00
1.595614056169801565e+00 -7.671838435310025517e+00
2.904751739062064075e+00 -4.685128871842255016e+00
-1.036985169958624775e+00 -3.844921718280534861e+00
-4.285093883810803028e+00 5.321364601932114802e+00
7.309083727820169685e+00 7.207841414903592980e-01
-8.977134058383903437e+00 1.248657502375697170e+00
6.871623468605904783e+00 1.584170668441755581e+00
-7.598970798492161727e+00 -2.427287332009135934e+00
-5.575479768490867905e+00 -6.891404788166695994e+00
-2.443018287883225614e+00 -6.048189641548090023e+00
-2.132474655094498406e-01 -1.652599691916348146e+00
-7.257961534225930045e+00 -6.171066038282063682e-01
2.804627666953287246e+00 -7.291079029860553007e+00
-2.259679786509052768e+00 -4.019571522793214058e+00
-6.428322282284454126e+00 -3.374344615118435087e+00
1.992770940649607248e+00 -7.215237273448041222e+00
6.337058863881651405e+00 1.352353278403869874e+00
-2.789240384075963863e-01 6.377311801898685850e+00
7.361653985758143115e+00 -3.723501696592701471e-02
5.627959494484290559e+00 -3.726450206671580556e+00
4.149249677908930067e+00 -8.780108611863187917e+00
-5.821901739280612276e+00 5.567553706750121734e+00
-1.813354040090087382e+00 1.780577954127681828e+00
8.654647301682318883e-01 -4.790463273773401198e+00
4.154737093492850697e+00 -9.523570213499549908e+00
-7.512797508758566778e+00 -3.219337536062663929e+00
-8.119596571300766286e+00 1.099299359214290561e+01
-3.940217936437178992e+00 5.113820478816786697e+00
-7.112471357214369405e+00 -4.315671871167001683e-01
4.236216463257069798e+00 -1.972870908208881557e+00
-5.283048711947873954e+00 6.454971167152162792e+00
-2.186487080921285742e+00 -4.087828987789415613e+00
-3.496916847540053830e+00 5.793781698954761694e+00
-5.900579309714091281e+00 4.824382912470703388e+00
2.103303573124768455e+00 -4.616135385707057281e+00
4.045578490630323820e+00 -3.584601932094899635e+00
-6.064110440510417366e-01 -6.172104533850800934e+00
5.478733091192179216e+00 -4.170244022191117672e+00
8.195292806258102303e+00 -4.702617965024364910e-01
3.615365820018060283e+00 -3.735388799507516566e+00
7.153753987388463464e+00 7.288954486404666255e-01
-6.172271624099234799e+00 -9.262508446123042249e-01
3.372782538977311395e-01 -4.824643094676297927e+00
-2.466692389267080010e+00 3.928724875910680758e+00
3.874650143686011461e+00 -1.148641823323447664e+00
-3.560369805340394933e+00 5.630990160236835962e+00
7.410622674144005106e-01 -3.006763148624596038e+00
-6.827428794141145119e+00 9.439282714747497138e+00
-9.158737580533994560e+00 -3.610023398281536622e-02
-2.787225422845011291e+00 -3.562983723662204394e+00
7.640923255261480307e+00 1.793867414687088768e+00
7.276403801620920042e+00 -2.419939597779294793e+00
-2.332535835826807347e+00 -6.170010973306306212e+00
5.284474967207653862e+00 -7.317398567710091228e+00
-7.566825519665025368e+00 -4.713955074080212526e+00
-7.882532933531125607e+00 8.094605979773056958e+00
-7.602069378137077393e+00 -1.584970077490756024e+00
6.849431837891016173e+00 -5.657936330027439453e+00
5.739934800828924821e+00 -7.118199252119163933e-01
5.086972884461182787e+00 -8.425742106978844959e+00
-3.463003667695970123e+00 -3.662952708973196358e+00
-3.313775216249982059e+00 3.812134589321400036e+00
2.970658146424725921e+00 -1.150670969227429730e+01
-5.934095483538081695e+00 -4.173262725226745573e+00
7.857179193660623895e+00 3.070424045213991704e+00
2.215293909501914627e+00 -3.495778111945722522e+00
2.956621514844806065e+00 -8.644876580778445785e+00
-4.143626987014059626e-01 -4.966872894966446239e+00
8.053207234873717368e+00 -5.180111293635980552e+00
2.565341295902839658e+00 -5.440027284714319400e-01
-2.102127926595833252e+00 -3.945799410066065160e+00
-3.749329578273576491e+00 -3.984771331740361688e+00
7.340065333731604635e-03 -3.994480838685752211e+00
6.282464237589853617e+00 3.870355393775382069e-01
6.284517643373857432e+00 -6.849295508929937881e+00
-7.359466283427444910e-01 3.233030995320308243e+00
-3.119926945901452253e+00 -6.160709313681310917e+00
5.095105377021467596e+00 -4.972857740892069778e+00
6.500320662143808548e+00 -7.069909676793897368e+00
4.285062168337780975e+00 -4.756397367131091514e+00
-2.968177931305642225e+00 5.933912190967880029e+00
3.105065995022754599e+00 -2.530969486451952299e+00
3.436973610232924248e+00 -9.209134554818707130e+00
4.209267276501531541e+00 -4.383881546703969789e+00
4.069958273931306714e+00 -6.598960950793328450e+00
-5.433208717110895591e+00 -7.159795493327815841e+00
-3.148091357688766134e+00 4.957873435634858161e+00
1.828558480069735204e+00 -1.037700269358348137e+01
-8.488639444603556239e-01 4.161325036414668332e+00
-1.377396641314119208e+00 5.385868857688689282e+00
-4.009722301970556124e+00 -7.221287692323412166e+00
-6.442064461312861923e-01 -3.219869910698194282e+00
-6.464329295595775626e+00 -6.925034007263003444e-01
-2.903799575043806591e+00 4.649688379259564464e+00
-5.243810487934914555e+00 -3.915721543343538169e+00
-8.429128719483289345e+00 -3.689126518849275005e-01
3.328618323011321323e+00 -4.923044522310670246e+00
-2.700012315405317942e+00 5.766172592243546724e+00
-2.409140119902961175e+00 4.360051136064871713e+00
-7.168913212489835374e+00 -2.615715475635093767e+00
-5.105632015192099082e+00 -4.510480666511028858e+00
5.330446684487281317e+00 -8.149919764262393285e-01
5.061044596213384317e+00 -2.445451539382617945e+00
5.894030896597162617e+00 -7.102556007859512022e+00
7.011867190424332819e+00 9.552154467296249951e-01
-4.694394790684344621e+00 -6.316110564316193887e+00
-2.053606343018313130e+00 -4.201823508037128008e+00
-2.899531540687472653e+00 -3.112040585575582607e+00
7.168181998624993945e+00 8.176275529077047244e-01
-3.154960655575145267e+00 4.442813528732715511e+00
-6.193382687441047807e+00 -3.474604906244712854e+00
-1.418380770315516015e+00 -6.545212115869389891e+00
-4.782178490722726494e+00 -3.540361339730197177e+00
-8.072373134553952667e+00 -1.965911099942881046e+00
5.794752740398905644e+00 1.430174897288759794e+00
2.284060885733858015e+00 -9.335327509076499553e+00
6.033376197829187326e+00 -4.976762612282467302e+00
-8.230357047762652201e+00 -3.960665072146132282e+00
-1.048102696102326803e+01 -2.616403356224493937e+00
-3.915926901342784205e+00 -3.168722418216549208e+00
4.467078729230459899e+00 -6.337171883934524352e+00
-4.383402209841998243e+00 6.065668726181559833e+00
3.565178279671830985e+00 -5.223300916058375432e-01
2.487455192251918135e+00 -4.873166958825798645e+00
-6.754077376495768448e-01 -2.797603803743354156e+00
-7.014564289573056222e+00 -2.120162401496314519e+00
-5.861446867340442957e+00 4.055253240174868878e+00
-2.081598742433348193e+00 7.809763526525649091e+00
6.218615378055059040e-01 -6.955775006030698648e+00
-5.953631897969680509e+00 5.751828166709906043e+00
-6.671278564205229245e+00 -3.095041497288929744e+00
-6.628944504010637395e+00 9.662601937952471687e+00
-8.997945394669478958e+00 -1.222609954102109153e+00
3.165621909880393048e+00 -9.187727856565084394e+00
-5.774492844298921845e+00 -2.622334942109181277e+00
4.207861212993064370e+00 -1.880965970939047827e+00
-1.772845651706981496e+00 -5.371831285743596140e+00
6.358492891677255399e-01 -3.025489334643656214e+00
-3.191782658513109272e+00 -5.829821996388360184e+00
4.723752066999986177e+00 -4.802580471202991141e+00
-2.824862371491992263e+00 6.427261284587571843e+00
-5.565965159870194690e+00 4.241587017514488522e+00
-6.313944306914917703e+00 -1.118287421283486793e+00
4.666700495093388135e+00 -1.005648170775870121e+01
-6.274614851218898615e+00 -5.911596067589438341e+00
-2.349788577920323362e+00 -3.892686764613647821e+00
-5.548762458357495930e+00 -6.865624340027541628e+00
-6.452998554186695657e+00 4.236326495881296061e+00
6.668717147663284273e+00 -6.955961092596448125e+00
-5.343424843136838298e+00 4.755405861172999238e+00
-6.289913869038304739e+00 3.670960428939299192e+00
-2.701181514663613559e+00 -3.953327301952472173e+00
1.122928026877363927e-01 -2.656874083689995114e+00
6.642918353380505181e+00 -6.581695979746203129e+00
4.017379509495647483e+00 -4.081643784708954392e+00
-6.330635420711130834e+00 8.142163530353832002e+00
1.731317941389197035e+00 -9.145889431232935962e+00
3.386454140453619921e+00 7.636256459785017991e-01
-5.168111099497022742e+00 3.402344463213201831e+00
3.672193045889204921e+00 -1.822981589574246497e+00
-6.776877485630358855e+00 -2.691473681522491113e+00
-5.747603614353413271e+00 -1.436842168683795329e+00
6.639460827408826260e-01 -4.065690237165691556e+00
-1.464722379793371054e+00 6.196564015493644106e+00
-1.465567140498532872e+00 -4.805860549727954734e+00
3.789484001924348089e+00 -7.926857429143841394e+00
-4.969023218692568022e+00 4.761689050272453372e+00
-4.677895977345585266e+00 4.185586569593541917e+00
-2.223223499012489945e+00 -3.811028928833369633e+00
-1.846716200473829783e+00 6.590376237474788290e+00
2.759828514979970393e+00 -9.738834829257447367e+00
-4.343827081358668352e+00 5.535483878967658811e+00
-2.390100201629241639e+00 -5.098959597351234052e+00
5.835392416702132046e+00 -4.661201951301725543e+00
-1.773623655747921024e+00 1.884062147404834242e+00
3.114393105584193577e+00 -1.833835629286632574e-01
-7.181596967584461311e+00 1.041687957440068857e+01
6.676469505537726334e+00 2.036873030512448501e+00
-5.184451908927211861e+00 3.451531798018145025e+00
-3.074973901548101463e+00 6.743437542037778343e+00
-3.678488005383106163e+00 -3.750955165898552046e+00
-6.373231248758663092e+00 7.853185784191373031e+00
2.267209703961702516e+00 -8.612999242902215968e+00
8.390149218218607707e-01 -5.944471253946935541e+00
5.647398206991946168e+00 -3.269175529416762593e+00
-1.315795373062253137e+00 3.718442460778938141e+00
-1.198511177153024132e+00 -3.032716787545256309e+00
-7.207573591338443109e-01 -5.973465360374931699e+00
-3.777579688755109188e+00 3.927509421328640116e+00
-3.815059046350169680e+00 -4.839186070491202862e+00
3.719184779844264099e+00 -8.729109493834505074e+00
-2.966647245003126709e+00 5.540205801382397155e+00
-1.882276596037042005e+00 -3.554268571967765133e+00
-1.356077717765960644e+00 3.025495949120456274e+00
-8.154733498727663843e+00 -3.036431288013574203e+00
-2.336314674629470733e+00 3.083524350876109654e+00
-2.336907986597860809e+00 -5.023990131052232577e+00
-5.885908333774548140e+00 4.636005822497313744e+00
-2.149547851622444661e+00 -3.122847460920633367e+00
2.630858401727784290e+00 5.902823692247856080e-01
-8.360012651754274771e+00 -1.511915774533679757e+00
4.840909873050216028e+00 -2.825274502929865594e+00
-2.409871790854909435e+00 5.726545951170667337e+00
6.541967525649385884e+00 -2.616488878136606910e-01
-1.928077697228964382e+00 8.798769640097349409e+00
-3.299552264841809635e-02 -2.629306268299185234e+00
-4.640120455630591501e+00 -4.528415745198739906e+00
5.299361704502560499e+00 -6.479104409667879594e-01
-4.741400226205904289e+00 4.319300486634686465e+00
7.020754315852999028e+00 2.829651742360959510e+00
-9.276639444225232012e-02 -7.289734368871172876e+00
-5.906455255939457416e+00 8.356171933722320588e+00
-2.733042686559776335e+00 -5.383885490429212162e+00
-4.236712257133297577e+00 5.151548623068165966e+00
-6.313022095456741312e+00 -1.248554310295272307e+00
-8.560963351074564187e-01 3.766150308946933478e+00
-7.478099397559571315e+00 4.732387622712267650e+00
5.672414354638348755e+00 -3.621988607540708394e+00
-3.573727435619454162e+00 7.053739858386382622e+00
2.822413093249731553e-02 -7.767649257206391766e+00
4.911309425640539850e+00 -5.056392802216268301e+00
-4.371759238654520985e+00 -4.914725511992231510e+00
-1.577509001358599061e+00 -5.241232637809815742e+00
-8.181057061935694819e+00 -7.494429244392361023e-01
-4.552241761444085988e+00 6.693694109950611093e+00
-4.467589057950865694e+00 7.292861837438012529e+00
-4.931562083198740787e+00 4.662578610195025064e+00
-1.348875754473007227e+00 -4.812446500019202489e+00
-6.533344733945070537e+00 9.545606806631989016e+00
-2.448564742676949013e+00 -3.899359935400345645e+00
6.258624209687472018e+00 2.673808154892927114e+00
-2.614340150886055536e+00 -5.999863338027823012e+00
-5.369796362322987626e+00 -5.312833075084926193e+00
-7.221183029264459208e+00 -1.908155846780114961e+00
-6.577725359253120629e+00 7.515086252798963251e+00
-3.099134359997592902e+00 5.848690828479660375e+00
2.749449671465058476e+00 -4.949666348005736793e+00
-4.162351551457235566e+00 5.706679853845259665e+00
4.195595786645833769e+00 -8.066306139383112139e+00
-3.361032223569999200e+00 4.907204649611350611e+00
-2.138892685596105903e+00 -7.421599642593221802e+00
-2.991136698313026976e+00 -3.320873366585297859e+00
-5.574411696568748464e-02 -3.899033683902915381e+00
1.693570409985849734e+00 -8.863965686856722925e+00
-3.806434607580424512e+00 -5.451227872293069154e+00
-6.286805881442762534e+00 3.263599065533326904e+00
5.788658566490110680e+00 -1.044047592116301360e+01
-3.170299876851705001e+00 -3.153824207430055537e+00
-2.536609420823382699e+00 -3.332220888394476610e+00
-3.543822351412884153e+00 -1.404156094014117340e-01
2.326172021137040691e+00 -7.453903176370966221e+00
5.760917529307450380e+00 2.146017375736759991e+00
-5.961350251328536132e+00 -1.090994785230632536e+00
-2.046138594460314764e+00 -3.173091474528671796e+00
-2.951671141786621266e+00 5.873745306030476954e+00
-6.764842203633067541e+00 -1.841207074357587015e-01
-6.175495058747725530e+00 -2.538038970522817017e+00
-5.862664919000205366e+00 3.231431130138922025e+00
1.467134347712676590e+00 -2.314638561075825773e+00
6.017879470429978284e+00 -5.452665973036537217e+00
-3.199486853533392683e+00 -6.382604759534082461e+00
8.568027973109161977e+00 -4.994184962806939687e+00
5.897692724514794982e+00 -3.942838985600384483e+00
-4.139896548092369954e+00 -3.721976174523534908e+00
4.990889108332908108e+00 -1.003009046787636116e+01
8.933190286148107617e+00 -5.788958523133850065e+00
1.829831321596605553e+00 -6.544596033081239383e+00
1.750244225290414013e+00 -1.266255479187278610e+01
4.683649016615303751e+00 -2.055417120696579669e+00
-7.862048814393013174e+00 1.032898957392001016e+01
-9.849693364576281862e-01 -5.373241319753651268e+00
-2.816499042877182113e+00 -4.928211646186818840e+00
-2.652328864005950138e+00 5.011009319269573048e+00
-6.369787057036115918e+00 3.733109383998998165e+00
-7.072019486553412726e+00 -2.766632590349878740e+00
-2.915259714293307880e+00 3.386340736515430550e+00
2.417884907612989576e+00 -6.658126447261315306e+00
-2.792455592184417412e-01 -4.284580418921976275e+00
5.836626147534047071e+00 -6.122686907309570437e+00
2.661901152425113715e+00 -9.423831200510168316e+00
-3.739150863228424271e+00 6.626060564626127025e+00
4.513352111102407527e+00 -4.431998297803389164e+00
4.819103124611650024e+00 -2.490328034854009331e+00
1.224236804904805798e-01 -6.162059025102900378e+00
1.408892486777927555e+00 -5.187226663474082677e+00
1.706665338449149805e-01 -4.161445038294028897e+00
5.712292257977370724e+00 -5.803811969538257287e+00
5.248751587069268254e+00 2.094011119629877182e-01
-8.414993874621618630e+00 -2.649443421228699247e+00
8.137780978157920231e-01 -5.038612733786623110e+00
-1.424960013123940827e+00 -6.670883777157712302e+00
-3.486329588298934468e+00 -3.452214470676149283e+00
6.016525095911684495e+00 -1.000496412043270666e+01
-7.470468103028760964e+00 -3.538624391930408120e+00
1.036596709682616080e+00 -2.715792326850327676e+00
-8.568362631946854435e+00 8.357318374284988138e+00
4.399875561839695415e+00 -5.952759751139860001e+00
2.719213765853099041e+00 -8.471803371216628520e+00
7.877131310600082870e-01 -4.368759598069782868e+00
-4.111444441278221618e+00 -3.576428028958999583e+00
5.696320719685004974e+00 -2.785163626907303791e-01
-4.114681685643845732e+00 -5.524092925013558641e+00
5.005214239855956926e+00 -1.038186487684596848e+01
2.182530178712882130e+00 -8.356026260102241920e+00
-7.396538846055820571e+00 -9.090766392157089149e-01
-6.917498864241439449e+00 3.388536044910421374e+00
3.256212005970460788e-01 -6.262372862933962558e+00
2.472163641064644146e+00 -6.937879304110759371e+00
-9.893872503510245942e-01 5.050449676969276602e+00
-1.831234067356011908e+00 -5.160912642056801225e+00
6.199163276597134065e+00 -2.701473912278741230e-01
-3.992541350963987767e+00 6.737629088540749933e+00
3.828371658797070864e+00 -3.183756090914182213e+00
1.724003674879420078e+00 -7.441061937824174244e+00
7.454149054949408271e-01 -6.981644952741394405e+00
3.854030763884999544e+00 -1.154783517597282594e-01
-3.550838513091391757e+00 6.063970196498880583e+00
-3.076523460856000813e+00 5.740113868045380485e+00
-3.638796331785757232e+00 -3.166271387893950351e+00
-3.123068061551317331e+00 -6.752427562569231156e+00
-2.291067331314478928e+00 -2.223429336693707015e+00
4.508326290439550910e+00 -9.507378107834862035e+00
-5.840215377920263684e+00 -3.535427179923767760e+00
3.511839889879965870e+00 -3.786515063709558149e+00
-8.017388269166850989e+00 -4.354991772389106508e+00
-7.129657474219001756e+00 7.231163378607406322e+00
-5.195461468598641552e+00 4.075312373152652157e+00
-7.582651688657441547e+00 -2.761730247887917322e+00
-7.456510464359449308e+00 9.542060197379793607e+00
5.615260521716335163e+00 -5.772251261710638737e+00
-4.463529729720161043e+00 -3.601594193974544389e+00
-4.550273821936654528e+00 -5.049925591728138485e+00
-6.612450183274717119e+00 -5.381762347666553481e+00
-1.983717934460846211e+00 5.330826449985247351e+00
-3.713531313455814775e+00 -5.070944191301803627e+00
5.404761831485447310e+00 -8.680423093583845784e+00
-7.189101280546808859e+00 1.015485242458122350e+01
1.794928176769727823e+00 -1.172107322176945843e+01
6.383679498984035305e+00 -6.878805965532540867e+00
4.795134368883668508e+00 -9.082388172793292469e+00
7.906987891495031562e+00 -9.081924942279728796e+00
3.649204041630382811e-01 -2.789859904970957594e+00
-2.011933890316299767e+00 -3.681691612525848534e+00
-7.093342941525413003e+00 -5.506067614047196468e-01
-6.294769133778928882e+00 -3.731533188496328535e+00
-7.032446760903694916e+00 4.642354393645891975e+00
-3.428994599831082901e+00 4.980137822244434354e+00
-3.151718029876728888e+00 4.717222086214388099e+00
4.665066207184153768e+00 -4.878339338636985545e+00
-9.495918535992462495e+00 -4.950889041017062731e+00
-2.669349584898624173e+00 6.503617233877886150e+00
-2.470211871023980876e+00 -4.894313329469532903e+00
4.902694506274187347e+00 -6.030878157183488852e+00
5.207022537330927570e+00 2.123895331402692044e+00
-4.000361036315549512e+00 5.414201054472023600e+00
-8.227063984838927979e+00 -1.486721034655017926e+00
3.735236731261002419e+00 -4.484106625291190973e+00
2.167702475821118746e+00 -1.085891716692093389e+01
5.289312942341390489e+00 -6.120362388403169263e+00
-1.567224905565164583e+00 -4.059656280102404757e+00
-6.843161569060105087e+00 8.166107197096570403e+00
3.806882141821203103e+00 -5.300858145766614626e+00
4.740711333714331843e+00 -1.116654845623146741e+01
-3.541511104120278919e+00 7.465042508837858470e+00
8.844914155822422686e+00 -7.049271653419308059e+00
-3.593749930938392012e+00 -5.534686063875780881e+00
-3.179233139446954848e+00 6.329557751000927546e+00
-6.710986969899013665e+00 -2.511193636867915746e+00
1.055161339860005043e+00 -1.126391793919628093e+01
-1.697957657233412299e+00 -4.148749811407705046e+00
-7.051509426470791375e+00 -4.009346096562341089e+00
6.919355523488514237e+00 -7.022322010067734155e+00
1.795586948701736407e+00 -1.100699522387693641e+01
-3.346772178235470907e+00 -5.897554454249879896e+00
-4.838990454121049112e+00 1.245095874235344180e+00
7.147806008203839490e+00 -1.322573874451661524e+00
-3.637060415387812995e+00 5.966774785648445878e+00
5.048927718674415033e+00 -4.396612122273063861e+00
-2.676987404748855326e+00 4.957492785660514656e+00
4.287661017843535483e+00 -3.171738361696204045e+00
4.499759508883818704e+00 -1.394663301657459442e-01
-2.986812299125654047e+00 1.872412057516188888e+00
5.427053386314953265e+00 -6.057298378240563608e+00
5.985063493536593171e+00 -6.037790271630037786e+00
-1.065590187879243977e-01 -8.731717717612458074e+00
-5.694896918305590638e+00 -1.574053895657786306e+00
-4.635552490829637051e+00 -4.807699736390912193e+00
-6.939926843352619557e+00 -1.726645894254138724e+00
-2.683496590092727008e+00 -5.295386736021574059e+00
3.531990145227734690e+00 -7.563705981135689926e-01
-3.072089277557041420e+00 -3.199059038633562224e+00
-2.580062938372481351e+00 -6.916861642604679616e+00
4.024796866317416288e+00 1.037216824839003237e+00
-2.534962750971948786e+00 7.421879083343807082e+00
-8.374045568234304682e+00 -1.113647289497073922e+00
-2.917404554541156436e-01 6.288060719239719099e+00
-7.383994637025693031e+00 -3.503924171060019965e+00
-1.147191067137776521e+00 -2.786731734865095511e+00
-4.638714142687921260e+00 4.264312183442796389e+00
-6.794734916347601406e+00 -2.946714629126675256e+00
3.241856991700217350e+00 -1.148177136538530618e+01
-7.162078387366672239e+00 -2.466213613261829529e+00
4.968270990775841001e-01 -3.900614388124654663e+00
-2.736537806322336674e+00 4.707508537611873045e+00
-6.785588094674438686e+00 7.945622896164671545e+00
-6.468530778062946851e+00 -2.784583232481897319e+00
3.964085664006038012e+00 -4.033816924553474514e+00
-2.130320708106903993e+00 -3.981364510161517156e+00
1.709744596882471601e+00 -8.339756960437769706e+00
2.135722426652344019e+00 -5.946894225558017055e+00
-6.908094155103974288e+00 -3.385933772367955452e+00
-6.040136384493142607e+00 -3.468452628986119279e+00
4.225288403562566408e+00 -7.230670679110548171e+00
1.524301899163754470e+00 5.893754550746750809e+00
6.519432882693187992e-01 1.662735626089323127e+00
1.691913690836311490e+00 -7.372432091724666847e+00
-2.822194516959268373e+00 -5.763768586888006418e+00
-9.527356316839636907e-01 4.797186635254185205e+00
1.281659058749446078e+00 3.712563090742015071e+00
6.717555711062521695e-01 -6.012113119883061074e+00
4.916306820366376229e+00 -4.989869289786190265e+00
-3.770667024642797571e-01 -2.648833633840851132e+00
5.096988639111641461e+00 -8.346575198939852669e+00
1.805368317690238422e+00 -2.559305523710637242e+00
4.716715679313633558e+00 1.659001234750939080e+00
-1.678659944815318994e+00 -7.969336004726656597e+00
-1.597055873781322521e+00 -5.331487150371732042e+00
-3.119162677664584660e+00 3.745255071395467095e+00
-3.559803692327726754e+00 4.605427095070317556e+00
-6.076466570187179173e+00 -1.783934984436236215e+00
-1.975143150554914406e+00 7.508394400142506697e+00
7.985838332663689698e+00 -6.943338425419930182e+00
-7.089309567851038274e+00 -2.830065320859021405e+00
-5.492754981459385455e+00 -2.539600345668704851e+00
-6.267058389996471135e+00 6.856875449403064593e+00
-1.466047957578735517e+00 -4.926656535709194706e+00
-7.900679776127211618e+00 -3.435358213700331120e+00
-4.746234002877106839e+00 -2.292449756753442092e+00
3.741693805884138690e+00 -3.983083000094611026e-01
3.409796277001774900e+00 -5.585624125222960146e+00
5.487218073039596966e+00 -9.175137327881794036e+00
-1.889476191687371021e+00 4.483058371052194957e+00
-6.364948236774445434e+00 -3.049963616544124179e+00
-3.271148923547505305e+00 4.224776713368901149e+00
-6.720842268114199491e+00 8.826350079787024683e+00
-1.079964700572069614e+00 -1.387423552698724194e+00
6.326029452261439090e+00 -4.438353821450315095e+00
-1.055423681034672434e+01 -1.548625830038259377e+00
-3.155146212717527376e+00 5.871973357113085434e+00
-1.421583547092842625e+00 -6.599134331913472096e+00
-4.144834667592764532e+00 4.413255877677900507e+00
-7.184013371065762321e+00 -6.295704139546775657e+00
1.696678465022592786e+00 -5.073282612899870259e+00
-3.661397319830384411e+00 2.462763154047793002e+00
-7.981114357548561244e+00 -3.532366777626094745e-01
-2.725354147132689420e+00 3.960609472575825851e+00
-3.131376610659380777e+00 5.943159637831288755e+00
3.968993123225735609e+00 -1.017237093693297290e+01
-5.874170096634860450e+00 8.177504079223851363e+00
-2.102690702589880445e+00 7.257326022881038341e+00
6.091731577762947936e+00 -6.953799375362430091e+00
-5.977445323467376781e+00 -6.137305841058968703e+00
-3.258301274212842547e+00 -3.947210449428260937e+00
-2.956907165694362405e+00 8.150538029746307700e+00
-3.540806328202078301e+00 6.134030048060139961e+00
5.757418944448342124e+00 -5.922509516831772736e+00
-4.549893255581996421e+00 4.562621168974517971e+00
7.076562650492068229e+00 9.543832772493167083e-01
4.163409897204170207e+00 -1.361766949443156349e+00
-7.494248110509757588e+00 1.112258491413104800e+01
-1.581133413889627803e+00 5.581689291065090153e+00
4.639716423977025883e+00 -8.175263172166346237e+00
-7.229920140937239559e+00 3.290819570429378782e+00
5.756204883653031956e+00 -1.045112927350110255e+01
-2.110933074193099834e-01 2.378250874896596923e+00
1.557256730825500757e+00 -2.926983062114173695e+00
-3.883024033377929118e+00 7.147466341200842344e+00
2.752946619377491189e+00 -8.141485276343178867e+00
-5.894489341361198065e+00 -3.080163235129060428e+00
-5.882850339213206325e+00 -4.594956053627132775e+00
-2.867276409111930935e+00 3.254602862674939701e+00
1.807835775129500444e+00 -6.003435657837592032e+00
-7.169847377852564208e+00 -1.228477590073214998e+00
-1.408840286130966790e-01 -2.502925906207745577e+00
9.825786903238925563e-01 -7.681663013111101002e+00
-2.048585846046936609e+00 -4.043893192204655485e+00
2.864980629715593974e+00 -8.495074378610491195e+00
2.059888181619261793e+00 -1.229463090419029925e+01
-7.595962608191333842e+00 8.991650729214198279e+00
7.276275113315149312e+00 -7.031481014096359061e+00
9.074716004353868826e-01 -6.964284051008975851e+00
6.972436367585930217e-01 -4.528549005340499534e+00
7.344501985094634477e+00 1.634636760738289007e+00
6.113743693331158191e+00 -6.610990513775917066e+00
-6.194497658165992959e+00 -1.570277851766657795e+00
5.540973425273408637e+00 -1.149624649672189847e+01
6.055093973602888369e+00 -6.713001347981463418e+00
7.066467357244616387e+00 -4.807279009948382864e+00
-7.723492062141795955e+00 5.110785939751269602e+00
-2.777412915050955888e+00 5.030248985983401866e+00
-1.789004352451283975e+00 5.065633084974146882e+00
4.002164458540956593e-01 -5.596334864322919600e+00
-2.907901751109373656e+00 -6.615779479093795601e+00
5.201300396418698568e+00 1.745697595974190941e+00
-6.519187543482844127e+00 7.215579474334586685e+00
-6.529968410133720980e+00 -3.172958647207022587e+00
-8.189775785651491447e+00 -1.405614304667434533e+00
-5.695477889702264207e+00 -2.419949405064470760e+00
-2.559260851912336321e+00 6.157405253497472586e+00
4.288314528731222097e+00 6.701488871503684663e-01
3.550840583637036918e+00 -4.890193273995036005e-02
-5.424380373470952144e+00 5.030245358931519917e+00
-5.670175754381332034e+00 3.722168273805427141e+00
-4.879785969631224241e+00 4.347335304382134780e+00
-5.229340030439026954e-01 8.258655800454748785e+00
4.799927734713510752e+00 8.266672356283206735e-01
-5.020404416590986685e+00 -2.148402808904167571e+00
1.008799491808147764e-01 4.876792553200867353e+00
-8.255911390830471319e+00 -7.333347340584750462e-01
-1.789896993504049405e+00 -4.461132449160710500e+00
-2.378907034527967035e+00 -3.572576437869056321e+00
-3.760174903270780522e+00 4.852445025203392603e+00
3.525688017245547368e-01 -7.079741780660803840e+00
3.481868271233870882e+00 -9.139356096590121936e+00
5.073173313385354710e+00 9.808418425458196310e-01
-3.113489390075828922e+00 -3.349436701543397898e+00
-4.567681674239475242e+00 3.008813583888721332e+00
-5.665696586506526522e+00 3.062608343168563785e+00
-3.366152405903863887e+00 6.258219386453020228e+00
4.362344485107293224e+00 -1.046202711216922232e+01
-3.584332098827543334e+00 -4.913266660887654069e+00
-1.163710117296284041e+00 -4.534626473243601907e+00
-1.632102986191514615e+00 4.847280949504417791e+00
-1.905595913962771615e+00 4.907958696424207012e+00
1.158350086167848625e+00 -3.852589598886775324e+00
-1.521246471215333518e+00 4.387438385608790625e+00
5.560617481253461669e+00 -2.944522175803974129e-01
4.154897702418717031e+00 -4.168429545650353063e+00
1.251591903221401125e+00 -8.755576039948016032e+00
7.406733742650427388e+00 5.802788153635028978e-01
5.132154505345307705e+00 -5.617543282272294825e+00
-4.902052863093458335e+00 -3.643417370184277804e+00
-2.722658932180578972e+00 4.247681710775157882e+00
1.799327820052528448e+00 -1.026864391638506468e+01
-4.459303290492226068e+00 -4.024010497437536138e+00
-6.800615223331546666e+00 -4.606047048494295026e+00
3.892689568151638468e+00 -2.586155231200242266e+00
1.900320354499206443e-01 -1.881406894259080698e+00
3.489875601021839913e+00 -1.225671825229373013e+00
9.217984108827977918e-01 -3.966219423995131166e+00
2.927607019089503826e+00 -1.027818765058594153e+00
-7.300062935234593375e+00 9.090008784670809305e+00
3.160318002888367950e+00 -3.993929991851868699e+00
2.556074554882508565e+00 -1.774825173491931807e+00
6.220471792407924916e+00 -3.609334042415218491e+00
2.237465472322806015e+00 -8.771312857758436721e+00
-9.287310753685165565e+00 1.033099026480129368e+01
1.535538847027079767e-01 -3.611885194713266412e+00
-6.222721332426058183e+00 -1.561652488360725233e+00
6.232749944577530066e+00 -5.121317733621580714e+00
-6.294519094016375327e-01 -8.807487101588629130e+00
-3.038849368331553613e+00 7.449054131427218728e+00
-4.925087376799710981e+00 6.738473108895353114e+00
6.158463217660503197e+00 -4.496230348238496433e+00
5.886602235195292465e+00 -5.998137402512954353e+00
6.514418014202809637e+00 2.507088029658077311e+00
-4.199892069962821495e+00 5.039309295113677756e+00
4.142893000795208280e+00 -9.916860359066959063e+00
4.408328577008625793e+00 -1.022830055297102625e+01
-1.166379383340749420e+00 6.324640552460660814e+00
4.634191448960335080e+00 -5.708103381899447548e+00
6.237187081398743338e+00 1.418289646508904323e+00
8.995117163215766709e-01 -3.885652149865812532e+00
6.754312979320187260e+00 2.042151977026756882e+00
6.361084346765135678e+00 -5.740115087596604493e-01
5.078251985038923166e+00 -7.899105787806740331e+00
-7.208205373016888018e+00 7.589004376850992273e+00
-7.080017783571765477e+00 -6.255624881153587502e-01
5.414853179777437298e+00 7.359135049032259346e-01
2.302748172064472243e+00 -1.025706676608776569e+00
-2.102041587688225910e-01 -3.628575015894097699e+00
4.149130558977759620e+00 -5.913077497822236683e-01
-6.949694168869474886e+00 2.407337590039319242e+00
-8.888141593314557554e+00 -1.330508736150178617e+00
-7.626721744524362911e+00 8.032412102745345450e+00
7.213808887077957976e+00 -8.614613737713193942e+00
-5.471068273620081968e+00 -6.257382138493085222e+00
-2.812354583133116481e+00 -3.940645756800265520e+00
7.175008925268341109e+00 -7.017079547866533318e+00
7.397192930872481753e+00 -3.403274870215895476e-01
3.130366375214405306e+00 -6.824196471626724048e+00
-6.786190385044214679e+00 -2.511492358508343958e+00
5.305347508817101598e+00 -5.286023559208543610e+00
6.692523141632467976e+00 1.799977733537706959e+00
-2.469745819506679485e+00 -3.870765663641253518e+00
5.744116580161482410e+00 -9.189954925057830515e-02
-7.419764876125619857e+00 -3.991893309377145815e+00
6.934940781366004892e+00 -6.291907756997157541e+00
4.023124880226875533e+00 -8.346379923868772366e+00
4.321109921493111017e+00 -2.171680769974776659e+00
9.841025723823172422e-01 -2.716496076745894772e+00
2.356500368926342848e+00 -8.808814914866106349e+00
-3.613036083061048398e+00 6.768357981560631842e+00
7.398864001653985056e+00 -9.099627664475669064e+00
1.177712608610703260e+00 -4.322585204000155557e+00
-4.476993241076685948e+00 4.269102218913141122e+00
-8.321048387126854351e+00 -5.117841056276166256e+00
-5.576337015292924804e+00 4.820430239696875674e+00
6.344532395739648223e+00 -3.984367522988554455e+00
-5.095064540590484192e+00 2.068928254387847332e+00
4.873327918944662329e+00 -1.055241342681611627e+00
6.808519343342014807e+00 9.474334242478488211e-02
6.753890064890069489e+00 -5.488762080535432020e+00
-7.650396897330062451e+00 9.843951195837071566e+00
3.658202179110848107e+00 -7.179756227398504720e+00
4.070803438001335373e+00 -5.529888840489498136e+00
-5.607534082537243059e+00 -4.269891047891607450e+00
2.547346949418783257e+00 -9.275784000499813331e+00
-3.030545523084019255e+00 -4.417461577629882896e+00
1.501609839226792920e+00 -7.642581940004415486e+00
5.339690938695355271e+00 8.980479760399504574e-01
-2.546203884798156736e+00 -2.559381714525471807e+00
-8.328581405351828337e+00 -3.552050576595038756e+00
-3.697139379418782568e+00 4.386321223961676452e+00
3.689926764090894373e+00 -1.066563286546250211e+01
-1.343132345390448235e+00 -2.466591880293236283e+00
6.507225159310825902e+00 -1.066269176973290378e+01
5.504519540232449160e+00 -6.865670218760199006e+00
6.210243873772635759e+00 1.484784478499387994e+00
5.003946043201585425e+00 2.901048277852744661e+00
3.326547035850358380e+00 -5.262005058998408202e+00
-2.458073244999955609e+00 -5.169213291720200054e+00
-2.619883755036030326e+00 -4.269091945317293302e+00
3.217404809950596967e+00 -5.218991877184124384e+00
-4.346239675822539894e+00 6.418152630122076374e+00
-6.941462074493350620e+00 -3.354718930739275962e+00
3.213879565825464191e+00 -1.066207466373401047e+01
-4.289631328988592784e+00 -2.081260718032951651e+00
-8.221684272909042690e+00 4.661893231504578239e+00
1.293408217758327261e+00 -1.000251267131137034e+01
6.407606489116613346e+00 -9.725304372857749513e+00
7.838354699475915233e+00 -6.725691464171549505e+00
6.302548871898973282e+00 1.290598249652327612e+00
-2.142274516117088190e+00 2.793963005339800354e+00
5.478926454816241964e+00 -7.945296725786745728e-01
-1.028429022622071365e+01 1.274188358122003706e-01
-5.615949340301231274e+00 -4.749293591619683674e+00
7.828350483185172237e+00 -6.031261295753854057e+00
-5.395761314531996256e+00 -6.005379561358799023e+00
-1.988550358657678263e+00 -3.457442251666233091e+00
2.528659670047277430e+00 -4.560839954879752689e+00
7.622767266191768698e+00 -6.321774626515595408e+00
2.871869226173306977e+00 -8.262385840144501614e+00
-6.968533443330156452e+00 3.889267595728899352e+00
5.248897531344313805e+00 -5.441369721161882111e+00
-7.036804273752782279e+00 -4.873196912320329588e+00
-7.138112500626871082e+00 -3.128882154441612773e+00
4.988369844232027006e+00 -6.123235057018367122e+00
-8.256718403599805356e+00 9.853092433318463961e+00
-6.059978753390023343e+00 4.950705798264746882e+00
-3.761637493335089122e+00 -4.479401279835526495e+00
1.950661323641819100e+00 -2.472167437665934386e+00
-1.982802199063957049e+00 6.402884280135139328e+00
-7.139941161442511230e+00 1.003131454820245061e+01
-3.723613358188370803e+00 5.273939212191049997e+00
-1.810962418195877666e+00 -5.132333841604941327e+00
-2.250921775961661098e+00 -3.799108443209795016e+00
1.530978791551238505e+00 -8.981937444683810057e+00
-3.592437966999795229e+00 3.033701817448583249e+00
-8.085398562996974903e+00 9.209580978131553408e+00
5.800368497123205458e+00 -9.723681625580290699e+00
4.144206564681953253e+00 -3.892928427383747891e+00
2.938575939691228989e+00 -7.465746739164708323e+00
4.658614499827365307e+00 -5.247022919731566759e+00
5.050045732019031952e+00 -4.101960598277867298e+00
5.124694717950064593e-01 -4.314037168776132525e+00
7.800665034552714872e+00 3.489616803866462114e+00
-6.984342263183138222e+00 -5.466488112077485972e+00
-5.854783030077890693e+00 3.928052197140240676e+00
-7.007893336961342534e+00 -4.431656670032195766e-01
-5.838218590106684758e+00 5.032831944026145976e+00
-3.623998229061603737e+00 -6.008140089334489176e+00
3.006572363034281103e+00 -9.567790358892066749e+00
1.707404628933011814e+00 -6.627863735643748200e+00
3.334927325798958897e+00 -7.482134842952715914e+00
-7.697717651487078427e+00 1.021338314771735867e+00
5.125175920288820297e-01 -8.507063492600543952e+00
-2.901373206083601275e+00 -5.555708456407950635e+00
7.716942508233130660e+00 3.984133722325413629e-01
-7.812411731853392993e+00 -1.274735740782944493e+00
-3.000349180793723924e+00 5.922574723175477729e+00
5.002553368433098058e+00 -9.463812913863879572e+00
7.526520047754495124e+00 -4.982800573119500420e+00
-5.069274694857519137e+00 5.174114754653452053e+00
-1.301266465909506342e-01 -3.255813440229010425e+00
-8.364065883556499603e-01 -3.396730512048351525e+00
2.865123361991240625e+00 -1.088399417812784620e+01
-6.827386171513297519e+00 -8.161784483371152810e-01
-3.023849587201242084e+00 4.910362512286912562e+00
6.768307300420719486e+00 -4.118074187888698390e-02
3.795791632912808300e+00 -1.236165555362647872e+01
-8.371444172731353106e+00 -1.768549868604109232e+00
7.760214200608016810e+00 -5.094124247714771236e+00
1.352018029906548513e+00 -6.864681034688579153e+00
7.345118410723763702e+00 -2.134369471627825199e+00
-8.116291177073906127e+00 -3.920819378608491057e+00
2.285829295837905395e+00 -8.388257300106696235e+00
1.180047883879752346e+00 -4.896074696499678858e+00
-3.907435146677513682e+00 5.277605079716765069e+00
-7.367368772880295680e+00 3.322386914839950744e+00
-7.046226261806923574e+00 -3.025072534790305578e+00
-2.545410334776707639e+00 -5.132062613704683862e+00
2.934220396524925611e+00 -9.347727433305015765e+00
2.270925024936480519e+00 -9.010764599089979399e+00
-3.073468708685042072e-01 -3.578817038662648997e+00
-2.870238498088642842e+00 7.454231051923029483e+00
-8.163009586649158322e+00 -3.638800816342364630e-01
-6.360630677168013669e+00 9.984153735140768759e+00
5.568395019020185188e+00 6.990774160987487384e-01
3.839619536500322727e-01 -7.575768157768548505e+00
-2.783550991187276669e+00 -2.802067618944207972e+00
-6.052049217674607462e+00 8.255880939650152683e+00
-1.610500020117529019e-01 -4.299793727558863132e+00
