3.054067070535268158e+00 -9.863310380732313476e+00
-6.673852784289324269e+00 9.853438263542605213e+00
1.928782536069223008e+00 -1.147392097116962617e+01
-6.762193489831335391e+00 9.051978026873017669e+00
-1.222430624655463038e+00 6.972467058029610421e+00
3.619313925855257796e+00 -5.528397802896150459e+00
4.917572511789642498e+00 -5.634272323543129346e+00
1.971114137384113674e+00 -7.984312608675757872e+00
-8.893074260171418999e+00 1.010881225189251431e+01
-6.604651307169775443e+00 -2.922671053448922862e+00
-8.582045492544203569e+00 8.640079536865961529e+00
-6.990378918150248033e+00 7.871688631687048243e+00
-5.652653783348847050e+00 9.755631616973635900e+00
2.191870016713753699e+00 -3.833773187344544198e+00
-6.362493383848445205e+00 7.847098874607846497e+00
1.239178416543719630e+00 -4.106341543912496839e+00
-4.755734490978938744e+00 -4.956795316668509699e+00
-2.356203659580615728e-01 -4.565241890050994122e+00
-6.595267409172760331e+00 4.002280580904128193e+00
-7.059883837403497786e-01 -6.428513459223834658e+00
1.225963872316917058e+00 -6.913109422729987408e+00
-2.683487507770031311e+00 3.920838305174350502e+00
1.771357751256145807e+00 -7.928188019031299660e+00
-4.061166638566680476e+00 5.342520579790235757e+00
-5.531456930109339254e+00 6.602643406015443972e+00
6.140324299453398638e+00 8.116973142783336925e-01
-2.164094872826197502e+00 4.629843225249127947e+00
-3.555805700064509800e+00 -5.310614797283375488e+00
6.660845508864350784e+00 -6.925372800236402782e+00
-3.690970055562305507e+00 -4.903818426608951064e+00
-3.218810555802100293e+00 -4.860354489747916951e+00
-2.778875319668399069e-01 5.407603020580926234e+00
5.385527591439112527e+00 -1.565472354352358320e+00
-5.681740923015228262e+00 -3.812791780773736150e+00
-5.330413151675552186e+00 4.009580838687752724e+00
-7.620144459571496220e+00 9.626285385133133587e+00
-7.748630675148340252e+00 9.455000658728787144e+00
7.316607401151896894e+00 -9.369689637642288460e+00
-5.396126400736266149e+00 -2.099499318157427297e-01
9.049182827525475981e-02 -3.295859368774834319e+00
-3.865352605398970187e+00 6.910685483533239193e+00
-1.386280290475062626e+00 -6.655634972480644507e+00
-6.600865751826014538e+00 -2.154334145914402754e+00
5.376901397137642924e+00 -9.677059777272061680e+00
2.168650923118176532e+00 -4.642834722745046605e+00
3.877918573791104606e+00 -1.513913671290478158e+00
1.396661845248732714e+00 -4.192889801548002282e+00
5.005352597617745980e-01 -3.032927878090552198e+00
-1.009261848420790031e+00 4.119879227447688308e+00
6.070476506411138118e+00 -5.057455262143277785e+00
-2.740454840830444105e-01 8.752543697468523121e+00
-3.245006452414488152e+00 5.431902417825300589e+00
-2.421754612663329809e+00 2.555651640817532932e+00
5.332106052281742059e+00 -3.214304033324304477e-01
-6.804789521163231214e+00 -4.628468214942122572e+00
4.319674688328679402e+00 -5.365872472016157246e+00
-2.370627895650162742e+00 -5.030071747663982684e+00
-4.621798294650412586e+00 3.647538345898598600e+00
6.785847108415868689e+00 4.180577142572756699e+00
5.307910967216544762e+00 -6.749565418406747952e+00
-7.289023965898245194e+00 -3.546242089989279922e-01
-8.624837483186473364e+00 9.020140997868908883e+00
2.366225563761855000e+00 -1.064473945151316414e+01
-3.506416130605606529e+00 -4.250973091014658145e+00
-4.333891037320043438e+00 2.256587759368120949e+00
-1.487722834294307406e+00 -3.782637729456573172e+00
-3.840735528387613229e+00 -4.208375621483154028e+00
6.804331860186310976e+00 2.651643375462585883e+00
1.238069200957680138e+00 -8.910539191567517392e+00
-5.568244315743844375e-01 -2.657662961612164310e+00
-1.951220969229415347e+00 4.812963482609066368e+00
-2.536114769973150551e+00 -5.622859435823713170e+00
5.923724015428746270e+00 -4.312834540356781154e+00
5.162640322578901930e+00 -4.144928262993063939e-02
-3.652171286712894371e+00 5.134873974254360540e+00
4.980658016279090106e+00 -7.412960746116088018e+00
-4.558755780686582604e+00 4.362088326572473029e+00
3.297560314934448567e+00 -1.000251945646598095e+01
-6.071482871773446810e+00 -3.938845511879591754e-01
3.664100590862870099e+00 -9.979352151072157895e+00
4.896258553914504930e+00 -2.012888114665434713e+00
4.960275397401174402e+00 -9.575919047346102886e+00
6.412305315011148643e+00 -5.737368974719355919e+00
2.859374983130333892e+00 -9.318877168879998507e+00
-2.327121295160356151e+00 7.807629995292510117e+00
-3.855457782620874241e+00 -5.446063046017897591e+00
5.905021866690348453e+00 -7.995784275435795507e+00
-4.526824788303267511e+00 5.939871201563810210e+00
6.359312389637097773e+00 2.283407071060466365e+00
-4.608074457185319162e+00 4.700714899187484974e+00
2.385314603054067284e+00 -7.161846161326227644e+00
-4.115292264165201885e+00 -7.481192814830901483e+00
-5.481096710028735330e+00 3.983119327189143188e+00
5.975889071725803525e+00 1.045845570350333986e+00
4.941324544145335729e+00 -8.765287610233995608e+00
-1.808164288920608431e+00 -3.258134061081393362e+00
7.384403373713473329e+00 3.295693643053832389e+00
-1.614784434352944942e+00 -3.963425787896234453e+00
-2.051371634523201148e+00 1.226140415478422785e+00
-7.193236752850587834e+00 9.243449805000075514e+00
5.774216207602562712e+00 -6.383927642256790769e+00
4.347729279962388560e+00 -5.457577952256062126e+00
-1.325285146110626089e+00 -6.176567629627403022e+00
-3.410426163697062307e-01 -9.625170792419279309e+00
-4.477210931817138473e+00 6.113174347607738923e+00
4.261321212456414820e+00 -1.047126817620894990e+01
8.675817687467906048e-01 -7.917999711057721157e+00
-7.667315142152561158e+00 9.636722637843906369e+00
4.355176889662131678e+00 -4.970071127130255562e+00
2.304015304771704020e+00 -4.087116098681385701e+00
-4.179634419938880185e+00 4.759374113097655012e+00
-4.068876489589016821e+00 -4.272120178990646444e+00
-6.682020196135385781e+00 1.088180281749789735e+01
-6.784254309122160542e+00 6.598785824177931580e+00
4.994744394164230883e+00 2.254975660460723397e+00
5.171058866782067831e+00 -5.126268658925020816e+00
-2.140454383382115466e+00 6.502320621435741188e+00
-5.757312205727602716e+00 5.541218950056655324e+00
3.424293732997094608e+00 -5.082500777285472005e+00
-3.825097181933270196e+00 3.485246274401144095e+00
-6.682720638567451132e+00 -6.092818362675787469e+00
3.921573751530012863e+00 -4.111800848492720206e+00
-2.016020585326981251e+00 3.936537522182474547e+00
4.594507571053248363e+00 -4.609481147442870963e+00
1.620787979344865626e+00 -8.753997060566740984e+00
6.396558035654679841e+00 -3.122397494755870806e-01
4.557568371299689503e+00 -1.999026512260030142e+00
4.860756933573735949e+00 5.074931986294162201e-01
-2.539808482988820781e+00 -3.622537037378175118e+00
6.621835496428680301e+00 -1.014039977218077482e+00
-8.798610797178877618e+00 8.967137004489526220e+00
4.774099081030237279e+00 -4.278206597148355717e-01
6.877783638913435027e+00 1.085072435770155774e-01
9.739444496705926824e-01 -6.053831028971890404e+00
-5.643664942010410357e+00 8.747944585905592874e+00
-6.243868256188565447e+00 -1.744189167386833939e+00
1.274018251692228931e+00 -3.277685595936886020e+00
-3.420273404366898085e+00 3.581437468565793036e+00
5.382815052042420056e+00 -9.319352050795004061e+00
5.355679725724429296e+00 -5.369149451776880966e+00
1.701043462739068923e+00 -3.129084196867140566e+00
5.314413210469384197e+00 -6.535565691763396856e+00
-3.576683136939925678e+00 4.430866918999315729e+00
-7.477398065958532847e+00 6.561933450152973357e+00
8.647854732307631576e-01 -3.689684154718900544e+00
-3.674796888437213305e+00 5.997209739842703335e+00
5.162715328648642021e+00 -6.310126902724725539e+00
-4.807723996186357596e+00 -1.228625546370339716e+00
1.250085010084610815e+00 -4.365837235731717669e+00
-3.331443503335143941e+00 7.109438268482292322e+00
-5.218165578716901898e+00 7.691061378389852266e+00
4.488902564044688681e+00 1.691132159325693607e+00
-2.263065981640450808e+00 7.541766037357302110e+00
3.694177924571425020e+00 -9.547398969554706127e+00
-2.963874057722741817e+00 -3.867143134924043935e+00
-2.426456263751861187e+00 3.768357224863206678e+00
-4.716716514015602435e+00 7.275460251770144104e+00
6.898176974645179982e+00 3.007415147507566999e+00
-4.304251297812659693e+00 5.610346271550934460e+00
-1.906398872600345129e+00 4.903342437512915986e+00
-3.372558679508030899e-02 -5.753285180754666328e+00
-6.514235446953649422e+00 8.694195185393642333e+00
-1.690061305989834395e+00 -5.166158363998828662e+00
4.482295015019156281e+00 -5.173659149376677036e+00
-5.674349505692918072e+00 3.205263026733089049e+00
7.696396434323051317e+00 -4.803993300107001652e+00
-6.345975346043309706e+00 -3.478834025491165605e+00
-2.861238641985704323e+00 4.525760262697803959e+00
5.472301608805935302e+00 -2.227508218305246146e+00
-2.624313859852255515e+00 6.692459165730743287e+00
-7.492208497115337984e+00 9.885021683722921892e+00
-9.358573950081894299e-01 -3.652426937264245943e+00
-8.175245352568472512e+00 -2.048452672040777411e+00
-4.368034783477387606e+00 -3.201164026426873477e+00
-5.307846934795804827e+00 -4.082530003736647650e+00
6.465461576762297824e+00 -3.804683908805405745e-01
5.541020401441710597e+00 -9.937515763057117368e+00
-1.500980009104493806e+00 -4.179842387095750844e+00
-3.818297884444669776e+00 -3.676931113401106455e+00
7.161657445641335329e+00 -1.167123408928580908e+00
3.390368303490430613e+00 -8.086183657269451430e+00
5.809895154874636702e+00 7.271636037453932389e-01
-5.767413310537907734e+00 6.593403946202546884e+00
6.204458340065638566e+00 -1.178654594286828150e+01
-6.655693525097635899e+00 -2.812314841354504047e+00
1.068988410567432989e-01 -4.830209599883692917e+00
5.970636032802347337e+00 -6.340923032511367019e+00
-4.851494250045223389e+00 4.984421578759452132e+00
-7.268114953805485889e+00 -3.611724711242865649e+00
6.148918243062533762e+00 -5.059969984818228461e+00
3.925714862527962534e+00 -6.333914228390485235e+00
-6.871798818530070463e-01 -6.310400348978122409e+00
-1.024180927386559636e+00 -5.293592794697978832e+00
-8.439861753226434615e+00 -1.986845853881582968e+00
7.802032700031968915e-01 4.431998106738364029e+00
5.424959629473445233e+00 1.955648055527558826e+00
3.127001434866669705e+00 -4.795697990620679363e+00
1.705979405662418236e+00 -3.810334595914782074e+00
-3.376526496549703271e+00 -4.965034985437029924e+00
-2.008114507212521715e-02 -6.174925881338456435e+00
-5.607668175492044327e+00 3.102402782784735802e+00
-1.126995146508471546e+00 8.187023179877741086e+00
-3.260304348633243254e+00 -5.030245928073405537e+00
-6.558685263020290535e+00 -4.175753150832808736e+00
-6.291652901671307418e+00 1.068669078352930413e+01
-3.649798800475059668e+00 -4.329078832119454212e+00
3.668023381067255784e+00 -8.927341187735112982e+00
4.024266039212767154e+00 -5.111220602097558130e-01
-4.922341264263244476e+00 7.751763548676215976e+00
-3.833605885095467958e+00 4.508959195110682217e+00
6.130127778929003846e+00 -6.145629602854699058e+00
-6.452611245845697674e+00 9.068423380437000247e+00
4.940424759219053108e+00 -3.722226928068483431e+00
-2.378914630137885844e+00 4.749069251439436812e+00
7.691516730204510210e+00 2.376518828736472688e+00
2.477485982978103074e+00 -8.698371672368820029e+00
-2.238804959553091223e+00 8.474819516297563027e+00
4.682368071264499498e+00 -4.065472076789328426e+00
-3.332340267434271697e-01 -3.736817335839684340e+00
2.710418131709611433e+00 -5.853506106542964105e+00
1.109456470585322707e+00 -9.002322221938191760e+00
4.187935794669975564e+00 -1.045633062613603137e+01
-2.665775432050788485e+00 5.302036995681925546e+00
-6.249233725737994405e+00 -4.535267950954175120e+00
-4.039887976162310324e+00 7.936501623670601191e+00
-2.850397486381523127e+00 -5.664713076373892875e+00
3.726124060299782936e+00 -1.030309406508559178e+01
-1.437162691971926698e+00 5.896152337761663809e+00
1.636155767332830191e+00 -2.834983964610390039e+00
-5.393170099197860168e+00 4.339523764461265642e+00
4.978921128501533566e+00 -1.023673427858075513e+01
6.668438279632668220e+00 -5.626848994617137834e+00
6.198631457640731979e-01 -2.110727013258609119e+00
4.868398473921928815e-01 -8.852764720074494775e+00
-1.707088207004727742e+00 -4.717213712577156493e+00
-7.162848692774586468e+00 -1.922005755874072186e+00
-7.319795412019645120e+00 9.442327768116689057e+00
-5.385113655614081729e+00 2.910783938532401027e+00
-5.002555150289544450e+00 4.934554814105645448e+00
-2.543177557156468094e+00 -3.751981697939605898e+00
6.555734345375649141e+00 6.734346213650426183e-01
5.278452509383822822e+00 -1.327725120361923916e-01
8.802280863878704231e-01 -3.227204694383700279e+00
8.614712128229684573e-01 -9.702919300226785282e+00
-2.131431152207413859e+00 -6.154093118022685438e+00
-3.808497228021928027e+00 5.751155967352671539e+00
-1.254515712758581092e+00 4.487935369751244963e+00
5.764119444821718119e-01 4.397046031092672891e+00
1.942399106504058670e+00 -3.441891793435090552e+00
4.268553491418312085e+00 -9.197305149037136474e+00
-7.201955558474032237e+00 7.350638480420464305e+00
-1.011135888304888875e+00 -4.020189804319248772e+00
-8.345666301525854536e+00 1.621356854198213959e+00
3.449295984084649103e+00 -9.176474141953340435e+00
-3.750534222203808277e+00 -3.703994118358311827e+00
-7.208835229241958409e+00 1.070788938221455489e+01
5.642553578808231052e+00 -5.488223969669968616e-01
1.804851968586115074e+00 -8.712100441329591050e+00
-4.355308811335457442e+00 -3.145498445852466851e+00
7.397807459743088287e+00 -1.206976512498374010e+00
6.415050677092420273e+00 2.503645879643567440e+00
3.979521995741384988e+00 -3.322541398617656849e+00
-3.339123468769113146e+00 8.177618415510920613e+00
-8.540079211702522599e+00 8.729508560566832998e+00
-3.174034211143243578e+00 -3.876520769405936484e+00
5.041128192958178822e+00 -5.701017346303602906e+00
-4.710973466275822474e+00 4.511065939403390956e+00
-7.264453214959806893e+00 -9.583538013391507127e-01
4.920982648603708931e-01 -1.989532086477706407e+00
-5.596942925985107564e+00 -6.049225909447384808e+00
8.886384224643946173e-01 -7.487664163147690566e+00
-6.565869726766885961e+00 -3.926473718791768430e+00
-5.363497976315014348e+00 -1.720194303346138875e+00
4.570931284859064192e+00 -5.382566005054561842e+00
-5.232489726239332839e+00 4.016016585495664870e+00
-8.545921278859122339e+00 -1.507899323640234712e+00
-8.655299248482076990e+00 5.976292151622736526e+00
-7.368224759309873306e+00 -3.946324642380941494e+00
-7.274174168741350144e+00 4.455146585331347886e+00
4.680703740161493265e+00 -4.149115430037651819e+00
-8.867236675700132409e+00 -5.003166149846693500e+00
-7.042324085666997746e+00 8.682276530086554089e+00
2.012142803394229240e+00 4.350686037417557550e+00
1.806205393702639661e+00 -5.508751282412958084e+00
7.856603501510710075e+00 1.987543519563568228e+00
-5.417631553295197300e+00 -6.064160868859122644e+00
2.637032242311409647e+00 -8.075802490025582259e+00
-6.133213351342129194e+00 -3.869934572277360374e+00
-5.181263451954166044e+00 4.154145673162050301e+00
-3.008537355420258574e+00 5.540465919413728457e+00
-6.308626618062228353e+00 4.442912903234908839e+00
-2.980237478679280905e+00 -4.767623082672067802e+00
2.220938822748929731e+00 -1.110262336173127196e+01
-4.344848632381069997e+00 -4.561638552661660739e+00
7.035218761248339669e-01 -3.919884317825669040e+00
2.889343970720231525e+00 -3.527156236104240339e+00
-2.343616010260437310e+00 5.812821974131080260e+00
-5.634446228034582838e+00 -5.126977184849294211e+00
-5.785977279370513315e+00 -3.634219778959237424e+00
-1.306420943139833923e+00 -3.291867366293891983e+00
2.995642245791847902e+00 -7.905736196998050858e+00
6.141706285464284321e+00 -5.444109266155537696e+00
4.933723589789070552e+00 -7.169053843377145796e+00
9.212336722853720516e+00 3.825832664063614885e+00
-4.538937185037945632e+00 4.511845673100125076e+00
3.206928163656772135e+00 -9.860745063069925820e+00
4.079923807434962413e+00 1.629269641585365136e+00
5.265932903557102307e+00 -1.614302380928322123e+00
-3.263591073955440347e+00 -5.639311770726566309e+00
-3.673838876049635438e+00 -5.660238823829975452e+00
-6.448347673950527437e+00 -2.241898906271936553e+00
4.925510736072217455e+00 -1.428349375290020484e+00
-8.120332429403613883e-01 -5.094410884537141193e+00
5.050523637858852055e+00 -6.370233576524566566e+00
8.102811501616747236e+00 -1.153199966249620623e-01
-2.923969840743008142e+00 -5.670189252759830545e+00
-5.258028156621117333e-01 3.272340441415652723e+00
-8.483958287962190425e+00 -2.444306094847693345e+00
6.863437169898285006e+00 -6.627548717950636714e+00
4.885693687524672590e+00 -9.261879344356027666e-01
-3.488155135044804567e+00 5.384613448191641893e+00
4.789031165015241065e+00 -1.699705396427670379e-01
-7.646321497812495593e+00 -5.260350598199585725e-01
5.573026747102859169e+00 -5.319064949661157726e+00
4.802145613528745471e+00 1.165081370956025708e+00
6.135071005499775687e+00 -4.853744505079035099e-01
-2.272475210144606628e-01 -9.977490848742990082e+00
6.092619868241476944e+00 -4.027512409781371261e+00
3.191858352356994555e+00 -1.274310670736413797e+01
-3.517165656917644601e+00 -3.836958635987603117e+00
4.812724583696132541e+00 -6.738497781313148138e+00
3.931447332137340656e+00 -9.649273105938817707e+00
4.415238986019089040e+00 -6.305730749026475790e-01
-3.439707226059017575e+00 -2.827173428304995184e+00
-2.724671322290205921e+00 3.911017048323470746e+00
-2.092795546495592518e+00 -2.920823225378064159e+00
-9.388551916819654508e+00 4.534983569513899582e+00
-6.675436565061814598e+00 -3.809534825902381794e+00
-7.774400486942363742e+00 1.805012895292329222e+00
2.466883893872256373e+00 -3.516284487792523450e+00
6.735561044585119284e+00 -2.024553978814924271e+00
-2.068354430806365052e-01 7.470448636787922148e+00
5.900139721652005953e+00 -3.987218378143586595e-01
2.933374629050858662e+00 -1.060443408186599790e+01
1.283958412740082711e-01 -8.816187662583734763e+00
7.478209079463354669e+00 -7.281745906154940329e+00
5.985299879501156717e+00 1.473505440954550716e+00
4.442888256410556735e+00 -8.397605857403380725e+00
-3.829101786020223663e+00 -3.250501297323967975e+00
3.318142106383075607e+00 -1.185422264129292635e+01
-2.299507262849216804e+00 -3.410978545509504745e+00
-1.398899698394355129e+00 -4.876675132127440193e+00
-6.987817577027710669e+00 3.625653758697573004e+00
6.268021960052338137e+00 6.272489684997081261e-01
8.596394826838595904e+00 -7.493936347762488737e-01
-6.947540439605443652e+00 -1.429495399484270068e+00
-6.719634063680443248e+00 -6.272627157952354038e-01
5.611233848295843707e+00 -7.202825314699727421e+00
-3.607926338484469309e+00 -3.052604640124088942e+00
7.778785223384978131e+00 8.563928967979012041e-01
-2.215063457012611980e+00 5.239558165712386639e+00
-3.050185213671330331e+00 5.133091102254860871e+00
-4.295297866351083016e+00 5.295894192512525578e+00
5.721612070124327154e+00 -1.092872538362092971e+00
-2.569263396769952301e+00 -4.838856291182320746e-01
8.636521945661577604e+00 1.591680525651337330e+00
5.437782256655616209e+00 -1.570154752239605545e+00
5.053704282850768337e+00 -3.567957820412752667e-01
3.351631479363753829e+00 -7.583220541521907165e+00
-2.338461926816666647e+00 -6.795529468447101706e+00
-1.201755942595827742e+00 5.804015891260256410e+00
4.148619284245122607e+00 -7.306426661930026434e+00
6.274967477481044220e+00 2.126346784920897015e+00
4.700362916264220203e-01 3.831891662045702418e+00
-2.948493161548631392e+00 5.590761440809997929e+00
-2.307302205150921992e+00 3.733568668583429506e+00
-7.760432675372648248e+00 -3.795885908866861058e+00
4.600460506369719038e-02 -5.548895635754409028e+00
4.191048677076239848e+00 -3.257653020474302163e+00
-3.740569656441893986e+00 6.202125004154039445e+00
-1.915268969236278096e+00 4.168183549929031173e+00
-5.702212494076448479e+00 -4.789202387714166953e+00
7.759925480095812844e+00 1.440568524963279584e+00
-5.607644649372444334e+00 -6.103017206368537728e+00
1.091759227887464601e+00 -3.453725832427330111e+00
5.911837540513656286e+00 -5.333755261624866684e+00
-2.229231429073470494e+00 -5.557257274759171750e+00
-4.634842460945177933e+00 3.470091588325108667e+00
-3.771137346567254411e+00 3.440151016700855546e+00
3.740997471634561755e+00 -2.188179731604928069e+00
-8.267612728078290729e+00 -2.912704744157031733e+00
7.646123990530722558e+00 7.090208275305321939e-01
-2.449903043260516888e+00 5.614861393337387874e+00
-5.096149717739287155e+00 -4.799248036457974820e+00
-2.777532804905466612e+00 5.826635122647022769e+00
-3.533727926057684154e+00 -5.195778003716198690e+00
-6.471458322933283380e-01 -5.097818661893217751e+00
8.399135394045096348e+00 -8.199036328847215671e+00
6.902174660745346024e+00 1.811999757201768091e+00
-5.544045443252572980e+00 8.903248243295635689e+00
-4.720038493545676950e+00 4.195553624128674386e+00
-2.545376494255767064e+00 6.221374274243529179e+00
-7.265035539281001320e+00 -4.406900030354659492e+00
-5.008072487056033140e+00 -4.671672772867680123e+00
-2.408930515553590279e+00 5.783426294266577727e+00
3.273542812162251181e+00 -8.492719286646357446e+00
-2.211540401296771208e+00 -4.569621225529958863e+00
8.539623075761260118e-02 -1.080315990892427003e+01
8.778482800171660827e+00 3.058515814430273316e+00
-5.768801298773373887e+00 -3.101676223064623095e+00
7.553208390305427677e+00 -6.157187117378065011e+00
-4.764766121854078662e+00 -2.658363214782130335e+00
4.513303478931563362e+00 -1.828109023948293554e+00
-3.355102171897554442e+00 -3.585633261708675690e+00
5.061859578859461806e+00 -6.101706584913548781e-01
-1.553947986268245041e+00 4.813464487324726093e+00
1.702411511082371209e+00 -3.766845529826133632e+00
-4.752753972010339112e+00 -3.718496541712386083e+00
-1.936172438234719406e+00 4.827294118936722889e+00
-7.559421566971902706e+00 -3.735734242696691965e+00
-5.906938821518750160e+00 -5.212523077460538445e+00
-4.127625743010257864e+00 -2.852661495307176498e+00
-8.835487085614015967e+00 9.300077973532030029e+00
-2.630907253603840701e+00 -3.145102673942822058e+00
9.262449134304668874e+00 1.626957566183853121e+00
-7.113215729472615045e+00 2.003662607012019592e+00
5.098623959316510579e+00 -4.305264726306473833e+00
2.099188065033928741e+00 -3.814461569073825498e+00
5.304503860745093391e+00 1.080248214406112961e+00
4.218384714168319505e+00 1.225862906209705949e+00
-6.488548306644863928e+00 -6.736232604971403859e+00
-5.681784232956331060e+00 6.670195623228811321e+00
-7.333540928531062875e+00 8.789957975812939139e+00
3.004939162119183660e+00 5.357697350276071635e-01
2.819134754490291161e+00 -8.450615745703862203e+00
6.341176465359554371e+00 -1.496973424855282175e+00
1.968749676533193105e+00 -7.820183173426417333e+00
7.808524250912469711e-01 5.964329502671421146e+00
6.526532094711578580e+00 -1.074166420854613779e+00
5.799937367107109942e+00 -2.896128314175395957e+00
-8.617772990327264182e+00 -4.295190224416384872e+00
3.151160754098841110e+00 -5.085245829738259005e+00
-5.918041046577913633e+00 1.099058996938344812e+01
6.033924152349953829e+00 -4.986248556755874084e+00
4.027834688259646967e+00 -6.941445837929479667e-01
7.297132439877104249e-01 -3.667797516176953820e+00
-7.778359567928358587e+00 -7.616005988899678947e-01
-2.875289034688897072e+00 5.995551706546323523e+00
-2.636029014979975660e+00 3.296666078497743513e+00
-2.671569548392329629e-01 -8.636259415633666947e+00
4.684384060620901735e+00 -6.350943736264318851e+00
-2.507596067612915647e+00 6.593102139429976916e+00
1.883003738309784403e+00 -8.391625853039000660e+00
-6.932139451810646058e+00 1.084393414615432505e+01
2.076237222797347126e+00 -8.297691522807731701e+00
-5.456264378315887065e+00 -2.581589782969279767e+00
-2.822838755736953864e+00 3.543665736664115329e+00
-7.927164169236193381e+00 8.006938792240333669e+00
-6.838494025922239317e+00 2.294460382808981791e+00
4.480509390952912341e+00 -6.096068658005603602e+00
-6.818926696843569779e+00 8.364453633206828442e+00
-6.528263081189915162e+00 -2.504893551229107729e+00
4.847322749013097898e+00 -5.404258623244844628e+00
-7.058696148490408717e+00 -2.191744744601215711e+00
5.036989510275000193e+00 -6.253693398740118425e+00
6.932634563145382955e+00 -4.074305398165083858e+00
7.659637807911530594e+00 -2.221990880473303065e+00
-7.861804296702874506e-01 -2.982773638774000702e+00
6.620725433192125031e+00 1.168491521479744222e-01
5.699520520395864764e+00 -1.012360297415290944e+01
-7.461080353044344804e+00 -5.572881698709709397e+00
-5.942914965194100674e+00 -7.310572248911809901e+00
-3.460672085937096742e+00 2.537720253359011746e+00
8.508503823428323898e+00 -1.258259050447445571e-01
6.252867581342933967e+00 9.778384872261512983e-01
3.407074068729992966e+00 -8.669511681133414527e+00
5.852663241260423810e+00 1.280034104163263464e+00
-6.992943587540683126e+00 8.728409860516388008e+00
4.691148376066476278e-01 -3.339809451761848180e+00
-6.178971062985552543e+00 8.689706726608966036e+00
-3.462732186236506582e+00 4.853556607770501685e+00
3.507787275589658194e+00 -3.207889491343165478e-01
-2.370800623042230715e+00 -5.798423816625443372e+00
3.018527630316561350e+00 -7.375786711878207669e+00
-6.973354217344446049e+00 9.279828303927541100e+00
-4.723725014805665978e+00 3.694741562709419558e+00
2.282549104405105833e+00 -1.016749890889261287e+01
5.654740674961731273e+00 -6.310504764631650332e+00
3.370262639698280438e+00 -1.146902203579121782e+01
-7.640200158557048482e+00 7.590879944229888210e+00
6.798592798168715312e+00 -4.696554005669412390e+00
-7.805052625234612407e+00 -2.138658667990694262e+00
-2.289256723864122378e+00 4.039308835636324702e+00
-3.329765942015246338e+00 -4.909789580814591048e+00
7.154029195548714526e+00 -2.318441269459945442e+00
-4.036730785815104916e+00 5.515563841908181608e+00
1.566843889552470337e+00 -8.778090131023391862e+00
-2.535558265277410683e+00 -7.184977366236365626e+00
1.485500227842235565e+00 -8.508976944541640108e+00
-6.275174009378776674e+00 1.070500674051948842e+01
2.984909874829373422e+00 -9.614714983169204032e+00
-6.868990623054117783e+00 -1.713617569194192614e+00
-6.041711306100419954e+00 9.164760344839782746e+00
7.446383491110776909e+00 3.197884031686750728e-01
-3.037002476975954934e+00 -3.772562743150123410e+00
-2.418920152592656692e+00 -3.684686357092510356e+00
6.042441666854450943e+00 1.453400760532342906e-01
-5.145901301815213102e+00 -2.627608728195105048e+00
8.868935244297583509e+00 7.563758989283797529e-01
-5.958490281449622117e-01 -2.648927853081657346e+00
-4.167638310094353926e+00 5.543142419568081181e+00
-6.427035145851309750e+00 -3.893998755259889588e+00
-2.352158681144906005e+00 -2.228256074059886238e+00
4.664802781228376993e+00 -8.323050348465686810e+00
-2.558551047980616389e+00 -5.112935891406273470e+00
7.534818399504976227e+00 3.165389258570859621e+00
-6.352110768615058412e+00 -1.549674248557069145e+00
-3.956907855808926122e+00 -2.169208055585990724e+00
-8.176455598503334699e+00 1.024136155921805447e+01
-2.486679577773098337e+00 -5.963323971077612029e+00
-5.636944827911798406e+00 -4.357629750574973926e+00
4.193355282821628727e+00 -5.135698590620424220e+00
4.859604090156599554e+00 -5.317246768890091957e+00
3.543072209676754625e+00 -8.420950512497009655e+00
-8.763653108718861162e+00 9.175298631836144025e+00
-6.283068241105898899e+00 -3.499722147877266654e+00
7.995636859944230679e-01 -8.942938405303967997e+00
6.038932037577418477e+00 1.908052747607706046e+00
-7.410121473400309355e+00 -5.108655166979489959e-01
4.506294097807507448e+00 -1.135842685812071018e+01
-4.870684670420105888e+00 4.094541917671628894e+00
-2.851347582480530107e-01 -3.283112310167668912e+00
-2.848840160571939784e+00 -3.882176296965544893e+00
3.449125956876409660e+00 -3.698182263125109337e+00
4.557313758037743412e+00 -4.136957153227025508e-01
6.888896879130196105e+00 -5.319029252143964825e+00
-5.175319178833284184e+00 3.995729790675754955e+00
1.680954530204055608e+00 -7.779660432426179106e+00
-2.977403028406061747e+00 -3.193883314292581765e+00
1.003074913245228128e+00 -6.069321708388834224e+00
-9.467225780951344927e-01 -3.682564319541747899e+00
8.485325246845052405e-01 -3.464873543684111823e+00
-2.498307528904858632e+00 5.149063304548533893e+00
-2.976628703443719548e+00 -3.315991724625527937e+00
3.218611771423094403e+00 -9.956358632247081175e+00
-6.271142204806730902e+00 -1.816795004123831436e+00
-6.190921147993378781e+00 4.456125048850817727e+00
-8.686471508710212674e+00 -4.212008477149156160e-01
6.983168124489713691e-01 6.436290364944309950e+00
-7.045733910978084769e-01 -2.488616511414961430e+00
-8.275998193231050237e+00 9.530287135307432322e+00
-1.487187439567878577e+00 1.618360667396232966e+00
2.909616354210932343e+00 -9.708675705378190912e+00
-7.290886693600113766e-01 4.481089122039223938e+00
4.188248291544399038e+00 -9.524945614271365102e+00
6.650339605544664856e+00 3.080709774355321784e+00
-3.960115413048996835e+00 6.332396587592372228e+00
-4.967033251616671308e+00 6.935271520919841670e+00
5.722534707053704928e+00 1.921602439798441697e+00
-3.000663923458508631e+00 -4.067668243661874072e+00
1.123293173046144844e+00 -5.472230570448703091e+00
-1.713816019004426039e+00 -4.526133488817444039e+00
7.759594766891267925e-01 -4.100235170042171085e+00
-7.240950800241898300e+00 9.936255193819194531e+00
-4.422580026843204060e+00 -4.294175918450957141e+00
-5.621361471138460075e+00 6.776412395986037396e+00
2.663721532362199884e+00 1.913260747200242751e+00
-3.636084332578524592e+00 7.110158903168765754e+00
-5.137530586273647337e+00 5.580369052176056499e+00
-3.295912314122048326e+00 -5.419827244526910448e+00
4.013777190893179636e+00 7.195199852546179109e-01
-3.523018716839759978e+00 5.251326727231559133e+00
-5.237277157438198216e-01 -4.241220465881436752e+00
-4.919589328404828876e+00 -4.471115731919403480e+00
-1.274390550032436620e+00 5.138000779507938987e+00
-1.761211014485937199e+00 -5.644747943801765366e+00
-6.025352779552573423e+00 2.463775881425076530e+00
1.267043645902873550e+00 -8.425501781624708642e+00
-1.110742383381419174e+00 7.167709544449330394e+00
-1.551345664565933591e+00 -3.169281529826942112e+00
6.135824562320506992e+00 -2.825745472025584792e-01
-3.330553392323708728e+00 3.867398366740591342e+00
-6.752965836011279421e+00 1.007508630631724422e+01
2.048209570464382345e+00 -1.002162434202267249e+01
6.167206030834430308e+00 -4.617770586474014394e+00
5.009112566108997910e+00 -3.607886500800347451e-01
-2.504584268676151027e+00 6.808809245632842178e+00
8.110162549302689428e+00 -5.586179539114341175e+00
-3.224769926476648951e+00 -3.332695791977922539e+00
6.248068328518304071e+00 1.792092837348397527e+00
-1.793933437629980698e+00 6.455317293588313632e+00
-8.560943144783458081e+00 1.049197689006848222e+01
-5.088887095490450818e+00 -1.319301601081277475e+00
4.723540642570157821e+00 -5.932603805255308949e+00
3.915589797299772190e+00 -5.702452120678387359e-01
-1.497839367505395369e+00 -3.352525808467386348e+00
-7.376018883530123915e+00 3.493236532966197849e+00
-2.853478770889649407e+00 6.231209468854832956e+00
-6.966359379390426376e+00 -3.302840254898063321e+00
-2.743193091012391616e+00 -5.120469335530336785e+00
-4.324033072670396827e+00 -3.949193200470975551e+00
7.606145830544074116e+00 2.878565301131090770e+00
-1.418793767394937566e+00 -5.950192317913473694e+00
2.573530652807187735e-03 -7.277325203167347212e+00
4.947098776603248815e+00 -4.332641951192949037e+00
-5.874962557078559300e+00 -4.284194475814418368e+00
-1.204746436096222340e+00 2.926119520648032601e+00
3.743008780267973457e+00 -8.208165316798636368e+00
-2.174038789705980967e+00 5.794263519570940879e+00
8.207792770352702050e+00 2.037804901027294946e+00
8.704823419634664106e+00 -7.038125391486342863e+00
5.360584473105245440e-01 -7.169742065213769777e+00
1.961209630377510837e+00 -8.171419889502764988e+00
-6.353373414429585253e+00 4.651383482663616675e+00
-5.427373436068542389e+00 3.203775233292019742e+00
5.414861911891351021e+00 -9.023987604736163348e-01
7.632771773694273953e+00 5.238716881131000314e-01
-6.727358023865814829e+00 8.511278925730520584e+00
3.832529064147787601e+00 -4.028288021830396026e+00
1.643366912278413583e+00 -7.284613845648718389e+00
-1.262311922004226039e+00 7.116488663026284023e+00
9.207734916585110341e+00 1.208304570921101329e+00
-6.185802224619237677e+00 3.223881133758946582e+00
-1.039504824799744265e+00 -2.133643006074733783e+00
4.800808376021855395e+00 2.502969028707108912e+00
-4.005136181197883616e-01 3.290743395092579515e+00
-3.772494716635294676e+00 -3.366250685837041345e+00
9.083611708861338840e-01 -9.728021149086236719e+00
1.478925543769453732e-01 1.773368793341485894e+00
-3.279189736245448739e+00 6.053394972960613352e+00
7.327559368146157937e+00 -1.031252852223082783e+01
6.468753069789547894e+00 -6.553892171617565765e+00
-2.028992613406584766e+00 5.368696049869667419e+00
-5.339736956838047277e+00 3.982757378811547788e+00
6.211063563088578654e+00 -6.138920720029479305e+00
5.818142359965629673e+00 -5.683326652016569724e+00
-4.229251889733328440e+00 -8.208527930834429442e-01
8.202547238918956651e+00 3.972676375086620304e+00
6.432155159163549740e+00 -7.070165641342665452e+00
7.188564602534280645e+00 -5.354159182782662008e+00
-6.460538577331993437e+00 3.218626388801705485e+00
-7.039742709743197047e+00 -2.235993240433876039e+00
-2.069877388847150446e+00 -1.517847028341145155e+00
4.637179169756278085e+00 -4.597648366713817047e+00
5.913741022488470556e+00 -8.305755201048226510e+00
-6.838172012962744351e-01 -4.642342775979220626e+00
-4.116844208075354672e+00 4.028143946905771600e+00
-6.173675642788676754e+00 4.390864530790651088e+00
4.324178715733594025e+00 -4.018935818223012824e+00
3.078635559519204090e+00 -8.937705200216306878e+00
-5.072799583642667365e+00 -3.525786181080732717e+00
6.800369324231225754e-01 -2.152106417113677672e+00
-5.371075000371949848e+00 1.039235835018396692e+01
1.278327874242635609e+00 -5.958776469894123018e+00
6.768853056183337991e+00 -7.794104261667482270e+00
-6.134962847071641079e+00 -5.625018953545317224e+00
-2.792916239341519002e+00 -4.398356233053901221e+00
3.329179851852031469e+00 -5.788190936303843515e+00
9.556516393279612664e-01 -4.432052840810321470e+00
8.301373659232353930e+00 -7.427972446158191744e+00
4.893893699568190314e-01 -4.478294669422731467e+00
-5.951410245101459218e+00 -2.829482318331104196e+00
-5.053124100271579877e+00 -5.530156799423127101e-01
-3.546428645837503169e+00 -3.599481551572062177e+00
5.473165451263829695e+00 -6.299215086173545863e+00
-6.303196527093041901e+00 -4.730250242532893168e+00
1.199034273967686470e+00 -7.633555163259305942e+00
4.227062902274173695e+00 -3.694000741545484523e+00
-2.046065399243239824e+00 9.155631469445705051e+00
1.169871619981687871e+00 -6.340897177855499223e+00
-7.398865201503047828e+00 -6.430215029791274794e+00
6.172623971401919540e+00 3.855677630085958540e+00
-1.553805921345889463e+00 2.492972513351717545e+00
-2.999932455271054010e+00 -3.274119486125488088e+00
-6.444205582123542442e+00 -2.827885846732481667e+00
5.744346152003847461e-01 -4.093563784395873206e+00
6.989701058545480628e+00 -6.819438116161952834e+00
2.499097790287022391e+00 -1.027686777132135809e+01
-2.814540068953474528e+00 7.676518474203182230e+00
-3.468473817744889498e+00 6.704283723632465275e+00
-3.656925575775357817e+00 -5.589748307752033796e+00
-3.211999977583800181e+00 5.081116207121183059e+00
-3.755237153508094394e+00 -4.703981106550677360e+00
-3.787521082106515280e+00 -8.370285732865337280e+00
5.255420580543002984e+00 -8.238205648193453356e+00
-2.613268427041814057e+00 -5.786742127298838412e+00
-5.171470107704200458e+00 3.884617236918177063e+00
-4.274583319622863975e+00 2.167171624498015703e+00
-5.309348979749841213e+00 9.020699242020009834e+00
-4.979417332962592369e+00 3.555760667907337247e+00
-2.604116761079713793e+00 -4.054724797166683103e+00
1.753846475694295304e+00 -9.646482061401835395e+00
-6.680739944241920192e+00 9.296731341530103165e+00
5.570919634704824652e+00 -3.571884892449320059e+00
-1.801861140332937428e+00 5.667007580605831762e+00
5.893298300511377263e+00 -1.493826045919570689e+00
-5.296755233529065521e+00 -6.116048565881932575e+00
-2.534876822930935969e+00 -5.331491389978024742e+00
4.401300626117705228e+00 -4.951670622462318150e+00
-3.704585287809265548e+00 5.812202706586962364e+00
7.193752698852754257e+00 -6.396979886461758191e+00
-1.773575527747021319e+00 -3.811995750590075005e+00
6.545831172125366137e+00 -4.189429171134641194e+00
5.296911005283206464e+00 -1.037090890915713359e+01
-2.126635764048585564e+00 6.625573043942066143e+00
-2.979869515792544554e+00 6.018027594524389734e+00
-8.470077237862298603e+00 8.854727584066475643e+00
-2.108669908817341287e+00 5.599039266005107152e+00
-2.251859059590052503e+00 -5.310938138159340127e+00
-3.207791086415157089e-02 5.485805458236531429e+00
-3.088874000863356173e+00 -4.013531311618030450e+00
3.401164101233842274e+00 -8.242384881102312377e+00
-2.426248772270943377e+00 -4.460605067860397455e+00
-4.403745888965729272e+00 5.751844834692965591e+00
5.097677143733285732e+00 -1.032072081537486419e+00
-2.977986074441959286e+00 -4.059684460710645482e+00
5.997216089995665023e+00 -6.778473753962510617e-02
4.901669679356691844e+00 -7.680747903677679567e+00
-6.080351216698044681e+00 8.366031593622974327e+00
-7.294898709844090945e-01 5.162835904914350849e+00
3.023566377048215958e+00 1.062686067410545387e-02
1.416046980702092117e+00 -7.884385443668090687e+00
-7.247437883452571228e+00 9.078865622290154036e+00
-7.030092761078096331e+00 8.405961405966611011e+00
9.068317326913213350e+00 2.893230762163607750e+00
3.408058021784868163e+00 -9.232367901104550967e+00
5.521817508214261316e+00 -2.871787728782283278e+00
-2.366917716430704477e+00 -3.836140881505239353e+00
1.192217817734812613e+00 -4.155587536870755550e+00
7.556780387126106113e+00 -4.895511925086479366e+00
-5.980457415444799807e-01 -3.542595718657721271e+00
-2.066769991851372001e+00 5.054246730295922418e+00
-3.234699175054351450e+00 -3.409474258434205041e+00
-2.170511965919806663e+00 5.608740487993174817e+00
-6.304181715305059441e+00 9.815516070196228071e+00
5.339110057097994577e+00 -5.016647669702439805e-02
-2.552709531143981803e+00 5.183038164079896148e+00
-3.103841830158499349e+00 6.433502696795065035e+00
-7.466529802417518624e+00 -2.292693823082838200e+00
5.749128510234338130e+00 -3.626481411968689450e+00
1.904253289785452719e+00 -8.290904032944046875e+00
-8.641131526415797737e+00 -6.108965844974046933e-01
1.975386765241779807e+00 -7.795684779553448962e+00
-7.205612810525411582e+00 1.022907492655232353e+01
3.860003832204399910e+00 -1.014943966171566903e+00
6.435227641245730545e+00 7.868355552773993455e-01
-3.946953512965004407e+00 4.273246583711671320e+00
3.557987044086909467e+00 -1.037636997566085562e+01
-3.746342659318922852e+00 4.638429151686782603e+00
-4.931779583607799999e+00 5.224596654029868503e+00
3.758769811000107097e+00 -8.022215193911192088e+00
-7.263219784707553472e+00 -4.412578185626603755e+00
2.928604159463615630e+00 -7.757819479393652351e+00
-9.348964073630549265e+00 -1.814972737387499979e+00
-1.887007036231481027e+00 6.585685624797852356e+00
-6.165243912088287814e+00 -3.724652731187728438e+00
-8.155487026290330732e+00 2.616959555303111085e+00
8.483510258504747270e-01 4.946378479235911563e+00
6.425641039792737708e+00 -2.223706322453550488e+00
2.613904661869416834e+00 -9.909837754049240388e+00
-2.522677859297102199e+00 -4.257782064125798627e+00
-5.561877296133000748e+00 5.445980308716610097e+00
-7.726033486960949048e+00 2.679089349027563571e-02
2.214188535830481364e-01 -4.002428318137559060e+00
3.104989080527150058e+00 -8.000670479780634281e+00
-1.363566584356167732e+00 3.863453591707392221e+00
4.807931783127719072e+00 1.077025261944404955e+00
-1.693320549040353340e+00 5.208350739910870608e+00
-8.329932522619381885e+00 -4.788116728094935048e+00
-2.914132499778984808e+00 4.629825576214655847e+00
-5.695630111718708477e+00 -6.272529629647610960e+00
-6.790073963748097796e+00 3.850188749175885938e+00
-1.967825996975333336e+00 6.181129890719998521e+00
-4.415268284348970340e+00 -2.025687685194144549e+00
6.480475396034850455e+00 -7.909103766451190509e+00
5.744634944643659757e+00 -5.627393352249665526e+00
-6.877354331572686164e+00 -2.182514006338287516e+00
2.774386457562672437e+00 -1.208733584787393589e+01
1.442473391913475567e+00 -7.480089474727233068e+00
-8.447869750740013117e+00 8.740845119124537987e+00
-3.844044471416632192e+00 6.430662600316418676e+00
8.618099702296326825e-01 -6.331209040426366563e+00
-5.819728662028026633e+00 7.911555154961622094e+00
-4.920361150347531520e+00 -3.319927748978223736e+00
5.190410540533469508e+00 -6.967452935814193005e+00
6.685996030102695720e+00 2.592981787929046433e+00
-6.755237192002725877e+00 1.140806305582553826e+01
5.264055639286485011e+00 6.015581175995958763e-01
-3.692762062897346098e+00 -5.286166973070478114e+00
-5.228469840799859547e+00 -5.078516688631225406e+00
-3.347921170805627344e+00 -5.521779136909488628e+00
-1.418953126682013455e+00 -2.307540555651308445e+00
-7.023461389562905666e+00 -6.322554320884679058e-01
4.131097351190962108e+00 -9.146936051232206211e+00
-3.366796767050499906e+00 -3.477929123444061688e+00
7.464220328245836811e+00 -5.600399027186377054e+00
-4.986681940642814226e+00 -2.316476400645642642e+00
-1.739245547542318082e+00 -4.317692265884312874e+00
-9.043352126721826423e-01 -4.784593336748289794e+00
-5.948790760599880656e+00 8.543695960775169240e+00
-5.313171250452946914e+00 5.137607871951436422e+00
3.358553744332635205e+00 -9.327469474538167660e+00
-5.221177180139017437e+00 -5.109007013547386400e+00
3.378608606178920226e+00 -1.002150590612045100e+01
-1.036390337674771844e+00 -5.626957330922802036e+00
-2.097643928568606597e+00 -3.724985740180764893e+00
4.645778678189588895e+00 -1.410030394517189034e+00
-6.251211889941928668e+00 -2.697624629025979104e+00
8.582708939264716008e-02 -4.370920812345112871e+00
-3.294828620948719866e-01 7.169153808442114695e+00
-2.670635122847332177e+00 4.121407653492846990e+00
-1.627452598398111849e+00 -2.934599619958710548e+00
4.988629811461155583e+00 1.643985377674836323e+00
-3.727927786791431775e+00 -3.520368420927258768e+00
-1.654113656155125067e+00 6.771438693198078340e+00
-5.565566268633941327e+00 3.889678806258895616e+00
-5.926449432856832011e+00 2.246134731354552994e+00
5.978051209084991768e+00 -2.623832004537576701e+00
3.666122749320350316e+00 -9.475604736657155414e+00
5.051440554683581219e+00 -6.034368643295784373e+00
-6.178325831058796958e+00 -3.757218141920020571e+00
-4.149890313173745682e+00 7.468875455547168585e+00
-7.780092742890295732e+00 1.080451276879275291e+01
-6.353108363777001166e+00 -3.816942528891340558e+00
-2.260567305562877216e+00 -4.127961563683673063e+00
1.180273899793135017e+00 -4.090626360250861460e+00
-5.756817822949648722e+00 3.300651131388783632e+00
4.079021729642295035e+00 -1.901737723024410909e-01
-9.688490807527038839e+00 -1.237900960216379520e+00
2.369994854301859633e+00 -9.545911699514762816e+00
4.027495160872779145e+00 -1.006507634289211239e+01
-1.839946773104644384e+00 -4.533688112175676466e+00
3.139316909465501571e+00 -8.089802673177194592e+00
-2.237382923841707782e+00 6.197026452423491705e+00
-4.803673061815922907e+00 5.335030430516276567e+00
-4.773518799090157749e+00 3.326163517089625543e+00
1.318925061966569778e+00 -7.273540602413001821e+00
4.652389480863741156e+00 -7.993998668589052947e+00
4.959555775599008287e-01 -3.675916672197301338e+00
-6.683522935698339218e+00 -3.931642511417360542e+00
-6.885819430991441337e+00 4.166143019043144768e+00
-5.809222954419757556e+00 5.606303249896275709e+00
-3.878054203415724821e+00 -4.721492657378797198e+00
5.865119586668248175e+00 -1.862287316810737448e+00
5.916873601903233748e+00 -6.798375895828658422e+00
-3.368219495955592002e+00 4.975664373123165340e+00
4.248335098112751673e+00 4.952478607361622265e-01
9.995457018505798930e-01 -7.820301224797200135e+00
7.558386626186230473e+00 -5.190719108301433238e+00
-3.284034453462040926e+00 5.315351248908227078e+00
6.896183639908310958e+00 7.185964276391025862e-01
-3.074964154689132645e+00 -1.960209905939554798e+00
7.473800238205080326e+00 -6.512531685872183118e+00
-3.443170254138001152e+00 6.453531422621416880e+00
-6.345262992616175879e+00 3.006302485792238244e+00
-7.060293814853382699e+00 8.316921266555143077e+00
-9.069811841353569548e+00 -3.683988394235861552e+00
-2.334246001086635047e+00 6.744555430258074580e+00
-6.748003237757827399e+00 6.322191790664993150e+00
-4.842107187809036262e+00 3.030905274629342117e+00
-4.657538412003535022e+00 4.877321284642230026e+00
-3.542735911351572398e+00 -7.158035933139291984e+00
3.977638204066784589e+00 -9.087223152945679061e+00
5.924370631190493341e+00 -5.448255928591163588e+00
6.456088098060574154e+00 -6.181579902858473474e+00
1.541638543190949839e+00 -9.993513556836770562e+00
2.576006458439140889e+00 -6.065227146277571535e+00
-5.578514680456108543e+00 4.768337968091368673e+00
-4.971822160767577437e+00 3.945247453195547038e+00
9.784235190084110689e-01 -2.578409170950039186e+00
7.251659045472022669e+00 -4.140136860910826888e-01
-5.659604523984563151e+00 -4.212496578104845568e+00
6.739501203584846722e-01 -2.951266734128463298e+00
5.748642538023299942e+00 -3.942600269655407885e+00
2.976988791878545815e+00 -1.096140965867726003e+01
-5.130210010550715793e+00 2.621486521739087472e+00
2.404104202433541726e+00 -6.665664157854935823e+00
-1.880532590376837732e-01 4.652248958417305680e+00
5.158025208764663638e+00 2.737212823733450762e+00
-4.866379075601113158e+00 7.178256849640475501e+00
2.288796778748534155e+00 -1.077848010953965208e+01
4.679962490199684133e+00 -5.095492062020302804e+00
-4.231134978519369483e+00 -4.190405922452479892e+00
1.112643303332486955e+00 5.314996204008065384e+00
2.386216453506243340e+00 -8.654500157901068746e+00
-5.561104969847937340e+00 -5.051292297596430281e+00
-5.520271828545397774e+00 -3.479839118823106148e+00
5.070429501995880273e+00 1.286185367233385834e+00
-1.448139884485728501e-01 4.978740231841029207e+00
-2.967553932443630638e-01 -4.777821452012459780e+00
-5.605893921151968939e+00 -3.877759590949104052e+00
3.360352170976962372e-01 -4.075133815347692590e+00
5.826650280830920625e-01 -3.567679739846287834e+00
-6.735509796019683471e+00 1.046609195376706403e+01
-2.844701823452298939e+00 6.365902329258751990e+00
3.858041209930342497e+00 -1.529684214578690860e+00
-5.718218952848082459e+00 8.106775344183292376e+00
-6.793774595708912400e+00 -1.881062673728582491e+00
5.490871129448665622e-01 -3.937428019276411728e+00
3.001184587528404890e+00 -8.243538653396173643e+00
6.932973251198970566e+00 -8.752096334240134112e+00
-2.077567759085175991e-01 -2.852255530504532288e+00
3.191877708059885688e+00 -7.904453829829392042e-01
-6.511631770765498928e+00 2.453805690735797462e+00
-6.845028623694804359e+00 -1.041561648200085122e+00
2.439607909101662919e+00 -7.077630449277570790e+00
-2.920742800203378398e+00 4.682944239562673694e+00
3.748581353303816144e+00 -2.977138097741643397e-01
-5.416811684301225505e+00 3.340678504233928869e+00
-8.746843685326703977e+00 8.592774155508227096e+00
-1.752584605719254895e+00 -5.142593238980445847e+00
8.094578468467917176e+00 -4.669829683739907367e+00
4.164570583095676071e+00 -2.894554147965350488e+00
1.564536102641197690e+00 -5.115350873912177576e+00
-6.134659807350791638e+00 -4.300250421451811356e+00
5.157223011978210536e+00 -5.484056084708551104e+00
-4.491492157971403998e+00 3.782812447182504201e+00
6.078349269341110528e+00 -3.505935211880011337e-01
7.756525864371630163e+00 -5.299289092898071374e+00
-7.669874442178385543e+00 9.880925999192221809e+00
-3.486663903191759672e+00 -3.694577294823216729e+00
-5.850089258557019889e+00 2.124772295653989396e+00
-2.969286811393623271e+00 -6.459655991148886223e+00
-7.390905107596781320e+00 1.000932161129593112e+01
1.725177167849812898e+00 -7.085781658723968590e+00
4.632620650834695653e+00 1.494338288978829921e+00
3.612122770582608666e+00 -1.263856779358957905e+00
-3.583465303234413035e+00 -2.239750439326528397e+00
-1.517012518836291957e+00 -5.363269872586424292e+00
-7.248379183299251682e-01 -5.743216082173796977e+00
-2.865763353536092239e+00 -5.455094687213618343e+00
5.829122254792443947e+00 3.314841444167970774e+00
3.474448837258365064e+00 -3.965139943977987080e+00
2.106831232134803500e+00 -7.849775932116273225e+00
-7.194670757523376814e+00 8.388813595597952144e+00
4.667224065664206556e+00 -1.003765932136456307e+01
-3.607488933540285547e+00 -4.110343213281002939e+00
4.881453805713633187e+00 -7.956970986446711969e+00
-5.672753962353196400e-01 -3.817574589901024051e+00
8.378950536775480185e-01 -4.384063527720901909e+00
5.064915756947821812e+00 -6.175112048759955563e+00
3.128217947754705186e+00 -8.190226969438571203e+00
-3.338426268221169835e+00 7.788804259364157545e+00
-4.897747583690930107e-01 5.292602775022855255e+00
-9.114647696193534099e-01 -4.587945746801888269e+00
6.327728318047728173e+00 -6.236523037536606751e+00
-6.057294790847064014e+00 4.848723204525373198e+00
-2.712977084934359517e+00 6.518313647001639843e+00
1.637700844494347940e+00 -7.339321738975843168e+00
-5.642656452715419491e+00 -2.147941910918049757e+00
-5.789641304926596455e+00 -5.206000030247027510e+00
-3.267816547576057218e+00 -5.287507722438254731e+00
3.545346285562437139e+00 -6.334187463323833533e+00
7.237141949613656422e+00 2.630532240557497126e+00
-5.351132624361426338e+00 8.174264939200494240e+00
4.448535944057094405e+00 -3.391878024236171463e+00
6.890481373760882100e+00 -6.152417659789264803e+00
-4.077198332182534024e+00 -5.684406008058203064e+00
-4.531551581260621298e+00 -4.802139087477232948e+00
-5.495680428941957629e+00 -3.701021078565235101e+00
-3.413954374680405301e+00 -6.269325288257896034e+00
1.518480537216659210e+00 -4.138537609395005923e+00
-4.559327146413936660e+00 2.719598342192695029e+00
-6.169825119928549206e+00 -7.038530546353531037e+00
-3.096119853335765004e+00 -2.164866983292551783e+00
7.727056267574186954e+00 -6.775546508730336370e+00
-3.390224804315914220e+00 5.179840203713978575e+00
-5.703636441118129952e+00 4.708216909180903187e+00
-1.783169638271770552e+00 4.239594644410267676e+00
3.654070365141169674e+00 -4.259540906905800561e+00
7.825516759793611499e+00 2.644024934873556720e+00
-2.298566232835023371e+00 5.596196746102513053e+00
4.550652861751404821e+00 -8.753993741113113458e+00
-4.622788166782813235e+00 -1.492139425621726634e+00
3.486537595815336843e+00 -7.956244916902877051e+00
-3.771097355560264930e+00 -2.405596502020632244e+00
-3.593023772017973627e+00 6.467077109833001103e+00
3.391906398980408355e+00 -9.671995426653321459e+00
7.201413859892435099e+00 -6.685140270342122548e-01
-3.620597800575163561e+00 4.612055457638439826e+00
-3.794982764576634970e+00 7.546300696471117675e+00
1.201413034643566302e+00 -9.756924296827223841e+00
-4.469439065892507834e+00 6.960701512731083618e+00
1.053779739989220232e+01 1.682857111716754117e+00
-6.576100960262802886e+00 9.135575384251357178e+00
6.574899487229498796e+00 2.349067162934484809e+00
5.031948638971990739e+00 -9.519030308233269011e+00
-2.164549264388274885e+00 1.836326874146259946e+00
-7.418265847867727025e+00 7.913833430068721420e+00
8.209994235330009715e+00 -4.717313518749227441e+00
-2.179695723163697529e+00 -2.575220135521889553e+00
-3.838172877364232960e+00 7.444199855344256989e+00
-8.655972729692599898e+00 -4.371579530225158550e+00
-3.044996915670044046e+00 -5.353591196891722248e+00
3.195892759622031676e+00 2.015839839820742219e-01
-4.279222273041206392e+00 2.055497911357704766e+00
-9.578111330048915129e-01 -3.446417565433269825e+00
-8.170971241009853614e+00 -2.535223931159744204e+00
4.145139546251283669e+00 2.952768637628087944e+00
-1.730083096329682268e+00 -6.866378964760247783e+00
5.358899232728968620e+00 -6.832080219007246491e+00
-6.357456215293785462e+00 3.301132016362830157e+00
1.201542201318023473e+00 -9.372237311373973867e+00
-6.017891391794390366e+00 3.867072952898068294e+00
-4.806484288309370356e+00 5.896073738898349959e+00
2.298080860471173104e+00 -8.098690069267224345e+00
-1.023002856932063720e+00 -4.737540486771198545e+00
-7.918824948799878527e-01 -8.674512294558548220e+00
1.097550317659263142e+00 -2.821778680067513534e+00
5.885158357032186593e+00 8.071234716150392785e-01
6.715180860327679468e+00 1.378355653108767509e+00
-1.778968964651524765e+00 -5.338778802691550140e+00
-6.559001489106522698e+00 4.300974411712386036e-01
7.271889362465879358e+00 -7.238483195825262229e+00
7.514127121612174776e+00 1.697378051317336212e+00
-7.295976210359245151e+00 -1.754059885445705014e+00
-4.636632259606035866e+00 7.935192517837958093e+00
3.293907438784032138e+00 -5.459834492808841588e+00
-8.048058033681311230e+00 7.465925314561591364e+00
2.907406149286535957e+00 -8.064803558784063853e+00
-4.941189402219209548e+00 -3.767650137912201824e+00
6.313062927366025257e+00 -5.466066009057008124e+00
3.439858528045275143e+00 -9.164934425436923604e+00
4.306234932555498496e+00 -7.326820504409994328e+00
1.945416059043603152e+00 -9.783735410908068530e+00
-6.186347727121153994e+00 8.682264250865200594e+00
7.940718686721019104e+00 2.202974352279154058e+00
1.597689559805482773e+00 -9.034934705787819098e+00
-5.827774181007171705e+00 -1.950739364416587129e+00
-6.795108000471643983e+00 -1.939877020288868215e+00
5.532407826893520841e+00 -4.309097956299906329e+00
4.435144862516884778e+00 -3.874803514212059596e+00
3.634551296053014191e+00 -4.737159174939426620e+00
-7.493504309468273838e+00 8.177687798631007254e+00
4.943704571099825529e+00 -5.010184628310203614e-01
6.309537716618967007e-01 -4.407736069551844160e+00
-7.939050901022315365e+00 9.079687159816904440e+00
1.906579425077121304e+00 -7.569236018779057495e+00
2.371596373684488945e+00 -7.604220483947500497e+00
-3.824842386665027849e+00 7.118327004656924473e+00
2.385998287678296137e+00 -2.959841681276081715e+00
7.253997743050397240e+00 -3.641375632050007471e+00
-5.194368187465140174e+00 3.933570653966362851e+00
3.987832148008717326e+00 -8.985281111250927211e+00
-4.003754942373900505e+00 2.860124317582754205e+00
4.374710386505179294e+00 -9.043570957187581527e+00
7.897819662113084505e+00 -6.007219802032452094e+00
-3.352180610482858647e+00 8.765392807960983745e+00
5.599342554413808237e+00 -3.852035367059076343e+00
-6.145630572364789934e+00 4.144663458474033391e+00
-1.583544990589793588e+00 -3.186379351342580435e+00
-3.827219412787186137e-02 2.245613866128951752e+00
3.561827111831226134e+00 -9.927909113861971946e+00
-6.994948957742971984e+00 4.618142551364403658e+00
-6.056765747986123216e+00 -5.279543923666608407e+00
-2.920294646198330124e+00 4.844551935766210349e+00
2.321643067437066943e+00 -5.682460578993168809e+00
5.013169952153927689e+00 -5.952788488021743873e+00
4.710615102957190103e+00 -4.538709529532041209e+00
-4.784889702222590024e+00 3.224200862047873262e+00
-4.602704983117480886e+00 -5.300993119542818377e+00
4.496734774287467040e+00 -1.112529594859092796e+01
6.469282065544265770e+00 2.528984466580039836e-01
3.024715257712884409e+00 -4.918118471310745754e+00
-3.618254972229765443e+00 6.421080156391453464e+00
4.375761607863854152e+00 -9.350697188451739805e-01
-3.089390258562536573e+00 -4.916591602296494834e+00
-2.446870216177063906e+00 8.740846778365286340e+00
-3.506500188088460757e+00 -3.568342171840045651e+00
1.454524192105691172e-01 -2.223195023851973762e+00
5.743659685214645094e+00 -3.275091235082980834e+00
-1.267294436886016173e+00 -2.944193254893705536e+00
6.421875819407623087e-01 -7.938362365742382742e+00
4.074102720003037525e+00 -6.927466779260291752e+00
2.742177959871917814e+00 -1.107951731538772400e+01
7.847981630819154120e+00 4.565007239698529062e+00
-4.894726285508806285e+00 -6.734299127073389846e-01
-6.862554396691016301e+00 -2.285038521953575597e+00
-5.687813402002659835e+00 -1.228043538324883333e+00
4.728728236460938206e+00 -7.848629908550041279e+00
1.775841448097196462e+00 -8.458754082513647576e-01
-7.875463892582609482e+00 1.046830783718279534e+01
-1.268672151685331206e+00 -2.380935109723366416e+00
6.642328020680001721e+00 2.415326352763972118e+00
-5.135754099542032769e+00 -4.938780853047177288e+00
-2.965055850520193825e+00 -5.265801533867795037e+00
-3.534438306605455438e+00 4.946411722620105422e+00
5.615769900443036811e+00 -2.100633417685574322e+00
-5.656384367401697588e+00 2.652843667705520048e+00
5.472655219273742766e+00 -4.635693918812872072e-01
-6.921885840250045163e+00 1.488683676128288003e+00
6.525444211569942254e+00 -6.379763007323998814e+00
-3.806212112945537740e+00 -6.432061730947992828e+00
6.401258980380823971e+00 -7.110121813681248959e+00
4.833822802464276869e+00 -6.570327873108926298e+00
1.506062434950046658e+00 -7.545113473177996077e+00
6.381589373433159018e+00 -8.840228965210084056e-04
-3.995236277613344100e+00 -6.062259752435007698e+00
-6.897384213321016588e+00 -3.113380388444442204e+00
-8.976038835695202778e+00 -2.006558775180662835e+00
3.180971756211119938e+00 -4.259428100758810842e+00
-6.603720653047601807e+00 8.945305009295578813e+00
-4.101287213788867625e+00 4.633105780541820096e+00
5.747706887798293529e+00 -4.320287868766754968e+00
6.485780396794868174e+00 2.575714113877469735e+00
-7.117235097348758366e+00 -3.962267772278319278e+00
-4.540776174348525096e+00 3.960620794162473146e+00
-7.834272010711814893e+00 8.349535474300568083e+00
-3.536495202952878003e+00 7.285661826012363562e+00
5.982751467001021339e+00 -1.424538266301486500e+00
-6.205549602760648042e+00 9.303182701048799075e+00
-3.467163349048298038e+00 4.436213949790925426e+00
-2.636633628596611878e-01 4.752827712993048515e+00
-5.740095513436930474e+00 -2.526694685058227030e+00
4.678881548501379939e+00 -9.890182009988103928e+00
6.983226724801141927e+00 -6.366806333102974946e+00
-2.230316862191875860e+00 -3.921935333800875334e+00
-1.937640602168944959e+00 5.411277460126987293e+00
3.745158061362188207e+00 -5.586121696480685905e+00
6.840952687041794711e+00 -5.425437628887820551e+00
3.692813288303667285e+00 -9.989356497852691419e+00
-5.240112517081873200e+00 4.108519620977399534e+00
-6.061284001095497587e+00 -1.548263836934352433e+00
-6.403140443188916286e+00 -2.481141741442655757e+00
2.823729253437974318e+00 -3.956210708112675167e+00
6.118284419638804650e+00 8.757983372967304003e-02
3.548561205514400907e+00 -6.051486002770336547e+00
-2.064143665257784477e+00 -4.969069997725148902e+00
-7.187587070566461733e+00 -1.729637321734142086e+00
-5.641402903793913737e+00 -1.860682892119343013e+00
1.659268112448313737e+00 -4.691359416920828806e+00
-2.243430617864076382e+00 3.938333599329163714e+00
1.418105671375727184e+00 -4.295844065763798625e+00
3.440011594451122257e+00 -1.337976731290745125e+00
-2.425205145685009889e-01 -5.654630912308279633e+00
3.926616841468722363e+00 -9.276571692673661218e+00
-4.398174315111804233e+00 4.532079408753676653e+00
-2.507045287187914084e+00 -6.955119022645190441e+00
-4.852505171957638197e+00 9.261278426575133338e+00
3.902340880376787613e+00 -8.122305977343446060e+00
1.081711465204596490e+00 -9.192469374419783179e+00
4.530220318034504423e+00 -1.309055993710771126e+01
-4.357848406086133330e+00 4.857975808956569885e+00
-5.793932150437083983e+00 9.592834205134696646e+00
-8.210175034907209124e+00 -1.001225048982037569e+00
6.978271649537201249e+00 8.010400169652968083e-01
-6.652436155670057971e+00 -2.896799166341422982e+00
-6.644782830574935240e+00 5.194390246669615685e+00
5.500739408763493543e+00 -6.541940677117307201e-01
-6.060964215275803646e-01 3.973078533050045547e+00
-5.804153619653606988e+00 -1.009366256755812152e+00
-8.537374852537000791e-01 -2.754648885405719838e+00
5.433344651985979823e+00 -3.007488011991822585e+00
-4.436546082112850620e+00 3.555794297110074886e+00
-7.784197827155658889e-01 -3.059825523038680828e+00
4.622332017102285029e+00 -1.216528838780729593e+00
1.525421630272342455e+00 -7.225626319752683102e+00
-4.015359263445844817e+00 -5.544021522960351334e+00
-1.728365472996069574e+00 -4.365330422663219245e+00
-3.068960345163981973e+00 5.424807873813394465e+00
-7.349895627511165763e+00 5.808144177348744108e-01
-3.800893765803723845e+00 5.543704906628474482e+00
3.937492410326920211e+00 -2.194499889399305292e+00
-3.385219511458343877e+00 5.155499140059625063e+00
-7.463743155258886652e+00 3.083932964245241770e-01
-2.552286564292531867e+00 -5.237978050259537000e+00
-5.558803451478259383e+00 4.345462281109971237e+00
-7.531982613223874523e+00 -7.278480158823787960e+00
-3.984456400064661175e+00 4.179380488321895903e+00
5.276265137248302928e+00 -6.547290794230802291e-01
1.781758809841069047e+00 -3.355585022420176866e+00
4.910524805858826447e+00 -3.647533459021006230e+00
6.650769474143108262e+00 -4.630187299128793121e+00
-4.538937277993520425e+00 3.033335489501132187e+00
-5.802201369095522310e+00 3.785074302386897127e+00
5.787623469912166030e+00 -2.152582149946107304e-01
1.945390932137642137e+00 -7.799448436071711122e+00
-1.480401097887452444e+00 5.178798439241383278e+00
2.011926870590364125e+00 -7.492199428808262951e+00
-2.694208195518094762e+00 -4.125294461509670718e+00
-7.290324494099387209e+00 1.022801332513111205e+01
-5.394542108635922872e+00 2.600714642676243749e+00
4.472490322665172435e+00 -9.930493889970588572e-01
-5.601166318499318564e+00 5.011785308864786792e+00
6.375509675507600171e+00 1.229295063170820601e+00
-2.044675428222579860e+00 -3.808896089154264697e+00
-7.939655717592084549e+00 -2.905177210074909588e-01
2.570728531621671920e+00 -8.415373234958703819e+00
6.163150788402584013e+00 4.893650590587556026e-01
4.372258492537588026e+00 -8.713253577757618107e-01
3.586065505766581119e+00 -3.987939319539765659e+00
3.047027820971552003e+00 -9.694430120884469204e+00
-7.172730199007551377e+00 -2.900498540832583849e+00
-3.224578127212879508e+00 -4.109783431002268728e+00
6.982575434050191099e-01 3.284110301759568085e+00
5.779781097996025352e+00 3.258166191357867447e+00
7.467113477220951978e+00 2.427278930323595318e-01
2.908266835677801865e+00 -9.782390783463604578e+00
-3.470874156955097156e-01 3.523083634674658349e+00
6.299440776851710666e+00 -4.549448241269800519e+00
-6.188161936258533835e+00 -4.952381637144547710e+00
-4.946278403961000159e+00 -3.483370947020489883e+00
-1.136370077330582262e+00 -6.695644045725485327e+00
5.582560420852701100e+00 -1.609247381129214949e+00
-1.440194169886812592e+00 5.555634959339639245e+00
2.105808906326911867e+00 -8.069462865203576030e+00
4.918340088519394193e+00 -1.278254630021580240e-02
-5.623417935549134050e+00 4.222899468212482077e+00
-4.498192221180286055e-02 -6.114919062706668740e+00
5.630826343038106252e+00 -7.010331833002794610e+00
-4.832759985150107518e+00 3.848972528999277998e+00
-6.778608834815869066e+00 -6.257680777767859581e+00
-4.969824416170512293e+00 -2.696529548986199565e+00
3.436555183019470050e+00 -6.232275929531957637e+00
5.388033965355613297e+00 9.471262025132836104e-01
-5.538254052804867378e+00 -1.620121775430220623e+00
-4.003253376778690864e+00 6.074837181389407093e+00
-7.245261527521305034e+00 -4.137554486176667545e+00
-6.698335461954778580e+00 -4.804032649506877029e+00
-2.120971573131875676e+00 4.051057161000916729e+00
-6.423307380806364542e+00 7.964519940427822853e+00
-7.330573651480895236e+00 1.001320117544607413e+01
5.955816479737707780e+00 2.295055463892620828e+00
-4.070166624456453164e+00 4.862983276654924580e+00
7.398751432153599872e+00 -9.002727259457952158e-01
-2.135503091681747456e+00 6.539252596876689694e+00
5.323798938789023438e+00 -5.474449153633409004e+00
-2.002253547416531276e+00 4.471046720440534195e+00
7.847035341696313893e+00 -5.630124014109494368e+00
6.413282121212344755e+00 2.313504921452117280e+00
3.668855486802160559e+00 -3.811791792114555655e+00
-7.692934148653639781e+00 -4.075674837212932999e+00
2.354856384115879830e-01 -7.490046599275101968e+00
-3.772783549689262550e-02 -8.019330876196280045e+00
-5.932433435277011391e+00 -4.557250211986941579e+00
3.592753408928470726e+00 -1.049358506772250443e+01
-7.608506923251802334e+00 -1.094854315964535196e+00
6.779635695297880904e-01 -3.366279453859091220e+00
-4.797986304580961203e+00 2.793475084835165489e+00
4.898301172804492509e+00 -8.248587660039393699e-01
-2.013894162421050460e+00 6.730211737864605581e+00
6.112922913837570693e-01 -3.860003813766641478e+00
4.209866006080185130e+00 -1.087623711161462658e+01
-3.157773899198208500e-01 -2.828671446865955730e+00
5.468453764053887944e+00 1.269526418928492051e+00
2.658795168166276479e+00 -8.850457112402658311e+00
4.967782973879756980e+00 -5.545842051484289215e+00
4.520531064900241702e+00 8.604648101055412113e-01
-3.530728678842536272e+00 -4.503694447706444670e+00
-2.017388249989659155e+00 -4.063126980898312368e+00
