0.321464 -0.145944
0.114504 1.064279
-0.004270 0.942698
-0.436499 0.271661
-0.297195 -0.979149
0.085600 -0.419599
-0.051104 0.424842
0.100588 -0.311669
0.109468 0.403012
1.011457 -0.225707
-0.875830 0.548021
-0.119693 0.430513
-0.179514 0.984543
-0.295920 -0.216845
-1.015005 0.014663
-0.276143 1.006517
0.410879 0.130756
0.814425 0.547924
0.835780 -0.533485
-0.328281 0.228658
-0.045072 -1.027634
0.466322 -0.887542
0.206273 0.371753
0.179025 0.945549
-1.064434 0.229564
0.915441 -0.039666
0.302928 0.110046
0.344595 0.207315
-0.628838 0.798460
0.130160 -0.369568
0.012999 0.321988
0.716625 -0.716982
0.519460 0.824641
-0.083053 0.401284
0.564976 0.961062
-0.451692 0.946500
-0.718698 -0.576070
-0.129953 0.992713
-0.281041 -0.314215
0.597177 0.761667
0.965593 0.235984
-0.213320 -1.015874
-0.280721 -0.341692
0.796147 -0.546155
-0.266103 0.294979
-0.961657 -0.212073
-0.880765 0.467052
0.488649 -0.840562
0.990097 -0.008591
-0.099012 -0.961748
1.008146 0.138269
0.461242 0.839729
-0.848052 -0.384742
0.617044 -0.841120
-0.453904 -0.838706
0.400807 -0.945834
0.444446 -0.945222
-0.027667 0.306818
1.028609 0.514165
-1.010016 0.087379
-0.963654 -0.235285
-0.558688 0.934484
-0.660358 -0.685096
-0.007892 -0.498610
-0.155519 -0.282585
-0.327358 0.194260
0.442829 -0.138901
-0.007259 -0.407859
0.092452 -0.404547
-0.560872 0.802349
-0.394837 -0.236729
-0.390079 0.036190
-0.161391 -0.352396
-0.977668 -0.173576
-0.302754 -0.217704
-0.936320 -0.169006
-0.284435 -0.312898
-0.437688 -0.058359
0.376718 -0.164581
0.296165 0.872540
0.998444 -0.076276
-0.225943 0.238799
-0.610947 -0.748533
0.964038 -0.243759
0.960668 0.393521
0.331321 0.280313
0.257367 -0.895884
-0.210494 -1.041156
0.209783 0.290943
0.199109 0.374655
0.137380 0.411921
-0.732451 0.758759
0.227529 -0.364137
-0.118619 -0.440744
-0.072468 0.395775
-0.392964 -0.150704
0.975022 -0.035428
0.107753 0.466654
1.032713 0.077760
0.269004 -0.350148
0.346995 0.230523
0.972554 0.317141
0.335412 -0.006069
0.954676 -0.348678
-0.324678 -0.191958
-0.032025 -0.961287
0.309890 -0.014651
-0.271352 -0.251057
0.421083 -0.092705
-0.022165 0.382048
-0.141251 -0.407900
-0.702796 -0.792782
0.809986 -0.567356
0.343363 0.025405
0.811405 0.639647
0.264633 -0.295198
0.031573 0.956002
-0.634256 0.862363
-0.313257 -0.939103
0.628853 0.859658
-0.142369 -0.409250
0.200101 0.297678
0.571729 0.821117
-0.259320 -0.250121
-0.348694 -1.006681
-0.884327 0.480754
-0.986312 0.339983
-0.453425 0.088782
0.874411 0.387370
-0.401261 -0.150425
-0.254119 -0.222696
0.146156 1.025431
-0.372043 0.241437
0.812258 0.552130
0.338990 0.253086
0.294985 0.946830
-0.793806 0.486021
0.032667 -0.338287
0.179528 -0.299635
-0.110343 0.434463
0.969872 -0.109205
0.887419 -0.417344
0.900476 0.405996
-0.438571 -0.762655
0.888856 0.505915
0.916597 0.383182
-0.288349 -0.212304
-0.122190 0.993778
-0.310003 -0.212184
0.450772 0.021251
-0.014096 -0.458181
0.346566 -0.144877
0.121216 -0.361258
0.153657 0.363798
0.169688 -0.956086
-0.331695 0.190956
0.400171 0.334279
0.929793 0.229566
-0.922571 -0.519986
0.906660 -0.573608
-0.302335 -0.327662
-1.028543 -0.130518
-0.968479 -0.337189
-0.203716 0.317576
-0.465728 0.169518
-0.994265 -0.267133
-0.094618 0.445106
0.240517 0.399140
0.231155 0.354032
0.181453 -0.368170
-0.815162 0.553992
-0.923860 0.538631
-0.901685 -0.562016
0.038691 -0.409147
-1.040152 -0.087816
0.492278 -0.092338
0.619034 -0.892166
-0.790582 -0.678991
0.111780 0.403910
-0.166117 0.449328
0.518436 0.890686
0.148903 -0.379032
0.308822 -1.038998
0.367200 0.950605
0.538673 0.867771
0.045517 -0.415701
0.106689 -0.977576
0.528189 -0.844314
-0.322173 0.079189
-0.203006 0.341879
0.115809 -0.381114
-0.869690 -0.399357
0.367663 -1.015519
0.388919 0.064378
-0.020905 0.385291
0.361315 -0.068733
1.110491 0.040422
0.211174 0.236694
-0.127488 0.301610
0.827021 0.612425
0.404856 -0.200993
0.278482 0.383759
-0.426094 0.202746
-0.448882 -0.005649
0.081920 -0.433936
-0.485859 0.893408
-0.115113 -0.393770
0.286432 0.339734
0.632414 -0.710975
-0.539473 0.829769
-0.917422 -0.260045
0.812209 0.576416
-0.331564 0.242306
-0.065847 0.411542
0.142006 -0.371415
0.486562 0.860748
-0.302981 0.160414
-0.046520 0.403179
-0.343815 0.174108
-0.599562 0.777943
-0.055600 0.384672
0.375415 0.127853
-0.203180 -0.362268
0.419100 -0.084738
-0.778574 0.681003
0.388061 -0.045558
-0.291345 0.029177
0.537411 -0.903525
0.586080 0.679091
0.200321 -0.249903
0.087625 -0.422234
-0.283145 0.041244
-0.372582 -0.241384
1.029838 0.026177
0.985858 0.110674
0.837724 0.586463
-0.347481 -0.194395
-0.257986 -0.270635
-0.938057 -0.519245
-0.086945 0.413727
0.026414 -0.359094
0.306933 0.176385
0.774127 -0.688523
-0.156999 -0.968687
0.038830 0.383801
0.376702 0.298831
0.840669 0.537978
0.350974 -0.091846
-0.044177 -1.014543
-0.899756 0.451870
-0.056926 0.374392
0.932599 -0.229523
0.010657 -0.409045
-0.619956 -0.753563
-1.044531 -0.040226
1.011144 0.142734
-0.903709 0.233180
-0.647441 -0.771740
0.609842 0.795460
-0.463799 0.009966
0.415613 0.847713
-0.701342 0.704150
0.200695 -0.951202
-0.368217 0.067676
-0.400104 0.812649
-0.802502 0.701635
-0.486157 -0.120005
-0.522852 -0.875927
0.075070 -0.268998
0.205855 -0.385274
-0.159278 -0.397261
0.342542 0.110190
0.054863 -0.327763
-0.139581 0.452765
0.187045 -0.294151
-0.218364 0.329628
-0.307768 -0.321590
-0.382703 0.069387
0.288177 0.307445
-0.616597 0.763665
0.092539 0.413404
0.982370 -0.197415
0.140347 0.363616
-0.539353 0.768873
-0.298415 -0.214013
-1.017616 -0.071489
-0.275925 -0.913370
0.293678 -0.979595
-0.370166 -0.002646
-0.940798 -0.241879
-0.271791 -0.307201
0.070285 -0.337670
-0.131876 -0.446742
-0.436843 -0.036580
0.329772 0.151277
0.361124 -0.006880
0.290337 -0.201666
0.299526 -0.229905
0.478964 -0.048624
-0.018371 0.417796
0.395587 0.155023
-1.006991 0.261304
0.386104 -0.238506
0.444011 0.900139
0.419179 -0.093390
0.080716 0.377355
0.460774 -0.952728
-0.642166 0.777811
-0.175875 0.377945
0.952765 0.261535
-0.112485 -0.323913
-0.434981 -0.012168
-0.970075 0.315182
0.746653 0.605143
0.315392 -0.247871
0.100158 -0.933766
0.842702 0.606439
-0.993031 0.150933
-0.911225 0.403118
-0.001296 1.065465
0.975323 0.437836
-0.200405 -0.921322
-0.777158 -0.709623
0.503242 0.838263
0.240488 0.253110
0.346871 -0.923762
0.233717 0.986167
-0.967688 0.069357
-0.528189 -0.783009
1.060832 0.254357
-0.653395 -0.774734
0.728011 0.556009
0.263833 -0.284596
0.577504 -0.815286
-0.012078 -0.420455
-0.336945 -0.034547
-0.423313 0.196861
-0.345354 0.141557
0.794159 0.653664
0.607428 0.815383
-0.361756 0.978072
0.408503 0.001808
0.314136 0.198253
0.826555 0.350243
-0.360046 0.960607
0.082484 0.960072
-0.356472 0.140107
-0.686524 0.847426
-0.301805 0.323360
0.289218 -0.907906
0.053241 -0.390165
1.013315 -0.200499
-0.367287 -0.231276
0.130091 0.996043
-0.751053 0.503362
0.329492 0.204648
0.198664 0.352816
-0.238347 -0.288960
-0.121968 -0.448647
-0.955629 -0.351034
0.460231 -0.241320
-0.548729 -0.807991
-1.012131 0.011482
-0.379767 -0.038919
-0.391050 0.045389
-0.312887 0.198873
0.024850 -0.296755
0.106353 0.415698
-0.478048 -0.090334
-0.020589 0.313359
0.532703 0.878322
0.097107 -0.388850
0.826379 -0.510968
0.953580 -0.195043
-0.760497 0.507313
-0.287718 -0.954972
0.162528 0.930070
0.078869 0.330315
0.396684 0.135284
0.897714 -0.263335
-0.371439 0.198390
-0.803564 -0.344114
-1.035316 -0.153767
-0.785691 0.536526
-0.295838 0.894013
-0.859141 0.541180
-0.386139 -0.156944
-0.898509 -0.230194
0.220844 0.973860
-0.391668 -0.855443
0.679901 0.615756
0.186666 -0.215844
-0.238919 0.358860
0.074807 0.951066
-0.410840 -0.023570
-0.171143 0.286030
-1.047899 0.037747
-0.750071 0.737698
-0.268077 0.263730
-0.392512 -0.949575
0.235453 0.359870
0.705700 -0.719321
-0.713319 0.707881
0.248403 -0.235995
0.299168 -0.368559
-0.968794 0.407833
-0.905639 0.294570
0.120021 -0.490410
-0.511426 -0.852781
-0.050241 -0.377892
-0.801329 0.594126
0.404073 0.023174
0.418677 0.192110
0.067659 1.081179
-0.922554 0.408700
0.173104 -0.312608
-0.843038 0.388600
0.503728 -0.884929
-0.167335 -0.321469
0.798631 -0.586199
-0.211485 0.979077
0.148643 0.488708
0.984254 -0.321962
0.276981 -0.250390
0.146112 -0.991367
0.178194 -0.945223
0.360036 0.220880
-0.041070 0.382577
-0.195520 0.430117
-0.107456 -0.477310
-0.253568 0.272806
-0.358277 -0.214695
0.290670 -0.311139
-0.321882 -0.990849
-0.372371 0.208711
0.290136 -0.279115
-0.646327 -0.712385
-1.000906 -0.261902
-0.057352 0.396220
0.352041 -0.158814
0.183892 -0.177341
0.057140 -1.103319
-0.731833 0.608207
0.134825 0.975873
-0.043501 0.460900
0.907315 -0.337878
-0.914183 -0.405503
-0.307096 -0.262261
0.215363 -0.983392
-0.692443 -0.717621
0.002636 -0.465682
0.482998 -0.898024
0.327787 0.119217
-0.865508 -0.430763
-0.070953 -1.004421
-0.960093 0.063768
-0.302353 -1.048620
0.378520 -0.114335
0.066232 -1.027555
0.919063 0.333180
-1.083947 0.167762
-0.124700 0.493609
-0.304687 -0.323480
-0.958038 -0.158747
-0.341207 -0.899887
-0.363791 -0.099360
0.017676 0.366196
0.296290 0.921875
0.187973 0.356116
1.074028 -0.053381
-0.080820 1.099658
0.128940 -0.327504
0.621438 -0.717195
0.371500 -0.032534
-0.905565 0.055710
1.000977 0.041788
-0.311452 -0.935143
-0.332758 1.023012
-0.704051 0.758587
0.442685 -0.067849
0.567211 -0.873501
-0.230771 0.336480
-0.426144 0.183740
0.255690 -0.284042
0.666175 -0.719940
-0.029661 -0.435088
-0.306848 0.326678
0.387164 -0.879619
0.339374 0.948190
0.578184 -0.810422
-0.856373 0.162914
0.611196 0.780401
0.227650 -0.904957
-0.592091 0.832597
-0.182426 -0.458107
-0.962112 0.067369
0.332192 0.033699
0.563463 -0.774277
0.161819 0.318687
-0.308738 0.308777
0.805538 0.435902
0.235847 -0.357547
0.499479 -0.843570
0.144730 0.325142
-1.050593 -0.211093
-0.190445 -0.262365
-0.332390 0.166836
-0.463488 0.904061
0.389488 0.143674
-0.524579 0.041939
0.938536 0.181150
0.993827 -0.053759
-0.039284 -0.345845
-0.282191 0.815829
0.183359 -0.235703
0.454797 0.864006
0.083566 0.325787
0.880997 0.675562
-0.224124 0.392166
0.622283 0.846663
0.042628 -1.016832
-0.274848 -0.296312
-0.498358 -0.801689
0.252869 0.158988
0.174805 -0.380897
-0.280857 0.317362
-0.678341 0.641772
-0.324569 0.038844
0.118664 0.389761
1.005118 -0.260900
0.961530 -0.234012
-0.379192 0.037385
-0.033801 0.403227
0.254745 0.330126
-0.123272 -1.056940
-0.342956 -0.072282
0.266644 0.968598
-0.167913 -1.011875
0.446566 -0.074692
0.080263 0.381919
0.778448 0.590318
0.072612 0.351788
0.331370 0.141779
0.343867 -0.240279
-0.346949 -0.150578
-0.308277 0.258409
0.639534 -0.643868
-0.226625 0.302180
-0.653347 -0.689652
-0.316992 0.148452
-0.851585 -0.531785
-0.482295 -0.836774
-0.896452 0.557122
-0.340829 -0.900306
0.397602 -0.176123
0.322958 0.229006
0.339250 0.228899
0.301426 -0.286336
0.970187 0.129501
-0.901392 -0.417131
0.226803 0.298184
-0.946072 0.022024
-1.002778 -0.378203
-0.398193 0.299712
0.769047 -0.601495
0.019787 -0.373101
-0.219721 0.337978
-0.748653 -0.701633
0.188393 0.343546
-0.120926 -0.460766
-0.470525 0.818190
-0.236004 0.979307
0.618048 -0.772533
1.001578 -0.054520
-0.011252 1.037751
0.852772 -0.506843
-1.007790 0.203383
-0.069888 1.011920
-0.301430 0.209554
0.447292 -0.064582
-0.356890 -0.275847
-0.195544 -1.114944
-0.010490 -1.056634
-0.742075 0.611591
-1.008802 0.105156
0.769386 0.553597
0.923478 0.433448
-0.763132 -0.589439
-0.404881 -0.230016
-0.260245 -0.366734
0.014987 0.456883
-0.024073 -0.959726
1.014944 -0.327550
-0.836972 0.611793
0.954979 -0.520205
-0.280492 -0.308897
0.370225 -0.102717
0.730080 0.622626
-0.419098 0.046313
0.924340 0.594718
0.013372 0.383330
-0.839683 0.581027
-0.117987 -0.383597
-0.814419 0.697045
0.383230 0.193711
-0.204023 0.400939
-0.121474 -0.456296
0.993767 -0.150036
0.001277 -0.429708
-0.932853 -0.249049
-0.333664 0.913469
-0.312360 0.123382
-0.375485 0.210488
0.528837 -0.903717
0.877917 0.280451
0.409048 0.129979
0.042252 0.390232
0.678297 -0.752048
-0.541738 0.906753
0.921813 0.333524
0.110568 -0.371842
0.278891 -1.016883
-0.379782 -0.277123
0.789424 -0.465710
0.301695 0.364992
1.026759 -0.264042
0.377735 -0.029577
0.671725 0.689758
0.960216 -0.381897
-0.070477 0.336722
-0.151093 0.428741
-0.390260 -0.171016
0.336228 -0.209107
-0.051619 -0.936065
-0.411633 -0.199825
-0.908153 -0.218297
0.344967 0.846394
-0.319131 0.018614
-0.220140 0.340331
0.292031 0.949064
0.301385 -0.338404
0.260815 0.244707
-0.934065 -0.450985
0.323970 0.179884
-0.717572 -0.801438
0.194126 -0.973242
-0.355024 -0.269405
-0.954261 0.062030
-0.382859 0.141663
0.398136 0.087729
-0.168827 0.461674
0.907766 0.211409
-0.555488 0.863699
0.573328 -0.747532
0.075633 0.448722
-0.372136 -0.023700
0.153310 -0.972749
-0.361565 -0.101002
0.730900 0.739320
-1.032010 0.305053
-1.071671 0.125537
0.802534 -0.488957
-0.134629 0.388365
0.789331 0.518300
0.246316 0.220050
0.477980 0.144528
0.144929 0.440396
0.276746 -0.278299
-0.099991 0.996193
0.003330 0.492280
-0.159497 -0.273833
0.292811 0.298211
0.032917 -0.404847
-0.145073 0.392852
-0.349756 0.060306
-0.508228 0.948070
-0.318167 -0.228610
-0.603979 -0.726869
0.361743 -0.150735
1.008991 0.054732
0.199687 0.327407
0.100063 -0.932121
0.915821 -0.285829
0.148050 0.963178
-0.223223 0.303895
-0.288022 -1.000293
-0.314715 0.146710
0.229160 -0.973064
-0.193687 0.427116
0.407799 -0.935068
-0.537294 0.906978
0.484627 0.950444
0.017745 -0.395165
-0.088685 0.372369
-0.343123 -0.104705
0.305901 -0.143599
0.215853 0.287314
-0.389639 -0.056725
-0.075429 -0.399230
-0.212562 -0.285116
-0.705125 0.729662
-0.092462 -0.970223
-0.314876 0.378877
0.855784 -0.385536
-0.876358 -0.539306
-0.397740 0.066102
0.402496 0.059635
-0.431865 -0.101104
-0.251632 -0.313217
-0.997201 0.086124
0.236172 0.187351
0.172852 -0.950767
-0.544551 -0.898328
0.373971 -0.112500
-0.409199 0.827947
-0.558447 0.860642
-0.131442 -0.336195
-0.402358 -0.129183
-0.188771 -0.982815
-0.460164 0.110915
0.103326 0.370482
0.196581 0.949832
0.079922 1.099377
0.528360 -0.894146
1.101759 0.259721
1.045088 0.479459
0.371019 -0.196643
0.909757 0.465145
0.773848 0.651571
-0.119165 1.072094
-1.032411 0.257069
-0.858388 0.573630
-0.228760 -0.433618
-0.907348 -0.522964
0.331450 0.169147
-0.159927 0.918447
-0.440934 0.954587
0.804880 -0.597726
-0.393386 -0.066041
0.351650 0.220868
-0.847631 -0.527410
0.315917 0.336729
0.295899 0.218304
1.005191 0.266717
-0.958535 0.227357
-0.448672 0.877712
0.838914 0.389836
1.079051 0.013273
-0.393469 -0.094429
0.428741 0.093010
0.240205 0.301095
-0.133495 -0.869674
0.965339 0.201624
0.166417 0.428271
-0.198172 0.329677
0.668307 0.766143
0.400340 -0.127700
-0.767759 0.581795
0.254412 0.875594
-0.410007 0.060190
-0.144798 0.339429
0.451752 -0.007632
0.196917 0.441113
-0.377287 0.190606
-0.580147 -0.717606
-0.142382 -0.320843
-0.095437 -0.461522
-0.236448 0.187613
-0.034936 -0.395396
-0.237588 -0.267070
-0.342570 -0.883526
-0.412413 0.098756
0.368525 0.231368
-0.052185 0.333231
0.340853 0.230861
-0.977651 0.453035
0.344420 0.318648
-0.219157 0.998318
0.509007 -0.952217
0.818198 -0.609902
0.993781 0.030329
-0.334086 -0.016246
-0.319865 0.133939
0.388922 0.094227
-0.201110 0.390336
-0.642522 -0.682189
0.335206 0.228086
0.922651 -0.453506
0.238028 0.113122
0.441181 0.978936
0.821447 0.374201
0.527264 0.859730
0.384848 0.070205
0.338054 -0.091031
-0.022620 -0.448624
-0.301182 1.050400
0.446262 -0.115440
-0.345801 -0.128641
-0.458119 0.170267
0.363135 -0.108043
-0.417910 0.015735
0.067713 -0.414193
-0.448535 0.111856
0.294047 0.096315
0.289322 0.185708
0.715457 -0.631959
-0.086965 -0.293749
0.861260 0.569514
-0.187888 0.396045
0.185093 0.414741
-0.555230 0.831893
-0.764390 -0.519109
0.174573 -0.297111
0.020504 -0.434606
-0.307305 0.191827
-0.206918 1.030793
0.893088 -0.732384
-0.399343 -0.183039
-0.607836 0.722880
-0.369910 0.025802
0.359832 0.282127
0.518606 0.895729
-0.428426 0.892124
0.958388 -0.020948
0.892009 0.217923
0.303346 -0.287482
-0.129908 -0.448396
-0.303692 -0.288640
0.377240 -0.103220
-0.419158 0.012105
-0.256699 1.017076
0.517934 -0.967795
-0.375834 -0.040328
0.897028 0.409711
-0.225854 0.367767
0.214436 0.365744
0.748001 0.623977
-0.287139 -0.233972
0.368531 0.018839
0.800291 0.616534
-0.474345 -0.092131
0.309646 -0.234632
-0.319281 -0.982245
0.080489 -0.293954
-0.939362 -0.453894
0.850467 0.569440
0.313433 0.975959
0.175418 -0.937743
0.932676 0.580351
-0.184017 -0.304874
0.300399 0.883457
0.326151 -0.271733
0.154342 0.338255
-0.197205 -0.317689
0.412573 -0.092275
0.209843 0.445542
-0.186533 0.228499
-0.506265 -0.954288
0.219563 0.455467
0.370806 0.251602
-0.176520 -0.271999
-0.168394 -0.979148
-0.299092 0.270552
-0.000974 0.977704
0.126462 -0.435525
0.820074 -0.441227
-0.333052 0.107731
0.910407 0.330299
-1.000079 -0.349789
-0.978902 0.043722
-0.645842 -0.859934
0.940566 -0.181812
0.372478 -0.295253
-0.224921 0.943204
0.280613 -0.313133
-0.929710 -0.119706
0.860235 -0.506028
-0.336676 -0.242755
0.840045 -0.509138
0.563096 0.740071
-0.422704 0.197133
-0.307828 -0.281080
-0.812526 -0.552643
0.947230 -0.212803
-0.253250 0.437827
0.165945 0.419454
-0.845778 0.645462
0.956505 -0.442801
-1.025101 -0.196544
-0.265346 0.989032
0.728553 -0.638321
0.919861 -0.330472
-0.870617 0.545174
-0.354270 -0.121173
0.873583 -0.530424
0.416602 -0.146865
0.636358 0.819167
-0.029010 1.061094
-0.043509 -0.363751
0.352389 0.970574
0.237056 0.425495
0.328041 -0.270985
-0.250421 -0.364863
0.227957 0.966880
0.332229 -0.037991
0.638937 -0.825680
-0.316803 -0.015902
-0.036514 -0.340498
0.846768 -0.619961
-0.870075 -0.489372
-0.034422 1.029211
0.426636 -0.812126
0.451732 0.029995
0.780178 -0.616923
-0.530703 -0.933703
0.044238 -0.980465
-0.327214 0.208367
0.340193 -0.162432
-0.827607 0.400768
0.244986 0.383736
-0.216919 0.335633
-0.517824 0.161259
0.282737 -0.176655
0.382918 0.102005
-0.635424 -0.772850
0.074251 0.992714
-0.886218 0.233961
-0.208687 0.188301
0.684017 -0.570230
0.259322 -0.231423
0.364414 -1.068596
-0.260765 -0.134762
-0.373739 0.124951
-0.259119 -0.305370
0.222582 0.401562
-0.181433 1.011094
-0.391178 0.972939
-0.081357 -0.341597
-0.329887 0.891178
-0.832469 -0.583021
-0.216083 -0.348109
0.084304 -0.440363
-0.419992 0.818482
-0.113512 -0.350684
-0.743167 -0.640948
0.349341 -0.920795
-0.338128 0.283030
0.181230 0.370721
0.127412 -0.939961
0.171157 0.407097
-0.021679 0.355536
0.129832 0.411454
-0.069621 -1.093512
-0.953007 0.077563
-0.636206 0.782614
-0.830444 0.484993
0.130689 1.050124
-0.957876 -0.385895
0.380761 -0.058180
-0.355509 -0.326375
-0.875743 0.443344
0.989359 0.163251
0.381423 -0.043761
0.883474 0.042634
0.284433 -0.271573
-0.143850 -0.326265
-0.075073 -1.018090
0.794205 -0.570069
-0.046723 -0.976766
0.051325 1.001246
-0.369723 0.164717
-0.439429 0.194900
0.404749 -0.851921
-0.107898 0.943455
0.322377 0.191562
0.418435 -1.034210
0.445595 0.840758
-0.315170 0.045230
-0.058245 0.976325
0.486391 0.043687
0.393887 -0.145668
-0.033901 -1.087797
-0.171766 -0.959760
0.864916 -0.401637
-0.374581 -0.180058
-1.010668 0.043671
-0.324324 -0.175584
-0.414475 -0.073618
0.039099 -0.277017
-0.113572 0.345810
-1.062891 0.273064
-0.488600 -0.925550
0.101315 -0.319755
-0.433457 0.172378
-0.404581 -0.905889
-0.227324 0.388411
-0.432090 0.900299
0.370478 0.264302
-0.089180 0.483844
-0.080763 -0.458621
-0.076436 -0.409593
0.413428 0.211095
0.555919 -0.761871
-0.432937 -0.105764
-0.044790 -0.390190
-0.075862 -0.423805
-0.339046 -0.304286
-0.236736 0.326836
-0.868808 0.425720
-0.861085 -0.596537
0.287793 -0.209872
0.332193 -0.215777
-0.839721 -0.409263
0.981881 0.389494
-0.397247 0.017947
-0.302481 0.151413
-0.850037 -0.531834
-0.429902 -0.149502
1.040294 -0.031435
-0.304280 0.319473
0.184646 -0.347655
-0.059143 -0.432676
-0.397164 -0.844958
-0.146784 0.950437
0.377843 -0.039979
-0.259711 0.161397
-0.723216 0.766713
-0.416047 -0.947135
0.325333 -0.017532
-0.290905 0.349225
0.149624 0.444551
0.264268 -0.130543
0.557977 0.693214
0.337102 0.276068
-0.306440 0.057476
1.088746 0.007587
-0.074866 1.020378
-0.719081 0.671168
0.426463 0.163611
-0.824801 -0.431887
0.331054 0.180828
0.385277 -0.942745
-0.288593 0.249640
0.417426 0.914602
0.271807 -0.238715
-0.280944 -0.211593
0.626706 -0.623799
-0.146015 0.284909
0.932493 -0.385018
0.438913 0.054122
0.242332 0.234642
0.925126 -0.471800
0.342658 0.245317
-0.084914 1.025825
0.675640 0.740353
0.152858 -1.009726
-0.992132 0.016599
-0.245169 0.235580
-0.329473 -0.154222
-1.018156 0.206863
1.098643 -0.022050
0.062621 0.401308
0.344060 -0.283808
0.131167 -0.348211
0.224706 -0.350847
0.068626 -0.420389
-0.328923 0.200520
-0.359061 0.088277
-0.887657 0.250728
0.250181 -0.354771
0.314851 -0.286184
0.367022 0.156566
0.957305 0.176805
0.874813 -0.547777
0.394327 -0.187142
-0.005713 -0.351834
0.994922 -0.184472
-0.123006 -0.372231
0.694890 0.862676
-0.291518 -0.275687
-0.093204 -0.324790
-0.799090 0.563083
0.682455 0.659686
0.525970 0.786685
0.925629 -0.104196
-1.017650 -0.062425
0.242046 -0.243824
-0.996634 -0.100466
0.341096 0.086263
0.092998 0.433447
-0.155703 -0.999904
-1.003876 0.158950
0.420611 -0.157697
0.163371 -0.332512
-0.581325 -0.866294
-1.025341 0.264706
-0.438061 -0.223604
0.148365 -0.385243
0.404661 -0.919270
-0.156385 0.384322
0.342032 -0.184473
-0.296133 -0.160185
-0.372501 0.090798
0.644549 -0.720787
-0.135895 0.404296
0.349197 -0.202380
0.257718 0.287934
-0.680488 -0.620782
-0.584467 0.872417
0.251337 -0.367496
-0.977695 0.467366
-0.963561 -0.267464
0.283333 -0.300292
1.016539 -0.186725
0.395810 0.076994
0.835486 0.468148
-0.853382 -0.541251
-0.504223 0.904764
-0.229985 -0.895455
-0.307375 -0.234768
0.170106 -0.349120
0.068979 0.356735
-0.119499 -0.365268
0.434060 0.110226
1.029576 0.230818
-1.010385 -0.082419
0.751773 -0.688733
0.370168 -0.128821
-0.328586 -0.355222
-0.663328 -0.684298
-0.725356 -0.655736
-0.636241 -0.831999
-0.131125 0.490506
0.316526 -0.290789
-0.477714 -0.865711
0.229961 0.917713
-0.371509 -0.024823
0.049725 -0.405719
-0.097952 -0.362240
-0.964449 0.503278
-0.024901 0.348217
-0.876154 0.385299
-0.927832 -0.339238
0.157148 0.986726
-0.337576 -0.010213
-0.920791 0.365043
0.349336 0.929754
0.772241 0.801832
0.253938 -0.237733
-0.204709 0.910277
0.899609 0.291976
-0.011999 -0.915608
-0.922953 -0.376691
-0.678824 -0.741071
0.095785 0.417727
-1.033157 -0.185618
0.396146 -0.795179
-0.425624 0.949907
-0.337554 -0.967941
0.738674 -0.610602
-0.752877 -0.812658
0.126329 -0.386291
0.350463 0.041118
0.974654 0.066092
0.327536 1.033016
0.792734 0.629619
-0.000896 1.045636
-0.787858 -0.562279
0.520825 -0.871757
0.347954 -0.915320
-0.725115 -0.600259
0.356632 0.027255
0.186597 0.395513
0.293255 0.385505
0.080741 -0.355232
0.172034 0.408125
-0.668898 0.712673
0.943858 -0.087124
0.490207 -0.173958
0.018856 0.347024
0.622141 -0.690401
0.087434 0.968130
-0.099684 -0.353351
0.300932 -0.975997
-0.227920 -0.285436
-0.869615 0.343880
-0.823203 -0.619997
-0.065137 1.033532
0.352128 0.212138
0.100701 -1.062745
-0.841386 -0.305580
-0.180990 0.263219
0.847961 -0.352570
-0.123166 -0.335251
0.319365 0.309845
0.207257 -0.241459
-0.365754 -0.132671
-0.444898 -0.849213
0.925198 -0.387882
-0.351808 0.034547
