6.920520000000000005e-01 5.274079999999999879e-01
6.429559999999999720e-01 8.473150000000000404e-01
-8.960899999999999421e-02 1.180360000000000020e-01
4.224260000000000237e-01 7.680329999999999657e-01
5.519079999999999542e-01 9.512580000000000480e-01
1.766812999999999967e+00 -2.674409999999999843e-01
5.306030000000000468e-01 -3.488990000000000147e-01
1.832349999999999923e+00 1.407640000000000002e-01
3.149359999999999937e-01 -2.619509999999999894e-01
9.684840000000000115e-01 -7.356999999999999824e-03
3.800549999999999762e-01 9.495479999999999476e-01
9.278119999999999701e-01 5.414240000000000164e-01
-1.122675000000000090e+00 2.777660000000000129e-01
5.053799999999999959e-02 -9.792599999999999916e-02
-6.199569999999999803e-01 6.343499999999999694e-01
1.714600000000000013e-01 9.398630000000000040e-01
4.360100000000000087e-02 1.051851000000000091e+00
8.410509999999999931e-01 -3.409269999999999801e-01
-6.134699999999999875e-02 1.476389999999999925e-01
2.977399999999999838e-02 -3.006840000000000068e-01
-1.940700000000000064e-02 4.651529999999999831e-01
-3.041200000000000014e-01 8.894100000000000339e-01
6.030419999999999670e-01 5.776710000000000456e-01
7.938570000000000348e-01 8.353720000000000034e-01
-1.042069999999999941e-01 8.712000000000000299e-02
1.001903999999999906e+00 4.168189999999999951e-01
5.650199999999999667e-02 2.504250000000000087e-01
8.472640000000000171e-01 4.742649999999999921e-01
7.498770000000000158e-01 -4.276019999999999821e-01
-1.060756000000000032e+00 1.179039999999999949e-01
-1.178529999999999994e-01 4.473759999999999959e-01
1.613088000000000077e+00 -2.528170000000000139e-01
-8.664129999999999887e-01 2.273830000000000018e-01
9.581749999999999989e-01 1.801669999999999938e-01
-1.144749999999999934e-01 4.701099999999999723e-01
5.612049999999999539e-01 -2.150219999999999909e-01
-2.847770000000000024e-01 1.007994999999999974e+00
-5.704810000000000159e-01 8.372060000000000057e-01
2.882759999999999767e-01 9.070409999999999862e-01
-3.939679999999999849e-01 9.885260000000000158e-01
-4.337710000000000177e-01 9.230800000000000116e-01
-3.509900000000000242e-01 9.173179999999999668e-01
1.883685999999999972e+00 3.073310000000000208e-01
1.929060999999999915e+00 4.275400000000000034e-02
1.947427999999999937e+00 3.018500000000000003e-02
-1.121989999999999932e-01 2.719619999999999815e-01
2.677570000000000228e-01 -1.015479999999999994e-01
-8.770590000000000330e-01 1.875950000000000117e-01
6.401780000000000248e-01 3.018719999999999737e-01
1.536346999999999907e+00 -2.752069999999999794e-01
1.446862000000000092e+00 -2.621539999999999981e-01
9.424329999999999652e-01 7.294450000000000101e-01
1.034389999999999921e+00 -5.628870000000000262e-01
1.928622999999999976e+00 -6.858400000000000607e-02
1.267649999999999888e-01 8.788089999999999513e-01
-2.101499999999999896e-02 1.059596999999999900e+00
1.672404000000000002e+00 -3.077810000000000268e-01
1.960636999999999963e+00 2.591939999999999800e-01
2.354169999999999874e-01 9.414320000000000466e-01
-5.827890000000000015e-01 6.626370000000000315e-01
-3.011700000000000141e-02 -1.530100000000000036e-02
1.909083000000000085e+00 -2.596550000000000247e-01
1.100203000000000042e+00 -5.592399999999999594e-01
5.758760000000000545e-01 -4.932699999999999863e-01
-9.752079999999999638e-01 4.371669999999999723e-01
-4.569679999999999853e-01 7.105259999999999909e-01
6.326859999999999706e-01 -4.600819999999999910e-01
7.516599999999999671e-02 5.989300000000000179e-02
-3.389829999999999788e-01 9.516090000000000382e-01
1.014027999999999929e+00 4.510210000000000052e-01
5.870060000000000278e-01 5.378810000000000535e-01
7.304700000000000082e-02 5.526790000000000314e-01
1.288991999999999916e+00 -4.724530000000000118e-01
-8.223510000000000542e-01 6.384809999999999652e-01
1.061736000000000013e+00 -5.076739999999999586e-01
-9.360190000000000454e-01 2.813240000000000185e-01
-9.415470000000000228e-01 1.963600000000000068e-02
-6.546800000000000397e-01 7.303770000000000540e-01
-6.540869999999999740e-01 6.796259999999999524e-01
-6.203570000000000473e-01 9.391049999999999676e-01
-1.039329999999999976e-01 1.762060000000000015e-01
1.712434999999999929e+00 -2.123809999999999865e-01
1.123121000000000036e+00 -2.847419999999999951e-01
1.472517000000000076e+00 -3.002929999999999766e-01
1.585115999999999969e+00 -4.568090000000000206e-01
-8.496070000000000011e-01 6.918290000000000273e-01
1.784022999999999914e+00 -1.322399999999999964e-01
1.755689999999999973e+00 -1.683949999999999891e-01
-7.512099999999999334e-02 1.124778999999999973e+00
2.083435000000000148e+00 4.901559999999999806e-01
-6.665240000000000054e-01 7.305599999999999872e-01
3.614580000000000015e-01 9.360669999999999824e-01
-8.453990000000000116e-01 1.211959999999999982e-01
1.621990000000000098e-01 -2.032430000000000070e-01
6.919309999999999627e-01 7.023740000000000538e-01
-1.122657999999999934e+00 3.858000000000000318e-02
1.892565999999999971e+00 1.173330000000000067e-01
6.613099999999999534e-01 -4.628369999999999984e-01
1.702339999999999964e-01 -4.108109999999999817e-01
1.918444000000000038e+00 1.141220000000000012e-01
7.153180000000000094e-01 -4.685849999999999738e-01
8.681720000000000548e-01 4.679220000000000046e-01
6.053969999999999629e-01 6.118010000000000392e-01
-1.760450000000000070e-01 8.495030000000000081e-01
7.860390000000000432e-01 -4.737000000000000099e-01
6.440890000000000226e-01 6.705079999999999929e-01
-7.546089999999999742e-01 8.570609999999999618e-01
3.719859999999999833e-01 -1.252469999999999972e-01
-2.026600000000000068e-01 8.698759999999999826e-01
1.758189999999999920e+00 -5.298699999999999938e-02
8.819080000000000252e-01 4.690889999999999782e-01
9.910949999999999482e-01 2.980659999999999976e-01
6.933970000000000411e-01 8.596369999999999845e-01
-8.574779999999999625e-01 6.231900000000000217e-01
-1.008226999999999984e+00 2.634360000000000035e-01
-2.409469999999999945e-01 1.035379000000000049e+00
2.102373000000000047e+00 4.493969999999999909e-01
8.494599999999999929e-01 8.104069999999999885e-01
2.063628000000000018e+00 4.702489999999999726e-01
1.077183999999999919e+00 2.364739999999999898e-01
8.490199999999999969e-01 3.647050000000000014e-01
6.693679999999999630e-01 -3.766240000000000143e-01
1.926083999999999907e+00 -1.693389999999999895e-01
8.308259999999999534e-01 3.873500000000000276e-01
1.893232000000000026e+00 -2.356899999999999967e-02
-3.855330000000000146e-01 9.369119999999999671e-01
-8.324740000000000473e-01 3.860000000000000098e-01
3.282399999999999762e-01 8.229579999999999673e-01
1.531932000000000071e+00 -6.273609999999999465e-01
8.356599999999999584e-01 -5.308359999999999745e-01
-1.084939999999999932e-01 5.598309999999999675e-01
5.258040000000000491e-01 9.687109999999999888e-01
-6.963169999999999638e-01 7.161269999999999580e-01
1.003341000000000038e+00 -6.050060000000000437e-01
1.892430999999999974e+00 4.326920000000000210e-01
-9.807179999999999787e-01 1.526740000000000042e-01
1.671630000000000060e-01 9.155699999999999950e-02
1.017508999999999997e+00 8.173359999999999514e-01
1.363496000000000041e+00 -3.208489999999999953e-01
-6.512800000000000533e-02 1.068599000000000077e+00
-5.567490000000000494e-01 6.126160000000000494e-01
1.080603999999999898e+00 1.007839999999999986e-01
4.020329999999999737e-01 -1.505519999999999914e-01
1.249254000000000087e+00 -5.247230000000000505e-01
7.604800000000000448e-02 1.477370000000000072e-01
9.481969999999999565e-01 2.778370000000000006e-01
7.665469999999999784e-01 9.023470000000000102e-01
1.082313999999999998e+00 -5.762070000000000247e-01
1.932506000000000057e+00 4.904789999999999983e-01
3.870910000000000184e-01 9.133559999999999457e-01
2.657269999999999910e-01 9.187739999999999796e-01
3.092489999999999961e-01 -1.826909999999999923e-01
-8.133179999999999854e-01 5.414600000000000524e-01
1.352967999999999948e+00 -4.268330000000000179e-01
1.153658000000000072e+00 2.730700000000000141e-02
-8.852950000000000541e-01 4.407869999999999844e-01
1.737147999999999914e+00 3.470639999999999836e-01
-1.113933000000000062e+00 4.614489999999999981e-01
-4.318600000000000216e-01 8.511769999999999614e-01
-1.119998000000000049e+00 6.679100000000000315e-02
-9.119739999999999513e-01 2.610509999999999775e-01
-1.247999999999999943e-01 4.841369999999999840e-01
1.966023000000000076e+00 2.668369999999999909e-01
5.340199999999999808e-02 3.662380000000000080e-01
-3.688000000000000306e-02 3.752500000000000280e-02
2.900719999999999965e-01 9.128560000000000008e-01
1.207160000000000011e+00 -4.176449999999999885e-01
1.737405000000000088e+00 -1.012099999999999979e-02
1.536469000000000085e+00 -5.395600000000000396e-01
1.723851000000000022e+00 -2.207629999999999870e-01
1.166559999999999958e-01 2.876210000000000155e-01
9.134539999999999882e-01 6.771519999999999762e-01
5.363440000000000429e-01 8.318200000000000038e-01
9.115849999999999786e-01 8.173700000000000410e-02
-1.044535999999999909e+00 1.121639999999999998e-01
2.105061000000000071e+00 1.995949999999999946e-01
5.768849999999999811e-01 9.677559999999999496e-01
8.429929999999999923e-01 -4.833689999999999931e-01
-7.350389999999999979e-01 5.393000000000000016e-01
1.571183999999999914e+00 -2.059950000000000114e-01
1.758567999999999909e+00 6.560900000000000065e-02
5.345300000000000051e-02 3.643879999999999897e-01
1.883356000000000030e+00 -6.146299999999999680e-02
1.387016000000000027e+00 -3.565130000000000243e-01
-4.455359999999999876e-01 1.070837000000000039e+00
9.241139999999999910e-01 -5.550249999999999906e-01
1.840058999999999889e+00 -1.055930000000000063e-01
5.426490000000000480e-01 -2.526160000000000072e-01
1.293249000000000093e+00 -4.707600000000000118e-01
3.485389999999999877e-01 -2.840190000000000214e-01
1.996471000000000107e+00 6.871099999999999430e-02
8.908800000000000052e-01 3.205870000000000108e-01
2.793590000000000240e-01 -3.670649999999999746e-01
1.630331999999999892e+00 -5.020200000000000218e-01
2.569850000000000190e-01 -5.960599999999999926e-02
1.087499999999999994e-01 -1.399600000000000011e-01
2.051377000000000006e+00 -2.583099999999999979e-02
1.214010999999999951e+00 -4.240439999999999765e-01
1.171972000000000014e+00 -5.621270000000000433e-01
-9.579090000000000105e-01 5.183799999999999519e-01
