5.621735277199538139e+00 6.327223615209812912e+00 -1.229279089096022304e+01 -3.751746275505944972e+00
-3.819664339169906442e-02 6.457452512540751144e-02 1.020766002596317001e+01 8.765105328616263236e+00
5.433279322620845342e+00 7.489927671270485199e+00 -5.381143088821259468e+00 -8.458612349092723193e+00
-7.767245764562639820e+00 -5.372700558825589390e+00 9.729231752811625000e+00 6.902924261247469495e+00
7.241307976165044735e+00 1.015463005719176515e+01 -7.716019902234529049e+00 -7.086014328869443268e+00
-5.642039371669264725e+00 -6.157571175339638714e+00 2.164094803730086891e+00 4.551082652443242615e+00
-8.709118895601237753e+00 -5.022734503384221227e+00 1.008097305460024629e+00 3.828007031280666439e+00
-7.956320123249823517e+00 -7.530600960882727790e+00 -2.332827610982823430e+00 4.796510461260623970e+00
-7.281828070180710988e+00 -3.239481610484545193e+00 -2.068441159167780707e+00 4.622363990755073537e+00
3.387854384263925489e+00 6.399119401626831127e+00 -9.711520514894180778e+00 3.912922881713880141e+00
-4.233008966212565838e+00 5.117504093637597506e+00 8.007874345900713564e+00 -2.191227260962782086e+00
4.696227535563973987e+00 -8.007751757233357637e+00 7.609666374214417495e+00 -1.037416614647810098e+00
-4.981733321325696018e+00 1.512560821214459450e+00 6.017208831435476135e+00 -7.587629380123345202e-02
-4.542744626788631557e+00 4.968138712631292364e+00 5.937886129069036123e+00 7.360094204360279058e-01
-7.110523002285903615e+00 -7.376398844104011587e+00 -3.343550107024293450e-01 3.241850157570219437e+00
1.770004797585386980e+00 -1.088259492161689934e+01 9.361659211388452917e+00 1.746839243813967490e+00
1.166799716774649665e-01 -5.782943830470843594e-03 7.801166567317380007e+00 8.591639176279517898e+00
5.779245724958940400e+00 1.036916489609136960e+01 -8.858892180096429314e+00 -5.296616447249651749e+00
8.411189803271739152e+00 -3.693857442434375749e+00 -5.687721020956436391e+00 -4.284005755705898366e+00
-8.996167394057412281e+00 -3.721004743149831206e+00 -4.365758209070036422e+00 1.032112124990394086e+01
5.611034450897691706e+00 -4.082605901430186535e+00 1.189045862326467251e+00 6.144357207529517417e+00
7.192075847524369792e+00 -7.386281617400694444e+00 -1.162659215136521773e+01 6.958002394635862231e+00
7.521379736064394805e+00 8.420415383721895353e+00 -9.251238157127403383e+00 -4.541157415203873171e+00
6.950952192343632596e+00 -5.798967442327381150e+00 -6.305148138289591309e+00 -2.702447554409408870e+00
1.263548919917357294e+00 1.421591678026885353e+00 7.723192778707995920e+00 7.615241372896560890e+00
-1.128966511683850094e+00 -1.648273383825821226e-01 7.447002125968620767e+00 8.600822794361436152e+00
-6.843742978319940384e+00 -5.425081841796554727e+00 1.023458124884543707e+01 7.132193593318521430e+00
7.514740777159747864e+00 -7.095316574154533207e+00 -9.553941085240094111e+00 7.476939588008085558e+00
7.375900802446012428e+00 -4.943043912337760304e+00 -7.222879925943126445e-01 7.276157328115854916e+00
2.842249187128990773e+00 6.064704000856090182e+00 -6.534616615950431529e-01 9.592942804579802640e+00
2.227708564128215496e+00 4.718943669345838643e+00 -9.248507949468477207e+00 3.491373356898812119e+00
-7.354329783367527185e+00 -4.312176084186164715e+00 -2.653242862252353174e+00 1.018688401024843060e+01
-1.024352330540784894e+00 -1.452356358529948155e+00 4.974815589263371862e+00 6.417400693212845120e+00
5.640230506789017717e+00 -1.075763023688964148e+00 1.358939939974567412e+00 7.266298645513278309e+00
9.129792706598589547e+00 5.460590486557558521e+00 2.629492264708799265e-02 1.683457573908780480e+00
-4.541063554667828406e+00 4.665498349008978529e+00 8.981800662976102245e+00 -1.320588412104495291e+00
-7.419832103572474580e+00 -6.993888743467261193e+00 -2.156751373636955016e+00 7.063479999837105616e+00
9.945138808084619697e+00 5.891505453137769521e+00 -7.703677624486325870e-01 2.402954749671818213e+00
6.293521461530453109e+00 8.351169463308535157e+00 -3.277962883757596035e+00 -2.048839342953689524e+00
5.807785087292236526e+00 5.809034855405954545e+00 -2.117801722142991228e+00 -3.302947224544551474e+00
-7.031246731253335547e+00 -5.662663861180303293e+00 -3.448926806765426178e+00 9.408536959131083677e+00
7.246971558892465470e-01 3.263333305314893851e-01 5.703770596349938771e+00 9.735310236048574595e+00
7.844473126165000920e+00 -2.485397849541104875e+00 -6.830880847542814216e+00 -3.722987537930903201e+00
6.449336263155030835e+00 -1.734716628647864578e+00 1.535891743219019445e-01 6.277952839997699819e+00
7.126043702636665422e+00 1.033120142260803576e+01 -3.694167893722152929e+00 -5.273127167063760279e-01
4.825907338635943233e+00 5.947669293901291176e+00 -1.136685129506201442e+01 5.382206028850157864e+00
-7.108571715612619357e+00 -4.438400183693994805e+00 1.096188417426791695e+01 6.733894047426546514e+00
-7.809826249674498122e+00 -5.009081297949652622e+00 -2.340190228251034288e+00 8.061423827589274893e+00
7.185250673718545755e+00 7.811933472110335508e+00 -4.824266504919470400e+00 -7.346288659757762574e-01
-4.683222090489489453e+00 2.945050635700003916e+00 5.848828861867007234e+00 9.859598427868466741e-01
3.254934450109856492e+00 -9.016921608791404807e+00 9.339310715440435118e+00 2.118995108542126360e+00
-6.840885245808488335e+00 -6.173106037519573874e+00 9.224321856811856790e+00 7.593744570215249290e+00
8.985135555305177046e-01 5.344210827914841033e+00 -1.024995430453585854e+01 3.488457649618796008e+00
9.803604234519310623e+00 7.622228250542983474e+00 -1.153723171972390826e+00 -3.365429239027084574e-01
7.006681529887901050e+00 -4.409679078070718461e+00 -1.504340714716022154e+00 8.527434865583030543e+00
2.891497099678243199e+00 -1.072716997810148953e+01 8.584106477886949804e+00 1.100281256403827346e+00
6.332432254972730767e+00 -4.722249842332225001e+00 6.455059321920519899e-02 8.129333732000832313e+00
5.128856280238830223e+00 -5.068062562365401647e+00 4.223708887010472757e-01 6.321356151407302448e+00
6.521926096578161136e+00 7.887974306054113427e+00 -8.510756519449845570e+00 -5.233124140485829301e+00
5.859795128044296142e+00 5.646044106877512014e+00 2.408389408023475120e+00 1.161027515896340034e+01
-3.813442370576242801e+00 3.711094089424462616e+00 8.735085687944401656e+00 -3.849976507734058639e-01
7.440535387378009347e+00 -5.261324029256406298e+00 -1.058402714230491881e+01 5.832990389263995823e+00
6.115241442330149546e+00 -6.086579710107542063e+00 -8.535639757882304224e+00 8.614440667348750580e+00
-6.612263229106485340e+00 1.315505670349335521e+00 6.023214656730090155e+00 5.006180412236002075e-01
-4.824959704732926014e+00 2.436058434055990318e+00 5.421272957842586671e+00 -1.192172763488843490e-01
4.783337611294472325e+00 -1.034166358183655099e+01 8.786922391514313091e+00 -3.727253056103779993e+00
6.566139157437918428e+00 -5.370282107148859119e+00 -1.038365974847238782e+01 7.359100866662681817e+00
7.933620526995760258e+00 8.854595957370811732e+00 -9.792151592666368032e+00 -5.628389200144045645e+00
6.752179514636254432e+00 -7.762037448595955347e-01 -6.355687881314849186e+00 -2.890422057973222714e+00
-3.228187206340384474e+00 1.254456124339695444e+00 5.290852162943805226e+00 -1.616114189051207628e+00
4.380351332801373232e+00 7.955806737203253043e+00 -1.974325511313242965e+00 9.464141443318101921e+00
4.622825004514866443e+00 5.686637493191097903e+00 2.417855775545483255e-01 9.466122028200112837e+00
6.226384738066158775e+00 -5.868577100878327180e+00 -9.136071515052130110e+00 7.548451051467968576e+00
9.940370246467598037e+00 5.930404193430572235e+00 1.531620146959094209e+00 2.555412287316701114e+00
1.010169385518309859e+01 6.622154313691382299e+00 2.170364042603201149e+00 2.492764716952595272e+00
1.908924435591194957e+00 3.190175396445550371e-01 8.507104443156745077e+00 6.991310330075560131e+00
-6.419304315288056895e-01 -2.105747806766169461e+00 9.507078682290801552e+00 7.533636638555550213e+00
3.403117988401536564e+00 6.340813344569109944e+00 -9.371683870669432537e+00 4.164155405402026666e+00
6.120128327589279493e+00 -4.692478810145601642e+00 1.459963021765926738e+00 7.067212388753496555e+00
-7.435584366314859750e+00 -5.814414860469591773e+00 -1.520583920076345796e+00 4.468187346198146948e+00
-5.307672192494091945e+00 -3.580895966582653411e+00 1.061306383361663030e+01 6.188117453891212705e+00
5.592198845951260822e+00 5.745630970895526879e+00 -5.168527387201844014e+00 -1.167060592970477595e+00
6.155905983458689334e+00 -3.361869039862477315e-01 -1.456167999731952545e+00 7.529275382587846899e+00
3.783255909969351904e+00 -8.891499093985396840e+00 9.019270799013586526e+00 1.487143002435319161e+00
-5.788648455395113857e+00 -3.683445291760255369e+00 7.891266755998749716e+00 6.886311407139149132e+00
8.549719220968658107e+00 4.709867474623290029e+00 -1.498727555241590181e-01 -2.321846746293926067e+00
-4.784694627724315197e+00 -5.544643188755962626e+00 1.094125749282757454e+01 5.757046932396617578e+00
4.706362697088351865e+00 -3.266968614171867458e+00 -9.676995526426570571e-01 8.020230782204265552e+00
1.017862698268853272e+01 7.281788755948875647e+00 -3.320964524678561292e-01 1.817498785814133155e+00
-6.718164967448057467e+00 -5.425319490403450295e+00 1.044284572175690506e+01 7.373097554109578233e+00
-8.414010341807792059e+00 -6.900290924607589638e+00 -9.353790416356679849e-01 1.116225124065189434e+01
6.704059313353296190e+00 -6.444475255157469995e+00 -9.067326514094371959e+00 7.230957894288626342e+00
6.153103966166788119e+00 8.601141529701056498e+00 4.750374358285602283e-01 -1.875082647214227460e+00
-4.086501110995405028e+00 -4.059945823790188868e+00 1.085024455727494086e+01 6.528355892703358698e+00
-5.855529273571949411e-02 4.281118020732660456e-01 8.214801137155630428e+00 6.484296639726372824e+00
-2.996447739473152017e-01 -1.826086724852081122e+00 6.711471322900928627e+00 7.720505956598765707e+00
8.000246496674050078e+00 -4.490217086600453378e+00 -7.333891100046795231e+00 -5.137203588993243031e+00
-7.207763206326253780e+00 -5.227157519973936850e+00 1.041429732094814575e+01 6.520781406027676752e+00
7.478255725972511314e+00 -4.444617773032609520e+00 -9.210537502459795078e+00 7.930014319086906127e+00
9.137923109820356160e+00 7.564553687451697428e+00 -9.628317775224918051e+00 -5.995583417445732977e+00
7.857987736911322685e+00 6.715769395760345262e+00 -1.023711289245562917e+01 -6.310969312702963130e+00
3.245781622113311560e+00 -3.510377628786372384e+00 1.711925766144076988e+00 6.226085311926950361e+00
1.043592948341689564e+01 5.115992021445827653e+00 -5.722732664676432046e-01 1.691129692356411862e+00
8.125944191468104094e-02 -3.815728775085536761e-01 8.967701714135573710e+00 8.566709101665360038e+00
7.486597536436265798e+00 7.924866497238692631e+00 -8.432626249099156368e+00 -3.507242600775661856e+00
-4.072569974916495639e+00 -5.261978555166833438e+00 7.700186804243004168e+00 5.491982993944717784e+00
5.159643306846786182e+00 7.086557283546794039e+00 -7.647372387691035556e+00 -5.172032196847482943e+00
-7.813827095988081783e-01 -1.302605150197318595e+00 1.005194688102682399e+01 8.686191328505563192e+00
3.320028810067310321e-01 4.491252491394554625e+00 -1.018908183644643195e+01 4.051612374871614186e+00
7.372909326052046630e+00 -1.712178575610158182e+00 -5.977259107933475590e+00 -4.755018988430427029e+00
4.878320646841075359e+00 3.112137389383155206e+00 1.306060515264521271e+00 -4.206657310488433943e+00
5.299261713838603782e+00 -6.418589967429862320e+00 -1.045474550912331324e+01 6.439112073496497501e+00
-4.891231143428026229e+00 -5.661705974960098864e+00 -2.244164935425548624e+00 9.448053774847174680e+00
3.677749479087222717e+00 -1.136342147798539415e+01 9.581762990240873634e+00 -1.075374838039428460e-01
3.674224168159988757e+00 6.298456851418285929e+00 2.229934257117062835e+00 -2.561260323756802570e+00
5.188493340823046474e+00 -8.079815335697842826e+00 9.518068143172360607e+00 2.533080512588269606e+00
5.830529551702223756e+00 -2.452869483805964812e+00 -2.055766096637757112e+00 7.633270742900006844e+00
6.940323503745442046e+00 -5.283523739391080554e-01 1.302566682838688816e+00 8.678635321505774769e+00
5.332564780553258110e+00 8.141626696603868396e+00 -1.877761680969148639e+00 -2.774917314814948188e+00
6.829953056322366933e+00 6.011501516861354588e+00 -7.597954883526655046e+00 -6.077951152612380170e+00
7.331969000324932040e+00 -7.200025017485021550e+00 -1.121980710398900882e+01 7.000610258459692758e+00
3.641067958762132406e+00 4.771036285672321853e+00 -1.128616370564749172e+00 1.104737018952500449e+01
3.015016011104048044e+00 -1.085333163622987485e+01 9.410106677902891903e+00 -1.997834336243884956e-01
8.170226715526982986e+00 -3.838935667547508590e+00 -5.926865661432096033e+00 -6.086636984409718565e+00
-7.816628567197295041e+00 -5.458469599421063023e+00 -7.438240509229997466e-01 7.112636717582783596e+00
7.588431303444090226e+00 -3.920364455285124894e+00 -6.960698775940534766e+00 -3.262331934855338123e+00
7.030167826061956227e+00 -1.924173837322428859e+00 4.733844917428499111e-01 6.037860423677888555e+00
8.954059422709683247e+00 -3.897011679372715420e+00 -7.876694405845835689e+00 -2.506652604256060179e+00
5.789080003009318354e+00 7.490629406614231378e+00 5.061072629571494730e-01 -3.253155197503124985e+00
5.373187674334218400e+00 -1.058682169532052875e+01 1.029396349037543068e+01 -6.593531134325569809e-01
3.352861472120549191e+00 -8.763240053434206089e+00 9.427030360679111709e+00 -1.573057624541227772e+00
1.342335771058219551e+00 3.343209856408882352e+00 -9.549982658983561024e+00 4.261717368203200351e+00
-5.805128799638242576e+00 -4.165125624885907207e+00 1.002357696117826080e+01 7.883758734681260094e+00
6.337258018321358044e+00 -3.008390644435502637e+00 -6.682863389741704019e+00 -3.012285506732485185e+00
6.249659174037722753e-01 1.460960227596470595e+00 6.783092839085318460e+00 7.121851737787113557e+00
7.123297207151712662e+00 -5.466213697997406307e+00 -9.962228680947953663e+00 7.086830373110022840e+00
4.471252698535194803e+00 -9.710047920027175650e+00 9.451313845017773829e+00 5.070824145247602166e-01
-6.186784675316027382e+00 2.561320833561844701e+00 6.299011335835611902e+00 1.307585926129408271e+00
5.511549405168642224e+00 -4.186121497218126208e+00 2.883551804493428294e-01 8.507716625000421473e+00
-6.052742610008714941e+00 -4.962936771889097542e+00 -6.986064581808174023e-02 4.238924130807320445e+00
1.387139830192499979e+00 -5.707576336320540733e+00 7.744903357129620858e+00 1.028485174569312433e+00
-8.285949850008705653e+00 -3.545745729304207838e+00 -2.073567705757386026e+00 9.093557648266029858e+00
7.824948384511244193e+00 -4.184189057237150067e+00 -4.442774061996019874e-01 7.413274619516339925e+00
-4.454327189857590907e-01 1.346939445175262096e+00 9.835068439851404776e+00 6.967893616336369611e+00
-7.222124335645299986e+00 -5.508349464189593370e+00 2.006069105319836066e+00 4.938807447579560694e+00
4.216779870819967968e+00 -2.752495782282002867e+00 9.865478690415535601e-01 1.069454069233301752e+01
6.446804307272785195e+00 6.097013198048456317e+00 2.348717863885323887e+00 1.065400781235326733e+01
3.546657524316882970e+00 -9.811752361106556464e+00 8.279442796820241313e+00 -2.324262305756465974e+00
5.695283412179019678e+00 -6.593318435803208644e+00 -9.538612327883065234e+00 9.023340586254292361e+00
-6.618114739809523250e+00 -7.636267798460853129e+00 -1.217479349129986232e+00 7.173955960249072561e+00
7.524826026153781378e+00 8.740200566391390424e+00 -9.293690159856767607e+00 -6.485256832734196841e+00
4.462920591916646806e+00 -2.410890688885225952e+00 5.964863888513065593e-01 7.685504120846464282e+00
8.957229586665825138e+00 -2.609455646309966070e-02 -5.459215637246839670e+00 -4.669914624534692749e+00
4.919143582589853736e+00 -3.690104218733231356e+00 -9.893138828797831685e-02 8.130893965620858310e+00
-3.636577693344245965e+00 1.771562239636868430e+00 4.537986293611373512e+00 -7.752803855187473392e-01
-6.453918201706953184e+00 -4.097497036384559088e+00 1.049005346583644815e+01 7.335718577223008907e+00
-7.325609134489647012e+00 -4.509802362407132392e+00 9.176807109354417236e+00 6.784805238252260118e+00
6.237657735698889816e+00 6.225333489887352911e+00 3.064057394377571963e+00 -1.398066456012011516e+00
-6.415804917513789007e+00 -3.433226406289911825e+00 9.587913431389210928e+00 7.552887738473920365e+00
5.601913533256286826e+00 4.373946674263187617e+00 -2.960504496639646099e+00 1.095431112442720512e+01
-5.882872530045261783e+00 -4.868355105576045005e+00 -1.991425899581184877e+00 9.062612398654275481e+00
-7.226230888720701628e+00 -6.559640484893010104e+00 -2.087895196733951853e+00 9.558732259390280817e+00
3.755944147856211668e+00 -1.257097943134477092e+00 2.128848892644839452e+00 6.750000825850162478e+00
5.708666967247506996e+00 6.270905056166998115e+00 2.601687146490672120e-02 1.162201834664289102e+01
7.545687405290586902e+00 7.463337060809306145e+00 -1.006346725403273634e+00 5.342019412339473750e-01
-4.898803183151140495e+00 2.164863280072971907e+00 6.585649230756884798e+00 6.458768238807364170e-01
-9.545912916287695893e+00 -3.962513366935014325e+00 -3.030828871614034359e+00 1.007012911863765048e+01
7.616187780017008579e-02 -2.871730152593028329e-01 5.288093924962010028e+00 7.541013373121163710e+00
7.011835520362488694e+00 4.639264371118400732e+00 1.827511647145937168e+00 -2.723737682732024545e+00
7.309516429989195707e+00 -6.523853590587466833e+00 -9.236496286628943508e+00 6.574180787289727768e+00
6.034064391167226482e+00 6.185688162772744469e+00 -1.112655324884795327e+01 -3.698312015209154424e+00
6.022541609484927783e+00 8.542814786953851325e+00 1.939286396939419621e+00 -1.412179757347202580e+00
-3.612915780111122799e-01 6.570795030985727703e-01 8.743291794696187225e+00 8.375627632427374181e+00
9.180985930368571246e+00 7.590075128981443875e+00 2.632154054134080656e+00 2.930867460220796250e-01
-5.330843243768956796e+00 2.735541115858347361e+00 6.407252927622532290e+00 -2.944398796907727878e-01
6.468738355125629447e+00 -7.624653914398459520e+00 -9.647238555318843112e+00 5.621787046136050847e+00
1.346565881891267580e+00 4.828229817538108648e+00 -1.086722157259064403e+01 3.797477850182729320e+00
-5.291946779788994526e+00 -7.406725104033195173e+00 6.007543845271954286e-01 5.106594248625389021e+00
8.441768179996396171e+00 -2.056411902109343437e+00 -6.489555511123022313e+00 -2.002018055976118482e+00
6.833768542693773540e+00 8.143739048080583132e+00 -8.194332616630010335e+00 -6.973897170735112283e+00
-6.690234317744529591e+00 -2.355648539188225588e+00 -1.278956960286513400e+00 1.135560098334519274e+01
-7.309816848489421481e+00 -4.654913905019951059e+00 8.779666734757563873e+00 7.135133925351228257e+00
-6.035043135667885750e+00 -5.911503921561942931e+00 -2.203530565648630812e+00 9.402146755595378380e+00
3.554713310600458254e+00 -4.595363031174183988e+00 3.147383065474063102e-02 9.996023135167366291e+00
7.796296726396442445e+00 -6.802201181348005221e+00 -8.341022355855042036e+00 8.253506394502915455e+00
7.699613691725748055e+00 7.992956311236432576e+00 -3.613788470742525849e+00 -1.907598885196102767e+00
3.752803612504099995e+00 5.943483153888610815e+00 -1.428341901587935947e+00 1.006225295922282825e+01
4.401225373822352793e+00 -1.140674454893816936e+01 9.445276642048741067e+00 -1.555730393144488133e+00
6.931121261335965400e+00 7.541328015375936111e+00 -7.347076204045080772e+00 -6.645154336604054635e+00
1.061898510997996503e+01 7.882262350482312385e+00 1.711392496335749414e+00 -7.264589645626329251e-02
8.694529238892618750e-01 4.363502309895825881e-01 9.319188402340252253e+00 7.662944919659988585e+00
2.028388578976076939e+00 -8.890448104746814906e+00 1.132995174325567866e+01 3.044972462612066111e-01
6.245723295084426141e+00 5.154928112540116736e+00 4.025207901904759300e-02 9.855201924709833250e+00
9.616576196054184678e+00 6.439086781942712889e+00 6.551372581167308473e-01 5.919572265267846189e-01
6.413171101767048299e+00 1.166036159788463245e+01 -4.209423403900621530e+00 8.638864751974828504e-01
6.109982454020572717e+00 5.429886553179240849e+00 -3.817678983969523099e+00 1.061838853091885326e+01
6.818986110793384015e+00 -2.739913944483400421e+00 -7.087131956595777993e+00 -3.941227287089424269e+00
9.309390132997645395e+00 9.325468144712674601e+00 -8.009905862566164103e+00 -4.907888155550276466e+00
6.938804929461886317e+00 8.251141548490403821e+00 -1.159887137274407465e+01 -6.677993082222363874e+00
-7.953088834757850556e+00 -6.982397925478184497e+00 -1.430018316928860056e+00 4.483838354021689732e+00
-6.637984636474596467e-01 -3.740700991626443872e-01 6.646158623352170558e+00 7.305381092969168044e+00
4.264436128791182945e+00 5.936796519321312360e+00 4.226891674014318312e+00 -4.418878439691096283e+00
3.497537157691355869e+00 9.406918054936458162e+00 -5.144209325157103052e+00 -2.277258781932397724e+00
5.176081056148454707e+00 -7.616051758602294441e+00 -9.484217645659084539e+00 9.414975787161418808e+00
-7.057539985138196137e+00 -4.649680931765707292e+00 -1.302965661568968425e+00 3.181115171182135271e+00
4.228149823110777028e+00 5.082123250060663899e+00 -1.377770104226454961e+00 9.857140189122725715e+00
9.952189796800578137e+00 6.771692133269146652e+00 6.886270539889974840e-01 2.671922834742925357e+00
4.117885766377193946e+00 5.309498092755488230e+00 -9.705304546886724282e+00 3.855291156626562632e+00
6.101691377304794273e+00 6.001031478939329311e+00 -8.073211428751642105e-01 9.555814509038500049e+00
7.738497468795990208e+00 7.558056107279345071e+00 1.122454701755065232e+00 -2.503506342819543207e+00
-7.086223039632444376e+00 -4.240718751049477042e+00 8.728614446254043813e+00 6.889634040705941764e+00
1.040420562773730495e+01 5.283792751218069128e+00 9.834232471516535234e-01 1.343252448917654718e+00
6.217358700769437085e+00 7.028465197418189092e+00 -8.889916895456194013e+00 -3.817747730402658135e+00
7.231427151259310016e+00 -8.789704533810873244e+00 -1.030639668542469778e+01 7.191626872634788725e+00
-8.093643034376466261e+00 -4.237379912167947182e+00 1.186462310675598175e+01 7.265531328367807795e+00
6.535542787597607095e+00 6.144829455267147189e+00 1.544290739054764217e+00 -2.149415059212967272e+00
-8.710307301386185586e+00 -6.239437439603125135e+00 6.401716401851373917e-01 5.100125046640838100e+00
-5.922360560519423167e+00 2.445298013322791952e+00 6.250560151758518757e+00 3.090474303038808657e+00
-5.059424387792895494e+00 -5.365512037429931880e+00 1.018865496709005569e+01 9.972558865432908703e+00
2.141918709246353636e+00 -9.236238289908163424e+00 7.456033693908434401e+00 -2.086010484572828894e+00
1.643226927886171085e+00 -9.217608036454588927e+00 9.113639128528570055e+00 5.754877233073166787e-01
-8.461667817242540579e+00 -6.006638152241945861e+00 4.379315939893834581e-03 6.392291248292659489e+00
6.845188368287541181e+00 -5.860152351393260517e+00 -9.770777331608591965e+00 6.670817648153793300e+00
6.331603415378147304e+00 1.283080588424790669e+01 -5.020216720656994092e+00 -3.311669104040287248e+00
3.916070344858643359e+00 -8.168587890553123287e+00 7.485191788276896574e+00 9.163603183605758540e-01
-9.699407332174275753e-01 -2.241531915949087850e+00 8.292887542750811747e+00 9.270037751317294905e+00
-8.298984984456506453e+00 -5.347430182267473242e+00 -3.769281508545061055e+00 9.884987117066890150e+00
7.204933421475997690e+00 -3.704221778124829001e+00 -5.290866495351187027e+00 -3.311312034808118643e+00
6.125903546616361162e+00 8.462313552223758251e+00 -8.560414494053089740e+00 -3.372690291395799456e+00
8.442339189508782482e+00 1.012099453152335826e+01 -2.459472517198049157e+00 -3.155034900809495779e-01
-6.177557178192468079e+00 -4.885382787478829592e+00 1.003490436522922913e+01 6.377965330204772521e+00
7.704066062093104073e+00 8.890165377937472968e+00 -1.008308088031264660e+01 -1.016218686485624545e+01
-4.890305850053811909e+00 -5.214334768244581753e+00 1.002305625649821152e+01 5.107747413275457227e+00
-7.385964159728652056e+00 -4.526951283610440413e+00 -4.388404958116102206e-01 2.152506212003580277e+00
-3.048618952836233298e+00 -4.164736271879253771e+00 1.145223567509376039e+01 7.422388495870417380e+00
-5.976197698185429452e+00 -5.247862636764379474e+00 1.412805498858844322e+00 4.102476944548329563e+00
-3.706709772968048711e-01 -8.473896383605380223e+00 1.114674091499298214e+01 7.981559430090225948e-01
2.673660780949662641e+00 -8.790094055862896383e+00 1.090885261725951239e+01 -1.404669573078896283e+00
-8.235225362893821455e+00 -5.770915789261748863e+00 -2.772514721513158698e+00 9.668986306318840818e+00
5.388551572065273021e+00 -3.532647167563669033e+00 -6.267163511740437620e+00 -2.412169125190202656e+00
3.627140032463168851e+00 -8.265393700958773238e+00 1.036565072458468606e+01 -4.900974380776245143e-01
6.938178831268571045e+00 -4.142297909951617285e+00 -6.032620366824636982e+00 -3.059235875362025681e+00
-4.777363947308303160e+00 2.446738486441247140e+00 6.574529477915447728e+00 -2.079740886775219177e+00
-8.639263436172283761e+00 -5.983961968687816935e+00 -3.052318726880673960e-01 4.618844930921609304e+00
7.319368470087788126e+00 -6.992537303939760029e+00 -8.325677324426193238e+00 6.749841000403352886e+00
1.187061628765073040e+00 5.071659501676785142e-01 7.152774351982436940e+00 8.102814766717663986e+00
2.428440891280774228e+00 3.623556249001040008e+00 -8.620737675608092232e+00 4.837815529183376206e+00
-6.071818277716524825e+00 -2.628257142738196883e+00 1.075294933111636198e+01 6.844296670161603480e+00
1.648475932029695556e+00 5.297124851580301552e+00 -1.014511870754311396e+01 4.553914393643320402e+00
5.162192318517257128e+00 6.717652806937524979e+00 1.760955870162851156e+00 -4.064373570700400506e+00
9.728208333213142822e+00 6.109512366969591213e+00 -2.662425188232677709e-01 5.594546857031452713e-01
8.636698076590530349e+00 1.056263672009965227e+01 -3.794715392300745727e+00 -2.564988686796300321e+00
2.914637455844184988e+00 6.332736003191880236e+00 -7.603259490029764756e+00 4.651555265326166477e+00
-7.681129630038808109e+00 -5.137903471013505197e+00 -1.927491045748888077e+00 9.689506019571119566e+00
-7.840291587760889414e+00 -5.311288232840435164e+00 1.769909361286856830e+00 5.511107083699341658e+00
-7.192654383923498429e+00 -7.190786751636603746e+00 7.042562338398622446e-01 4.736569346757140586e+00
-5.585704916660727548e-01 -6.855529027330957703e-01 8.128842511531223280e+00 6.137049533663608614e+00
1.079988180083445748e+01 6.248422632979116820e+00 -1.280016153912677979e+00 2.508183757212801623e+00
-5.940060855512894200e+00 -5.071869542002795050e+00 -3.096903991797130828e+00 9.572632932330568778e+00
-8.182369338128573588e+00 -5.257972579414387226e+00 6.515084677789023004e+00 6.636018047019645039e+00
4.067731755591253773e+00 -2.192691393427173452e+00 1.020362097522244049e+00 5.492312592188937082e+00
9.236089147109476372e+00 -1.346122193511494869e+00 -8.192317974684144133e+00 -4.171551938573867524e+00
2.628550933908102571e+00 4.381829351965375707e+00 -9.613116198006940394e+00 3.157124424645008531e+00
-8.350821643372778880e+00 -4.642167699172270012e+00 -1.547345710103156802e-01 5.634966843533240066e+00
-6.604210381600234214e+00 -4.639155730122366705e+00 9.216414942052994164e+00 8.107775016625856424e+00
6.628481093764884591e+00 -7.480163666402743772e+00 -7.417130326372488369e+00 6.426013104732601455e+00
5.232756834206576890e+00 5.305960154693863728e+00 -2.256184049645796552e+00 8.829649584977403265e+00
5.791542683675472425e-01 -1.100904593485133987e+01 1.174133003153928456e+01 8.978096199318853776e-02
6.027656530856245753e-01 -2.038097521802149537e+00 6.917088373780678090e+00 8.785607859431719291e+00
4.013769800255998277e+00 -3.571734575339978068e+00 1.204374363654027169e-01 6.914886060022414682e+00
4.881369462365666934e+00 6.921697919158391166e+00 -6.884330443286227341e-01 9.655707454527282962e+00
5.873215961759711057e+00 5.928733649700858699e+00 2.324682973405374220e-01 -2.802064644027754348e+00
5.871256166258902454e+00 7.888527026207810877e+00 -1.902036429403120898e+00 9.147206254709537632e+00
-6.570716626300680652e+00 -2.881189228042018158e+00 9.300824520921450400e+00 8.158761411839863698e+00
1.039734405128843164e+01 6.321084857716104288e+00 1.017885412495460162e+00 4.039944143213704209e+00
-6.276814692947863428e+00 7.331675355411038097e-02 8.414475211388120712e+00 1.330258060474486026e+00
8.724035870425359107e+00 8.086544415326580193e+00 -1.224771609149338358e+00 8.934178208705491286e+00
5.818307323886771520e+00 4.356262922250509817e+00 -1.985901024291186534e+00 1.024635727812474784e+01
2.092654003932978846e+00 4.387983937741775087e+00 -8.846962248273747775e+00 1.351311101811183857e+00
-7.174037900073329865e+00 -5.529521642112113611e+00 -8.230315475555086691e-01 5.593941226195162209e+00
1.359974640416323100e+00 4.674741490399481947e+00 -9.240619677054834114e+00 5.108778298986348609e+00
-5.557667069720203301e+00 -3.698635943376838320e+00 9.683188448102896473e+00 7.256485927174852968e+00
-9.423493553349963747e+00 -4.268831199795436682e+00 -3.644951055807858165e+00 8.703570539288449481e+00
5.101509174819629067e+00 -3.593189470427015308e+00 -5.729992887700336990e-01 6.596511737685367471e+00
6.378056288120323103e+00 6.186379615636614204e+00 -1.224327864043167180e+00 9.489744110464515714e+00
-5.815024987716793881e+00 -6.412221775345937402e+00 7.180822670325718304e-01 5.264490733020990021e+00
8.406255019765335845e+00 -7.269976991249015974e+00 -9.885229288382689106e+00 6.748658029287422977e+00
7.675054015118219830e+00 8.075428451155152842e+00 -4.629730374304796392e+00 6.383191252344500022e-01
6.364335698861111723e+00 -2.308372952826421187e+00 -6.939631391395362670e+00 -3.940275547470398987e+00
-7.509358754059777041e+00 -3.134468826874187819e+00 9.391620336252918477e+00 6.915492500677899557e+00
9.005414453683332709e+00 6.772952876201654426e+00 -1.263482733848738437e+00 1.185562711098397060e+00
7.194162833788183775e+00 7.761548420086399780e+00 -9.311064504670953923e+00 -6.981232983038411888e+00
8.891274580711247211e+00 7.928778733166822690e+00 -4.161096879794503600e+00 -1.087321545971332570e+00
7.906160225265800534e+00 -3.128452120401658210e+00 -6.285097156398587792e+00 -4.079563460902437377e+00
-4.646604327215610120e+00 2.064991433527936682e+00 7.756746272534542186e+00 -1.076837152309301215e+00
-5.738597338818063776e+00 -4.946878609405754190e+00 1.876332594939230658e+00 5.025212397129031672e+00
2.769214724228406865e+00 -7.553593092946497833e+00 1.174147133574524737e+01 3.470361133296118616e+00
1.151031445028553257e+01 5.822215407343120930e+00 -2.785623787422150666e-01 -2.641092833981415477e-01
5.865885435550810101e+00 6.325094290197118774e+00 1.377045916179592489e+00 -3.299642308788039990e+00
6.655308668676517492e+00 -4.551478199537530855e+00 -6.016796481055949997e+00 -4.512741413055445960e+00
7.557903625670607362e+00 -2.101965184116698637e+00 -5.727004724339590069e+00 -3.223123266552989641e+00
2.343066911169475741e+00 -7.831704419365975944e+00 1.000955593458271586e+01 5.118697875209381465e-01
7.189046753736810125e+00 8.705049145981872627e+00 -2.956721173247986556e+00 -1.998677978523309973e+00
6.293254974842207972e+00 -1.603789964973220572e+00 -5.466785196205896646e+00 -3.447043177763939426e+00
2.755935359180241573e-01 1.791385825771938833e+00 7.202552421445820308e+00 8.292564221023923210e+00
-5.899388939285204358e+00 5.098103234176925014e+00 6.454455710793023826e+00 2.005833154002254481e-01
-1.864758470299718029e-01 -1.634427350695254910e+00 8.159535955144034958e+00 5.832132494343808204e+00
7.958690209230772084e+00 -3.783742612983176823e+00 -1.082414307053464642e+00 7.638298631722483911e+00
6.393416434277943594e+00 9.051877582891322049e+00 -3.461784496893399954e+00 -1.969100713359251298e+00
7.775106942238499741e+00 7.263798805386867841e+00 -4.285936630100499301e+00 1.982505175233915118e-01
4.246990300800506546e+00 4.999379644066736184e+00 1.267295887120600151e+00 -1.846500644439721173e+00
-5.177539163553438684e+00 7.171294347333936336e+00 5.206817156801722746e+00 -1.581001686584082577e-01
6.891857574916654627e+00 9.377309104632509218e+00 -3.236889246043463508e+00 -2.625788452051212030e+00
-5.529216768072524602e+00 -5.212755773308368923e+00 -3.201409892949241165e+00 9.830261754927068552e+00
7.868571268344627612e+00 -2.755936567848593644e+00 -5.557417611498773446e+00 -2.935517600303500174e+00
-1.674909031700614059e-01 -2.211829268893297673e+00 7.481670369880128568e+00 5.893399018236470610e+00
6.673718907662390620e+00 -6.577869894196450851e+00 -1.067027834764313532e+01 7.091083750821495002e+00
-2.961827901994568801e+00 4.179428740344233617e+00 7.807369054715666223e+00 3.083560339934652283e-01
7.654454521246112364e+00 -2.636000002987245683e+00 -6.428764567259113605e+00 -5.713329515047791851e+00
4.340371079001727139e+00 5.236170925073285076e+00 -1.061240703676924468e+01 4.788000236002196708e+00
-9.604286679951861139e-01 6.506646019778944634e+00 -9.054819498124484056e+00 4.373531547299752908e+00
2.059449999414308063e+00 3.875440631200964603e+00 -1.052419558322299942e+01 4.765529276466438091e+00
7.454850592800439379e+00 -3.486325891216117245e+00 -8.354424007908070493e+00 -1.851605008527415830e+00
5.511512329239260488e+00 3.360788472337378874e+00 6.864044683627283927e-01 -2.034634944128191236e+00
1.074225006582006969e+01 7.259966780272101516e+00 8.938109629592999594e-01 8.459848895055210871e-01
-6.760069298636182999e+00 -6.091000786518252497e+00 7.646515592622950275e-02 4.993304309867126811e+00
1.024793369561146861e+00 6.140691033013474964e+00 -7.726144153822645855e+00 2.733324842357635731e+00
5.851977526656185979e+00 8.526009427055335266e+00 -1.663577072884646180e+00 9.240938400999989533e-01
-7.643810590498382851e+00 -4.611620054376238009e+00 8.852550600502153699e+00 6.743274075687734737e+00
9.595251509788658595e+00 -3.669629951962935621e+00 -5.976773885785379825e+00 -2.538697044159608840e+00
-6.139325769522415044e+00 -3.290021719769169017e+00 1.188184196738578535e+01 8.028115061234949223e+00
2.621045374521679516e+00 5.014521946951771003e-01 9.023291764528492465e+00 5.661833669342233755e+00
-7.302465555507908768e+00 -6.739831758126411998e+00 -1.719975880842971483e+00 9.897829172843177759e+00
5.255923381430983810e+00 8.402245492403881855e+00 -1.323007900342589416e+00 7.229083378928509163e-01
1.494333352325599495e+00 4.400046894595771363e+00 -9.743631708510086753e+00 4.842070140301539816e+00
1.033036932886586889e+01 5.942164051553555204e+00 -4.587938231308033576e-02 7.375327456315821095e-01
1.180829206504083828e+01 5.884009577095729249e+00 1.191651700350323750e+00 1.197725070523790958e+00
7.255024232666361428e+00 1.058438849457499664e+01 -8.779027618427969415e+00 -6.170822293306147621e+00
6.540584378828854462e+00 8.130259096191652546e+00 -3.493598975321682065e+00 -1.328488485826751830e+00
1.220401961678483360e+00 -1.129393614578153304e+01 6.734895660837409537e+00 4.003068491200592605e-01
1.951002735957407808e+00 -8.955349114585842152e-03 6.142711634428926537e+00 6.591829629398083590e+00
7.547215657559998903e+00 8.817759686208056280e+00 -1.465044425563351016e-01 -1.486677258077979014e+00
5.154100527711484858e+00 5.370565125937381445e+00 -6.109432142751536343e-01 1.057559792933138709e+01
4.922618590706763442e+00 -9.836536172949811530e+00 6.906389781963731878e+00 1.860016596172846981e+00
-7.857600115532287433e+00 -3.731983205988813168e+00 -2.043189401923101389e+00 9.125227155370147614e+00
-5.200754021029871055e+00 5.967924372244430842e+00 7.157431003032781902e+00 6.365828515142401001e-01
-9.766369706058217304e+00 -4.931275553526423217e+00 -3.397561148709968837e+00 1.156562937380689604e+01
7.616724467645648033e+00 8.067801884453755790e+00 -1.099679432716761696e+01 -5.661171560569332684e+00
-5.956831932401058793e+00 -3.742531946189529446e+00 -4.848412369569723990e-01 5.338521424175393548e+00
-5.652891180618313527e+00 -5.637558066281246560e+00 9.818001217450893492e+00 7.111318977673348307e+00
-4.166254966789839642e+00 3.924419495154692683e+00 7.739505357914916672e+00 -3.056602249842510499e-01
7.180906272836512727e+00 7.857853915168776737e+00 -9.774419964475239198e+00 -6.062711856842541103e+00
-6.998896716251940653e+00 -8.488701793199709300e+00 1.147448564476290400e+00 2.163133693357243814e+00
7.580267581095244012e+00 8.313902942018087217e+00 -7.805701023353086576e-01 1.755641196403753046e+00
1.751880212197281406e+00 5.727471785712343610e+00 -9.722215689788557214e+00 3.878957457158652034e+00
4.814769405671405877e+00 5.572118987024358816e+00 7.005563099811953354e-01 -2.532631796188371087e+00
6.010229918135251204e+00 6.325932800971767023e+00 9.596270411938023770e-02 -3.224871111213370778e+00
5.962802776564252838e+00 -8.396892983991580905e+00 -1.022862077821859472e+01 5.787005351603856873e+00
-6.514444774915777892e+00 -4.123727824588689472e+00 8.372570226799064486e+00 5.710694248086920055e+00
1.744588550233277635e+00 4.269596460106644287e+00 -9.589409066820344663e+00 2.707618429817430616e+00
-8.433212518945053304e+00 -6.010342149006372203e+00 -4.078738236600151446e+00 1.068944853781563431e+01
-6.761275510620873952e+00 -3.849053369039800110e+00 -4.255600673297864844e+00 8.895230786218688124e+00
6.563549396657380797e+00 -8.216760009925939912e+00 -8.858139240062593345e+00 6.770944249773346968e+00
3.072186637698505862e+00 6.748100922019915515e+00 -2.605301212615719564e+00 8.378756415398218138e+00
-6.754733781765048128e+00 -8.593933428688803389e+00 -5.116849785159218733e-01 4.908318753062028250e+00
-3.810517345477281714e-01 1.912419111712751807e+00 8.741410342795568056e+00 6.564094315195744045e+00
7.390306528589661639e+00 9.352070144762206994e+00 -9.555554435155757531e+00 -7.257460953757922439e+00
4.904474851305867800e-01 -1.522745711449954520e+00 8.440239686558859589e+00 6.635916961001563585e+00
5.859698517605492540e+00 7.244275393036000210e+00 -1.462514588518439185e+00 -1.462947794375603738e+00
6.271947147188019933e+00 -7.255394449045024174e+00 -8.450837154679991414e+00 6.201429215877239720e+00
-3.221948833557523706e+00 2.402967301757101382e+00 7.989690048864861893e+00 -8.389251325190265618e-01
7.189843749754841085e+00 -4.022460047431087204e+00 -8.072039496130113179e+00 -4.733486980373241337e+00
6.752618028782647386e+00 -6.449361486773137031e+00 -1.032275222402362225e+01 6.194124296577713018e+00
-7.529871488509476407e-03 -1.304258060270092834e+00 8.611068627164929268e+00 7.203747551946624306e+00
4.669345569715805944e+00 -9.557977628947007531e+00 6.896370630269233359e+00 2.400388292781951427e-01
2.073546252168199544e+00 6.477883616445136994e+00 -1.000853037962291303e+01 4.379990365884554926e+00
-7.647557257486015558e+00 -5.701316501888767263e+00 8.487389608826173548e-01 3.889824531436070210e+00
-4.126797461759162289e+00 1.722266751059012391e+00 5.778779283415234502e+00 1.818565083322729592e-01
-7.419848145701235520e-02 -2.406081548371167056e+00 8.349371786043120025e+00 6.007817644833078674e+00
6.015922720023926473e+00 7.740404521989802333e+00 -4.374176496918765089e+00 -2.790261635619796232e-01
-1.090816750891584697e+01 -6.588338818740724356e+00 -3.321733937348589016e+00 1.108390890153127906e+01
4.935836662280254750e+00 7.721352942071667336e+00 -3.525719539737360630e+00 1.157113517898521682e+00
-5.789195889179248766e+00 -4.255504463157844697e+00 -3.404106199401928379e+00 9.299722679915628731e+00
-1.257265741921114177e-01 6.173287133801060200e+00 -6.587635241992519042e+00 5.569904918151755702e+00
-9.060578175431405867e+00 -5.636824914227507755e+00 -1.238940891329376903e+00 1.164121837209764188e+01
7.248885591117026017e+00 -2.210230745104335259e+00 -5.600120649613050006e+00 -4.071293384885207089e+00
-5.784429409176977011e+00 1.768216685377799857e+00 5.921959352284108746e+00 6.863296540138135171e-01
4.974712604214861500e+00 8.197120636922306858e+00 -3.154576034223280256e+00 -1.464632340940288380e-01
-4.019132994683038973e+00 3.589462895743207316e+00 7.831324396462201243e+00 1.366335781198767751e+00
9.575343960921887998e+00 -3.958079751772847654e+00 -5.747404167790148399e+00 -3.977558175145452513e+00
7.559441593158022776e+00 4.448378251838261299e+00 1.796065362501148233e+00 -3.660480169439885412e+00
6.067030280394832609e+00 -2.297030311628772914e+00 -7.416715061615825277e+00 -2.415137908978470804e+00
1.841300872021913726e-01 -1.204833525636379576e+00 7.885196616510112833e+00 7.592306364730705859e+00
6.206605420767413506e+00 8.576688500811032512e+00 -8.598975101315236458e+00 -5.250557069733493343e+00
9.088651262531278974e+00 7.187271596160764275e+00 -9.392793398214188016e+00 -6.609127329351597524e+00
-3.077019966282693364e+00 1.148575293668657071e+00 8.245524154488659718e+00 2.144763715675946258e+00
6.903556747959553874e+00 -6.503302920897877648e+00 -9.368616906870700589e+00 5.824376114582293873e+00
-7.606412096489058250e+00 -5.649123857477264643e+00 -3.138636782631648581e-01 4.817863507948899837e+00
1.276572206236648022e+01 7.143661044225189549e+00 3.335645014033740141e-01 2.384165179404316603e+00
9.437079236458480125e+00 -3.281138575478099728e+00 -6.688341302814633238e+00 -3.961578987291698883e+00
1.718749630880371804e+00 -2.462879856791114097e+00 7.131969707456733865e+00 9.399361403868265796e+00
7.307703096586005920e+00 -7.649282957726105003e+00 -7.703110614468522854e+00 6.637150451900287074e+00
-8.710460981440260042e+00 -5.446945038741137779e+00 -3.316682171528349432e+00 9.887493583982079670e+00
9.744937905980464166e+00 7.572366533252537835e+00 2.431251258477062915e+00 3.139011010905878862e-01
3.963243574475867614e+00 -1.960169564482355131e+00 -1.849180269705680502e+00 6.585742812419300485e+00
8.782930789931686633e+00 -4.286285176088371784e+00 -6.527607649540581924e+00 -1.437740062635453064e+00
-7.394912557214238902e+00 -4.535847064111601767e+00 -1.825122832992378097e+00 1.174516890689341331e+01
-6.193137444509903666e+00 -3.479223648200264751e+00 1.012004451186225751e+01 6.996184947823281597e+00
8.505439764262948898e+00 -2.388142326499457013e+00 -5.352475387848377508e+00 -4.406855152027635114e+00
2.845928458188878629e+00 5.247827102711601022e+00 -1.039897666880990101e+01 4.040138115879511993e+00
4.346265802558952451e+00 6.338285598683056854e+00 -1.908668263002190724e+00 7.950691804298335441e+00
1.119742948204800248e+00 7.243750171010699290e+00 -6.607028256596231941e+00 5.022242206834739875e+00
5.152172216930956949e+00 7.967081972462985107e+00 -2.793783636744052057e+00 -3.201528615786199961e-01
8.301414817343919950e+00 -2.930800073285151353e+00 -6.006736611450857133e+00 -4.306004820836160540e+00
5.592360689770186966e+00 -1.121502026008779040e+01 8.079667933836653049e+00 1.608461402444906874e+00
9.617205937007152983e+00 5.478259618687218335e+00 -5.877888521472437455e-01 1.137179211343553931e+00
6.040193572222273488e+00 -5.551451884065217612e+00 -1.139007909962471032e+01 5.511128901796034540e+00
-6.502690460525542449e+00 -3.790584911544934599e+00 -1.920658533954995528e+00 8.520923185041388237e+00
-1.005976908959239857e+00 -1.436220159340640956e+00 7.486241159049648708e+00 9.491904996935780048e+00
-8.585274732024021915e+00 -5.138809855290995543e+00 -2.148142250237855766e+00 9.923774013781327952e+00
-1.350185297762235948e+00 2.486804573989285227e+00 3.842543980053457542e+00 2.549590235926070481e+00
6.496140296357249433e+00 6.076864254934142728e+00 1.599360941210425935e+00 -4.256375655850729522e+00
7.765153700034057138e+00 -2.717306357967209429e+00 -4.623930455321853650e+00 -4.063827718184067628e+00
-5.552262797150879337e+00 -4.316287334348688276e+00 1.068789866963765967e+01 7.525682541978500950e+00
1.075677246180882385e+01 6.771461908077927028e+00 -9.290628377971588137e-01 1.155494955057227990e+00
4.533035224503342953e+00 -9.169792642589444043e+00 8.492622888281815108e+00 2.076021503304907312e-01
7.457733450381775597e+00 9.021781758129225892e+00 -2.312790442438109828e+00 -3.359775395481992444e+00
5.657537463816193934e+00 -1.343873477055888221e+00 -1.790948777714600482e+00 7.129985666356851937e+00
8.235009539203051787e+00 -6.517548825904041720e+00 -9.039309767770644655e+00 7.665188786005873389e+00
4.056313425559045172e+00 7.563586725041345993e+00 -3.446928791088699207e+00 9.948776004863505662e+00
6.130516668560052729e+00 -9.376628361414522939e-01 1.086744340359525829e+00 8.455231632797529429e+00
5.877270482580852828e+00 4.503711784762031378e+00 -2.627325090305538957e-01 9.088609267451614571e+00
8.399366826251807083e+00 5.837441811803315339e+00 6.356905626552256106e-01 2.037804726479699902e+00
5.460474618132112212e+00 8.978901045139071613e+00 -2.775427901726760904e+00 -2.277831359862440230e+00
4.296210444874044576e+00 8.447737064820321606e+00 3.610698503543993132e-01 -3.026485847376252813e+00
-4.513266004956324018e+00 3.056304901369804483e+00 6.979276267997035710e+00 -2.975653368510112529e+00
-8.214900791143206149e+00 -5.322346411114681430e+00 -1.093083154527167089e+00 4.604395455429316719e+00
5.678075132287350613e+00 -6.666847417352920857e+00 -1.018681758174533947e+01 6.494933611251384242e+00
-6.849679297275027001e-02 -2.321300061117532287e+00 8.433944636286877738e+00 5.987284549538298251e+00
4.490920241849841510e+00 4.014289292778286722e+00 -6.445298135136021678e-01 8.183796088491433807e+00
4.564430015823919717e+00 7.065328017718569775e+00 -8.344233978060598966e-01 9.593949724465584694e+00
1.023564151937013023e+01 6.714708375493281700e+00 1.867829234809980921e-01 2.323333025174718180e+00
8.338672514369141808e+00 1.016766074681063969e+01 -4.201091920016306602e+00 -8.677759670934649394e-01
5.750186672065470184e+00 -6.475983044946953981e+00 -9.871753585297062372e+00 7.002314619013564112e+00
1.544173370479265728e+00 -3.351145326081281794e+00 7.453524787191703638e+00 6.679664920513935122e+00
6.093192051087157779e+00 6.822956927439105534e+00 7.791077701771806918e-01 1.165026637392601927e+01
-6.066119752428877021e+00 -4.079015079159105994e+00 -3.259831836529683446e+00 8.789241351153062709e+00
9.562628565962974392e+00 -2.736834947597253098e+00 -7.481892230402031885e+00 -2.885729203205817939e-01
-5.635649840701368873e+00 -2.168445628438910422e+00 1.106471129633099260e+01 4.686927507302240947e+00
6.133628448688577706e+00 -2.765806003111878741e+00 2.309252428402700730e+00 7.436257118761848695e+00
-7.413539377000178732e+00 -3.697758245902003527e+00 1.048092354654626135e+01 4.413769609039398745e+00
6.669645974300675739e+00 6.902409862427378862e+00 2.448550809156238017e+00 -5.040234672211017397e+00
5.895724895055853843e+00 -8.549991592303038956e+00 1.205177832835867591e+01 -9.055702222156885028e-01
1.103253006045618267e+00 2.958398555818677611e+00 -9.720469914081652618e+00 3.255499010473102306e+00
-7.760232981361046889e+00 -5.607341207187714005e+00 9.663297032959651034e+00 6.353098328753404189e+00
-2.559801096471555626e-01 2.025075601883959964e-01 8.137095052243697779e+00 6.896789320519196131e+00
-4.144253641896299412e-01 6.247782507706669541e-01 6.805587942217350417e+00 8.630427911256573381e+00
-2.201155388677126457e+00 -3.935780076572493735e-01 8.644429636028242214e+00 7.676153387260603367e+00
3.460357593728236481e+00 5.139648827761716277e+00 -1.181390309978024966e+00 8.062390647958048717e+00
2.208757300168703530e+00 3.980290591355319041e+00 -8.499445229334437357e+00 3.267683341714878509e+00
5.936471297817342396e+00 -3.117344751341952325e+00 -2.003238300649594628e+00 9.820755736596593621e+00
1.103570933918240193e+01 5.932392743322911777e+00 -2.088245033117536731e-01 1.605186064217194453e-01
6.221373187231761470e+00 6.612997495892072308e+00 1.252106147535554381e+00 -3.757326160963299966e+00
-7.187799347666090632e+00 -5.564416671356187116e+00 -5.161288701277376489e+00 8.161657221930273209e+00
1.153101464573630430e+01 6.569146393780807003e+00 -1.278247186538494229e-01 2.595251552745288848e+00
6.619386859754088803e+00 -1.710001262146623402e+00 -6.060328411703956863e-01 6.997520764250111824e+00
6.046012367484671302e+00 -1.516111293266828142e+00 9.410142347456368350e-01 8.439761709096085696e+00
5.357604414680111837e+00 8.150544053620972562e+00 -2.444519439556508189e+00 1.286962985443659768e+01
-7.254006735614973778e+00 -3.762705391877429584e+00 8.705255971669382475e+00 6.137373955503218959e+00
4.645203508047696772e+00 -1.181273221203082180e+01 8.500449408568584886e+00 -2.318599004199457525e-01
7.156559765218170277e+00 5.875720592714157142e+00 8.664199079467078679e-01 -3.046100418391701758e+00
7.154917789546530571e+00 -6.702163451350426016e+00 1.588483979041829475e+00 7.419966192740083955e+00
4.243596411425422765e+00 -1.115074369978699842e+01 1.064145952468609124e+01 1.224713773148011109e+00
4.537904995657238594e+00 6.480202057568242857e+00 9.993881329651128631e-01 9.628470432905933407e+00
6.820688803391024457e+00 -2.062200703121922274e+00 9.869757753527678146e-01 6.336342775571225161e+00
6.855843174792801697e-01 5.148333690943712071e+00 -1.031486850595133653e+01 4.842983916541129474e+00
5.898527075291763566e+00 3.899960395343327946e+00 -1.030448661968061286e+00 -4.460231127514499683e+00
-4.430152402484084817e+00 7.406437121168694127e-01 5.724309835417448866e+00 -1.804663186504505301e+00
4.215136093578430554e+00 4.936086357886939169e+00 1.061782047713663246e+00 9.829805756029779573e+00
1.146143593868603094e+00 -7.152926261692996057e+00 1.222994275219680560e+01 4.418445162911182611e-01
4.963393131772345868e+00 -8.256250390009483908e+00 9.374500417608430780e+00 -1.558319358307445945e+00
5.108099900239447599e+00 -4.112860183971887906e+00 1.095462367133927639e+00 4.377187226784354124e+00
1.382377988547111913e+00 -6.380400315180053683e-01 8.566347374110851121e+00 6.671824110603487235e+00
7.693129814209563655e+00 9.151554540179732911e+00 -4.599327776424329883e+00 -8.273757577164686516e-02
1.623393667686081843e+00 2.309443184589111020e+00 -7.909405116232774979e+00 3.946694315382374807e+00
-1.537863400347203147e+00 5.958919334742986962e-01 5.106564352001162987e+00 4.608050421993649337e+00
-8.240378421161395295e+00 -6.498515412172638506e+00 -8.629579332042888185e-01 2.939281115316381587e+00
1.074572937487995361e+01 9.071457422838022921e+00 -5.744772063312252319e-01 -4.808371863526257339e-01
-7.038053690778635740e+00 -5.967012583999476760e+00 9.467600109223205607e+00 7.997931296443766769e+00
-6.490533855207439307e-02 5.845399750737942934e-01 6.266183025774381576e+00 9.322363932466370073e+00
8.066750934399415485e+00 -3.978964410635784432e+00 -8.629554877207556984e+00 4.951385381479201264e+00
7.555939249694271886e+00 5.947867673387111864e+00 2.107603980543161448e+00 -2.382758359569139728e+00
9.507019175202975347e-01 -9.650447423749881182e+00 1.067755225445259981e+01 1.611240803023403223e-02
8.907019391412280385e+00 -2.999297439596824155e-01 -5.090441358252564719e+00 -4.180074569116186467e+00
7.675446400946515979e+00 4.952304453551360730e+00 -1.519479103896866246e+00 7.753247220346981550e+00
-7.459306693180469239e+00 -4.541605755862640592e+00 -8.430310095477633325e-01 1.015202435396884084e+01
7.136491654780138028e+00 -7.375982582086032302e+00 -7.645716822828402037e+00 6.212123110683013927e+00
5.121326687022158097e+00 7.855064239329186293e+00 -8.067945834558178930e+00 -5.808830674441298747e+00
6.092183735807685352e+00 -4.411886316321865564e+00 3.102983404640067722e+00 6.881793471847966970e+00
1.561032770147394722e+00 -9.718667979779965549e+00 7.934546385137412727e+00 2.030459307697217497e+00
6.786877410315796055e+00 -6.626195459218507722e+00 -9.250234023589205989e+00 5.798670369123461121e+00
4.207377965003205489e+00 -9.493242011219795273e+00 1.101422287002456457e+01 -3.140937784632334306e+00
1.941307531016352783e+00 -9.387646322822304157e+00 7.153494173094516739e+00 1.163640257395000432e+00
8.908894964426501417e+00 -2.234042524525618134e+00 -6.190501322384321270e+00 -5.767247497176848370e+00
1.861119373082175121e+00 -9.753338351420755004e+00 8.563969099870549329e+00 9.520614121632703375e-01
8.874183793406082543e+00 -3.626204001137931066e+00 -6.631201291582693003e+00 -4.440884429206938044e+00
8.428382396544911614e+00 -6.795939997063870308e+00 -9.883711958181184087e+00 6.180025657519204962e+00
1.211861091093623877e+01 7.712334485496836756e+00 -2.465694594489618918e+00 1.924097802997536188e+00
8.228126736144771414e+00 9.022323916230018170e+00 -2.084391902220121384e+00 -1.672525694545841546e+00
1.109542162359122131e+01 5.992991390766756687e+00 -2.963656195654854053e-01 5.000206177281145692e-01
8.538921014605122650e+00 -3.185623557585908205e+00 -6.026447463728900722e+00 -6.191207259091028980e+00
8.494526446702939992e+00 -8.049587760430398475e+00 -9.348330943791838266e+00 8.114597744635259957e+00
5.069941468746820945e+00 9.162211537825832863e+00 -8.320165976760645066e+00 -4.659126216116938224e+00
-1.065262837416818442e+01 -4.871404540087494794e+00 -3.519048731539545560e+00 1.076031159907168444e+01
8.717370089082026041e+00 -3.422588536301628181e+00 -7.324777428800651968e+00 -5.834435679363667582e-01
-7.438142893154444657e+00 -4.488056024474460948e+00 1.005504117726031232e+01 5.880085693749792952e+00
6.464659427415663906e+00 4.665325430189023237e+00 1.768041637208966010e+00 -3.153793085651416028e+00
4.855439634385415815e+00 6.561351918324364263e+00 -7.672653463990373179e-01 -3.338863274550793570e+00
7.684945814665931962e+00 6.539128116621440334e+00 -3.124598187123710069e+00 -3.493866513401582274e-01
5.550277927034318992e+00 7.707152350850085654e+00 1.846092502585066741e+00 -3.110432976984854658e+00
4.044556517740264923e+00 8.743459924075764889e+00 2.481359893281128048e+00 -4.134502724707787458e+00
1.296796029126457972e-01 -2.334121646330242772e-01 7.015806023541149905e+00 6.824354007020432711e+00
6.347482309892886754e+00 7.085900058753591857e+00 -2.668536270512716690e+00 -1.075346568470314734e+00
1.189709599624462655e+01 6.429968207084378662e+00 1.805501517200827521e+00 3.203971020318860496e+00
-1.044771404277656224e+01 -5.789768534643020992e+00 -5.920863259689885805e-01 4.405542225119602584e+00
-7.551167459670081961e+00 -4.454260591041107276e+00 -1.286533287455308372e+00 4.373527152906873106e+00
-7.353534772911074491e+00 -5.913344018005886049e+00 -7.946833854616452975e-01 5.392272552858022650e+00
6.268882536351844337e+00 -7.096078780208088688e+00 -7.572695095779462093e+00 7.954114927435442794e+00
-6.848464088751944345e-01 -5.614337627369324624e-01 8.078784494790415494e+00 5.272750807931940287e+00
1.145081518495673478e+01 8.900915607796685336e+00 -9.762886507991292984e-01 -1.489620746499304982e-01
-7.092654159749679721e+00 -4.979801347622357710e+00 -2.491121473186137525e+00 1.030808083892526561e+01
6.717655644735131659e+00 7.501416674498992521e+00 -9.083623055532559221e+00 -6.176386714236523190e+00
6.427767691964070274e+00 -2.678939928105978474e+00 3.840160973308467951e-01 7.587563057906505648e+00
6.651776274253808019e+00 1.023972687452488550e+01 -4.018148642885066124e+00 -8.910121791186410567e-01
6.202130363430854665e+00 6.205751617795105979e+00 1.388884324328480968e+00 -2.845093515420870300e+00
6.806272423684276873e+00 -7.671081824057448983e+00 -1.203950246419986314e+01 6.834506269718907845e+00
7.652209102794342854e+00 7.461785127561010533e+00 2.688143565154944348e+00 -3.324706085353687168e+00
6.257229942006765633e+00 1.024114436761754021e+01 -8.495116554884905469e+00 -5.497533978845060787e+00
3.239084475396478702e-01 -8.322192638896423134e+00 7.171885398951252988e+00 -5.634535206936840401e-01
7.202516106750713298e+00 7.983246422595675185e+00 -3.280989566986887152e-01 -4.420205066982060949e+00
3.386134056469277009e+00 -9.554891023493873092e+00 1.014625136645339332e+01 2.112918078100747721e+00
7.016945388022434393e+00 -3.145995102768617713e+00 -8.591623330588571861e+00 -3.750479217151058808e+00
7.544911420616928766e+00 8.897278583761181636e+00 3.838902485323933966e+00 -4.164420810685940388e-01
5.555955630472883655e+00 -4.567568468903137280e+00 -8.551044086340679584e+00 6.414300317522877215e+00
-7.069497550319741030e+00 -4.461752716993390599e+00 -2.224253117842863503e+00 7.623628484490787116e+00
4.495754584449281666e+00 7.917215452404620990e+00 -3.245243204574978169e+00 4.346629851948946577e-01
-7.322872356940622218e+00 -6.881580493487309269e+00 -9.766830108308069969e-01 3.907554841022805370e+00
6.335325350323939730e+00 -2.802025685276511524e+00 -6.055167139373109464e+00 -5.675410569296666097e+00
-8.275154441957504048e+00 -6.165189054729254714e+00 3.404180348432118697e-01 1.601957384464952394e+00
6.659236788683371433e-01 5.779738748595626419e+00 -1.035597768227393090e+01 3.096368976035055454e+00
2.931029529184459470e+00 6.566140546718180815e+00 -9.369703334623626034e+00 5.660107309538819464e+00
1.144539207616053034e+01 -5.518139305540971762e+00 -5.521227402298488407e+00 -4.411384338553047790e+00
7.751756754115862513e+00 1.057364178422172962e+01 -9.458781466750815881e+00 -7.535852421632356801e+00
-6.077695955841637243e+00 -5.944523398251245538e+00 9.247351498956223326e-01 5.485488911339671425e+00
4.667985333665998660e+00 5.612796535125876396e+00 1.009842597367210937e-01 9.038933934751765875e+00
-8.622865107728401313e+00 -5.258614607738958391e+00 -6.336138777963675750e-01 1.016320444385815236e+01
-7.001006666533616141e+00 -3.865436545075717767e+00 6.820061434837233705e+00 7.750367566793530116e+00
-5.759962992775863988e+00 -6.944409835757829441e+00 1.037068129473236411e+01 6.783063041441395491e+00
4.595089829317508645e+00 8.321355323924109371e+00 -1.034882130256119837e+01 -5.881991802629404908e+00
6.697674431918936300e+00 -4.129345654721175762e+00 1.479976970921924151e+00 1.023350760504379231e+01
7.125370991541785770e+00 -6.811171019822741535e+00 -1.083745397898950102e+01 5.973357957074135527e+00
-8.733471679067639215e+00 -6.179685013530022530e+00 -2.826122444111220933e+00 9.698404899177113236e+00
-3.847467148037003959e+00 9.751722676000191825e-01 6.201991291499586723e+00 9.838290997446841324e-02
3.474154332293030389e+00 -8.350540245625163394e+00 9.906270552456376777e+00 2.743707416392431764e+00
8.338231363233676419e+00 -3.869626060623891028e+00 -4.535926506953600779e+00 -4.775624123945221733e+00
1.645015094581636639e+00 2.990619871012482278e+00 -8.885538077971050441e+00 4.859556077950839104e+00
5.988704440743393143e+00 6.499432281061591432e+00 -2.734192458759490130e+00 1.007583238907106882e+01
9.238230142153938118e+00 7.344866406120246438e+00 -4.798922018077849128e-01 2.346864677770499341e+00
-5.379694627690656539e+00 4.267092397882557009e+00 5.862188784597942792e+00 1.566528759763618162e+00
6.123005546026305979e+00 7.785377617456289201e+00 1.085251267680059861e+00 -2.025350306894345032e+00
5.385842417072215227e+00 7.593517790503189424e+00 -3.709003010190435656e+00 -8.325329749519317923e-01
6.980905337941331723e+00 -6.914544624604594070e+00 -7.193004510548885122e+00 7.197420033356744185e+00
-3.479343403451848449e+00 -6.524531339783261608e+00 -7.809372643340554143e-01 5.811965669704520998e+00
8.367434730113116004e+00 -5.167704413355007631e+00 -1.258767325358750888e+01 7.148511050146470147e+00
-5.282302551922506417e+00 -6.576382550007709327e+00 1.024940385909761709e+01 6.334083808726261644e+00
8.339096432032887307e+00 8.398168012067143806e+00 -3.494155619808897661e+00 -3.127054465597016275e+00
1.867254102068266919e+00 4.933960069112631075e+00 -8.583421361466760047e+00 2.974474369082281022e+00
6.660854780623227001e+00 7.513543723402478669e+00 -8.427798005849666652e+00 -3.135156175441533133e+00
-6.177698936603086111e+00 -4.225088852508972259e+00 1.188290174185615733e+01 7.977167723220542683e+00
8.619358292229630791e-01 -1.075567405255056563e+01 1.014340497089889581e+01 1.903623185949715690e+00
-9.053133703671269572e+00 -4.800729557869727770e+00 -1.924922061508173909e+00 9.483399776935955927e+00
5.779179673996771349e+00 7.273689670359504866e+00 -4.028879397428242193e+00 -1.904153869681508571e+00
2.441464512120951724e+00 5.970228515482956411e+00 -2.526757463869746534e-01 8.853218813574633472e+00
9.232952463830635281e+00 -3.606144497777941993e+00 -6.392339195881510783e+00 -2.620371341259994047e+00
1.092784666323512788e+01 7.805076707983514162e+00 -5.354475714552260346e-01 1.191585157762284908e+00
-8.784918953481613002e+00 -4.457536363702597093e+00 -3.511923317111863785e+00 9.348532160339788177e+00
-5.761563410637250193e+00 -3.666004158993471762e+00 8.628214032199366557e+00 7.152722126652236945e+00
5.251457269795676730e+00 -9.714138877798905725e+00 1.074121607541416168e+01 1.893205950505388313e-01
-6.195992464283819778e+00 -5.001256875136491864e+00 1.053569926976830651e+01 6.539921793207320810e+00
-7.124276794367093046e+00 -6.642723716846541393e+00 -1.034862858335501512e+00 5.466369261171609040e+00
1.074354255790050283e+00 5.034962016139747476e+00 -9.467400433633663681e+00 4.623030925438637695e+00
2.452916160257014422e+00 -9.802912051242696378e+00 6.903885562461861802e+00 -2.550497852778111696e+00
4.712573848121305531e+00 -6.541394397714010545e+00 -8.107735447965559672e+00 6.244203463337018256e+00
-4.589971100148020788e+00 2.519629812342580433e+00 8.241649644827539589e+00 -9.003039888382069478e-02
-3.607523097765045428e+00 4.415862747990717985e+00 6.972702393785796815e+00 -4.220370489657537805e-01
-7.108117073347657300e-01 2.068188015292232951e+00 6.019245471360113342e+00 8.251143506219751345e+00
9.646513108458547592e+00 8.559011691891260654e+00 -1.162283773119011654e+00 1.076751237711610631e+00
-3.664065159719634757e+00 3.060270740151588953e+00 8.361979899325501009e+00 -3.683150848299923119e-01
-7.512952338874446134e+00 -6.185880648179016283e+00 2.986320003598124107e-01 4.760247893962441523e+00
-7.056603714808374894e-01 -1.403826285868849499e+00 8.507946915260703236e+00 8.057225873926798343e+00
6.340777714706969270e+00 -2.787188304732799882e+00 -8.599582042617278432e+00 -3.826061498996679688e+00
5.710174848710162010e+00 -7.269827700719789121e+00 6.847618438040991684e+00 3.806232156563117419e-01
-1.320721795899503004e+00 1.017780193448547532e+00 8.964149179478711815e+00 9.045841340765722549e+00
7.032453797663385409e+00 9.988896617726119587e+00 -1.661956979557362324e+00 -1.507655045906758584e+00
-8.761626868679435631e+00 -5.582264898564196720e+00 -3.530652713890484851e+00 1.077879338683611188e+01
8.380335534414001586e+00 -9.019553726530662452e-01 -8.495517700275593498e+00 -3.017253218286910954e+00
7.525346233650488159e+00 5.707781110859176721e+00 7.055056643818420348e-01 -1.988496512961901663e+00
4.056270880723623407e+00 -1.016252608544857594e+01 8.066668897156203499e+00 2.621125098803868347e+00
4.470715116051787064e+00 -4.417706051507106046e+00 -8.547263652379641918e-01 8.729368784153750838e+00
2.469850862923572699e+00 -8.792751140203879601e+00 1.041120094084071468e+01 1.799159084761982719e+00
9.000807082844429985e+00 -4.055505029033804831e+00 -5.350268457293053892e+00 -2.918228974718987345e+00
1.558749361561637237e+00 6.031024044105984139e+00 -1.110276689994089061e+01 4.100900742577297642e+00
-1.001851216868820948e+01 -6.915435495147775669e+00 -3.479159629310721868e-01 9.997759206465303805e+00
7.095123858222486923e+00 4.955783539958185102e+00 -1.502127836034685693e-01 -3.485453110381554254e+00
6.442800613468102178e+00 -8.361754907561229189e+00 1.224618858674958588e+01 -7.576386965961134923e-01
4.426285103994251457e+00 -8.668868247813541927e+00 7.984658690482730137e+00 1.122768950537554433e+00
6.596493236435189367e+00 7.733325954926849377e+00 -4.986125735916196788e+00 1.477247469468134788e-02
5.984803246223166617e+00 -2.172760535280962024e+00 -1.169082627415857001e+00 6.741187789348889403e+00
1.016843579199650982e+01 7.007552337347840776e+00 8.480803146694572137e-01 2.562244622713972575e+00
-1.150261588356241926e+00 -1.356344980520308496e+00 7.666850586478556551e+00 7.206470870358852032e+00
7.988858204678448871e+00 -6.233670444005430689e+00 -8.298214275780757987e+00 5.992869926399922775e+00
6.354713056147276440e+00 1.017229169588009441e+01 -8.329698833841804984e+00 -9.026761180256571038e+00
5.261481842669748055e+00 7.342860202071529230e+00 -7.487535131410175460e+00 -9.173223642845380610e+00
-7.719612379396766144e+00 -4.449959000814678767e+00 -3.395828733834227897e+00 9.984617642601765652e+00
-1.409449324106168522e+00 -1.367710172347123443e+00 6.447087022741983198e+00 7.617292666984097238e+00
9.350070224358221438e+00 5.165194173893820739e+00 7.579091062637006715e-01 1.486044715531416704e+00
-8.246196185104917475e+00 -5.022887310891265500e+00 -3.132055141962179601e+00 7.831945102144654669e+00
8.261225121154110340e+00 -7.669171197981524024e+00 -9.817688592103751333e+00 8.539711455852584621e+00
8.950149859189004076e+00 -2.311097973293463337e+00 -6.563563002773946664e+00 -4.418976574663209256e+00
-8.172758603231438101e+00 -7.514019827482017355e+00 1.360259299310962455e-01 6.093622282697942261e+00
7.891042297939254269e+00 -2.465896766276917340e+00 -8.777828563922341232e+00 -8.093844114318448746e+00
9.035669581539195860e+00 -9.054961062914008707e-01 -5.775584976682961447e+00 -4.813436145068744842e+00
6.867212066817104166e+00 -1.080720830272030142e+00 -2.301505107048443799e-01 9.731841440676305410e+00
7.957166351994221287e+00 9.920168135438883539e+00 -8.590449197565513728e+00 -6.359088974415745277e+00
4.893250095216540529e+00 6.981213933760625601e+00 1.819146222940654312e+00 -7.961133177703172414e-01
-7.803540466292590239e+00 -4.527851812380172092e+00 -4.452472011151468179e-01 4.711399188499898472e+00
-8.282061477766388791e+00 -5.077004798678418140e+00 -1.834895083805183846e+00 9.515162976523606986e+00
-5.276355364227114819e+00 -3.744598513477245927e+00 9.826146933794426275e+00 6.777065512552685966e+00
5.583799811773079824e+00 5.803728741445190131e+00 1.072459687955033880e+00 -2.686752896295774296e+00
4.770953303241021182e-01 5.336865764279229651e+00 -7.413575213701501632e+00 4.314322752563675145e+00
5.246999679803991956e-01 5.424374405759449402e+00 -8.318333913260518742e+00 3.385726217270847105e+00
7.685529797114680761e+00 -1.394784617414341232e+00 -7.712969844323152913e+00 -2.832076270603334667e+00
1.416947056589886289e+00 -1.819238032699071139e+00 1.016147412228526647e+01 5.853485196811382352e+00
1.014660520646143560e+01 6.966106481901591430e+00 1.128228352191547046e+00 6.911156282897120695e-01
3.286485838564532358e+00 6.131872736065497875e+00 -8.975410915289250724e+00 4.463314186206107870e+00
-2.913715850763334281e+00 5.313401369235789318e+00 6.253872440775454677e+00 1.588954753575671175e+00
5.663110292290859604e+00 5.896206968734160725e+00 3.960714047084758604e+00 -8.354997423546293156e-01
-1.530227484719323128e+00 4.560153649000606713e-01 7.924050420689887630e+00 4.511036883274133658e+00
6.779499647917660354e+00 -3.708647950650374892e+00 -7.360367619131635841e-02 5.860879934752162512e+00
8.359652989445371940e-01 5.832392154349614444e+00 -1.094610822913115555e+01 5.900860788384145295e+00
-8.805624099071701849e+00 -7.088436689440490213e+00 -2.954338719239045563e+00 8.794028374291414707e+00
6.149490287627012997e+00 -8.768767982422195573e+00 -8.441758489940964338e+00 7.341761553802168550e+00
-9.064773587558047296e+00 -5.531942398253924864e+00 8.114103629629031644e+00 6.954957286347993595e+00
8.388268647634113506e+00 7.056915003646968998e+00 1.438772525408253733e+00 -1.567820336869619302e+00
6.299884503537169778e+00 6.670959302740418373e+00 -2.907264182041072176e-01 1.113007215313284526e+01
6.867053340896892344e+00 -3.856071785634655136e+00 -8.881917696029741904e+00 -3.437963045649600424e+00
6.929254791219188192e+00 -7.546300353406699024e+00 -1.007676524880442237e+01 7.720218018782659009e+00
-8.420185767413412847e+00 -5.530795056781705021e+00 -1.986227387581030568e+00 1.067166421109052443e+01
1.108849487656870814e+01 4.253707958281276014e+00 1.483672882330248743e+00 5.058040926105478174e-01
-7.443925334188627119e+00 -4.688968362788543232e+00 9.409285101169173160e+00 7.173933382679197557e+00
-6.539370570102868818e+00 -3.853768895825332663e+00 1.016984934821831210e+01 7.262406012321330095e+00
6.064687129711917812e+00 -2.817998624354432824e+00 -9.765474466075103610e-01 7.866116720996233269e+00
6.897190042462626458e+00 -7.286452212201945500e+00 -8.663464516288538420e+00 6.624439953497986089e+00
7.583918443239490159e+00 -7.106482486848784141e+00 -7.568050446454329006e+00 7.231888866610383992e+00
-6.401361008704752109e+00 2.243110141520834322e+00 8.808482994395399501e+00 1.167564948932095503e-01
5.309252140196956127e+00 6.070020987426796744e+00 -1.096855733038653913e+00 7.566742609032591993e+00
6.919560141972143086e+00 9.864219363113310379e+00 -7.759169915193646183e+00 -5.941104075133303297e+00
1.278156691482930318e+00 5.383091205931406442e+00 -9.266415734922505365e+00 4.935935821024080461e+00
-6.705844291689131431e+00 -4.448211273837827662e+00 9.879251830283626745e+00 8.198556408464455103e+00
9.662667116276544732e+00 -1.816771416434615150e+00 -7.903605482061584198e+00 -4.301677775288045957e+00
9.898395565018072162e-01 -1.339934266171749044e+00 7.270933607685512889e+00 5.310021283497278866e+00
-6.459000463319357621e+00 -4.529760779344977450e+00 9.146940013942968406e+00 6.190508775743243319e+00
9.659575644926994276e-01 -1.179628428400954610e+00 7.663015771730159464e+00 4.252223203253427286e+00
4.941181773739109495e+00 -6.984910359185630746e+00 1.398566949029359741e+00 6.227604542450258407e+00
9.191226253857124107e+00 -3.594765614311992152e-01 -5.630131673071333331e+00 -3.548200467461539720e+00
6.501824440911659231e+00 5.599183587601486600e+00 2.793901412535374273e+00 -8.035469900386900122e-01
6.010068792733160414e+00 3.936113674734087464e+00 2.540414795158578709e-01 1.160278113964482571e+01
-7.800391035941592222e+00 -7.960614317452741062e+00 6.753626911206278560e-01 6.242069504525296963e+00
5.381289035471798599e+00 -9.219324768935081238e+00 8.784206088656903333e+00 2.561815941764675753e+00
5.572906177549677764e+00 9.812011500497566985e+00 -8.850266380198201333e+00 -5.084670212729110794e+00
6.990956030234530161e+00 -6.697401924267444961e+00 -8.691974580043872578e+00 6.710891838940180598e+00
3.027973725196185795e-01 4.563783499533725418e+00 5.842749939806815007e+00 7.435342712447804203e+00
-5.558624240881575140e+00 4.775698710079204545e+00 8.098617301249106504e+00 1.257029112654444614e+00
4.077782644896600139e+00 -7.086957286001725365e+00 9.267556382258414160e+00 -1.134567628108686277e+00
1.873962878726326498e+00 -1.040527874812708298e+01 8.114438910160281182e+00 1.017413942714256780e+00
7.928730118899522950e+00 1.038769859369531190e+01 -9.668212179523306915e+00 -5.203695595118631445e+00
-6.709088786883099509e+00 -5.505999783830340277e+00 8.025162260557232585e+00 6.252678296762861798e+00
8.009390799798392635e+00 -1.399537346346386713e-01 1.992525893880754850e+00 6.317068584992261648e+00
5.803588565789479681e+00 5.950028234658290671e+00 -9.647522870398992367e+00 -5.646046144617264062e+00
2.121749356883603443e+00 5.666790840826201325e+00 -1.014512003378249005e+01 1.977869757297831654e+00
4.941049983636153442e+00 9.813988721763445611e+00 -1.538738516797338418e+00 -6.994481991358809658e-01
7.707544572374292358e+00 7.972597540113577352e+00 -3.554823244857464370e+00 -1.212949114353617963e+00
-9.067656312154854348e+00 -5.408222322642863844e+00 -3.418333777218132585e+00 1.119302049858550774e+01
-6.981064143321744631e+00 -5.462810966509179522e+00 -1.824137675223730826e+00 1.107702042250405050e+01
4.758860247749971073e+00 6.523296711015943217e+00 -3.679098847323473698e-01 8.990231908497817059e+00
6.530057661368221744e+00 8.671360696469035290e+00 -7.473675350774731996e+00 -4.596973522090849862e+00
-1.080169824195570172e+00 -1.416610823648122963e+00 7.195375241191598548e+00 5.882120285200205245e+00
-6.633640899425758519e+00 -6.523583039684193174e+00 1.995098449044196087e+00 6.139588862747955567e+00
-7.796500714731381620e+00 -4.898090768421456964e+00 -4.282369320117824785e-01 1.206675512705107245e+01
1.097056022364239780e+01 6.655890922812789157e+00 -4.030992100428655300e-01 2.675282942942565967e+00
-3.769007569598334495e+00 4.052443024312541553e+00 5.103980069644414641e+00 3.544257381974502685e+00
6.962515156852629339e+00 5.854166165400095601e+00 -4.245926896424556674e-01 -1.966017693524370724e+00
-5.410750686978630597e+00 -6.384264457337666343e+00 5.920928734739230315e-01 4.440756638205774820e+00
1.169258356927571540e+01 4.152148483755997432e+00 -1.601227477216100814e+00 -6.621247489685737619e-01
6.318168031165694032e+00 -4.460528100707715993e+00 -8.701291649742957546e+00 6.109634141143132524e+00
7.164824300069189134e-02 -1.694997037417959929e+00 7.208910822999702539e+00 9.886975018255981240e+00
6.498503003329155980e+00 7.916289263862241299e+00 -2.311999371149831006e+00 8.895249615586255487e+00
-1.003183678006868185e+01 -6.100730846957232778e+00 -3.829068804167390816e+00 9.681930498363399806e+00
-5.517804438017085644e+00 -6.026219998119162646e+00 2.256242235037851263e+00 5.515856641366211122e+00
8.357808374796448447e+00 -6.301830349306182910e+00 -1.143835419428332756e+01 8.430445784560795630e+00
-6.647098487481745366e+00 -6.541741289072464660e+00 -1.804081969123581430e+00 1.078912827257786766e+01
-5.471518153407076923e+00 -6.466378853492702028e+00 -9.244830041131806286e-01 6.452300516432809552e+00
2.983672206243173086e+00 2.721115094251960631e+00 -9.210661667794196816e+00 1.804483767125661053e+00
5.750581534220020608e-01 -1.458117535746896176e-01 6.982325513546535412e+00 7.383217137844006572e+00
-4.024614397570433155e+00 -4.372874540966222412e+00 9.120989697809900321e+00 8.998001529325089010e+00
-6.828494664448482965e+00 -6.451621018022886567e+00 -4.346640834247670782e+00 9.948401769465682776e+00
1.419810156964636860e+00 6.187960504321752708e+00 -1.049860039326967964e+01 2.989194686493616082e+00
-6.306897351641134186e+00 5.085102102748030539e+00 6.494690867956200542e+00 7.333560838695640793e-02
1.021956829100500386e+01 6.999261520344777665e+00 1.819202590111076712e-01 5.587550467059878567e-01
4.857444094956703928e+00 -3.417156260535395340e+00 1.602070819573172766e+00 7.533847162545459497e+00
8.318026110000015905e+00 8.665721317097080600e+00 -4.625404869551593023e+00 -1.697897425764963941e+00
4.452317647191190275e+00 8.185132512334906352e+00 -1.431352997875084299e+00 1.080492964879193707e+01
3.770106157015312043e+00 6.569912029997998282e+00 -1.954623123400933249e+00 1.035192218447901524e+01
5.119529294088513538e+00 7.564042689422870502e+00 -7.976097764066358842e+00 -6.324061732545785297e+00
5.751038843522200850e+00 7.615567433759354188e+00 -3.295800821999901764e+00 -3.040550670743369821e+00
-5.691626771853695033e+00 -3.036234944590763263e-01 6.229944001964364375e+00 1.663136448965829572e+00
-8.082755228946938431e+00 -3.747162012685214094e+00 -3.116351172190989338e+00 1.117047475057382044e+01
-5.629211578602474120e+00 3.424074545692613825e+00 4.369247362063706674e+00 -2.297751926843865089e-01
7.294871181250479175e+00 -2.020531450551172448e+00 1.762374017863551856e+00 6.987113861990648545e+00
3.051748896538996725e+00 -8.882874247229040066e+00 1.252274319708710770e+01 -2.795866115889309444e-01
-7.664928514958145200e+00 -8.037236825867310586e+00 -8.074006630235466275e-01 4.278771063203257619e+00
5.514521619749543468e+00 6.969038950976836233e+00 1.272644199270535292e+00 -1.413291577433469781e+00
4.832613396148664364e+00 5.799204803649006479e+00 4.508689562959514729e-01 -1.100644147827598340e+00
8.021647797754242859e+00 -2.644141081521610648e+00 -7.898022275738835418e+00 -4.373893715623564660e+00
7.683980943182845635e+00 -5.626161475476923357e+00 -8.599994552608819731e+00 6.166296082830839964e+00
7.642330855249568344e-03 4.786345936185108840e+00 -1.021944118663757628e+01 3.229976456040794641e+00
5.626784958341805698e+00 1.101602960137032383e+01 -1.837698743688201075e+00 -2.440383599971441164e+00
-9.116769136479993207e+00 -2.807839156951102311e+00 -5.541677167834160755e+00 9.963025124067710792e+00
6.058040760752197329e+00 8.862165075349002663e+00 -3.842947395152058743e+00 -1.912509617061880274e+00
6.708015815556066741e+00 9.647439879690221431e+00 -2.515837135822401205e+00 -3.159151811688933442e+00
-1.053997379992950290e+00 -1.486063493908050592e+00 8.937131665243493117e+00 6.728087821418562875e+00
-2.089624093509565128e+00 -7.722717362977505218e+00 1.030266348425520206e+01 -8.669496275351059600e-01
-1.062520572828793597e+01 -5.876361264126236605e+00 -5.972608287846236763e+00 1.062606571956623824e+01
-3.959712815405815434e+00 6.268631272024493661e+00 7.299491929437889937e+00 5.480543974323566214e-01
-6.962994795885556698e+00 -3.900695888371298992e+00 1.190171876221602965e+01 7.537304861348019358e+00
5.937698257131089896e+00 -7.187708810946214832e+00 -1.140702899848792740e+01 5.598287373455934635e+00
5.261501641251703276e+00 1.003815726167622024e+01 -3.263735078372317133e+00 -3.423362529126690035e-01
6.884633437788441057e+00 -2.095735520700533705e+00 -5.511414342241911513e+00 -4.026425555162121306e+00
1.678810978695416400e-01 8.599246680360397299e-01 3.841553618838565054e+00 8.299866519486677419e+00
7.937106052026747349e+00 6.157421696128903221e+00 -9.044297883495650225e+00 -5.974378197081112063e+00
-8.360549700175992527e+00 -9.199521485324034131e+00 -3.092595372038567270e+00 1.140762289535003937e+01
5.785654961291741394e+00 6.636712618474041037e+00 -9.045307777817289008e+00 -6.811647863722312124e+00
7.133689951995251910e+00 6.629516192944893582e+00 -9.623024868186647041e+00 -6.533864427530039265e+00
9.432801067380461646e+00 7.806794518557425455e+00 -5.223115982534286772e+00 -2.307831909094417711e+00
4.483777719819781460e+00 7.543403104575476803e+00 -1.918923239292964489e-01 8.624347074726314233e+00
1.031216337662308025e+00 2.677306297464967066e+00 -6.812577550936003590e+00 4.229962725560673320e+00
-7.614404572788695980e+00 -6.258172745083045108e+00 1.887430019806913828e+00 3.046568386967460906e+00
3.239126725454507749e+00 5.384199808465564452e+00 -9.634581497759475255e+00 4.562014025212081769e+00
6.047876042894346327e+00 7.068155188422311497e+00 1.929823410732536493e+00 -3.535368447077647414e+00
9.653283810247444308e+00 5.173428442227264945e+00 9.952979375172353871e-01 1.165943279926270115e+00
1.670138508139766387e+00 3.643004631421218775e+00 -1.071821220246656026e+01 5.462493361484565213e+00
5.200906482387845919e+00 6.211141930319234561e+00 -2.022576082245156837e+00 -4.567311047103013166e+00
7.656385818842277757e+00 -5.995019343008193502e+00 -1.088699467068141935e+01 8.569688023472554761e+00
-2.636074761522714471e+00 1.977796745105171672e+00 5.528353611457633932e+00 9.744791488996904505e-01
-5.982624823760253285e+00 -7.603216870020230722e+00 1.205026921262075668e+00 5.617047243769485831e+00
-5.292435756593553364e+00 1.926895536172348322e+00 8.962631140561081011e+00 9.361717433617966488e-02
7.632800928814932995e+00 7.067474224387807702e+00 2.919377597406519698e+00 -2.831378214765497781e+00
-5.457158179793819563e+00 1.818692703148297340e+00 8.117519216564732076e+00 -2.473576627061309985e+00
3.457115308173881019e+00 6.743394091392652001e+00 1.202352894078066559e+00 -5.084696387711522547e+00
-8.256553536333515186e-01 -6.583029760924938856e-01 7.395794483146319820e+00 6.298981723568480184e+00
-8.788401427724836790e-01 -1.790251476652204854e+00 7.456398461649653697e+00 8.571435447919029116e+00
-6.744408999717339981e+00 -5.026449579113441146e+00 9.234503170996353205e+00 7.784574848355314103e+00
5.645954037291721406e+00 7.967978306211556117e+00 -3.760674987965093585e+00 -1.726214755539672296e+00
6.121367081842559621e+00 5.483951098038481575e+00 1.367979488182204939e+00 -1.680703372139371599e+00
9.861284674318389065e-01 -8.344654857089452094e+00 1.213767671340849219e+01 -2.337434584145603900e+00
4.269471575804276497e+00 6.634540254227886180e+00 -1.024124301090292377e+01 3.559025228826801168e+00
1.006775888696192922e+01 4.082548113527674438e+00 -2.680792399958696892e-01 4.918080755215136213e-01
-9.962279060199701775e+00 -6.867212657570468615e+00 -3.543703985779365517e+00 1.087516235753475868e+01
6.942253460856660396e+00 7.670005111089690963e+00 -3.487224162258820037e+00 -2.951183619405957970e+00
8.763670498722708757e+00 -3.187475686405353503e+00 2.737668848430074853e+00 9.602895363858410249e+00
6.822780407050752061e+00 8.656235992632876020e+00 -3.416177979370694118e+00 -1.173018877517440384e+00
1.028210236811994349e+01 6.432974656097020905e+00 -6.487582374756210024e-01 6.457481233903545892e-01
5.486822019844723730e-01 2.489290694791462144e+00 -1.163710737835159392e+01 2.890392977254960805e+00
4.594444531468310444e+00 8.971240456071276625e-01 8.074001942292136080e-01 6.765873598348754570e+00
2.892076784964729086e+00 5.642929516621752128e+00 -9.782300520452592352e+00 4.999826116671245657e+00
1.193293444716644913e+01 5.479371648222269187e+00 1.344937910606800457e+00 1.467608346997756996e+00
-3.882309350038911866e+00 -8.879393928377108836e+00 1.157149032252083876e+00 2.810241543230997507e+00
3.311532510592501310e+00 6.239136059886512875e+00 2.975007927206267944e-01 1.248354290116082765e+01
3.620297660861670153e+00 4.818878021253691912e+00 -8.282459450076757435e+00 5.160942430952115245e+00
4.624145210118767224e+00 4.872239953207245122e+00 -1.564536845787610098e+00 7.571264247602567110e+00
-8.898084910411377280e+00 -5.005973308249945575e+00 -1.245571547659879874e+00 1.128454018122514668e+01
5.995794027918466718e+00 5.017599095775390872e+00 2.121295268971873149e+00 -1.721997764477166903e+00
-5.698131652470923569e-01 9.488676273611864609e-01 1.008945462962256912e+01 6.940472072413022886e+00
-5.678053409454181022e+00 -4.553730194436061751e+00 -1.282782647705899670e+00 4.910091450981080463e+00
6.428336982492599994e+00 6.293137359627774430e+00 2.033570022646578490e+00 -3.892478588086881075e+00
7.038020215519453338e+00 -5.358120057984685047e+00 -5.969441868543426288e+00 -5.522113600968866720e+00
9.277306606356480856e+00 6.751861329341599216e+00 5.243941112814702876e-01 3.755691968219006860e+00
-6.058645899591189377e+00 -5.187306121214614762e+00 1.138125090324603184e+00 3.600492117553451443e+00
-5.663894582878441497e+00 4.350879683925073849e+00 7.017108108088560670e+00 1.521765232603448537e+00
-5.564878275384536721e+00 4.034347663577949383e+00 5.656981425793042639e+00 -2.900102663533598690e+00
