4.924030698290899899e+00 6.045354878873983040e+00 -2.009841222434998187e+00 8.457341861298267816e+00
1.820266810052164619e+00 6.777024107930559538e+00 -1.032297498657384871e+01 3.446996462135762496e+00
8.017864295591479618e+00 6.969145681203661624e+00 4.053390030633001739e-01 1.469245655679993101e+00
9.810618445888119599e-01 7.304566029871486066e+00 -8.762553035884888430e+00 3.637676432851024710e+00
6.211869570484862102e+00 -5.555919744574859820e+00 -8.797375120214640631e+00 7.626378488353940277e+00
3.004588739291757626e+00 6.227580281401012385e+00 -1.077414389968967079e+01 3.525656637782227598e+00
6.022062746434311720e+00 -7.107809758293693214e+00 -8.783853801104390513e+00 6.569649534207129271e+00
8.451324831340320642e+00 -4.727904289475562294e+00 -6.215092694269564788e+00 -4.736631436506760551e+00
3.120984219459434605e+00 3.291595517954074346e+00 4.462135346872642128e-01 1.078695892482002883e+01
-7.162650422467979894e+00 -6.638411503765729194e+00 -2.606590361273800394e+00 8.995459642448347282e+00
-7.871606998779331121e+00 -6.718203830935737031e+00 -6.148897248683146133e-01 7.082846235464565154e+00
6.802730847283732452e+00 -2.095049100349688498e+00 1.303383397946269007e+00 1.025168856575247744e+01
6.696681512714192763e+00 -9.324520671554665796e+00 -9.344915340940403325e+00 8.648401615707589585e+00
-7.725468273846680667e+00 -7.349466931994882657e+00 -3.206885107770100163e+00 9.604575139003129536e+00
-8.760207803306728991e+00 -5.357053513828219593e+00 -4.535569873994830914e+00 1.145826215137387116e+01
4.309387276254419419e+00 9.126727877917396370e+00 -7.952323088649537297e+00 -7.817771974938672486e+00
9.303059475369945375e+00 -4.254451367316553601e+00 -4.747157727648665393e+00 -3.170008692721727250e+00
7.575342759442925455e+00 1.084203215969427525e+01 -1.143021309498112892e+01 -6.315738914778952662e+00
6.118828377302300225e+00 6.580530901678010025e+00 -1.066017058852991006e+01 -6.778102557525057748e+00
6.841062537172748037e+00 6.456258450542821770e+00 8.059373438345845964e-01 -2.118926266826182570e+00
6.785326909872640755e+00 -3.464729022396360492e+00 -5.745895695032848138e+00 -5.377115274627824348e+00
7.397994610141026328e+00 8.320885506733326054e+00 -8.309575558008260643e+00 -5.729093311482117201e+00
-7.220844919267156214e+00 -5.931535710588113020e+00 9.225286780090593552e+00 6.894803844199959286e+00
4.586111207607418194e+00 -3.883896368851427638e+00 -7.385357921071422638e-04 5.855814780900072236e+00
8.862577090543707570e+00 8.113920320112894657e+00 -4.142674557765395171e+00 1.024263354800015069e+00
3.833112735972603158e+00 6.924516810197816064e+00 -3.317292368918365875e-01 1.041160368281929749e+01
7.030981511532736761e+00 -6.266291516743280887e+00 -8.777853651630321608e+00 7.098034209128021743e+00
4.632586152849692773e+00 -7.934643938881285052e-01 2.051371724667149898e+00 8.933155203365464203e+00
7.070075469103860755e+00 6.571623466298156302e+00 2.600075000290582583e-01 1.064814115806637851e+01
-1.161436719458438294e+00 -3.324944700262377761e-02 7.077611116000559477e+00 6.872057153113776629e+00
4.738579124868079084e+00 7.356150613666255111e+00 -9.353846673662342681e-01 9.401905155908863776e+00
7.901322755375780105e+00 5.238178143873748027e+00 3.156854250000781237e-01 -3.169380766497877921e+00
5.771044259398411036e+00 1.075722942132381377e+01 -4.797402740382399777e+00 1.779792392311904781e+00
1.038010104334325945e+00 6.631017042584412380e+00 -9.363337467633849442e+00 5.577538752438906400e+00
2.378886512720822743e+00 4.632282426365943451e+00 -9.343291202082134816e+00 3.961484726870648565e+00
7.567904212979877698e+00 6.852630788920331284e+00 -5.014420403881182375e-01 9.890824668115902440e+00
1.042322140694682275e+01 5.033244394821720924e+00 -1.126964440484026886e+00 4.458302878399806879e-01
-9.340433089318878501e+00 -3.494798989744667850e+00 -3.304172009479803052e+00 1.137160258464329665e+01
-6.872668930083395189e+00 -3.346664429644144789e+00 7.635573762869720227e+00 9.803039636505658905e+00
1.395047270645897175e-01 -2.147878814180133489e+00 8.185798980764730004e+00 6.288393355056645539e+00
1.182881771491144995e+01 5.460822633898725798e+00 2.366064579800966960e+00 5.195437800562914266e-01
-5.896005210753996195e+00 -5.300048611308475266e+00 1.001237822036163472e+01 6.059541540919376246e+00
-7.460095285473705928e+00 -2.955734105478636131e+00 9.734270263590303784e+00 7.158638779333188928e+00
7.551568379354076654e+00 6.693194828893927806e+00 1.011601176373693622e+00 -1.308403193568925760e+00
-2.649078151074827581e+00 2.611602315943548192e+00 6.839138009410813623e+00 1.879857185043879664e+00
3.290348706095766573e+00 4.242787440541195387e+00 -1.235214326178074629e+01 3.175107112789329555e+00
5.765334980879678994e+00 6.439728107007882230e+00 2.841952745644845457e+00 -4.729269948331610074e+00
8.044699303844907945e+00 -2.975823514559968519e+00 -8.726727538254509753e+00 -2.531200167648845589e+00
-5.086088609064000288e+00 3.904583342074058550e+00 7.112341759768483485e+00 -3.884033001600928348e-01
-6.634244254911847882e+00 -9.643485842676627229e+00 1.941436523256112046e-01 5.637532123760371938e+00
1.916963699337466354e+00 3.249083872738895984e+00 -8.736520895179484825e+00 4.062453521115144461e+00
-2.191949385190336663e+00 4.162969529940197866e+00 7.035766773020921683e+00 1.753535944818294556e+00
5.412245134701493932e+00 -4.581614510541016649e-01 -4.999042903845307695e-01 8.107292885599068910e+00
-3.825610460850998873e+00 2.693812334757717419e+00 7.531688287538818471e+00 1.279878825184108226e+00
8.125824224682125063e+00 -3.557384864402246993e+00 -6.150579693117547819e+00 -5.191153220630081222e+00
5.282841305597131054e+00 7.013270988367713343e+00 1.131667930717322301e+00 -2.592875520866682493e+00
-8.527251878012108932e+00 -6.292593929980265344e+00 -1.321488599181725343e+00 1.059398918935584533e+01
6.407945858813669737e+00 7.857601099096616970e+00 -7.912472390130495192e+00 -6.031456162959427658e+00
-7.906133495223822472e+00 -5.087655663422113506e+00 -3.457249494317980343e+00 1.069334840035380019e+01
6.486612914477111858e+00 7.133939753983081111e+00 -1.825401911576451042e+00 1.020270856795733927e+01
7.187729195649716907e+00 1.061999605778909128e+01 -8.742450319135537384e+00 -5.215714915772614368e+00
6.375794448369113354e+00 -2.658703643345969425e+00 5.388125463619400923e-01 5.839575016746704428e+00
7.731799267122617891e+00 8.442015692647412806e+00 -4.673569019208123621e-02 -4.893303937030045958e+00
1.087413708623701325e+01 8.081894742497098605e+00 1.627262575883677398e+00 1.172497712913727064e+00
3.570128413210240659e-01 -1.057380809637698205e+00 1.020517748971704819e+01 7.221182185632331496e+00
4.682728694669645364e+00 8.760379093117027338e+00 -4.826762810134140658e+00 -1.148926608969461860e+00
5.569476274017939765e+00 8.899878495455940453e+00 -2.806880893313576042e+00 3.742997478430518665e-01
9.220871055346337997e+00 7.987329620876240099e+00 -2.583125874923532628e+00 1.204183354630328218e-02
1.064219248800395867e+01 6.627423654945515885e+00 -4.954066155840196606e-01 1.705568221389802241e+00
9.631931633703533890e+00 -7.972120359627018260e+00 -8.044930006359177099e+00 7.260502745197693564e+00
5.894999742919167396e+00 -2.960931920925145899e+00 5.144925236186232986e-01 7.932692035163139366e+00
-1.928151754892438063e+00 3.249319409971547667e+00 8.566519548637458570e+00 -1.360069587084189680e+00
-2.979484559473513539e+00 -8.411030014758321016e+00 -7.792950608565579751e-01 5.021589210333331721e+00
4.467349710923164352e+00 -8.964567050594144604e+00 1.035580120899602008e+01 6.765000264721199308e-01
1.803667203641610373e+00 -8.940642415396263587e+00 1.120651165409658212e+01 -1.498903601854455481e+00
4.682946235203393925e+00 5.310058143111600515e+00 -1.027902038463823864e+01 -5.899689003021822309e+00
-1.257757526949297766e+00 -3.736240177457761380e+00 5.835455696053849728e+00 6.092790999518137518e+00
-1.057396962729030854e+01 -5.335023072110874232e+00 -1.929499213494279664e+00 1.027674898411265048e+01
5.569883623066088418e+00 4.854595201128098836e+00 7.226425797523710060e-01 9.419936599938862898e+00
-7.645867652529489966e+00 -4.926483063657954631e+00 -3.944726261263307610e+00 1.098456869468882147e+01
1.331234853916516414e+00 -9.218812848801566373e-01 6.508266091903595729e+00 6.897289897046446683e+00
-7.505711352943530201e+00 -6.535228978389101329e+00 -1.704197057447003116e+00 1.142490443784428678e+01
-6.332586830517788812e+00 -4.556283349411654804e+00 1.011589539375714430e+01 7.829760236580436406e+00
-7.013299156666759515e+00 -2.854637372506720894e+00 9.446813039856738925e+00 8.365542145769477855e+00
1.821151268639416565e-01 -1.282542527312982461e+00 6.112291057250863524e+00 8.343601461671546815e+00
8.037790540531659644e+00 -6.306911383035457952e+00 -7.260506055350609778e+00 6.815575944018556598e+00
6.875004407644516924e+00 7.103615904000607273e+00 -1.051337400669332567e+01 -6.819745812217675507e+00
1.048305618739990130e+01 7.220547246391017637e+00 8.505273248782124762e-02 2.476545872193644637e+00
-2.393371606765858084e-01 -1.668812688119242216e+00 6.495202784216538738e+00 7.713954194428428224e+00
8.938200775114288898e-01 3.336097841261302932e+00 -9.433353907836705687e+00 3.777530218851882893e+00
4.947613345791215700e+00 7.695776181991315745e+00 -8.600017683509408428e+00 -6.059302376318020045e+00
-7.852343519963756791e+00 -4.931249818240828198e+00 -2.630179644170941522e+00 9.681707582878720686e+00
7.873656956853368527e+00 6.669845545225220995e+00 -9.709036436635178902e-01 7.941131507920403010e+00
9.668050835749117056e+00 6.681159063482324356e+00 6.803655301032558445e-01 1.326450609619604704e+00
-7.232478142051183667e+00 -5.363989331155237572e+00 -1.885356515999892846e+00 1.039243693603016006e+01
8.146117866735776758e+00 5.632310125797955536e+00 -6.792343177757964590e-01 -3.523454616255329519e+00
8.354935942134913418e+00 -1.454942546499320866e+00 -8.653820273518103789e+00 -2.801450917445967637e+00
-8.813722605584699110e+00 -4.485692815405778688e+00 -1.416403760254968391e+00 8.191344886717924823e+00
6.574476674834653700e+00 8.785455151150536324e+00 -4.054549170450822082e+00 -2.159566853895588334e+00
9.305005393057799168e+00 -3.669066037056472496e+00 -7.359003554991311091e+00 -2.374295200519310090e+00
8.935249632586645063e+00 7.725654528414684918e+00 -6.412730340652204930e+00 -2.635464377865074148e+00
1.066514347963600784e+01 7.984700028159523733e+00 1.473392036462029542e-01 3.385847423510821130e+00
7.657877269442842083e-02 1.319379538604450453e-01 6.393372447550657256e+00 8.484265904306065309e+00
-6.012202965267528398e+00 -6.495353608132234058e+00 9.888334491023076822e+00 9.640591840277050295e+00
-7.327580119739181441e+00 -5.829301762962771249e+00 1.944206858695091827e-02 5.209273444008321263e+00
-6.422972580429147094e+00 -7.447575255106633207e+00 -1.779687461042764318e-01 5.370644001545908708e+00
-2.315652225815022724e+00 -9.285047406586764751e+00 7.533542491878630898e+00 1.392837793561751969e+00
-3.955236252028889510e+00 3.677792932693486616e+00 6.868766949232515628e+00 -1.791453723477250737e+00
9.007483101184105223e+00 9.882486561419460358e+00 -4.935536576114596841e+00 1.774098300365094971e+00
8.498134971729502496e+00 1.003194674901642003e+01 -3.678799572411417529e+00 -2.030366071002600137e+00
2.144034369526212735e+00 4.266795000144725236e+00 -1.217348271233155188e+01 3.627314156611499474e+00
-5.260788300426218811e+00 -3.755719218738235554e+00 -4.458230422849634778e+00 1.133637875957479579e+01
6.243282469456507222e+00 8.667546106478759782e+00 -1.014238073997386458e+01 -5.549527129854324947e+00
4.978087466821873974e+00 6.309365300354535577e+00 3.221700728138848779e-01 -3.972752746522981937e+00
8.446811473116639490e+00 6.331661071704363764e+00 2.902445004686685093e-02 3.245437147123567900e+00
-4.353156300669762224e+00 5.504805396978706966e+00 7.426684314502091766e+00 8.793610768087158913e-01
5.020413240760764673e+00 7.135417149937522296e+00 -2.201872107409102997e-01 8.093006801103806325e+00
1.500715675662279702e+00 6.694656640884224075e+00 -6.960479888757655331e+00 3.512608566110909880e+00
-3.676489767815294130e+00 3.118355376918997557e+00 6.966629624623058348e+00 8.315863221908709191e-01
7.267632989807066402e+00 -2.943870440215427209e+00 -7.584564366856581863e+00 -7.599517035288210209e-01
8.188861757576756162e+00 6.036463289478271932e+00 -5.104837676586514439e-01 2.472402935492256315e+00
-5.945530947990079973e+00 4.479560008085995193e+00 5.549085133325871944e+00 -2.079021494960289651e+00
7.816134804595294305e+00 -3.507035350140963459e+00 -3.913084729383238258e+00 -4.785954366544872940e+00
6.226634763093274572e+00 4.602549647637871999e+00 1.487079835002808048e-01 -4.400976044648228225e+00
7.003613154663196561e+00 -3.217444638869033202e+00 2.579850923570336629e+00 5.228724318239596158e+00
5.581875564350536223e+00 6.485571426415783769e+00 1.066602200742942097e+00 -3.061784466607207378e+00
6.342288032408927911e+00 8.526216944928075137e+00 -7.954256017212354202e+00 -6.214400097139407109e+00
-4.761457107449524884e+00 -3.821748905676328079e+00 1.190560610296843969e+01 5.380196979608511398e+00
8.080812687644694847e+00 -5.234152602078101069e+00 -6.222720717136486002e+00 -4.245579962548024611e+00
-7.221059972038423425e+00 2.191470214159576102e+00 6.586983814343394528e+00 -1.608367644553437170e+00
-5.999068322450458624e+00 2.860466924011870749e+00 5.252078476737946033e+00 -1.365933800205115345e+00
8.634538077014987323e+00 -1.910139054455509466e+00 -6.868983817758025801e+00 -4.825367283410390229e+00
1.217281713006624244e+01 7.380816526837083558e+00 8.264317067605462253e-01 5.534943649201705673e-01
9.549685814308643828e+00 -2.885493038683962119e+00 -4.910918727811764306e+00 -3.793629481273963044e+00
6.285702364423733535e+00 8.434597578052922984e+00 -8.661101870683232562e+00 -5.038753302544500379e+00
1.758585433844569890e+00 -7.702811867492840747e+00 9.400531940319174495e+00 2.963897220689690304e+00
7.466427965807113765e+00 9.395527122043670687e+00 -3.539225639820617886e+00 -1.030348527030624295e+00
-7.821085917531281240e+00 -5.156615140945884690e+00 1.129721366450965903e+01 8.016150938823143335e+00
7.115034483253335651e+00 -6.123535085990738480e+00 -8.900494713496977184e+00 4.198257014077247717e+00
6.358234419975481444e+00 -6.699803442020099808e+00 -6.190887901968874729e+00 5.836814937801316105e+00
-2.519241687718792311e-01 -2.998951240672838026e-01 8.596683604854158389e+00 8.167299822623316885e+00
-4.985373290348256603e+00 2.652363135794207238e+00 9.189946675025561618e+00 2.355398331677233337e+00
-5.499464473077168236e+00 2.159193570743290103e+00 8.504820121415981760e+00 9.953684227744161728e-01
6.799350991360749497e+00 -7.001618934633838442e+00 -9.851401587218642675e+00 7.299505789650273080e+00
8.766323360970559975e+00 6.390003391337800487e+00 1.612244219127574762e+00 -2.330067202720568886e+00
4.095864223010534211e+00 5.003280091833515186e+00 -3.764794035569780650e-01 1.170877707226954989e+01
-5.399209273145406662e+00 -2.046602611434287677e+00 9.143885841560647876e+00 7.017484321165235350e+00
1.070267634920756450e+01 5.363184688343276108e+00 9.881023797279051557e-01 3.650793375764196380e-01
9.292605267570417382e+00 -1.706606805119943449e+00 -5.857530311069939266e+00 -1.187988667950870436e+00
-8.576787016259710406e-01 -1.365445728979965079e+00 7.692312876192530346e+00 6.131719926418779387e+00
-9.956062780287327385e+00 -6.133978125333730880e+00 -3.254628792072072674e+00 1.053910846682759406e+01
-9.101457682944870342e+00 -5.385920965347617440e+00 -5.710120526275110464e+00 9.788995505904951600e+00
8.688001565881815935e+00 6.464982821993253026e+00 1.583917389950246779e+00 1.037798553133293566e+01
-9.279546481479862052e+00 -7.431737729128427006e+00 -1.292471806559126302e+00 9.681827918806789057e+00
1.015585241185102383e+01 4.683545568219543043e+00 -1.346567795471784512e+00 3.434441634167887170e+00
-8.011077892486863306e+00 -6.333988406670501448e+00 1.551010451185624028e-01 5.570594570557673819e+00
6.284819690536398440e+00 -7.613252409907447671e+00 -8.349743248494705838e+00 7.527390119720102746e+00
7.908165107614851586e+00 7.771710832531666391e+00 -4.577700272022273253e+00 -9.031827724103171917e-01
1.211346514277873609e+01 7.638266097547575129e+00 -2.507534696349008385e+00 7.712063102288224670e-01
3.777695533803917538e-01 2.696282198102840644e-01 6.240159343434326544e+00 7.610247046580894903e+00
9.201251542765955804e+00 5.012719594807665047e+00 4.114712534699717650e-01 1.615282542349431028e+00
3.445372593035588071e+00 -2.655259480978970021e+00 2.844995700317202836e+00 8.866121728952986558e+00
6.662179672782885476e+00 6.655271449825411523e+00 -8.030505028815529300e+00 -6.653241719491023609e+00
3.558431675256990445e+00 -1.056976052614920647e+01 8.718261755059629081e+00 -7.611987727140792082e-01
6.541513608958478443e+00 6.777025479710117040e+00 -1.602646426105664990e+00 8.815173584859660849e+00
-7.313906002292754671e+00 -2.321229566554098511e+00 1.122411297011407072e+01 8.345185664514440660e+00
6.009453766861422963e+00 6.927738009652748552e+00 -1.013422269843403001e+01 -7.621329600356886225e+00
7.394600215457849401e+00 8.975761079819061905e+00 -1.301673366216965722e+00 -1.734855908011649239e+00
-7.730350899889328886e+00 -4.016399140029899506e+00 9.974730277541100421e+00 6.692708228359257383e+00
3.648206389383078285e+00 7.261644550304355406e+00 -8.365179397296590436e-01 1.068494665634339569e+01
-6.823025671586219865e+00 -5.826368302895862605e+00 -3.604086599550074155e+00 9.253869028888415116e+00
-6.375094474773416842e+00 -4.285159147253718714e+00 -4.932803220400293398e+00 1.051328512772901114e+01
-4.596353687840325719e+00 -3.325407171801971984e+00 8.666609695260188317e+00 5.346043369947864221e+00
7.618606908739166350e+00 -4.051230465579522821e+00 -7.848981872799074999e+00 -2.315237288739472099e+00
5.732734240903375245e+00 -4.762517044102725805e+00 1.580716968965338309e-01 7.621163050032541797e+00
9.437858897413814674e+00 8.799462095870842049e+00 -5.139406155755560590e+00 -2.391426325093506833e+00
8.448264641304252365e+00 -3.510701744889852538e+00 -7.268920821364242890e+00 -2.820040068548469225e+00
-9.071792378198152207e+00 -4.821565223000429334e+00 -2.938051999575169049e+00 9.402425333732676194e+00
6.099873551889537282e+00 7.566467541209323855e+00 -1.006110634041830387e+01 -5.819314685967403200e+00
6.928287305798900952e+00 3.167440799380335736e+00 1.521963671702282639e+00 -4.118176800519293579e+00
8.082400068961408834e+00 1.112226420616933709e+01 -9.727022635192691169e+00 -4.752005690646434743e+00
6.305114073979783740e+00 6.342327111843044207e+00 3.237536266568370458e-01 -5.964570948945411288e-01
7.168967185554302013e+00 -6.847844125368303558e+00 -8.844119809731747495e+00 5.997805926533488652e+00
9.379551300104793654e+00 -3.566850432286584827e+00 -6.434229279676472402e+00 -5.904963271752025733e+00
7.124108030737882125e+00 6.740823225399038776e+00 -9.410179580890902784e+00 -7.848031358214678121e+00
-8.606179381590134625e+00 -5.190834945404805723e+00 6.309440473009588768e-01 5.333077983746167483e+00
4.804053984555022971e+00 6.801895302213742056e+00 -1.028127682262942955e+01 -4.541999729892222781e+00
-7.034273568859193304e+00 -6.663893097664807641e+00 2.364776947926388317e-01 5.625248389039336772e+00
7.446193217111559015e+00 -3.343004144513986198e+00 -8.106326559894384332e+00 -3.866233666758015719e+00
9.243264280091960217e+00 -3.685172514325134152e+00 -5.120338110357263162e+00 -5.515378956843324687e+00
6.735388933205507911e+00 -4.429170116173864358e+00 2.708397811694779334e-01 7.208758676334467097e+00
-7.714951409533202131e+00 -5.037430280133775362e+00 1.121939431075348326e+00 2.717296358910253673e+00
6.656562647483171169e+00 6.518141835681889873e+00 1.641679058315485218e+00 -4.562125983312749433e+00
5.431620326853257907e+00 5.371304896548281249e+00 -2.072857920244939312e-01 -3.627837184168976492e+00
6.518119056599380734e+00 -2.385486035745282951e+00 -6.845231464503369168e+00 -2.405073509872946769e+00
6.328650403597892549e+00 8.653837845501799464e+00 -3.425065578516437448e+00 -2.789879453081400840e+00
1.100470736817192119e+01 5.418182250758509788e+00 -4.911059562113395671e-01 1.011644767394009659e+00
2.192988718331659648e+00 -9.663152093012566723e+00 1.233302416271578039e+01 -1.352639129151721908e+00
-8.328251784366090149e+00 -5.223816498364922900e+00 -2.014815695240011473e-01 5.220879734001410810e+00
3.590589470812871387e+00 6.357903342378564915e+00 1.418237909280318787e-01 1.130831372348061770e+01
6.144863414951890590e+00 7.605976087032868982e+00 -1.918927036186184321e+00 -1.974194599204298628e+00
9.238539746274925690e+00 8.470465163082382176e+00 -9.825246468805755029e+00 -5.257390722584592169e+00
4.211395273508276915e+00 8.761994394690439947e+00 -3.935198002364152181e+00 -3.450388890011576448e-01
9.171252035555667703e+00 9.888218130312946386e+00 -8.862709769584096620e+00 -7.296218847937365304e+00
9.558763867180148921e+00 7.742884547736720080e+00 1.413923559557066501e+00 3.459706874721684144e+00
2.812791847168991666e+00 -8.798504775397494981e+00 8.113664417829660636e+00 8.460420920011750834e-01
-9.474618536435741589e-02 -9.626748526091489566e+00 7.937463689941647971e+00 4.078437130772960550e-01
6.706087986938451984e+00 -3.782110395767097621e+00 2.821187432395145800e-01 7.142392026018511864e+00
-7.857936271405526085e+00 -5.113968654173454809e+00 -3.936889685866696631e+00 9.169425328531822572e+00
6.181622956651022349e+00 8.279888215097059856e+00 -2.524215075889026938e-01 -2.360928029260376704e+00
-5.967400657382622597e+00 2.424256735702194021e+00 3.949599328442564339e+00 9.927594785877501549e-01
1.131216144738886875e+01 6.097174512872308050e+00 -7.866088848022889657e-01 1.814161808621034044e+00
-6.279857778308706173e+00 -4.925296116312528838e+00 9.744378947503189892e+00 6.570428815471926143e+00
5.745703505940360500e+00 -6.636745796345605797e+00 -8.628417093351634648e+00 7.074843872112357879e+00
-8.348178752751586273e+00 -6.228206343631130792e+00 -3.604063848733527031e+00 9.688781867865952080e+00
6.984209004408673316e+00 1.003331126478220270e+01 -2.015017370592818047e+00 -8.490687353816058769e-01
-7.631398091291762498e+00 -5.572845136314068526e+00 2.527689392405419344e+00 2.335367339972765688e+00
5.906098132319843153e+00 9.546310918507652232e+00 -2.743776100395667328e+00 -2.474624490136130284e-01
1.026770595528492258e+01 -3.234653756486897791e+00 -5.025330318789738016e+00 -2.168044379105614539e+00
7.271958209425651631e+00 7.061383151798366065e+00 -1.035669371700056907e+00 1.138003387245253073e+01
7.232271794331344594e+00 8.402147588025078662e+00 -1.058152804382193324e+01 -6.231891291215726270e+00
8.890610881016678846e+00 -2.373920992966647159e+00 -4.849924557162337280e+00 -4.968051310680374755e+00
-8.189792316638740743e+00 -5.029256059897342368e+00 -3.972748238775124285e+00 1.025291943941996919e+01
6.720192048663149009e+00 6.752739843775905193e+00 2.465447295766836078e+00 -2.614501571489105558e+00
5.169982552975522339e+00 9.619722751871364608e+00 -4.800125578248426450e+00 -1.162939255737273081e-01
8.272146409517402432e+00 -5.191932534067865035e+00 -9.980800709561725270e+00 7.407599258431217137e+00
7.335874828572067408e+00 -3.073612695731715139e+00 8.874345231736203710e-01 8.431806989403717978e+00
-6.581726692911158416e+00 -6.457845735734561110e+00 -3.655562116885406332e-01 4.421741055034340562e+00
-5.017697705416837906e+00 -5.124460700548394421e+00 -4.033930059963171999e+00 8.866590772464443049e+00
2.588817637246598746e+00 4.605263201865788858e+00 -1.103343004096890212e+01 6.252584146079467331e+00
4.542552934252292118e+00 9.563686688268099090e+00 -2.581666534400749224e+00 -2.132456943222441836e+00
-7.709739138746082077e+00 -5.304280589958019654e+00 -1.845324245483421777e-01 1.052731580223078822e+01
7.161675571642352800e+00 -3.710183379861763164e+00 -5.219579575028237883e+00 -5.897172720087858977e+00
8.315479343963637859e+00 8.287261561316173086e+00 -8.279533647208360492e+00 -6.772937240847840989e+00
-5.695710814666476551e+00 -4.469815882192246903e+00 1.063171616302719791e+01 8.141108614219396244e+00
5.053325764475452786e+00 6.770076727678533857e+00 7.842022078224516468e-01 -1.013083279413105720e+00
5.615173201646245893e+00 -3.052335555295002223e+00 4.653463077000460912e-01 8.975562511722166903e+00
6.701121883344627328e-01 -1.022300103465517251e+00 6.894427195642045092e+00 7.198257106185607768e+00
-8.129295922446369005e+00 -5.052880789567746334e+00 -1.695640738518838786e+00 1.065131893703819088e+01
6.597853548805546531e+00 7.627966881183359860e+00 -2.608018990176171670e+00 -3.559591849879035319e+00
2.476205257856514130e+00 -1.033017162363711527e+01 9.367131367113515239e+00 1.151586672126109212e+00
7.135987382497975595e+00 5.262235883277663007e+00 1.116673418681869645e+00 -1.750527540125980996e+00
2.555477834335944998e+00 -9.183790387858243420e+00 9.320629862144594213e+00 2.360652303657226003e+00
-8.182711257094830160e+00 -4.376611059937148163e+00 -3.792476633627699378e+00 1.255620286936218299e+01
-7.807745565169494917e+00 -6.275759939406444943e+00 -2.322947716750225045e+00 8.249825595004519840e+00
-5.708859531204662829e+00 1.760087377559228061e+00 9.015443559508810267e+00 1.182252964718669030e+00
1.965847457621285876e+00 3.850794659293999445e+00 -9.530976308305659117e+00 4.107494499393085974e+00
1.600089630263600293e+00 -1.241621813324914392e+00 7.354416708240174572e+00 5.715154374975484508e+00
-7.348996626666256304e+00 -3.384591611115925769e+00 8.833227849722122826e+00 8.083098543494372734e+00
-5.518089070238859861e+00 -4.343540522657771241e+00 1.157453953475478947e+01 5.118722963263889980e+00
4.645783876752570762e+00 -7.135680161262126120e+00 -9.484613035597922348e+00 6.614044177144071668e+00
6.037015766166357045e-01 -3.599865857849244843e+00 6.237816324661184630e+00 6.669620883827915847e+00
-6.881234676151852803e+00 -5.064188564696770811e+00 -5.199842215188235084e-01 4.687692851571559238e+00
3.061716994900467004e+00 -9.100645977780793316e+00 6.912541070200074245e+00 -9.523354846284723951e-01
-3.939580703741949463e+00 4.395614506172117686e+00 5.168285934114086544e+00 -6.265884350296453409e-01
6.311389311063365426e+00 7.064326250067809454e+00 -6.108506941363582854e-01 1.056235717459257017e+01
2.728443698736019662e+00 -9.806367239955395831e+00 1.083288501296017259e+01 -1.164998150550448641e-01
3.022765840466412168e+00 4.403575762163972840e+00 -8.461274369794107741e+00 5.093042696295507099e+00
5.791335334485657960e+00 -3.719362424130582934e+00 -6.619058776189547189e+00 -4.990775392913953112e+00
7.807383163514667324e+00 -6.156971953289981592e+00 -9.164694653233880217e+00 8.044947059073834339e+00
2.872110980279097170e+00 6.320788945884444843e+00 -1.947505678226157499e+00 1.064718165550513973e+01
6.032751243142339348e+00 8.186472437117048528e+00 -6.802814615289900502e+00 -4.402657564618237984e+00
7.406894577978278882e+00 9.024035846990988929e+00 -4.276340878195659556e+00 -1.931730333378171238e+00
4.388886904819867318e+00 5.145618293488230854e+00 1.066418683019800806e+00 -2.858846280843984733e+00
3.923582209220803918e+00 -8.502820342228380568e+00 1.037725624066744246e+01 -1.017231819773497303e+00
1.859082571660437777e+00 5.709944454663435920e+00 -7.566700100887016944e+00 4.863868894875364113e+00
5.792855498925519875e+00 9.692225795045224856e+00 -2.446068148388660379e+00 1.971505921655909876e+00
6.641263163943449399e+00 -6.515128297744334773e+00 -1.051452707685162125e+01 6.947438537832829830e+00
4.378267352283211622e+00 -9.728199001710313709e+00 1.047839436922078171e+01 -9.968985106203431812e-02
8.075723473674258912e+00 -4.904433122124859601e+00 -5.397979777736977347e+00 -3.317192523080859878e+00
-7.186881690092136843e+00 -3.732208427364517966e+00 -2.977546287682141468e+00 9.010322133851019544e+00
6.675715941363669081e+00 3.827726968522032536e+00 1.643410126944216731e+00 -4.241372145704103147e-01
6.881013184252899428e+00 8.110917096979743945e+00 -2.867810452455087589e+00 -6.446389330984114707e-01
1.978200977192879684e+00 -5.027588594654113230e-01 7.848319304497999305e+00 9.352032613055694554e+00
4.962965943563853344e+00 -5.044308260630716134e+00 6.558175245430818423e-01 1.218134137795403049e+01
7.131056829187761181e+00 7.617496992534638522e+00 1.234590223701973022e+00 -3.030780542431389168e+00
8.345768527118899271e+00 -7.013776968574674697e+00 -8.778409532902955448e+00 6.495759224968039369e+00
-7.980560373847811029e+00 -5.049846292146310311e+00 -1.588645948823118603e+00 9.634448307117814636e+00
1.031647537014126392e+01 8.746965353454591252e+00 -8.825730949017045468e-01 1.615421578920006596e+00
6.388193731286955668e+00 -4.857065728407900629e+00 9.114007378047360719e-01 9.207469749783314228e+00
9.024512661018704307e+00 9.242954814865722568e+00 -4.238218538616613351e+00 -1.605683934651041866e+00
7.455315220807525733e+00 -1.986204192538295610e+00 -4.523200797867277245e+00 -4.873721687613146614e+00
8.572459428660328840e+00 8.124063845600495881e+00 -9.084351091041824589e+00 -4.469731820829686342e+00
6.895209544044813121e+00 7.836248785693114449e+00 1.046013825224703764e+00 -2.031787690032015092e+00
4.019703473035532326e+00 -1.205366796698633536e+01 8.924898861342393630e+00 -1.724662867450211579e+00
-8.471037799664069112e+00 -5.054703133890376066e+00 -3.494818750098801718e+00 9.850600901653789876e+00
6.464073700792090094e+00 4.556879156203995862e+00 1.723428451991997790e+00 -2.062424964302856267e+00
-7.618929947657111512e+00 -5.365986534704222599e+00 2.229295362247777634e-01 2.997240108808376213e+00
-6.399056613722092557e+00 -2.239019855594255759e+00 9.284483970258412100e+00 5.491496990050306337e+00
8.956032608095796377e+00 6.016620429982600271e+00 -7.221123489544947205e-01 2.593118345703757655e+00
8.591615890657735122e+00 8.679617960057576909e+00 -2.314951911826375053e+00 -3.790504763512628772e-01
7.286080295624961956e+00 -2.902595147207684967e+00 -9.108908649402396307e+00 -5.490627697699682841e+00
5.095143385001633440e+00 6.182133087069190402e+00 1.504108309140617994e+00 -1.421788170088331027e+00
2.225169980025404115e+00 3.511350636476203491e+00 -8.980619206289032874e+00 4.838433875747652380e+00
-7.048579646858968317e+00 -2.823454777958440243e+00 -2.673232117464532820e+00 9.003690453526264292e+00
6.398412360778554131e+00 8.082684592412354263e+00 3.944408810775854590e-01 7.152457349009368137e+00
7.234794065780389971e+00 8.950872724366195854e+00 -3.544218944540885818e+00 2.200546167113031082e-01
1.078815523507762997e+01 6.398269968719662693e+00 4.790723930242315465e-01 1.573668903515832440e+00
7.962653045829251930e+00 -3.756393997544989816e+00 -6.427653590616909440e+00 -5.629319804946264050e+00
9.707951797426257912e+00 5.133987329128103738e+00 -4.294772513050590934e-01 8.960123166395354000e-01
8.443549876536932786e+00 -2.323238948987838448e+00 -8.610713740736711586e+00 -3.357944182871652306e+00
-7.173419244932497385e+00 -5.470464247093481447e+00 8.761847893197876047e-01 5.237036495568015759e+00
1.475558683467763865e+00 5.882955447441327479e+00 -9.259081420537116358e+00 4.073954703877246786e+00
2.818855127641455738e+00 5.551978980814162412e+00 -8.729946234441305464e+00 4.952219599239090719e+00
8.259840808138415369e+00 -7.174055183828073723e+00 -8.946588816107892583e+00 8.186213810094139731e+00
6.865778515433322404e+00 -1.662943621620705192e+00 1.364084333484364642e+00 8.887230605337416378e+00
3.675750093655376638e+00 -8.712210759339621191e+00 8.538525164154451730e+00 2.868154690884009650e+00
8.065370291968834593e+00 -6.173924595882942512e+00 -9.077454065793897797e+00 7.369478473982176148e+00
-5.868169400834442051e+00 -3.667172229431718833e+00 9.885813024596304288e+00 5.323947566649398055e+00
9.319652095960821114e+00 -6.801856840916264524e+00 -9.771974413495438938e+00 7.110028707109991686e+00
7.119973012412694757e+00 -2.762759882957060764e+00 -1.008339229528274705e+00 7.123675697257943362e+00
-2.366634506968540830e+00 2.034817789021520440e+00 5.765829173923305184e+00 8.203645364902727444e-01
7.957403632664582283e+00 -5.120205353146653593e+00 -5.504056552439779537e+00 -3.681599030896985703e+00
-5.883208117010275906e+00 -2.348082118200955470e+00 9.166386062169168625e+00 7.411056606294502913e+00
8.552824835825086680e+00 -6.963960404423358952e+00 -8.111075799333409719e+00 -3.246051346918604530e+00
8.018923898740158762e+00 6.382779500122139460e+00 1.959704918169720145e+00 -2.796341440522982946e+00
5.418402554972965746e+00 -7.820544205421533057e+00 9.899353129528179807e+00 -7.760355346835209334e-01
7.205854769464715481e+00 7.887782646564476252e+00 -2.602556859789511901e+00 -1.580362022171190262e+00
7.976910967355990145e+00 6.501835380144034282e+00 1.444460945623157189e-01 -1.839581435932323483e+00
4.870302562229314347e+00 -2.946821203482693274e+00 -1.614675174414739178e+00 6.342180607210511134e+00
4.586756846898519591e+00 5.080670893159836332e+00 3.080862978725985801e+00 -3.033713661924608562e+00
-8.439439240285496746e-01 -4.073806656970757611e-01 8.689247706900543378e+00 5.944489066196918081e+00
-6.063048170544080406e+00 -7.091597652586619560e+00 1.097552761308394764e+01 6.928662602503330881e+00
6.473390304838641640e+00 -4.448542607296444906e+00 7.333396285046325236e-01 7.480309600432470063e+00
9.082081142936416995e+00 7.256618232360480647e+00 -8.879826776854440329e-01 -2.730909565167907171e-01
-8.931693459033679616e+00 -4.564171913687688154e+00 -3.165888714797317594e+00 1.173692193721040411e+01
4.320097146509803920e+00 6.974196067510990638e+00 -8.965884176452105336e+00 -5.136646737448378630e+00
7.292072258045620536e+00 9.785692007257420499e+00 -9.274513457939544736e+00 -7.514511795872495625e+00
-5.923314293271499054e+00 -5.438573414806620931e+00 9.245875798561876968e-02 5.630614723876409045e+00
4.170712182147522817e+00 7.868615937713336450e+00 -1.180057026586437408e+00 8.560589832144639644e+00
6.951976320858196168e+00 6.519167461898902616e+00 2.103830011401289113e+00 -3.122916462684260708e+00
6.473896252821928599e+00 -3.177879949883572142e+00 -7.872230344376973665e-01 9.288341861745673000e+00
-3.133581417765162414e+00 4.312711064850001996e+00 8.107470659739369978e+00 1.748829364105673190e-01
5.818395309120815817e+00 2.201376981584489023e+00 -2.265176849147847449e+00 1.134230358614739842e+01
1.058221933645639989e+00 -7.322508554398734937e+00 9.357546062219354255e+00 -1.001152313313021569e+00
-7.940245589338303489e+00 -7.997663159014491541e+00 1.668689463325188305e+00 4.527533121741187827e+00
1.116708291760757366e+00 6.128050469706403547e+00 -9.313382949382205567e+00 5.052631042756024371e+00
8.072441075626962004e+00 -3.158853124951946700e+00 -9.583816137299796534e-01 7.324805034337857457e+00
-4.802471600176369648e+00 3.905013383278469696e+00 5.668179303800337188e+00 1.635823856849257352e+00
-6.142299031427620015e+00 -4.440305365155112760e+00 8.880066661778426962e+00 7.574546735798400654e+00
7.447658701942076576e+00 -2.844183359664603117e+00 -6.521258700592740709e+00 -4.132967017419433731e+00
-8.129742890956048740e+00 -4.277443026316224639e+00 -5.112407533146629213e+00 1.084796728149897049e+01
8.252065009773133397e+00 -6.780637181392665802e+00 -8.688459535168735925e+00 6.969013534198023052e+00
-9.175212228670032388e+00 -4.728510741517184535e+00 -3.900699570725044474e+00 1.015555242837154104e+01
-3.320303601898702439e+00 3.008354468312994356e+00 6.141549051751228561e+00 1.776427533608781473e-01
-7.977623391460446634e+00 -4.122727524079198957e+00 -1.439892705143950069e+00 9.568329993519135712e+00
7.435466139046083001e+00 6.568700539422052564e+00 3.310836594030985847e-01 -4.182825753855517803e+00
6.487896878322355398e+00 2.307328411551702985e+00 2.321167788430476442e+00 -2.854985171260130183e+00
8.750649190838766245e-01 -7.071218227761540964e-01 7.007790330014266544e+00 6.367582931940996893e+00
9.038130536524953129e+00 -5.514017697132171492e+00 -9.949642712774453557e+00 6.659559534491039656e+00
7.758188742049123121e+00 -6.251318679736317385e+00 -1.134225503632699272e+01 7.555447532760616980e+00
3.390300190380054701e+00 -9.699065282531964982e+00 1.218045529154811568e+01 7.451432977801475399e-01
8.068276986764455483e-01 -6.507847416468435231e-01 7.064310727504810039e+00 7.964659478914009050e+00
1.005508440278186377e+01 4.210337838665155985e+00 6.576401427209224160e-01 1.227162491370502373e+00
4.427990951464163771e+00 7.066660805360269748e+00 -1.610380782149118284e+00 1.028685124416756480e+01
1.275463489279973661e+00 -1.108367955110100311e+01 1.022785092382312300e+01 1.551334171061582445e+00
-6.261325836738701689e+00 -3.866562650738925022e+00 8.002916468376708892e+00 6.011961971453109399e+00
-7.704244408076364792e+00 -3.627366256616450180e+00 -4.247328281089354896e+00 8.451765177859298817e+00
6.138362397162535622e+00 9.486561767674816181e+00 -3.455944354009754971e+00 7.614501660375008196e-01
1.851757313441850128e+00 3.915837017600541259e+00 -8.051651776880609290e+00 2.287555227788435896e+00
1.338745113354044003e+00 4.955218816424623363e+00 -1.027933553133075506e+01 3.609165231197067669e+00
6.493258348338515340e+00 5.639263761363290328e+00 -4.018136089154655255e-01 9.943851618121998470e+00
5.402332095639096110e+00 6.791122226228332615e+00 4.567967266300987372e-02 -1.175031964271700202e+00
-8.983147843070279137e+00 -7.510576414962688574e+00 -3.922331857323834825e+00 1.133779676847584916e+01
-7.752834968447590569e+00 -5.209770376926929458e+00 -4.674516492283471714e-02 5.423213038780726691e+00
1.124589618925776691e+01 5.589407171161870025e+00 1.375831417759165953e+00 2.195469485432888224e-01
3.380435411475879448e-01 -1.017598826124416256e+01 9.163758660959807401e+00 1.685795060599525885e-01
-2.864708122645314603e+00 9.567270086157382281e-01 7.784645519966939098e+00 -1.630633929375695068e+00
-6.748395185692785070e+00 2.317196985185438152e+00 5.857103403575217193e+00 1.274119678168597503e+00
4.963633396028442668e+00 -4.134634214851859113e+00 -2.047504018530431846e+00 6.910804060038964636e+00
5.767349767248585835e+00 -6.901990748227878392e+00 -1.149395336105445864e+01 7.299182423071989056e+00
-3.887338683435404008e-01 5.066182646665991385e+00 -9.091123718070663884e+00 4.352010623364682473e+00
1.059418235390491780e+01 -4.260921816368570703e+00 -8.742373858218535077e+00 -4.496394584237158654e+00
6.936176584659203392e+00 -2.609002142700512561e+00 -5.028131880179219415e+00 -2.728573583668218561e+00
5.964854879251065611e+00 4.484736281528614477e+00 2.247844792947517600e-01 -5.411750424159268213e+00
5.610125818930425723e+00 5.030911899790428521e+00 2.250743378830694752e+00 -2.561552621614553438e-01
7.413228770641905108e+00 8.430326657027439552e+00 -3.968145490274773035e+00 -2.336507640719920786e+00
7.091086931153935069e+00 -1.171451817541111273e+00 1.903961595632996273e+00 8.997793489542198486e+00
1.134325290457277369e+00 5.424614562842211107e+00 -8.951809203681932559e+00 6.299986135369826989e+00
-7.689948947503149057e+00 -5.235207290119847201e+00 -3.690665247197931542e+00 8.084633937832164108e+00
6.699161007190558514e+00 7.556358181118422834e+00 -1.002061746820327315e+01 -7.678588278211448070e+00
6.003222228150111306e+00 7.690117833491427746e+00 -1.074104232831578187e+01 -6.402192689377609547e+00
-6.689502850731639860e+00 -4.210717515119946519e+00 9.054155234855096879e+00 6.158959254346354051e+00
1.170900167391583402e+01 7.124000326080302870e+00 5.995653241782328280e-01 1.701621074477977169e+00
4.624736017460646664e+00 5.182785784349139391e+00 2.254966759932035547e-01 1.060870873415131399e+01
-6.569393025476889747e+00 -7.838578162037398656e+00 5.718932511371146443e-01 3.443622165305511018e+00
-8.710859724853747821e+00 -3.690477849180314962e+00 8.083812312923640775e+00 7.713058859175159654e+00
1.047732501950893358e+01 7.170381732182982581e+00 1.224684564486699934e+00 2.375376600668428928e+00
-6.416652863715739841e+00 -2.459550788409156308e+00 1.023637822296724842e+01 8.976206930192521583e+00
7.495296616766703224e+00 9.265406782933665042e+00 -4.696543168180708605e+00 -2.530984095347789786e+00
-1.161222671432669440e+00 5.004275592864013689e-01 9.697618080349114322e+00 6.917869571593540101e+00
6.383031935254500411e+00 -3.143544836050367497e+00 1.481632347070231948e+00 5.524499628655480166e+00
1.060305760229818262e+01 8.073992537008670922e+00 2.008796799007424305e-01 2.277086460041302551e+00
7.993878906369679349e+00 8.815344789248506174e+00 -1.000323113862854463e+01 -4.936258980976798938e+00
-4.266549167311242563e+00 3.561682795584185879e+00 7.081610525991672844e+00 -9.297490466936308984e-01
6.171654873684214060e+00 9.102774064467691773e+00 -4.352664127373891745e+00 -9.266196961478005978e-01
-3.868681618524186128e+00 4.818952700852750404e+00 6.784142543267342340e+00 -1.689543293256829948e-01
1.823367726659892885e+00 4.831241278304038822e+00 -9.376818721941923229e+00 4.414293456369158264e+00
6.247404025879416123e-02 -1.805622742357307020e+00 6.968375906808734754e+00 8.773184545612751961e+00
-8.094724528517117434e+00 -6.451956405288226115e+00 -2.364941109032840050e+00 3.277289232960348908e+00
6.206688985942171222e+00 -4.997821986348787604e+00 -8.504842988696411865e+00 7.007367211019975173e+00
9.124274860922449548e+00 -4.133593307532743566e+00 -8.117817793488907085e+00 -4.263259570547045740e+00
4.921819602664940341e+00 8.686749641039170911e+00 -4.817882451904242913e+00 -1.538921287533375093e+00
5.065273858448856359e+00 -8.910740822174311404e+00 1.018185209570486371e+01 -6.381700231948581603e-01
-5.591579331018139420e+00 -8.176895898923953965e+00 -7.941043880475713579e-02 4.310342860102938545e+00
4.982958762586473078e+00 4.769392862217468831e+00 -1.109791094548721713e+00 9.927089363674527434e+00
4.038360197456624334e+00 -7.379382354397186816e+00 7.705581295410836695e+00 1.585840514657652633e+00
7.112983573602688736e+00 6.362022763019868243e+00 1.273353168470882979e+00 -2.196734836832824111e+00
8.996691300406972402e+00 -7.956153120189657812e+00 -1.000221593109364981e+01 6.070578013968793485e+00
6.730390809380679684e+00 -7.317825253659941964e+00 -9.682530995227637050e+00 6.681191995029940323e+00
1.715282310144201627e+00 -6.750894208486617032e+00 9.699099898494113248e+00 -5.835052378348921653e-01
-2.898811238058670803e+00 1.252778040194741482e+00 6.858989382092853582e+00 2.180216825900694655e+00
-6.838139412643972292e+00 -4.358170309770623696e+00 -2.712372361273024612e+00 1.212582428546656921e+01
4.813297902675152784e+00 -9.954862383833269490e+00 7.885096555275298513e+00 2.271811090049893345e+00
-4.333327322128674552e+00 -1.584356835035587885e+00 9.279783210859843479e+00 6.601563162919271477e+00
9.949453701130774874e+00 -4.979449526174789753e+00 1.824597828522886545e+00 7.564200382050107585e+00
1.250058935513975289e+00 1.191711643733154524e+00 -1.017819048382596137e+01 3.729395751715556262e+00
6.106428852073164215e+00 9.054724853522298389e+00 -9.255036210279349973e+00 -5.258300154882956434e+00
2.011100161128055674e+00 -1.119106319078931477e+01 9.378115331744517391e+00 1.594523197277949889e+00
8.431636930200621549e+00 -7.448620089344455408e+00 -9.253782289209448564e+00 4.996335159103585610e+00
6.397727724304427710e+00 8.226593919820881950e+00 -5.195992623806882982e+00 -1.438614679835464871e+00
-9.929617776722482247e+00 -5.521833452918844642e+00 -3.688240836942575207e+00 9.630328056569370077e+00
-8.376930950369914086e-01 1.701770618620574993e+00 9.336442785683404466e+00 8.109243187071824011e+00
7.082792419472724532e+00 8.535263083380856486e+00 -3.542507799594837969e+00 -1.279916556029951913e-01
-1.186249224536125135e+00 -2.040589196988846776e-01 6.934482366334338010e+00 8.530962738543294677e+00
6.477156617843644604e+00 -4.606488295948565792e+00 -4.144173794881936601e+00 -4.512609861392646415e+00
8.029742747903945599e+00 7.870404443194579436e+00 -4.345787044098390339e+00 -2.843186147746185277e+00
-5.000925520694822879e+00 -5.461999933985590694e+00 9.398393873241881025e+00 9.069233216831399602e+00
5.464567810540838622e+00 7.812520467748523600e+00 -2.573790619661368240e+00 -1.892184515747925344e+00
6.947599832076710058e+00 -7.569727213345548655e+00 -8.730613847182336684e+00 5.976317042928083190e+00
-2.790771682345052351e+00 8.054781660712209135e-01 9.122955719572297895e+00 8.800143407336930679e+00
5.163794389678369789e+00 -1.218258097813988883e+01 1.091359893468649389e+01 1.689862163795084804e+00
4.304449237897014058e+00 -3.435336668402327209e+00 -6.044931887015196903e-01 8.693227210540861449e+00
-8.717386250447651364e+00 -2.841623345665558631e+00 -2.128408940924403581e+00 9.618564513334048272e+00
5.387314031928158720e+00 4.011677318550658455e+00 -2.467330376730336727e-02 -2.870779108732881113e+00
1.069320902878711621e+01 6.660785654144117274e+00 -1.081414273218532784e+00 2.509752485504539443e+00
-7.393901134190183910e+00 -3.862055002315964547e+00 8.566750248129258338e+00 6.871972633764616312e+00
8.802776582982469122e+00 -4.046942530761241663e+00 -5.568605786221842102e+00 -4.685762240139621504e+00
-8.452550848418517448e-01 9.460061447436394211e-01 7.379407080804067931e+00 8.883745859843621417e+00
-4.570843209324478629e+00 2.780092386453040021e+00 6.626346186266833804e+00 1.902655196930820303e+00
7.408827769933123086e+00 6.461953738531794222e+00 -8.412292134015977751e+00 -7.053109940870082362e+00
-4.784704177743926756e+00 -3.714915786871533676e+00 9.929364296626262743e+00 6.632521602716116682e+00
-1.059729667458541025e+00 -6.963214705432266838e-01 7.384436340687499545e+00 7.563034698021035673e+00
-9.247536882108835954e+00 -4.696477686554236364e+00 -2.526828132079714795e+00 1.079526532224965329e+01
3.227279699023311466e+00 -6.864443583390341885e+00 9.982741798106800957e+00 -1.525723900425746571e+00
7.775474168167072264e+00 8.758547132022519222e+00 -4.249297964507622538e+00 -2.462932284662823879e+00
7.775389888110282754e+00 -5.729559280966368462e+00 1.206423303440312900e+00 6.065137904445624173e+00
-7.861166106160895062e+00 -5.324362161836911689e+00 -3.069854541645627322e+00 1.135712965357184956e+01
-5.792650478687566995e+00 -4.406202773136145723e+00 8.988043178508572595e+00 8.629798776123243087e+00
4.358457531286609843e+00 6.047748176407246490e+00 1.166772544667622480e-01 7.611926430656117404e+00
9.424395754657266977e+00 8.195689661625303657e+00 3.971348804725491899e-01 5.156042474532273046e-01
4.964519969601868254e+00 6.838369553871794793e+00 -1.068097296062403778e+01 -6.174498800741375248e+00
4.692597065628073771e+00 7.607757028803977306e+00 -2.217306928248603537e-01 9.975664971653165125e+00
3.148394433041745266e+00 -9.339396769444146429e+00 8.229276326458132118e+00 2.757246333747795042e+00
-4.672273645831258371e+00 7.309984070997908034e-01 8.791836080815205179e+00 3.244131512211996693e+00
6.385303402797270600e+00 5.548192570949011859e+00 -9.772619309405838894e-02 1.080560985676791930e+01
2.526604955361681171e+00 5.312867225155113005e+00 -8.239115353257641772e+00 4.669919103615653988e+00
6.668345234069834149e+00 4.963407783786314198e+00 -2.748645096039192826e-01 -3.247557935215297231e+00
-4.419087444014317967e+00 -2.257705047746996208e+00 1.018200486563384111e+01 9.085486787464761349e+00
4.678024860142690144e+00 -2.580001839255415597e+00 3.411488373471327051e+00 8.532264262571542801e+00
-4.966130957619998121e+00 -3.850649612367895713e+00 9.932339306806856172e+00 5.971901612658992775e+00
-3.379925291840515933e-02 -7.694779828893772988e-01 7.688532060719156291e+00 6.564077447881000005e+00
5.668685105236546118e-01 6.887548748634337414e+00 -9.864105189790809192e+00 6.495494073935571322e+00
2.619092820674346456e+00 -9.907504870735740710e+00 9.264701165315496922e+00 1.085770086694147096e+00
-5.308995005271214929e+00 -5.414411792893417896e+00 9.177560094955980574e+00 6.885689910224111365e+00
-6.653000440318294295e+00 -4.392983450463695760e+00 1.012205066375835294e+01 8.777929214512059986e+00
1.082216213753241085e+01 6.769354096375626462e+00 -1.527878993016319908e+00 2.756215089407085816e-01
5.781506841092455495e+00 5.930921656689231547e+00 2.074823382204824540e+00 1.052024488656077139e+01
-6.105422957080154589e+00 -5.713922726960459997e+00 9.561742856129326285e+00 7.377784340838013044e+00
7.283307783181833805e+00 8.341704123839274843e+00 -9.253217831269149318e-01 -5.032460821071800261e-01
-7.216918150698964141e+00 -6.017092371663640193e+00 -3.918814933476997719e+00 1.078326597782876206e+01
6.781192643730973302e+00 -4.306848843394520898e+00 2.235822904505135433e+00 6.787307956341904536e+00
-6.840833538515161294e+00 -3.219224186344790795e+00 -3.469563871431497581e+00 1.255143415164325305e+01
1.285105152692669894e-01 -3.594348133592555339e-01 7.587474980182920881e+00 7.937509566439788777e+00
-5.529846959195674039e+00 3.974617318470082594e+00 4.397840312546696495e+00 1.160583598288101204e+00
1.048376427426584456e+01 5.981610177203425138e+00 1.618673335248580036e+00 -3.280034462135301698e-01
6.758735879523373846e+00 -3.926209166658457761e+00 1.021291171829611377e-01 6.222106221196932019e+00
5.421659891224042127e+00 6.309791158228762242e+00 -8.149608790356831278e+00 -6.318678979630665715e+00
8.930650295845602216e+00 -4.478994433621421578e+00 -9.156883461839548488e+00 6.006191406904322960e+00
5.618475326121461499e+00 -4.382390820589045610e+00 3.237478334715634398e-01 5.494114004933575934e+00
-6.842032774207851276e+00 -6.282090611224542265e+00 -2.892044802907292933e+00 5.835681671705890139e+00
9.041564654721717886e+00 -7.261554562026264925e+00 -9.233534221161422195e+00 6.852967323180630288e+00
9.969651981447935185e+00 -1.821685233988346031e+00 -5.715458748312472359e+00 -3.748878778778123699e+00
-8.822439060209385175e+00 -7.460101096345656657e+00 -5.076525418703702108e+00 7.934148259487740162e+00
6.737825665250603002e+00 9.155215647531063539e+00 -2.483585621964492507e-01 -3.527285178140745270e+00
6.510027548683191334e+00 -3.792146394867081494e+00 -8.051805269930962794e+00 -2.296146846849259848e+00
-8.125716581906425873e+00 -6.956389159366201724e+00 8.255159260405153798e-01 6.507826774361511468e+00
-7.290803997165049566e+00 -6.582538062065079743e+00 9.288101308220793939e+00 7.830794837735837177e+00
6.815751565952608004e-01 -8.015443630684469412e+00 1.300645169544795010e+01 4.959553282285858455e-02
7.400754919444572977e+00 6.161517917260827204e+00 4.048372666046400892e-01 -2.624601785989635339e+00
-6.787970311853956495e+00 -5.163713957400148935e+00 1.061504823437263134e+01 6.238599958809119883e+00
6.445377253263006700e+00 9.539154939370988018e+00 -3.099019534067228854e+00 -9.629304296933578478e-01
7.305259075170077665e+00 7.947322403928645862e+00 9.503123297484391552e-01 -2.963190368312593748e+00
6.681505499299058570e+00 -3.405968978158163019e+00 -4.703793494189397961e+00 -4.460051690948734660e+00
-5.922827192266933771e+00 -6.271369425296894562e+00 1.133900044232169224e-01 4.817955557037342906e+00
7.155424241879846825e+00 -2.469143078018006143e+00 2.585880560043650744e-01 8.638380626159881004e+00
5.278751857711050377e+00 -3.420621644990125887e+00 -6.247870047749394473e+00 -3.941635464022327895e+00
1.078795558840657520e+01 8.047696566676254548e+00 1.006311100657017787e+00 2.192694611515757508e+00
-1.752514852037832860e+00 2.237409300751384222e+00 5.286667205802190850e+00 1.164237743891974652e+00
5.329124376633042282e+00 7.001156981144108116e+00 -3.146280506959470369e+00 -1.006311741929658776e+00
1.005304375659289740e+01 -3.389679489262580780e+00 -6.471058015812227282e+00 -2.615115778729222740e+00
5.470055105460798650e+00 6.617137613048337030e+00 -1.189722991268834296e+00 8.168812434810046597e+00
8.461302862451089979e+00 9.876663080372418690e+00 -2.683349822867052925e+00 -3.488205477271988375e+00
-1.585548945767569773e-01 4.260880890323027970e+00 -8.596418851998524957e+00 3.264008015802787988e+00
6.998684028299280158e+00 5.365996788733874645e+00 1.570191231550151389e+00 -2.136805399396366489e+00
-6.124365561911260691e+00 -2.681672892064241864e+00 9.277888369681035030e+00 6.641112228397020978e+00
-6.236277058675093521e+00 -6.154996032207939116e+00 1.528208912428791200e+00 4.716596459723393586e+00
1.602017522960178963e+00 2.079989433155548628e+00 -1.085230193633885065e+01 5.821526135557122394e+00
-4.902007985055782946e+00 2.874856565346916248e+00 5.326814166699366027e+00 1.701202858095786308e+00
7.155988985301600103e+00 -6.831595395539297400e+00 -1.014650870874562827e+01 6.949798399672006077e+00
5.831411691762439453e+00 -2.082360606466922448e+00 1.949442392975284877e+00 6.191445070115158877e+00
-7.307598084381591974e+00 -7.138419859852167981e+00 -7.700397146001292104e-01 3.870869576601875472e+00
-7.420643824584061576e+00 -4.518787143770444104e+00 9.906465599338933004e+00 5.059079431826152273e+00
-8.773557408891136333e+00 -5.396399871148349625e+00 -1.944266478856409242e+00 9.721933718130456370e+00
6.871908107599562499e+00 -3.427094034647797383e+00 -6.239831942227260342e+00 -4.400874515222664485e+00
-3.248763878121559312e+00 4.966514255880498663e-01 7.976370294337867151e+00 6.665322437616975293e+00
4.117739362866165820e+00 1.040073297457454871e+01 -8.235997537927410406e+00 -3.811965410686258160e+00
-4.903999767276788546e+00 -5.200753153890986802e+00 -1.874729044606344264e+00 7.988301072293887195e+00
5.323584010530412414e+00 -3.251719288792986440e+00 2.606138547225155477e+00 4.988420342792471374e+00
2.054410673689245570e+00 -8.835863625100859764e+00 1.072936616715039548e+01 -1.168327205753755482e+00
-9.045846949516207047e+00 -5.925631060607535971e+00 -1.919245728387875216e+00 9.702215544035981409e+00
5.936341173115518899e+00 7.077182065684233692e+00 -1.966135941778899054e+00 -7.497826534421170308e-01
7.006324611342837905e-01 5.506925526784622882e+00 -9.755741776774407015e+00 5.941683451041280151e+00
-5.315481972131694377e+00 3.099855151713852841e+00 6.285031120445407460e+00 -2.951608975353284814e-01
-8.889837966045298856e+00 -7.865752194348157644e+00 1.133248146961785885e+00 5.976089627405080762e+00
6.695893032963796898e+00 -7.529686739507825521e+00 -9.851243648192305358e+00 5.858146770578313678e+00
2.840925158096294645e+00 5.544006027386732427e+00 -8.059519645753240980e+00 4.870597512717584898e+00
4.054550677665762493e+00 4.826836153610546631e+00 1.070590399524083303e+00 -2.597617502244976340e+00
5.573189133656279992e+00 6.638052959439185940e+00 -2.902512961874635700e+00 -2.311109082166371564e+00
9.813141031406784620e+00 6.854646621468446277e+00 -9.569184928690106506e-01 1.543803932402988632e+00
7.552026340717496566e+00 -6.841087604734998884e+00 -1.028401009755655338e+01 5.039695130471589124e+00
5.777390839976085601e+00 -1.044100245544331429e+01 1.138268645108306565e+01 2.469332460228152171e-01
6.262311240825257919e+00 9.908369999707939968e+00 -2.673809747971817696e+00 -1.960490241926791333e+00
7.195832936474547026e+00 -4.132450432363345527e+00 -7.060414304266600993e+00 -4.847903395083299927e+00
-5.450180678534029433e+00 -4.748703879461422694e+00 -1.796412669383954164e+00 3.523269343399079379e+00
2.951576634757196338e+00 -8.387751888178515358e+00 1.211038862147976758e+01 -2.025368204326919663e+00
8.373554528932649177e+00 -6.769866596144290760e+00 -9.551825336160069568e+00 7.421411790017468313e+00
7.557678608557418798e+00 4.504365460669414567e+00 -2.479472396518191513e+00 1.071703159346297696e+01
6.725191852344523546e+00 -3.183021343032350181e+00 -4.055962815102081009e-01 8.743029769209902824e+00
-7.703958806425518446e+00 -6.851666018652871060e+00 -1.467628589611637002e+00 5.056918056810756568e+00
5.551737685738133976e+00 -1.135970624904115489e+01 1.109544056298404691e+01 2.049981636335835855e+00
-1.639348932628994726e+00 -1.291524106306809694e+00 6.344568422468957358e+00 8.208012308932730150e+00
3.347297025439893936e+00 -7.835388862323727110e+00 8.539078851786122470e+00 -2.212413690984464942e+00
-5.459861389133260356e-01 -2.963525045138192926e+00 7.048286290548529287e+00 5.409424076488405397e+00
7.407961342471780064e+00 -8.048570203037854753e+00 -8.981843451379917909e+00 8.559747083479409824e+00
-3.973028810152527956e+00 3.251434108556976010e+00 7.823032210984599111e+00 4.528238160337120788e-01
-1.303818264369339897e+00 3.712645083776896726e+00 -9.642901430660346662e+00 4.608816558841020594e+00
9.915635858368830213e+00 4.850794321260917030e+00 1.812231265867391361e+00 3.950062643786695471e+00
5.658006911454643628e+00 6.085696252146116869e+00 -2.112934055675007805e+00 9.419368010867851027e+00
-6.315167588622562000e+00 -4.014210734782544421e+00 9.571161353077682676e+00 7.849414342884730722e+00
-7.986437304214959454e+00 -4.628487055828792052e+00 9.713950415353027168e+00 6.434852330801703602e+00
-6.722941610965367687e+00 -5.157852260820914303e+00 -3.556741318468193414e-01 2.467581584670807793e+00
-6.477646576350006846e+00 -1.566688850387376153e+00 9.158073155324096604e+00 5.707190095698035037e+00
6.542618595216110222e+00 5.875925588904685526e+00 8.356937111010704911e-01 -2.737115078270713209e+00
9.176133023210386597e-01 4.073235528511683690e+00 -9.395417592165255627e+00 4.656809091060353012e+00
-5.145647324151976676e+00 2.903502741672490117e+00 5.671016993985801058e+00 -9.747241026549391396e-03
-9.999956740612532258e+00 -5.046376259066225778e+00 -4.435244036406481349e+00 9.149841608486420697e+00
-9.082986165398928335e+00 -4.895437189983166348e+00 -3.621515572124810678e+00 8.681363680953003481e+00
6.131898419330789274e+00 6.824436831642109347e+00 3.707459464203625377e+00 -2.974043201006515424e+00
5.999973225868374449e+00 -3.641354661417986360e+00 -1.542458179946838426e-01 8.475540581940400386e+00
6.529026403194611028e+00 8.211920196166511587e+00 -8.728778349173335727e+00 -7.419488102280388020e+00
-4.877869100397274948e+00 4.677134501054053928e+00 7.178184435558537579e+00 3.380223974380292873e+00
6.108794244921250893e+00 4.480231647561578434e+00 -3.323594037270720669e-01 8.090127159969577875e+00
6.456855017523686513e+00 8.252197869362976945e+00 6.584322947760987699e-01 -2.617452722901985496e+00
1.190476790544843455e+00 -9.100227110653854590e-01 7.944835432738417857e+00 4.936398928411868781e+00
5.508198813819462636e+00 8.416944368119430919e+00 -4.622637187625560529e+00 -7.152807108705427908e-01
-7.831714495458507841e+00 -7.719126102526302269e+00 -6.607602466221088600e-01 4.304288378518323022e+00
6.791202563732438691e+00 6.488848621417387719e+00 -2.439398537905132169e+00 -3.049096278007785710e+00
-6.602679410502844348e+00 -4.737031341623318070e+00 8.800801792028964954e+00 6.430147411335883412e+00
6.192013589197105539e+00 -2.258457560903551098e+00 -8.184228251475419214e+00 -2.637187702735803718e+00
2.366185093682231955e+00 -8.919633224743900968e+00 6.804622727163151197e+00 -1.783363378596074522e-01
6.614464846290815991e+00 8.019207532054664966e+00 -5.331411162495403921e+00 -1.785530336745142943e+00
4.144620563202323638e+00 -1.240619969684968282e+01 9.077693574635706142e+00 1.611748494102222540e-01
-3.256247877285967096e+00 3.601880994218116694e+00 7.235424736650972299e+00 2.848843970160435113e+00
7.413471654437111091e+00 -6.345471941368442614e+00 -9.925849461039240040e+00 7.598169672099892580e+00
6.385022352460882900e+00 -1.422252953441679235e+00 1.096129567707365693e+00 1.065685707133639504e+01
-8.290097483184031280e-01 -1.024492475519852785e+00 8.190364935015692183e+00 9.259222039394821024e+00
4.039295000704075989e+00 4.099703620758449851e+00 -2.378401451237269759e-01 1.075484612039418231e+01
1.027887024143805661e+01 -3.406815999761847458e+00 -6.092987474687458160e+00 -3.722643021916192119e+00
1.049657777027059069e+01 6.464870184506171569e+00 1.774281798767625373e+00 1.454048314015633503e+00
-3.804646124788852113e+00 -2.502350577033776169e-01 6.969124420162507327e+00 -3.940037338424383639e-01
3.538304164920016426e+00 -2.486089476190802561e+00 5.096731185411065290e-01 7.545962928972230976e+00
5.138559388838113584e+00 -3.054161025162556165e+00 5.772837373868738853e-01 7.471865064876384466e+00
8.463309652609309452e+00 -6.551199863789543443e+00 -8.742535473977646632e+00 7.101242602226819578e+00
7.548063961402396771e+00 -3.606284622374124726e+00 -5.492028272210584205e+00 -3.958221836626043100e+00
5.710945402109877556e+00 7.043906651566700816e+00 1.069729011538032015e-01 -3.331131931981611061e+00
4.728719161663978099e+00 -1.462907238090136453e+00 3.521123080315524678e-02 1.116404169530130908e+01
9.489956422939940239e+00 4.697899000247685031e+00 -7.650162514329972296e-01 7.968965562492805743e-01
-1.057439819588064367e+01 -6.499226348685893662e+00 7.734192994732256299e-01 6.525216235048024060e+00
1.121165579352566510e+01 6.188229075017639857e+00 -5.918077485328014919e-01 4.071403673497966391e-01
4.135945972524664782e+00 -9.383388105975679849e+00 1.000657797531219373e+01 2.499351709584533676e+00
8.148462540491186346e+00 9.223153606683386130e+00 -9.678578878383351736e+00 -6.272074533995731116e+00
3.596017453677047726e+00 -4.033688257171395897e+00 1.160751722359044535e+01 6.727924620887126839e-02
7.458003356028310549e+00 -2.022122343268332401e+00 -7.266853977076493720e+00 -3.175192489319705658e+00
6.260405815265382756e+00 8.084033763497295411e+00 -1.340154428818381316e+00 9.771144040843967815e+00
8.169003677358205096e+00 -2.120256403695845115e+00 -6.519855101836849798e+00 -4.697745607201809115e+00
9.962501198639831301e+00 6.660176036350476281e+00 1.330088870935113965e+00 1.059952864200701228e+00
2.355084589165739928e+00 5.274849808114598027e+00 -9.424045500932830777e+00 3.808571626943336064e+00
7.654660732338932405e+00 8.573704308387615214e+00 -3.722926095691021064e+00 -2.131217527945684864e+00
-9.220751769466698278e+00 -4.668451048709306939e+00 -1.612165190060185216e+00 9.259681340446338282e+00
9.649119335682719623e+00 -2.867034314693972075e+00 -7.597979754300890676e+00 -4.235545541788032331e+00
8.274211932566629457e+00 -6.574543050511927333e-02 9.966715632891768317e-01 6.997047320905675605e+00
5.098964428869320997e+00 7.741316141119210847e+00 -8.261706769919696214e+00 -5.878351611975359603e+00
-7.160431992148800440e+00 -5.317426769530598563e+00 8.861351773476370042e+00 7.001841407531252948e+00
2.487365324290699675e+00 6.208971260026679317e+00 -7.260135594704515416e-01 1.114915049248130963e+01
6.977735659086492959e+00 7.787456160915557035e+00 -4.357787501872392610e+00 -2.596603489066956483e-01
-3.344764033630453604e+00 3.873454082026151823e+00 3.979770829944791366e+00 -8.544648935300795944e-01
5.502758026374813483e+00 8.208184992973876604e+00 -1.069378772097574171e+01 -8.571845720792058643e+00
6.628610964488394153e+00 8.748768194015537958e+00 -1.010402202790962534e+01 -6.067223081150072694e+00
6.694658107856414020e+00 9.535394906851742292e+00 -4.121247817214646503e+00 -2.522851721388973623e+00
1.055048355496990986e+01 6.223482201757025045e+00 -7.852743686095681186e-01 2.063031140165260346e+00
5.708349937525559525e+00 -3.191080243580816322e+00 6.610138747887127630e-01 8.200348746877704542e+00
7.078249315559469679e+00 -6.234641321730561181e+00 -8.654629915866639323e+00 7.117281729468158957e+00
6.899004880951999041e+00 8.794390508514888793e+00 -3.210949082145678535e+00 -4.711918524288256638e-01
4.720214496182251196e+00 -7.429979408303703181e+00 8.951296699368676002e+00 7.224183901167038346e-01
7.358091436331580582e+00 8.128547846363503027e+00 -7.956065442794360010e+00 -4.219910455963886697e+00
1.137671321392377166e+01 6.794564015047657612e+00 -3.766380539324483134e-01 1.719363262886718147e+00
-6.070902897257095532e+00 -5.010137697101225029e+00 2.210953438946854088e-01 4.794150894787581052e+00
-3.619783641125836393e+00 4.138952250228634000e+00 8.570667381677683494e+00 -1.106936024339710389e+00
2.698081025082327944e+00 6.253819435560262541e+00 1.779935642958151654e+00 -2.960168100676487501e+00
6.542340345549063407e+00 8.349651774954347516e+00 -8.965898369158741943e+00 -5.009383309163908393e+00
1.056570150620169990e+01 6.390114569631986541e+00 4.404146357101137443e-01 -6.042316557971476598e-01
9.040426285591991018e+00 -9.178456007441086584e+00 -9.901060178172199855e+00 6.062793700026440469e+00
-5.313933636995326282e+00 -6.163326716638821701e+00 -1.086938451784094983e+00 3.283305178885930431e+00
-8.569555389037406101e+00 -5.948993752648440214e+00 -6.777971965054713221e-01 5.575784684118549883e+00
-7.083052938715370672e+00 -6.316483691846842774e+00 -4.266290432556048451e+00 1.217770444949815101e+01
1.597155961522755963e-01 5.496039969339098441e+00 -8.240082831039497790e+00 4.971057556330514160e+00
1.893745936684604558e+00 -8.935623829932087148e+00 7.959240635682736986e+00 1.904834609318726502e+00
5.777421027376756335e+00 8.134159580270846845e+00 3.659852814496243889e-01 -2.875207937008894099e+00
7.514536416166313515e+00 -6.582230315577762170e+00 -9.350742622394154324e+00 8.562620376794427557e+00
4.024060889272274899e+00 -9.522937649979050789e+00 8.749620458599208561e+00 -6.078649833219110787e-01
2.026140049891168360e+00 -5.870638886288378266e+00 7.948374266253368070e+00 1.448602777387214546e+00
8.195128520887731582e+00 -2.185999218717831649e+00 -6.221907191055020547e+00 -4.703440003912495726e+00
-7.334696016601943036e+00 -6.925571280871941404e+00 -3.832978613419119718e+00 1.010367864138192573e+01
6.692556581685908945e+00 9.163099528742199240e+00 -9.900941768979153679e+00 -6.970913489709910316e+00
7.860828716029010899e+00 7.362048881900380870e+00 2.189111932768817770e+00 1.501459105743420563e+00
-8.021958767961008263e+00 -6.045065784509530360e+00 2.693360544065697137e-01 3.551329417569669467e+00
1.655720832680074750e+00 -1.109377585680126899e+00 7.018200071691597763e+00 6.517434534511529876e+00
-9.066093353381626585e+00 -4.849284565276534842e+00 8.904302453793018213e-01 4.776654098897930467e+00
7.589738736792588369e+00 -7.175667036314187897e+00 -9.821576552771061230e+00 6.272156276100749217e+00
5.311370559895815191e+00 5.438254489273640857e+00 -1.081566748613931761e+00 1.009901085514186825e+01
2.163124260491144923e+00 -8.581419502516387965e+00 1.018365982701778094e+01 9.860993916726465969e-01
7.589326344465264995e+00 6.145527956237319955e+00 1.162052359028209692e+00 -7.080173554113251555e-01
7.201564743065225649e+00 -4.476881777126443751e+00 -5.471819878032243345e+00 -4.019227650787220441e+00
3.756118499482276274e+00 4.681330781334527735e+00 -9.066937294583270912e+00 6.760550267698348215e+00
2.853189945748355161e+00 -3.241741094804662993e+00 -1.462784483375975997e+00 8.323141334574140515e+00
6.286006548092482049e+00 9.950841759759729399e+00 -2.366133194307913357e+00 -9.945190082507264773e-01
8.568345233711417208e+00 -5.763966412332674594e+00 -8.698019258589358316e+00 6.455631430278060634e+00
9.856842402616750931e+00 6.172298648753674399e+00 6.846787496325891231e-01 1.634466841693331451e+00
1.310645124964831654e+00 8.823795851542945989e-01 6.351101086576885990e+00 7.149099859511538924e+00
8.362508055013261554e+00 6.749858210643949974e+00 -1.505337544294469643e+00 6.414942426792233920e-01
-7.568144765582779598e+00 -2.105141276542988216e+00 1.053286835469948457e+01 7.170855849566574847e+00
2.698110102749587291e+00 5.038476038741513285e+00 1.674232691494455860e+00 -1.659277559012215741e+00
3.645246766114494275e+00 -7.368101129045067310e+00 1.069394945775715122e+01 -1.490351862358502810e+00
-3.178197975180033108e+00 3.386818239297447075e+00 7.251411775600168141e+00 1.617728812065160726e+00
5.030415795133587054e+00 -4.521686857767671874e+00 -1.367408417281933630e+00 6.671318342423232295e+00
-7.617728804255492037e+00 -5.785682144748393263e+00 8.733807538827507599e+00 7.406126957327566984e+00
5.855925245114735667e+00 6.981099442819287404e+00 -6.211527004694743503e-01 -1.635467371038742401e+00
-2.593643906245097330e+00 4.621300726669010928e+00 5.659252854620579143e+00 -4.409523399681398725e-01
-4.662772135963385800e+00 -6.896488693142786452e+00 1.665149266937511863e+00 4.565516220435242190e+00
5.553342252152125624e+00 9.068470372051955053e+00 -2.835309907706285770e+00 -2.900876533499260335e-01
7.165629863503715669e+00 8.598506759459599635e+00 -7.497268960562322171e+00 -7.122711201574198014e+00
8.767973885682001978e+00 -8.140288399030284339e-01 -5.995105693382364542e+00 -4.746011434473239810e+00
4.361922248866010321e+00 -6.656437697553162280e+00 1.012527212259635867e+01 -1.657578032231490361e+00
7.623091309346350819e+00 -2.246347371624658695e+00 -6.822125763388156017e+00 -3.563324560812848762e+00
7.150093298255686847e+00 9.339506339846645133e+00 -2.736357076783552777e+00 -4.292990595258428854e+00
-7.720778423208555452e+00 -5.878055081440549223e+00 -4.361378247722520918e+00 1.313065430921454890e+01
-6.015243199169275634e+00 -2.877026288177936486e+00 9.437567390305680703e+00 6.899431641474040866e+00
3.921070355344361769e+00 7.032691683778150349e+00 8.156980952175920674e-01 -3.097293459625573675e+00
4.314283113495752886e+00 -1.070272237545327343e+01 6.663018866922123529e+00 3.502862629024420249e-01
-2.527209315164748560e+00 4.136492541499302789e+00 8.555310079758978503e+00 2.025999024088485534e+00
-1.001345415911917502e+00 -8.101265386645351008e-01 8.412618611384251821e+00 8.483276054156075219e+00
1.011829710049226172e+01 7.775935066300832865e+00 -1.304892393509607285e+00 2.908331231667808048e+00
6.259797824032506064e+00 6.129229385077299419e+00 -1.944639619766131977e+00 1.060087287137606893e+01
1.192741797745810040e+01 7.095255649569349288e+00 1.850200317434152197e-01 7.296889837896595177e-01
7.702177077700659957e+00 -2.812916633214763262e+00 8.852483941829092373e-02 9.929330740604843442e+00
5.618347214381627097e+00 -3.427071549344354651e+00 2.575300602606142575e-01 7.070865663710210747e+00
-7.035816587924009546e+00 -5.228315890067461780e+00 -1.647797351885308625e+00 3.319564352926644091e+00
1.136131453921992218e+01 7.740080993245427088e+00 2.434970666809109785e-01 8.865176259636268208e-01
-9.026128232533352502e+00 -3.296705563077999113e+00 -6.073707387203461039e+00 8.298113438406490516e+00
-7.784791341750306515e+00 -6.972572882011286666e+00 -2.283874606845385902e+00 7.224974533110419372e+00
5.551421550269896699e+00 8.534263197959903735e+00 -1.185498240837774553e+00 1.205610003998542368e+01
5.647153593877902722e+00 4.251726605736851461e+00 -7.077508154354306136e-02 1.111066330175752448e+01
2.498441966460266173e+00 -9.403525352948435057e+00 9.375264449794883603e+00 5.833400425789121435e-01
-8.554240257821227544e+00 -2.181011710350284183e+00 -4.396928015222353103e+00 1.049096839825262784e+01
7.648875072170473466e+00 -2.701199079645260070e+00 -4.504876241634036660e+00 -4.664701331467396628e+00
7.228799447474615114e+00 -8.935112565820972463e+00 -9.129165870897763213e+00 6.887076351796586948e+00
-1.436985143245535390e+00 -1.495765007141232283e+00 8.029112386514340116e+00 7.702452927920502290e+00
5.726115066814355892e+00 -3.971183405112606479e+00 3.570989174119686971e-01 8.070357348082314530e+00
-2.619987863356891822e-01 8.214569828957445363e-01 6.939785073886534761e+00 7.083423826375124577e+00
2.998131074764982085e+00 -6.389107001392382301e+00 9.240150343092471630e+00 -1.510044176350711531e+00
-9.800626730645486395e-01 -1.158400919356742609e+00 8.590379010201669274e+00 9.079419176619332177e+00
-4.974797819978661551e+00 -4.791495968123599347e+00 8.590290004090347153e+00 8.099662036071601179e+00
7.815088589204233216e+00 7.088642010263948023e+00 -5.220975987079888858e-01 2.605779197089324040e-01
-7.272943631112867457e+00 -3.975317870483731308e+00 1.060111119586953521e+01 5.868474864500322852e+00
6.041154827877448952e+00 4.929810742748408359e+00 3.117047257324845333e-01 9.764197095037047802e+00
-6.957740952984204696e+00 -8.367721023904117317e+00 -5.857203362752033682e-01 1.948697627294155410e+00
1.077988403714267740e+00 -1.126599941342673716e+01 7.685814583531287880e+00 1.367294457991195422e+00
-3.688624206311793774e+00 3.119021559944207933e+00 6.912655724990701245e+00 -8.260566854054380848e-01
-3.912769075364727733e+00 4.279722985570089122e+00 6.210035864671627159e+00 -1.229584915147788227e+00
6.041849727068127507e+00 -5.667295681343959224e+00 -9.587663218577285207e+00 5.458352078546036878e+00
-3.777991356182050176e+00 4.008722070941055371e+00 6.539485983017882198e+00 -4.722523412700049272e-01
-7.643674903596762604e+00 -5.859296557076638656e+00 -3.671142541120675507e+00 9.015923113915849996e+00
-9.011377673238923691e+00 -6.268192280161164476e+00 8.707723917968461791e+00 4.802069801627027346e+00
3.999502485185074452e+00 8.091012456665437114e+00 5.488388187006874031e-01 9.741890458030040278e+00
-1.211308803955305269e+00 -1.415210706040763045e+00 8.726810540885361789e+00 7.618859968028531604e+00
1.023647029682011222e+01 6.167705268394835016e+00 -1.015046866153147764e+00 2.684117739133172975e+00
5.417789534126540296e+00 6.017401436731828035e+00 -2.277685686014562227e-01 9.021379540202929093e+00
6.465528949268334991e+00 6.887705554415506803e+00 2.618436662887557276e+00 -8.268740415823496726e-01
4.468628835925905207e+00 -4.498352700366437418e+00 -2.409582898160861353e-01 5.525634753978213354e+00
7.174020931788500199e+00 8.394598890009770997e+00 -1.088491950199246716e+01 -6.401581405525318402e+00
-6.557374784360250786e+00 -6.392985600040741012e+00 2.265748757624379828e-01 5.223278446554205701e+00
1.540395725540731675e+00 -8.888578059748363458e+00 1.158779641119235393e+01 2.046805340969263809e-01
6.776354336184792437e+00 7.507681497540272808e+00 -3.296176554731491404e+00 -1.939895850992142901e+00
6.764254209097410708e+00 6.371365902205606169e+00 1.326028501349268751e+00 -2.205893626143318187e+00
-8.090421218474604714e+00 -3.925735982086251852e+00 -4.089983426487049378e-01 9.605854603168044292e+00
2.583578169094736587e+00 4.666525166181194173e+00 -8.950487282267703293e+00 4.868703397925621346e+00
5.519214455322245527e+00 7.537054448017050490e+00 -3.139788469783418856e-01 9.201857776306919590e+00
6.069590091488419326e+00 9.464099325532108864e+00 -8.610727778457313519e+00 -5.940069974531235530e+00
6.995721806032720202e+00 -5.780282798866158700e+00 -6.141402536979009952e+00 6.828245696404333209e+00
2.399248004257457545e+00 -7.770164102768943870e+00 8.165541087828581013e+00 -3.470493119940032400e-01
1.151349505253154781e+01 5.382381666258428510e+00 -6.168224863652979062e-01 5.868293827476095403e-01
8.789717357399219111e+00 7.161549940505384626e+00 -9.978806628298443115e+00 -7.286685114062789737e+00
2.370818109198304491e+00 -8.225719776684877971e+00 7.836610785167840376e+00 1.099196311108937563e+00
8.215472806094599179e+00 -7.298570230376516754e+00 -9.451720772967787454e+00 6.236767705612621171e+00
6.334446914208590407e+00 -3.527949713104718388e+00 -4.667458583753103518e-01 7.306675716491628947e+00
7.456518785839721275e+00 -5.818776644327842362e+00 -8.818370533900324659e+00 8.019947490377434818e+00
-6.575319688990955314e+00 -6.794637921469994346e+00 9.353211823503098543e+00 6.035433390278162946e+00
1.112820814775735023e+01 6.052227699932640981e+00 2.196346584909368183e+00 3.110790698748179040e+00
5.792888073137890892e+00 9.395747849426101084e+00 -3.141697435408067562e+00 -1.437402185322025128e+00
6.876760076540366029e+00 6.883986289754325583e+00 -8.353236477520818326e+00 -9.032909693022579845e+00
6.301771795152627753e+00 -6.867643847229220277e+00 -1.010640771812355965e+01 7.070273430677472604e+00
-5.777326168343039470e+00 -5.497000399879910404e+00 -2.534738954140226319e+00 4.368502640959463612e+00
8.670762731775962351e+00 7.256830725395276183e+00 1.725005728125912352e+00 2.181459800373367397e+00
3.986249959093253192e+00 8.283610442202544277e+00 -4.200307267515041687e+00 -3.947724280744064451e+00
7.358524232598461445e+00 -3.865125905790868011e+00 -4.853969877017039636e+00 -2.921532532508442248e+00
3.620980597468492324e+00 6.951726627143595572e+00 1.036570410760384808e+00 9.326157366922300795e+00
-6.593467613565746177e+00 3.158244623086574165e+00 5.856849975994140145e+00 2.118316269860309298e+00
1.253822870625993602e+01 5.643723384790203745e+00 -1.044416202820576123e-01 -3.995618537645428958e-01
6.997712417842177679e+00 6.878205149638402460e+00 2.500856372513014847e+00 -4.808077252346349084e+00
-1.828544935320147502e+00 2.402717593079254144e+00 6.278978016201019585e+00 -4.447792026660279951e-02
4.522189773302619287e+00 6.029280604637087038e+00 2.196223800424878192e+00 -4.854550812097396140e+00
7.692505771875124410e+00 8.327115432132712769e+00 -9.626823485788357004e+00 -5.427457638121488515e+00
-4.400694779378998334e+00 3.151450538085674768e+00 5.896299193823343998e+00 -5.441909276533282158e-01
6.270247859623932385e+00 -1.057034542676682287e+00 -1.170896320531097379e-01 4.620900492215429978e+00
3.032764371079059273e+00 7.386485272993684070e+00 -8.748638542127295636e+00 4.206497188206663296e+00
-6.057403721983041223e-01 -1.006162038698505867e+01 1.241270897416343999e+01 1.743091147187147527e+00
5.563112195435955698e+00 -3.667492745361002893e+00 -1.748972917325832821e-01 9.603198329821394097e+00
6.980255209426359464e+00 -1.036161209065220845e+01 1.030593782709468975e+01 1.051585826664861667e+00
6.049255249825449710e+00 8.733434954677020912e+00 -3.988935790265239589e+00 1.923766193678493774e+00
-1.792633696419191347e+00 -5.155115919534160041e-01 7.392868671533554981e+00 4.490496722546517105e+00
8.988359951443712248e+00 -6.521941486736280602e+00 -8.819083305996825217e+00 5.928887031879423120e+00
5.299050553089694304e+00 8.137360327795903459e+00 -7.765778213007435760e+00 -5.654793015910703602e+00
-6.793441831506383366e+00 -4.744025445593420542e+00 -2.586866420396970678e+00 8.726534210610658704e+00
-6.545617424829794473e+00 -7.303818262442947074e+00 4.925661522032126483e-01 6.258818916729858017e+00
6.694668145108473745e+00 -1.671839502009376588e+00 -3.419876773768061984e+00 -2.035622702043559329e+00
2.607529051699901679e+00 -7.282111626990909414e+00 7.296441434841744567e+00 -9.268263364107749425e-01
1.294916556862693469e+00 -6.369987703956043745e+00 1.122561589846277741e+01 1.786565487170301836e+00
1.054032888163466808e+01 5.249743481873274220e+00 8.969715465701466606e-01 2.952433608663435294e+00
-6.383129997303339742e+00 -5.494265583829306188e+00 2.464222583199578431e-01 6.761505145730994926e+00
6.708622876611336494e+00 -4.131329631383695578e+00 2.253663990465132050e-01 6.663098892231404058e+00
7.667372921874002323e+00 2.393032442962073070e-01 -7.397768099217965521e+00 -3.121021458931964698e+00
-6.685933046795570434e+00 -5.944589412182835098e+00 -3.039648886438859332e+00 1.095228406348583405e+01
1.492134717344216543e+00 -8.093363636403070771e+00 7.712056310113533542e+00 2.504419778475397873e+00
7.120032515485395841e+00 1.052893327846682681e+01 -6.304949558587066072e+00 -6.336313930598974409e+00
1.016332964129268213e+01 5.995128239319445385e+00 -1.434006384051116578e+00 1.991077688313827032e+00
7.503067149777365330e+00 7.866200210075282584e+00 -8.044238192112814545e+00 -7.971277500945124217e+00
5.970308947252484622e+00 4.899404586881335177e+00 1.449740269981163676e+00 -1.393619968829279410e+00
-3.418841617824522672e+00 3.590770662579447325e+00 5.383997700307612710e+00 1.347142575196315084e+00
3.603925207070374004e+00 6.733218761783262174e+00 -1.002249374642700097e+01 4.409719516661112060e+00
6.696003950079920664e+00 -3.355207102289424093e+00 -5.973557594336165177e-02 9.942634166296020481e+00
3.733115710742371363e+00 3.367321763883018626e+00 1.725165751378100687e+00 -3.085980445663336180e+00
-7.190178673208854399e+00 -6.792457831929917589e+00 1.526352113860588666e+00 3.192633834532739190e+00
7.828496288632572409e+00 8.038938937974272392e+00 -3.151889461739596499e+00 -1.325018510014280837e-01
3.855265409844101043e+00 5.932015468014988357e+00 -8.624864207121696325e-02 -2.463329512985680925e+00
1.760672395718089422e+00 -3.240508940436010454e-01 5.584730278790059899e+00 7.262360237199121826e+00
6.269930469755379931e+00 8.848372243708132245e+00 1.091213738707823788e+00 -2.673392421768752136e+00
-6.833854780986380995e+00 -4.872689007465641708e+00 9.849983625820311062e+00 7.238043650265618467e+00
-7.307026834953919803e+00 -4.972128017118365051e+00 8.713366649547027443e-01 4.063011147650803068e+00
-6.130582290219408925e+00 -5.886276015738397760e+00 -1.635309972697981173e+00 4.432768396058778038e+00
6.578614125011552183e+00 8.601468607087600304e+00 -4.276218149429538151e+00 1.417163865221582331e-01
1.067150952793561380e+01 6.694132710742132453e+00 5.266884532982314682e-02 1.354232765845364117e+00
6.685877948415972050e+00 6.447960619390350701e+00 -2.004209571671173862e+00 9.832603898161220712e+00
-4.187281440627873552e-01 1.164284235413487467e-02 6.079501659352873233e+00 6.325726261681726470e+00
7.038039390224832381e+00 -3.194764457570045124e+00 -5.409513032417414102e+00 -4.809891886283628182e+00
6.596854472718022500e+00 -5.669190730069304074e+00 -1.049782742406111069e+01 7.761807709661508348e+00
-4.536386155382241547e+00 4.225427828482705372e+00 5.961749002013750243e+00 1.531174130303778691e+00
6.779132507732981594e+00 -2.141544933978857479e+00 -5.206437162536921903e+00 -1.872343467698814434e+00
6.376938037903337353e+00 7.921742010303690407e+00 -9.289018976998242749e+00 -5.047087705081487741e+00
9.938661099532444254e+00 5.898370384257105137e+00 1.639717487219443326e+00 -6.990890616348073294e-01
1.214060256984547159e+01 7.865902165119144307e+00 1.077658274587519838e+00 6.353419188486464364e-02
5.778934812832000389e+00 4.851734915118520064e+00 -9.923334537685877255e-01 1.040459266088496015e+01
5.959256634734292568e+00 -4.917899332023154102e+00 -1.133707069102787912e+01 8.926384342251271420e+00
6.074417795433515455e-01 1.039720322974903022e-01 7.016614680670954840e+00 9.136631819408773225e+00
5.306603276518843337e+00 -3.471779951766326366e+00 2.660611602612392712e+00 6.352438273060895924e+00
5.685768097453719250e+00 8.788597476544348197e+00 -4.187065633289685174e+00 5.238397569923725072e-02
5.725488173994887298e+00 -6.095986386040332050e+00 -8.634962520327968960e+00 7.130544534719410521e+00
-6.999549981041845115e+00 -7.234452358643041592e+00 -2.140217189372336293e+00 4.736528498645750318e+00
8.900536327770575795e+00 -5.507272571340262601e+00 -9.508958097594540249e+00 6.982945986119310611e+00
6.560592458858253373e+00 8.187094345878158208e+00 -2.828665331279665018e+00 -8.282345133429824813e-01
