6.246234977914950193e+00 -3.462933989464490825e+00 -4.171038873445258588e+00 -3.533351169147816773e+00
-5.764652535613421946e+00 -4.051833740403165685e+00 -5.238383419199344609e-02 6.000438791007589145e+00
6.976110597716027151e+00 -3.492685241746057656e+00 -8.822256380648280327e+00 -4.665663063974514024e+00
1.132802169297228723e+01 7.359788174555943030e+00 1.484861322386372917e+00 1.960486771042602383e+00
4.725535036011637935e+00 -9.894631381353324429e+00 7.958477554386650610e+00 -7.372571706646546819e-01
-3.225402916701653133e+00 2.507858406244291682e+00 7.484528577287904660e+00 7.972995656555144084e-01
-3.143640760109340793e+00 2.441190373164291216e+00 6.519065216330751866e+00 1.068075879174593013e+00
4.725535196514831782e-01 -8.257551307014717068e+00 1.168868525134663550e+01 5.688567784101825620e-01
-3.054613127889759916e+00 2.662867736417384723e+00 6.911214182412438234e+00 4.896816804878053042e-01
1.020529257035200743e+01 8.208085948303455837e+00 -9.337790197812876336e-01 2.599707179281020686e+00
-9.896965361236157221e+00 -3.362502565202803773e+00 -3.033860314626860344e+00 7.540670419337419439e+00
7.530973848320097197e+00 8.447195481529336192e+00 -2.077919810862417727e+00 -3.771259553327731551e-01
-7.629356614291420868e+00 -5.546180017056995482e+00 9.494359664830035683e+00 7.771928572278010705e+00
7.430157901779696594e+00 7.165715712719928909e+00 2.745198423776787244e+00 -3.576577638305492357e+00
-5.832704472541016649e+00 -4.808829846121786211e+00 9.767206406220710235e+00 6.743641075743806113e+00
5.382043238916169869e+00 6.558897963713540058e+00 -9.310309999537260683e-01 1.037221852727855875e+01
-9.496583597403287502e-01 -4.342722324890502250e-02 9.415521703037256884e+00 7.505532044231641997e+00
7.685478640022721741e+00 6.588370759255597342e+00 -3.281371148850626973e+00 -2.933366865093114395e+00
5.661859947624333644e-01 -3.796091605363303145e-01 8.717164401895493242e+00 8.179353493501622552e+00
9.211589017941717472e+00 9.170055969405439100e+00 -1.250249972856378911e+01 -3.651226510901600442e+00
6.952857507145486338e+00 8.735735092238110511e+00 -9.516437978800347253e+00 -3.980029238353059995e+00
6.574890173604629240e+00 -2.406465456199367914e+00 3.081716269340220582e-01 8.087706922034801238e+00
2.030172668807602498e+00 4.650887255348933991e+00 -9.778612676387087532e+00 4.444944428136130554e+00
8.132510970468715072e+00 -8.961046260706623912e+00 -8.798908642623088028e+00 7.667904207029788033e+00
7.219745337841915855e+00 6.366109459895063161e+00 -5.039936907372044139e+00 -6.281105360586003883e+00
7.943632211433528489e+00 -6.871084932814735424e+00 -9.037944752792718361e+00 7.621760170809991131e+00
-9.802048158543041012e+00 -3.557813942987460010e+00 -3.345647492874350704e+00 8.620379261426432294e+00
4.153187531653346198e+00 -1.863677158228466579e+00 8.610394410978434721e-01 7.585108527678942281e+00
8.273679906755056379e+00 7.329274011428990931e+00 -9.339112212918767142e+00 -5.211566215707204464e+00
4.157555441821347841e+00 6.606626260592828537e+00 -3.429582516179514151e+00 8.768312820440240074e+00
-5.968766907176618730e+00 -5.996301425683315145e+00 1.266130963528878661e+00 4.308502202643802015e+00
-8.713735597335158900e+00 -8.310771712827458302e+00 -3.575122053173126702e+00 1.001846880802432871e+01
9.870538064526625632e+00 7.525017641243006317e+00 -1.113108937493639594e+00 1.617186420451056872e+00
2.011831832132825681e+00 4.094709682370621273e+00 -9.008830868171093798e+00 5.963582421861308269e+00
4.543359253144098275e+00 7.176642574511488348e+00 -2.384172696570723282e+00 1.232767160593789235e+01
7.832137909078858762e+00 7.192032353290402469e+00 -7.872875310984381869e+00 -7.387619890977047632e+00
5.927876538000821149e+00 7.422520663541762431e+00 1.594696294098624456e+00 -3.811656101510226158e+00
-7.132356361041422232e+00 -4.073729124680086855e+00 -4.038459038470335827e+00 8.588812065919496419e+00
-7.514293882112355938e+00 -2.125590120977415509e+00 -2.752142478760696953e+00 1.173973456718468178e+01
1.467673090140891201e+00 6.129555213033415662e+00 -8.774357868563884111e+00 2.863988336226493736e+00
-2.017445123223809145e-01 -5.207324920541498425e-01 7.945857185501134623e+00 6.123776373583520893e+00
6.808343004883289140e+00 -1.122333358899170630e+00 1.029920382880875840e+00 8.596804296953699520e+00
-4.048901591463499372e+00 -4.413786413209153991e+00 9.017741516250218581e+00 5.791074045038853590e+00
5.781147037230673469e+00 5.515075434356651485e+00 -7.999614483762703898e+00 -5.608580758897844021e+00
5.501752666893040100e+00 7.536949203236794403e+00 -7.898092267353945317e+00 -7.060387811361984234e+00
-4.255346388251341594e+00 2.941484377924636018e+00 7.763269824854287293e+00 1.106124869924206333e+00
-4.415517360103587308e+00 1.390253064430960084e+00 6.615885526908907188e+00 -7.264403446086493688e-01
-8.040792349614925172e+00 -3.839811010588056295e+00 1.856683110995589470e+00 4.521939690285019964e+00
-6.124345463515101784e+00 -5.076048242445775571e+00 9.811907983285337309e+00 9.728379201847513258e+00
1.056267721740234933e+01 4.688009312069485901e+00 -5.365298494263843754e-01 8.228829894044290549e-01
7.722732315356182653e+00 5.757893086773863800e+00 3.796944855858132017e-01 2.891768482932606688e+00
6.909368176709749676e+00 -5.660977728046588275e+00 -9.011514598204939830e+00 6.617894147947689376e+00
5.058566880095490603e+00 -3.484627853335093839e-01 -1.345620751671310344e+00 8.050096115948495168e+00
5.450450034944109845e+00 -1.864628188351749261e+00 -2.802784509582578742e-02 6.873766140164645932e+00
-7.941785339622914108e+00 -3.837191549293885284e+00 1.084259831862964951e+01 7.352910370451656519e+00
5.536044300947096986e+00 5.407690271107040481e+00 8.201346267263999179e-01 -2.730046906013166907e+00
2.845223967540996934e+00 -1.218576061427252988e+01 1.036592863863426217e+01 3.314130665936714237e+00
-2.919350517475657547e+00 5.289903535980677418e+00 7.154571695876480675e+00 -1.144646602767335652e+00
9.230408894180568424e+00 7.579335951520306480e+00 -9.050632466692105638e+00 -5.865053314207813173e+00
1.425593801148962614e+00 4.619980839147016738e+00 -7.980486466177710625e+00 3.039717139414678471e+00
-8.505089921331375535e+00 -6.746925348400006683e+00 -3.221043797522463947e+00 1.104832436164562637e+01
-6.001551454471669711e-01 4.713402618873315797e-01 7.534246558243409275e+00 6.486416047041013044e+00
-7.970045944456425779e+00 -5.609809526783766209e+00 -3.036385552470509896e+00 8.931242749696130190e+00
6.303002708056725467e+00 9.939972750735366347e+00 -1.007555863620687298e+01 -4.503536539546018957e+00
3.229914894155033522e+00 -1.189582093964311404e+01 7.180544378770827407e+00 2.740942860919270974e+00
3.545298256842214002e+00 -1.159202684743481537e+00 -1.481712278257113935e+00 8.024529182494932300e+00
-6.663367400507792304e+00 -5.651309386907709786e+00 1.269402564090272856e+00 3.209741291454488277e+00
-4.235295103446953924e+00 3.090932284076916670e+00 6.975346839722489811e+00 9.257729951328476092e-01
-1.203016551062211503e+00 -1.387327698309182011e+00 7.373467355502313580e+00 7.180121449973514203e+00
4.431205817715857087e+00 -3.491349070770499274e+00 6.187814934642961173e-01 6.657450680539639620e+00
-7.582817795622318613e+00 -4.895314561683707488e+00 -5.019571925683104396e+00 1.057289255287200902e+01
5.599216715867008531e+00 5.849036403407826157e+00 9.885640292906133775e-01 -4.354424565583037143e+00
-9.781087107341648323e-01 1.446119555738437201e+00 6.712315093929569265e+00 6.325837133784232513e+00
9.019910679652852536e+00 -3.367392667747686197e+00 -6.705951891133890896e+00 -4.708454254079696533e+00
4.559145243712592332e+00 -9.519475466952718179e+00 8.278521629472834320e+00 6.273783408153801311e-01
8.877250577253798625e+00 -1.148482190509480638e+00 -6.230473453970515330e+00 -1.860166048520982995e+00
-6.544096184721063914e+00 -1.798553541870857142e+00 1.129057839003261066e+01 7.613154478854951890e+00
5.016137163707084845e+00 8.058088257346675221e+00 2.685836506034504634e-01 9.867948532002628781e+00
4.667161428159817937e+00 8.039016981576022403e+00 9.510193995838784886e-01 -3.722747245888642809e+00
5.785441532035319412e+00 9.661537273265187409e+00 -5.707635333121944932e+00 -1.151960798089345150e+00
8.177682582799382871e+00 -2.202604465438668946e+00 -5.776960292035312250e+00 -2.639451684377429164e+00
8.176120227507565730e+00 -3.101111957316867507e+00 -5.796305725367889572e+00 -3.890054630265029179e+00
6.557570881770878657e+00 8.383267714784002678e+00 -1.173716986691234077e+01 -4.798326796044245945e+00
6.172539274767208539e+00 6.852916024915860049e+00 -6.766639243799316361e+00 -4.713156256615077311e+00
-7.540088202237720694e+00 1.960110577979216506e+00 8.328949683792405523e+00 6.907966779263717827e-01
7.066339991052791980e+00 8.078964633810663543e+00 -5.943430009692928451e+00 -4.840659504667437218e+00
7.247630969628433562e+00 5.908219961507960249e+00 2.294218216814817524e+00 -3.694075871609047379e+00
4.959441999595187944e+00 7.143627282385354604e+00 2.200815644981906072e-01 1.139047597068437234e+01
8.273826366095377693e+00 -3.900726582609602477e+00 -6.121384005188542865e+00 -3.728093891953851546e+00
-8.961071113290859813e+00 -6.226989376344914007e+00 -3.126633819986203711e-01 4.879300615282313736e+00
-6.947911141634013354e+00 -6.038467223810835449e+00 -1.478914059835352290e+00 5.951529650456159892e+00
2.519651141630967928e+00 4.469099046977352607e+00 -1.136046246443387098e+01 5.660909697711014488e+00
-5.894033278507126106e+00 -3.960407691135439556e+00 8.609673401282238459e+00 8.555781764827177227e+00
-8.361380870906300444e+00 -5.971555208976774942e+00 1.172084899296489180e+00 3.753494824516178330e+00
-4.637388072751558177e+00 -4.024541103508229689e+00 8.409074163608282859e+00 7.754833041137012550e+00
5.141892331879229339e+00 6.795279001814018116e+00 2.515498160077860312e+00 -2.486110984666722867e+00
8.728555884596364223e+00 7.811039317031733376e+00 -9.245726481812704733e+00 -4.645564458081494763e+00
3.084300503155308348e+00 5.617795148401524941e+00 -1.043163762369433023e+01 5.169367499916194930e+00
6.973997710177481935e+00 7.711945040897328241e+00 -2.572019625154002398e+00 6.217069189006023677e-01
-7.552496540220606569e+00 -6.729176696460596574e+00 1.109974223260734361e+00 2.964294928793117734e+00
8.001663238348413643e+00 -1.204343376002105837e+00 -5.528559018455498020e+00 -3.049183823716062225e+00
-6.646601433319001551e+00 -2.706586340208066765e+00 8.932896125236293727e+00 9.260863023696444429e+00
2.146280360892784511e+00 5.207580364566212872e+00 -8.244085666142927593e+00 4.134889712723386346e+00
-6.283836563502524619e+00 2.715496611270033611e+00 5.243495100616159199e+00 1.613755290980893431e+00
4.383763424294601307e+00 -2.815782691802241278e+00 -2.255467057521443941e+00 7.260208561384876802e+00
6.735982865605305570e+00 7.906575214764060888e+00 -2.174014113339883814e+00 -3.848327191525839019e+00
6.774632292959566371e+00 -6.347025330818979683e+00 -7.564927347834244031e+00 5.443508254268436986e+00
6.278586903650991147e+00 7.825967308379178533e+00 -1.043848897596705427e+01 -6.214215879539204401e+00
-5.803437503960273247e+00 -1.766253183045377373e+00 -2.423719043785771188e+00 7.746193172170743324e+00
7.942522590038377572e+00 -2.295304602430868535e+00 1.028506679384011191e+00 8.090157883435370678e+00
1.116469540493237211e+01 7.133505542444122050e+00 -1.235583954923363148e+00 -2.065279151181653283e+00
5.330890204370429153e+00 9.434604330842141451e+00 -3.213101309226044755e+00 -1.638208672294722668e+00
-6.844835948287556704e+00 -7.988469876779282330e+00 1.244892752534277003e+00 6.260387348250235462e+00
3.895149686325619864e+00 5.946762632290319317e+00 -7.948253827498189317e+00 4.591384078947224445e+00
7.454507629144149661e+00 -7.462309715320502690e+00 -9.001075439170270087e+00 7.048925006041089070e+00
6.865235612173653301e+00 1.003927202780079497e+01 -5.513286647716054034e+00 -1.320918260794057275e+00
-9.019899298241709218e+00 -5.290861485521404894e+00 -2.590106779424622641e+00 9.794355896941809192e+00
-3.181829700050038401e+00 1.041661275826193611e+00 8.721623962270793839e+00 2.730977899794845065e+00
-5.544264894998725879e+00 -4.801733399328947272e+00 9.798288129804653579e+00 4.818448234831750554e+00
-1.038037028623293523e+01 -4.467766550948680582e+00 -2.094512935663509712e+00 8.718795732263796339e+00
1.689583234891347319e+00 3.346272847342763868e-01 7.194746841380164071e+00 6.563061812546568952e+00
2.004004872775054125e+00 -5.163941295250232599e+00 1.052508583398853759e+01 5.770904438326126540e-01
4.526782386147200299e+00 4.799864005657640043e+00 8.717111233128113090e-01 -2.612870491065207190e+00
6.818560080911066024e+00 3.623520526401359021e+00 -1.368014058338759442e+00 9.156549218260652268e+00
-6.091144573199794188e+00 -5.606015018933406147e+00 1.129950942171779715e+01 5.879585113824030707e+00
8.289720210310536075e+00 -6.763837335647020943e+00 -1.068205283934032934e+01 6.186144696129614040e+00
3.736140608440806865e+00 -6.398592648508254044e+00 8.136300884606127326e+00 5.424163514249882856e-02
4.950935055444714905e+00 -6.443633699934256498e+00 -8.448297752276376471e+00 4.158865769152755298e+00
-1.577955000450361744e+00 -6.555479953774181467e-01 7.390425055177033187e+00 6.995191983575423933e+00
3.093888253032567981e+00 -1.172600606593024430e+01 8.495993018747416414e+00 5.745652471809631345e-02
7.503093454167085063e+00 -6.058292215965656702e+00 -1.118769669168072411e+01 6.624365955484169177e+00
-1.368623193260890547e+00 -2.592918867823536644e+00 6.732656271323720354e+00 6.907686890239943089e+00
6.431590853833995425e+00 -9.865865189178588679e+00 7.706503778824834505e+00 1.076933843637033261e+00
-1.566381406590978020e+00 6.240056457021307956e-01 7.275001283013369680e+00 6.872707035735643011e+00
-6.576592580142961886e+00 3.681297671348167100e+00 5.294349071279711438e+00 -1.404894524866256988e-01
7.141958777108465384e+00 -4.336818918536705425e+00 5.493453670862413762e-01 7.670123612024270621e+00
2.436376927433929307e+00 5.325142323003058564e+00 1.080135643104664700e+00 9.134072390439870404e+00
1.913016364443056005e+00 6.316144139038667227e+00 -1.024607651553323961e+01 4.834892132282569754e+00
6.234140455869006558e+00 5.885012223981924251e+00 -2.291925350817436424e+00 1.063420491922150113e+01
7.578525255871296551e+00 6.477473882877170297e+00 -1.679667087475047227e+00 1.034488556605478138e+01
-5.815808385211094667e+00 -3.845996299444510047e+00 1.133980493319400829e+01 5.333521663685230507e+00
4.594818063460889945e+00 -9.748634619853604022e+00 1.089730271051476684e+01 9.206462535460233632e-01
7.940900252896451406e+00 5.493384806643192952e+00 1.521592401078142309e+00 -4.656546693570597029e+00
-9.462845526214104908e+00 -5.975585355810734356e+00 -2.890651750467179149e+00 1.011339810790807903e+01
3.111797748918183615e+00 -7.856901843989285261e+00 1.065648572248529291e+01 2.412179021956009917e-01
8.625492533000164386e+00 -4.609873111263855350e+00 -6.644118315167170330e+00 -5.733769363718616674e+00
7.573987767314742214e+00 -4.920550842327713781e+00 -8.398574476889121954e+00 6.518025053527936485e+00
7.035395469926460699e+00 8.704598644559190745e+00 -1.440433524760517781e+00 -1.483975554164119748e+00
-6.451026630029381259e+00 -2.695028374121632098e+00 6.228083663859410812e+00 6.711637250445912528e+00
-7.204382076224207232e+00 -5.008101271921407083e+00 2.981939680784864155e-01 4.602173526728711828e+00
-7.143829656912917159e+00 -5.146143479875044058e+00 -3.277687306376503074e+00 9.608655509050130661e+00
-3.620499342176937141e-01 4.966787952973131581e+00 -9.662022576771130744e+00 2.755925278154739644e+00
-7.449378900180419372e+00 -3.747293107144873403e+00 9.973924470751812876e+00 8.459811569824815081e+00
4.032226003458025509e+00 4.371065744695488142e+00 1.658312204856094985e-01 -3.701192294069956201e+00
-6.781684551233746472e-01 -1.250925211872551124e+00 7.346792911064148335e+00 7.794169908076496789e+00
1.133108547154145285e+01 4.847642427606093207e+00 -1.072784716524933790e+00 2.336301226110660156e+00
-4.821700594285539765e+00 4.254349998807385624e+00 7.939125835605836734e+00 -5.010477961656553125e-01
-8.079301176523598471e+00 -5.695679509533743357e+00 -1.971503647081995769e+00 3.704746878863602433e+00
4.161811360142333882e+00 5.007140251658689145e+00 -1.015902046080740462e+01 4.231608235929968487e+00
-3.191525008777187922e-01 -1.649674578257545488e+00 7.874209041372064455e+00 8.352133325539519149e+00
-6.777274863587672726e+00 -4.670807648356222863e+00 8.505034066272337157e+00 7.239675006071269792e+00
2.821817552797983186e+00 -7.119123357145150877e+00 7.130399073573926216e+00 -2.821229051144702460e+00
8.068493302933987366e+00 8.499529142382010960e+00 -9.413587491185142042e+00 -5.711427145870521471e+00
1.729037454795525397e+00 -1.171905009633938288e+00 5.878608457344353333e+00 7.570203972378662272e+00
7.122800665863112890e+00 8.077741063520761600e+00 -9.376877752269969335e+00 -7.741130174332985447e+00
-8.219143341783460954e+00 -4.699127734615816898e+00 -2.390793003765616653e+00 9.129202243696605379e+00
-2.550586235963501203e+00 1.531204490910213378e+00 7.522499280178962522e+00 6.677243962956490586e-01
-6.301992177461343658e+00 3.105261045315824919e+00 4.990314030484286789e+00 3.235512526791012533e+00
-8.317686210359777732e+00 -2.474832623547505328e+00 7.899169930303030718e+00 6.744081933673935048e+00
-4.458775240093499903e+00 -7.759828897557913940e+00 -3.931748361324087504e-02 7.138205305283209512e+00
-5.700098917092877748e+00 -4.013394833223240532e+00 8.823908860044417324e+00 5.909097429831474457e+00
6.393233164061727258e+00 -8.058743715866803825e+00 -8.015769309774485762e+00 6.974135264283572333e+00
-7.888269745413489353e+00 -5.659635564032414301e+00 -3.303249958117355334e+00 1.290244616665516020e+01
-7.317514064661262196e+00 -4.867332868546199620e+00 -3.767491521996786830e+00 1.162432868036438016e+01
-6.066355276534874719e+00 -6.152051042590857222e+00 4.527916052849620399e-01 2.621279565979097281e+00
6.738096416270885847e+00 -5.431855170425802903e+00 -9.812685514743314741e+00 4.679579664010171669e+00
7.236176021446139472e+00 9.983067228975539109e+00 -9.202230899217569871e+00 -4.939650771129907803e+00
-3.959287840358362676e+00 -6.714591541079540704e+00 4.533247837470424924e-01 4.521596397475200035e+00
6.319046102849415369e+00 -1.615387049288705468e+00 1.406072360580302716e-01 8.219644464085334334e+00
6.612007622868365075e+00 7.354366336785854941e+00 -8.816228051621447293e+00 -5.246373058905983378e+00
2.507273621166012489e+00 4.544721536576168397e+00 -1.432906396867145560e+01 3.677654073255701483e+00
7.421930929125548637e+00 1.149937509347719811e+01 -2.892824703419444976e+00 -1.321121322966922973e+00
4.547972236633981424e+00 4.407466486222223701e+00 -1.027678661594069709e+01 4.451498759067852973e+00
-5.668836618613790623e-01 5.548474788105219879e-01 8.032426667375963447e+00 7.556486518994738333e+00
7.646800625569892595e+00 7.090847297567195895e+00 -3.107210209947425028e+00 -3.352780014809487064e+00
6.156516062263963640e+00 -9.656118419930749042e+00 8.828518879790246743e+00 -3.229660485059948072e-01
-5.207125842167275032e+00 4.939132627568834089e+00 4.576036554272484125e+00 3.097831860639085111e+00
8.881833286167520214e+00 7.105714482579214675e+00 -2.574605425950020621e+00 -1.731391767590263697e+00
-5.937107995108664937e+00 -4.350746253302689937e+00 -1.714222021534374640e+00 5.581403495647872859e+00
4.606060549351729705e+00 -9.347032065338250817e+00 1.290275677778039309e+01 -1.088820913683701042e+00
8.024083849061035778e+00 -1.310486527282147096e+00 -6.519716651473804525e+00 -6.034919031811544876e+00
-6.667835782630594288e+00 -3.721772834549735620e+00 9.445704923597473268e+00 8.228393608959954975e+00
4.656818687498834208e+00 -1.088705976943554710e+01 1.013532469185189022e+01 8.774053105329192581e-01
-2.150322014077203470e+00 3.680819743896909024e+00 7.715755368820533810e+00 -1.608163568847716718e+00
8.275159485534928194e+00 8.816257698127975218e+00 -8.298192891271698457e+00 -6.828401411299821255e+00
-1.325446867457074296e+00 -1.261867787457179535e+00 8.016483953945259699e+00 7.639005297635905301e+00
8.692915871540185080e+00 6.584117776427651947e+00 2.380708226421385909e+00 2.118325015013421186e+00
2.905759376978233055e-01 4.134650986128827199e-01 8.242044256344636111e+00 6.417678571632476903e+00
-3.684095748172572460e+00 3.530782955605411999e+00 7.683853135345063201e+00 -2.308762650287699003e-01
3.157815529508372965e+00 -8.190714962472185334e+00 1.102500727947669468e+01 1.896683705199100789e+00
3.854596970902810504e+00 4.982881459781374645e+00 -6.635541045591513143e-01 1.039961597688835049e+01
-1.014217107315301458e+00 4.357413187876240102e+00 -1.105344062089422508e+01 2.913670565942377166e+00
6.548616250488213275e+00 -2.637901651599697583e+00 -4.205877498671050096e-01 7.089048979854242205e+00
-8.460575190050898087e+00 -6.647753603256068899e+00 8.258411206262160631e-01 2.319676057761613563e+00
6.928608066439856827e+00 8.589652096250468105e+00 -3.784795621866923643e+00 -2.049971985740174585e+00
7.704542646959118279e+00 -5.009837186174181944e+00 -5.942138781812729142e+00 -3.656562699116296944e+00
5.128967811803970989e+00 -8.173179994274859084e+00 1.088997338732874454e+01 1.422033935279432892e+00
6.484022478350780716e+00 8.514721603101875758e+00 1.401563162395996320e+00 -1.246698196541633719e+00
-5.426738500069978599e+00 -5.809757829569155874e+00 8.613239117109868559e+00 7.754684639603913077e+00
4.840914588713868483e+00 4.197223733921367383e+00 7.315063823806622345e-02 1.247812974255634444e+01
7.088338789828176445e+00 -6.398619852869630087e+00 -9.169494257284965144e+00 6.912638611726737992e+00
3.032801759754025106e+00 5.210084183487953879e+00 -1.074446942578636666e+01 3.074282402778307777e+00
7.876225967059176547e+00 -2.071956994053306467e+00 -9.173562334374826932e+00 -3.079859190347779663e+00
3.106759950299188056e+00 -1.026554443804099037e+01 1.018376296416772142e+01 -1.071898977633231498e+00
4.700614765848333931e+00 1.142852176360242744e+01 -9.524702014654240045e+00 -7.135200902132655898e+00
-6.828955731905224980e+00 -4.758482415034925417e+00 1.150075407938889294e+00 4.883058375064313061e+00
5.633170025142904436e+00 5.260332264105894495e+00 -2.931437040377346648e+00 9.663423293492275690e+00
7.874580180980126798e+00 9.826437951716378905e+00 -8.582993281901917015e+00 -5.256685936950218796e+00
2.521626219215153952e+00 -9.151663927448444369e+00 8.018397152504828540e+00 9.123221988998237997e-01
-9.214332976884977100e+00 -5.730246665294220776e+00 -1.418892840100987485e+00 4.451057076084091513e+00
7.332732054313455095e+00 -6.857930519103861755e+00 -1.131943873812627999e+01 8.522164001504140884e+00
3.127593196282735466e+00 8.213851374380618964e+00 -1.211336584270972905e+00 9.535111739244973350e+00
3.076698694595709771e+00 -6.909238247303807867e+00 9.765043085639698361e+00 -2.115926528909918947e+00
-9.279141698896234303e+00 -5.060895170539605914e+00 -6.250791901607219536e+00 1.017325163154270129e+01
1.008810309105779623e+01 6.967702699099189267e+00 3.226227898625990687e-01 -6.493447175716458020e-01
2.748502421970019371e-01 -2.602658863308833226e+00 5.691017787752230994e+00 6.758438403894124313e+00
7.508750403721703215e+00 8.472267759377674068e+00 -8.796072740009156732e+00 -4.849393541513784101e+00
7.643120299151769714e+00 8.345549018568851452e+00 -1.011487173285071250e+01 -6.354511868465020363e+00
7.251204650909504501e+00 9.289077943725676079e+00 -8.455231170052950773e+00 -5.655644818413334107e+00
-7.370477064488851759e+00 -6.744574688952727826e+00 -2.312333222876559624e+00 9.451468728544076825e+00
8.795220728156307288e+00 -4.934996813477801503e+00 -6.538296719688526437e+00 -3.508405559039967425e+00
-2.961723837580045426e+00 1.845830063423244072e+00 8.454740620501530302e+00 1.159367382645602129e+00
3.892265130307744680e+00 9.397016734278459182e+00 -1.935497697201241207e+00 -4.371579497028036387e-01
9.126555046831771989e+00 7.122412261958703361e+00 -8.200825350069601560e-02 1.355369542296482432e+00
-7.614515195603003050e+00 -8.463856592794662959e+00 1.574939635142801053e-01 6.216615945304178936e+00
-5.510360425308199694e+00 -4.275870278179092487e+00 8.307208950567364525e+00 5.255614759563949079e+00
6.641479078503987665e+00 -3.613178230942095670e+00 -5.715983767004855665e+00 -4.630683090014156456e+00
-5.849446875279889824e+00 3.960880676330996941e+00 7.716111067835402793e+00 -1.095105127926273347e+00
7.494609021033927121e+00 -5.978365113371868489e+00 -8.838975450598956840e+00 6.117787486345681813e+00
6.806057461453989710e+00 -5.558318542366849968e+00 -9.691654234048018068e+00 7.017756517810319394e+00
6.964507932994226991e+00 7.739693184227347977e+00 -8.825248743371986393e+00 -5.120470945337629587e+00
6.931225499796708434e+00 -5.205885892252332781e+00 -1.024646758609531361e+00 6.199796584970521884e+00
9.187201982647948739e+00 7.556673082902930716e+00 9.116251977437597187e-01 6.902381874406298135e-01
-4.924208105588902207e+00 3.571142937082536939e+00 6.463563143790062249e+00 3.728505333005798228e+00
7.576224070710274816e+00 8.407684611247002948e+00 -9.829045706753372968e+00 -6.328613705220314856e+00
5.649670138211856596e+00 5.906519393121786976e+00 3.146793818310033686e+00 -2.353709061100149658e+00
5.945197368554548056e+00 6.353699851549224675e+00 -8.754490678771773560e+00 -6.582006721397341664e+00
6.808851357705391294e+00 -3.875190317201911760e+00 2.813138351593704289e+00 8.009611802100339517e+00
7.364098102982716831e+00 -7.376107736875314735e+00 -1.062877560173771663e+01 8.125126481420466007e+00
-7.463130135731427472e+00 -4.775216366315088834e+00 -3.663478257150490691e+00 1.120755575316815467e+01
8.271197687956103550e+00 -7.432060324359509806e+00 -9.212069436754141805e+00 8.194569624471109037e+00
-8.338556322774246521e-01 -9.301137506780241537e-01 7.537946517432096094e+00 7.943561216092389188e+00
4.703689392581585693e+00 9.641950831159807223e+00 -3.948388405049052086e+00 -3.132757848388374899e+00
7.532079501790917675e+00 7.077725398068681173e+00 -9.185864322238861845e+00 -4.282927521830237616e+00
-6.798824205394327969e+00 -7.040180179345511213e+00 -4.074709519946909886e+00 1.041604050768476775e+01
6.057743470146072617e+00 8.188151469164298035e+00 -6.881739358386470329e+00 -7.199401423878603268e+00
6.876018888938336460e+00 6.770364258839567384e+00 -2.216396771232279406e+00 -6.408389571183894518e-01
3.326581921612314030e+00 -3.828150555130152011e+00 1.066328565891156099e+00 9.116864106687753377e+00
-8.325877759159908464e+00 -7.783450550122818612e+00 -1.816267544618342500e+00 5.097190921772217997e+00
4.612086514641558388e+00 -3.385165845667543749e-01 -3.429360874200204634e-01 7.159817382896024540e+00
1.461563774129797766e+00 6.582671999809586616e+00 -9.102613643161975077e+00 2.690647230459643602e+00
5.185782641409470095e+00 6.245367652435754202e+00 -2.753914748217028308e+00 -2.279758836777777464e+00
-6.297536942277199401e+00 -4.666787492294682593e+00 8.944126643335252425e+00 7.382248132961491294e+00
2.061997697289087661e+00 -8.182426218467032442e+00 9.136331209569505063e+00 3.821747084848609033e-01
6.315647152016708787e+00 5.223892791656390422e+00 1.002658445117898145e+00 -2.317903797164487134e+00
1.064512715236270957e+01 6.005643429601859040e+00 -1.269182155887585983e+00 1.622302463553502161e-01
-5.934787140910667169e+00 -3.820026863622569824e+00 9.639249194082006866e+00 7.683768573057364826e+00
-7.384134331731331713e+00 4.516933354181322358e+00 9.304640602225052959e+00 2.087833260961888371e+00
-5.432192383815040770e+00 -5.521679765840438847e+00 -4.276521248896932192e+00 9.513929550573747562e+00
2.890138284580173078e+00 2.683012920734617168e+00 -1.082065962868626130e+01 6.074794883195437478e+00
6.926001642679358916e+00 -3.552362452658583969e+00 1.546554289712554375e+00 5.827876039739828151e+00
6.757349678483559607e+00 8.103873183887410292e+00 -9.328835872518848049e+00 -7.457573319360440323e+00
-8.197407278310526735e+00 -7.063455889738374793e+00 -5.747172094732677650e-01 1.169798875700642249e+01
2.416431977781165141e+00 -5.802532561154727375e+00 1.031703301286357188e+01 5.722391488311255880e-01
-5.766448445041279847e+00 -4.830408293247818285e+00 1.167608414171859010e+01 6.806229775631850387e+00
6.324809792085983595e+00 7.196330553313820211e+00 -4.187842538231317135e+00 2.856473268790713504e-01
-3.960180901347719828e+00 5.332394497427587865e+00 7.593564799947324140e+00 3.091044831904872225e+00
-6.483219947644061953e+00 -4.080726824596432323e+00 -1.462452567591668418e+00 4.269088272993281308e+00
4.470434232508229577e+00 6.844021166390653832e+00 4.923199677706371347e-01 1.097956471605934325e+01
-5.689860079812607552e-01 3.637180444880295571e+00 8.635884495977675712e+00 1.077992008731115114e-01
-4.619135070921492670e+00 4.024745120682240440e+00 7.221716862088554123e+00 -5.906042529381572148e-01
6.408034944950326661e+00 -1.487003871925675513e+00 -1.020570617666508140e+00 6.438861855128465095e+00
-5.140460580148252134e+00 1.994099240589317645e-01 5.557825859234019283e+00 8.800448794754875959e-01
1.673711518588661962e+00 6.368872616166707523e+00 -1.058497265216415428e+01 4.929553616325368814e+00
7.426110803981794461e+00 8.327283875515664846e+00 4.380176273987914648e-01 1.677855068611681766e+00
7.142911757700643349e+00 -5.936636895579979090e+00 -9.433246710407509283e+00 7.067221663809755583e+00
-6.269277934092563953e+00 -5.748576526000359621e+00 -2.415711922829289815e+00 5.160031019968922550e+00
6.650587735047855276e+00 9.504878293658245880e+00 -3.356152349886261543e+00 -9.634718070551309133e-01
-4.644723736324027463e+00 4.346362742461787221e+00 8.093823509788443005e+00 -1.132682038228026711e-01
4.025264432426805428e+00 6.839031421503241504e+00 8.458318348868077985e-01 -3.160426973619232083e+00
-6.572490956384430483e+00 -4.527711445278397306e+00 9.411544865819580608e+00 6.269174183682998169e+00
7.859133861022804979e+00 -4.967435010510898863e+00 -9.863818714166550095e+00 4.410176219514411855e+00
-1.052688570400583146e+01 -3.720881557123631111e+00 -2.821498656590328835e+00 9.027135551422063031e+00
-6.078023995532714885e+00 -7.228646197619509550e+00 -1.084075880350615417e+00 3.865325974777959583e+00
4.640453611988601068e+00 7.964870171615308081e+00 -6.728012544538858108e+00 -7.158918628426235387e+00
-7.364144270258220715e+00 -3.829842141989102444e+00 1.133833803528519724e+01 7.821971635574046289e+00
9.379064551858991905e+00 4.496104042182576421e+00 -8.599436238789542886e-02 1.042423861034495580e+00
1.810297054128426897e+00 -8.922131589721763234e+00 1.057016831499593934e+01 -8.181705484958281538e-01
7.570167935047638075e+00 9.592577590441893065e+00 -1.003394068800479033e+01 -5.593477291090950487e+00
5.994718447254537175e+00 8.180693042017621153e+00 -1.000534557933741731e+01 -6.197015926771273442e+00
6.841677409331764714e+00 -3.998944099674472952e-01 -7.902121470424823269e-01 1.038342404291264032e+01
3.094287691166413001e+00 9.125327461307085386e+00 8.774948895119529801e-01 9.968518164116140667e+00
-9.646708237423892385e+00 -4.773737417677382133e+00 -4.452603986799194224e+00 9.672352210027066022e+00
6.935858779276372843e+00 7.489753562945026033e+00 -7.894010310001306152e+00 -3.777470733998555374e+00
-4.684099440818457971e+00 -3.247816255367324434e+00 8.456817767809777564e+00 6.340387507977545134e+00
2.948585622349617186e+00 -1.014240824614035574e+01 8.557029540946537338e+00 -8.823228877088975519e-01
2.558459158661447130e+00 -1.405638297056692387e+01 9.480442148832096905e+00 -5.907188634806672667e-01
8.698499769493249545e+00 6.908601687197569063e+00 -2.743070426927105565e-01 -2.303350708926013901e+00
9.058533397991736180e+00 6.531694728012083395e+00 2.064531176718429784e+00 1.738050850528086277e+00
7.753379246029616034e+00 8.291986187038611789e+00 -3.377612585051334104e+00 -1.524619222798478280e+00
3.189288829359018695e+00 6.688262732260307430e+00 -7.861229302880280656e+00 7.654008178968405574e+00
4.636524564474370003e+00 5.577462336565250922e+00 2.908905900756984853e+00 -2.541059323571348560e+00
-7.100421601571206054e+00 -6.376205968015212555e+00 -2.810458383785059855e+00 9.874443608043497633e+00
8.534799859441015712e+00 -4.259792091090038646e+00 -6.428325953142085325e+00 -3.700773831103698175e+00
-6.841713880552218185e+00 -4.992196028116766549e+00 1.062827223312083902e+00 3.882763559624488270e+00
1.030917263469439327e+01 5.982115094509024900e+00 1.301185591381015527e+00 8.424999687675982507e-01
-9.079849849305111631e-01 -4.003605308019793085e-01 7.256130512099910668e+00 5.999210043541042481e+00
-7.282294041100215054e+00 -5.545065215271932857e+00 8.655621536200978738e+00 6.843526154497001635e+00
6.205315015856331939e+00 8.380527212942242343e+00 -8.221121435358826446e+00 -6.777906663934987641e+00
-3.630700107943307664e-03 6.590926151314757675e-01 7.360101391774461099e+00 9.856037331904722976e+00
-7.390491090261181562e+00 -5.911061198440757281e+00 1.040956033553202653e+00 4.077072655620533226e+00
1.446809445794233318e+00 5.778531018839410116e+00 -7.956716569133258865e+00 5.360718288294884282e+00
-6.806986980170256274e+00 3.898969836871097883e+00 5.956053736446954794e+00 1.449047318278543939e+00
7.003188744215011141e+00 -4.335574151745665183e+00 -5.764204513994461543e+00 -3.894369716302596540e+00
5.446607564626938291e+00 9.461809153621235424e+00 -1.117365957828882905e+01 -5.322981594568233277e+00
-4.064493591532063910e+00 4.943661793498221435e+00 6.761044381093770816e+00 7.289360465886758345e-01
5.843849912165302030e+00 1.076858258315067829e+01 -4.473027333877651834e+00 -1.709597114660180939e+00
4.226386210446314351e+00 -1.099501956949394277e+01 1.003778597281201712e+01 -4.701527751193842475e-01
9.462927184366108690e+00 7.442301093376181065e+00 4.268200347834638086e-01 6.306614314228233820e-01
-6.464384686933458468e+00 -4.281380312074994698e+00 8.191962904830674574e+00 8.646492770716692533e+00
7.119543940553960226e+00 -4.247390500255003865e+00 4.351497983026252570e+00 7.593597300127150618e+00
5.763914645073514365e+00 5.367558584270765820e+00 -9.537613988649640717e+00 -7.748897695304980182e+00
-5.683026013341257787e+00 -5.654750424882386106e+00 5.350742405493495724e-02 2.648041286679504225e+00
7.535523419245307331e+00 7.015239211688454546e+00 -2.916818706288072605e+00 -2.800809151080276393e+00
9.086752522233288332e+00 8.213501841648975343e+00 -8.033266996791656567e+00 -5.812430622623092624e+00
6.034705842723071534e-01 5.868743435609974135e+00 -9.241139695609183136e+00 3.765384417813765872e+00
5.344401231233616656e+00 7.441443220781540191e+00 -6.971157724919121446e-01 -3.169781802336163690e+00
2.930938283325750238e+00 -8.919968883002372451e+00 8.704584312287090953e+00 1.405929376482248028e+00
4.563096259584780157e+00 7.882180455146754028e+00 -9.944202171283881952e+00 -6.160238168945735282e+00
5.995228059144444011e+00 6.749152571020051283e+00 -5.179580862684012299e-01 -3.405754753377920885e+00
4.633104791916649035e+00 -3.860659625968469122e+00 1.422008544272903574e+00 6.403138836321318195e+00
6.840721658059894850e+00 -3.079332606035571462e+00 -6.905010760529074254e+00 -2.849845668358094830e+00
7.784590150680065435e+00 6.329513040717456462e+00 -3.703178564420923191e+00 -1.237285685887293152e+00
1.104354269801504351e+01 6.385542074874170027e+00 -2.904665339845886596e+00 2.837751377223444393e+00
-5.508851391323180025e+00 -5.018565954915402472e+00 4.837484449746984327e-01 6.038970532411324754e+00
-3.214249844808183099e+00 5.051252158450996177e+00 6.275093736093327657e+00 2.068259231323401170e+00
6.212679304661877566e+00 7.291247673596888745e+00 -1.037020889965701720e+01 -5.863217302576105183e+00
-7.871089663637751421e-01 6.299606638746954701e+00 -9.898090488379100549e+00 4.264374698366363958e+00
-9.255184898821632311e-01 -7.804527917978799634e-01 8.326661378643159139e+00 7.051436210911318447e+00
7.520373258198737254e+00 9.288489172183398423e+00 -2.983170277753649735e+00 9.051901970611235804e-01
9.521484368126353459e+00 6.439118770953836446e+00 -3.374352466910357506e+00 -2.169568740220535474e+00
-5.636772711990990281e+00 -3.575066413977820989e+00 1.058746796057412531e+01 8.698177519593199847e+00
2.272419788338722046e+00 4.169089966635723954e+00 -7.673022648032205240e+00 3.899728527707028825e+00
4.980000885601556071e+00 -2.435791653732013451e+00 -2.291315964035978148e-03 4.234822693836663987e+00
7.970870502918559808e+00 -7.580706279350224008e+00 -8.466717521246707179e+00 7.705596353916661201e+00
2.070893359548493073e+00 3.363365541075113541e+00 -1.100760042154428042e+01 4.129297409133730667e+00
8.940007575777032756e+00 -1.767104948236717821e+00 -4.377060454710949955e+00 -4.556107904936063768e+00
1.273647044201604350e+00 -1.620197319228009691e+00 8.348888665669827347e+00 7.383888158500645282e+00
7.237484560075901463e+00 6.948161525667952532e+00 -3.935745622609871930e-01 -1.579824356549558662e+00
-2.777175783742821924e+00 2.202210994748233563e+00 5.242168729711629283e+00 1.315758147413859547e+00
-5.423033249205343687e+00 -2.726380571065544878e+00 1.083495300300178066e+01 8.061727647130330965e+00
3.231037970529638814e-01 -1.127550021124084090e-01 9.164107462046789720e+00 7.239990273981401714e+00
7.319375231263966164e+00 -6.538618422273944297e+00 -1.072202079290657117e+01 8.681178542925785280e+00
6.484807690884093923e+00 6.301937105845018650e+00 -4.493249227912537336e+00 -8.860966898858128049e-01
1.983047926573101805e+00 7.547681646900709751e+00 -5.410638281030024643e-01 1.298315583057588540e+01
3.817453912120628789e+00 5.620572769432132354e+00 2.532809181480457639e-01 1.048535429174640754e+01
-5.732493773146102534e+00 -2.403914232063937284e+00 1.144931434082747934e+01 8.263371519022674860e+00
7.714096181079974635e+00 9.717390246953156563e+00 -3.777133656595145439e+00 9.050306466923045967e-01
5.435618183306163864e+00 -2.060305372269433555e+00 -8.633291465208645654e-01 8.272663638033982636e+00
7.008906147382050200e+00 9.027699581770537662e+00 -3.745576802031240771e+00 -2.635677048245478327e-01
-8.302503403022200246e+00 -2.725478495172509952e+00 1.099185193048862530e+01 5.840786199141778212e+00
-5.337699128627697576e+00 2.806035109869987831e+00 6.576187831808401718e+00 -1.454540697163706264e+00
-5.778754657931673977e-01 5.845823468439206305e-01 7.510136407830040106e+00 7.790519305884736845e+00
-6.740800023264108098e+00 -4.741948432884212750e+00 8.493163723224185446e+00 6.903906429711806680e+00
-8.943299598857883836e+00 -4.581733885126195283e+00 1.081946357762968525e+01 9.952289225376514281e+00
4.232149932869341269e-01 5.345263668524907752e-01 7.791617737224569851e+00 7.816679731221072736e+00
7.173836102849653784e+00 6.636141172964128643e+00 -1.425226412287794453e-01 -2.352235130722444723e+00
4.814461939710021454e+00 -5.743596057305749625e+00 6.362298857507855399e-01 9.194323136664714013e+00
7.213520313166604581e+00 8.363714902376376159e+00 -2.643995339139243672e+00 -1.091822087052797485e+00
6.469316948340873452e+00 7.725425449206923645e+00 -3.776063774871484480e+00 -1.447107147080339606e+00
8.464575888684574778e+00 -2.367948967050236497e+00 -6.081286472449732194e+00 -4.216003948359110964e+00
1.748521517262977110e+00 -7.508432053185818411e+00 9.999683670407151226e+00 -1.925567576884047227e+00
1.541852536509141114e+00 6.188962745035006208e+00 -9.510307077556914734e+00 6.474133540387088104e+00
7.431004900682401271e+00 -3.130732180046626123e+00 -1.698269778047472034e-01 5.888128613619497465e+00
-3.034007996220627223e+00 3.649396082141449060e+00 8.029087321713005210e+00 6.992524699337105965e-01
2.252092467077696281e+00 4.041500404242690969e+00 -8.164468081939112665e+00 3.625725291326242772e+00
5.213271222889949819e+00 6.009691214558863237e+00 -9.387360551593332048e+00 -7.094873512478764965e+00
6.621113752646015094e+00 -4.969538636593815006e+00 -7.460548112676020693e+00 -4.259396596464756435e+00
-7.455294084531510101e+00 -5.516776115688075244e+00 -5.383220949519952336e-01 3.838503805165406568e+00
7.503873809827910080e-01 4.465250618888272349e+00 -1.173736809899801692e+01 3.619492872405503103e+00
-5.567251874019333080e+00 -4.150168014431743657e+00 9.735399663035801510e+00 5.720563562024897131e+00
3.726068334347019562e+00 5.475650244061842642e+00 -2.406870506986646063e+00 1.148064110899151835e+01
4.261335630559809573e+00 -7.198486422297161624e+00 1.129271908547920233e+01 -7.381757750501324877e-02
9.315559190352832530e+00 6.793403326695750977e+00 -7.319329108933124717e-01 2.312895012271129591e+00
8.259419477784815555e+00 4.287436483857801406e+00 2.484483237434730540e+00 -4.484996449275266528e+00
4.972378110150606823e+00 2.656380721474441486e+00 -2.028455538260955926e-01 1.131905840999118418e+01
8.822032785349026796e+00 6.862101479575768437e+00 -4.112072208436404530e+00 -1.904043495491792193e+00
7.196647890317272811e+00 -3.692342506263737612e+00 -6.109397442851049576e+00 -3.593813798305880436e+00
7.094912678035369957e+00 -2.567104607327134858e+00 -6.563845958876061815e+00 -3.899349469767604326e+00
7.879172528817596444e+00 -4.020653981346264949e+00 -5.966156044301072825e+00 -3.442067748860778931e+00
1.188580278041471705e-01 -2.893980569117978741e-01 7.292593531729274048e+00 5.884216039501136031e+00
5.749667371097590518e+00 6.119097009598422510e+00 -3.350509416818690522e-01 8.145579994567905047e+00
7.776854126731063133e+00 1.680956979557245212e+00 1.880233914441209020e+00 6.924343894256187681e+00
5.618175964813378442e+00 9.401507309232142617e+00 -9.773491501918458724e+00 -6.416441447818787225e+00
5.173455572172061423e+00 -2.422898905100499434e+00 1.279803034951300322e+00 9.293565331525293516e+00
5.971180500875128416e+00 4.923396230683857233e+00 1.925253708615800585e+00 -5.188480793773681654e+00
-7.536189543933366153e+00 -3.268650855743039152e+00 8.387897588080448941e+00 6.943225917977478900e+00
8.242251558436096914e+00 7.824745866985771237e+00 5.364829819951579815e-01 1.144406846700617564e+01
-6.931730084457322860e+00 -6.682226759722436071e+00 -3.416742209402587882e+00 9.766167628696845071e+00
5.002799895505235739e+00 2.841249978782345309e-02 1.031452279212978773e+00 7.052554184017067129e+00
-4.249064417510625802e+00 -2.764194181740242673e+00 1.071534643485849081e+01 6.413330415780890803e+00
5.307172639892157484e+00 -2.900689522261007181e+00 -1.593248856855912887e+00 9.602053069648118111e+00
-5.349615742986975064e+00 -5.431114705693322442e+00 6.527129263971426232e-02 3.440492414787001074e+00
-5.897648071747130238e-01 -1.785157727972508157e+00 7.792264248672271520e+00 7.721269339161025869e+00
6.279875827973578239e+00 5.387067711858490426e+00 -4.105182766433346231e-03 -3.150381207395905214e+00
7.889236274177709340e+00 -3.110703909338749185e+00 -1.386880725727947850e+00 5.033263989604357391e+00
6.937051521489216555e+00 9.892456124798213679e+00 -1.692160446418976338e+00 -3.365414766892693255e+00
-4.880983963453012997e+00 5.109186328669638399e+00 4.342192831734901226e+00 -1.150619896192299985e+00
-2.225827972205964400e+00 -6.333154675669007139e-01 7.239764089997942520e+00 7.609402594820226184e+00
-7.188699601644868764e+00 -4.584090770056696407e+00 1.216741868277623162e+01 6.934924871661236168e+00
7.581483938235976439e+00 -6.612725525154850459e+00 -1.025907077220904640e+01 6.928482871707305257e+00
3.009119686867396393e-01 5.405016440718357629e+00 -8.291364388311558642e+00 3.667118537321162108e+00
-5.626358192108615874e-01 -6.672055992092555954e-01 7.857605605006910743e+00 7.486723346988522820e+00
7.695190027188074211e+00 -6.358021556351209469e+00 -8.996455756956548200e+00 7.869316099403398823e+00
8.937548995126544327e+00 -1.496995719195864494e+00 -6.921245940269892927e+00 -4.104983701214405478e+00
7.455761054711010694e+00 7.316222868600291918e+00 -3.915475210902217729e+00 -2.331156271369349220e+00
-8.661918566903830552e+00 -6.362049549343008259e+00 -3.468239946505144999e-01 5.427419989008960499e+00
1.087938600587053273e+01 5.252460919630133063e+00 -3.165016584422951640e-01 -2.468899437103062589e-01
6.825288836926643121e+00 -3.343682136099852986e+00 -2.013379757898232203e+00 8.564926772135001087e+00
-1.077527431792796264e+01 -5.474328210330060784e+00 -3.764922021517989048e+00 8.972566805126678702e+00
-9.916997921950915895e+00 -5.686873674836434134e+00 -1.938324591829353460e+00 7.818437832685610545e+00
5.323376309281019125e+00 6.297858288079228650e+00 -1.229731011770442972e+00 -1.180704829224006103e+00
7.935118390428295143e+00 -5.900889926860307000e+00 -1.074518286203355721e+01 6.036499508304639328e+00
6.843237640764526120e+00 -4.426052261171625091e+00 -5.524762193165429380e+00 -3.599953706131544084e+00
5.036255423296933209e+00 5.869000792289601698e+00 1.000053634125088742e+00 -4.143710609578851845e+00
-4.307978668245552534e+00 -7.123536228896165667e+00 -1.133932611921817601e+00 7.412739255775926850e+00
-5.045758562370435740e+00 -6.999643877671825720e+00 1.543723723239853740e+00 2.821492333668247809e+00
-5.442239159789344249e+00 2.888929205221351992e+00 6.691124376005363139e+00 -1.090457767982930593e+00
5.183197371582573432e+00 -5.917721781390349989e+00 -1.710695323452882111e-01 6.628126127347087504e+00
7.959387409739634656e+00 7.338763841057707182e+00 -2.119291205951022050e+00 -2.166217937654453252e+00
6.795738768532288532e+00 -3.774640778144890074e+00 1.053396950568419532e+00 6.723983386048842270e+00
-6.983809807829865157e+00 -4.477889049384126352e+00 -2.072560996163161473e+00 9.644851056147764723e+00
3.206623774116008185e+00 5.103474688881752819e+00 -1.009009107846008568e+01 4.003470806536496340e+00
-8.178414550162306895e+00 -6.149473338317701376e+00 2.509193869988731507e+00 3.001962957801246556e+00
6.498099324331596094e+00 4.099266010406984684e+00 9.949815831852333314e-01 9.215633593315690320e+00
7.295127138825287183e+00 -3.714874116503659174e+00 -2.730034421947270529e-01 5.606695718021081909e+00
-8.899542520074156471e+00 -4.786938772631417649e+00 1.026853118383215602e+01 6.542950723361562027e+00
-7.449262898390443866e+00 -7.880101091207642128e+00 -2.897797325416022751e-01 4.132949131852371671e+00
-6.239676661205187935e-01 -1.961360539556222582e+00 7.537497710581258836e+00 7.282210390371332664e+00
8.744544390584021443e+00 -3.518393374130145190e+00 -6.822701939345455990e+00 -5.853842272050445494e+00
1.007567688178847565e+00 4.816080570551685369e+00 -1.007668238356252921e+01 3.945581410918578502e+00
4.056367407067762443e+00 5.730955342700942978e+00 6.265302107973258483e-02 9.840344681068543764e+00
9.806142856479286962e+00 8.018054012417440646e+00 1.255684094115940619e+00 1.896302186650582478e+00
4.649929177928640911e+00 -3.475144206900124821e+00 2.651259858265502700e+00 7.556152615769510916e+00
3.490855987597023091e+00 -9.830368999047600198e+00 9.869516813397252619e+00 -2.703787584517741927e+00
-8.397737006094199153e-01 1.602265197995669244e+00 6.263106360872034095e+00 7.068204942595978757e+00
5.762778368712344168e+00 5.577791057281361375e+00 -1.293772002865092752e+00 1.066602143900384725e+01
5.643826483813656480e+00 -6.086610436535047519e+00 -9.780448008509935676e+00 8.400459075797892083e+00
5.847869542255159203e+00 7.548178185847997490e+00 -2.939667339919165734e+00 -5.114300137944945979e-01
1.054883051005899652e+01 7.363035340187640720e+00 1.269295488461803789e-01 2.201417164174757524e+00
-5.576187288672796782e+00 1.016090962695173960e+00 5.747010273601944164e+00 -2.168458431601386627e-01
8.571205277151731750e+00 -2.852600233972790278e+00 -4.472012508770022876e+00 -2.851135437116638194e+00
-5.913026028520018684e+00 3.109626769972725580e+00 9.194071616951564607e+00 -1.306947777468304484e+00
-6.811676074409444226e+00 -4.231107938739320673e+00 1.027986011930534005e+01 5.996273411960340027e+00
2.358943925090598359e+00 -8.507401350807175078e+00 8.796339212940596397e+00 -1.774934811870176876e-01
2.469316977477502562e+00 4.910375791331671458e+00 -9.520995535569644730e+00 5.177537877026734847e+00
1.237932708410293436e+01 -4.240374755102718218e+00 -6.761756164368533994e+00 -3.639445299248926791e+00
8.148065174549410372e-01 -5.438829926249499902e-02 7.206198863324658532e+00 8.839158196461593064e+00
-7.573171860380050191e+00 -2.163411318352500778e+00 9.718224608209645510e+00 8.141045874167678775e+00
5.796775552325184044e-01 -8.003883171314100764e+00 1.265596777001139195e+01 2.347850208777518155e+00
-6.947768847445528806e+00 -7.250716498410734623e+00 2.511440104689025343e+00 3.947479570955151118e+00
-7.232923446034223325e+00 -6.326065012846733282e+00 1.015833803326387219e+01 6.788443963951810822e+00
7.958311672980621587e+00 -2.685520159161419951e+00 -6.642854162530493767e+00 -5.597368300602949986e+00
-9.992789801382931714e+00 -5.593924530207830870e+00 -3.554638810997789111e+00 8.231643772946256377e+00
-7.565552027120234335e+00 -7.139987107507149489e+00 -3.867819136177045536e+00 1.013021257487359073e+01
-7.313587497296864193e+00 1.860387333867280057e+00 7.421261704238724555e+00 -7.554980368813901670e-01
-8.280833803134468596e+00 -5.640466768332645486e+00 8.659477367929989455e+00 7.644321225097732153e+00
9.323606576724552397e+00 7.615463578294918712e+00 -9.413300936642245986e+00 -7.148563579166171245e+00
1.176184391842440746e+01 6.636290421595957945e+00 -4.055167767321719019e-01 -1.337758784072227147e+00
4.380353311200082089e+00 -9.701412954871894812e+00 1.019491524299333740e+01 8.587174007585983704e-01
-4.526645693332568499e+00 2.759795442192978232e+00 8.967373748960987712e+00 -2.359382426198737281e-01
-5.411195193288225624e+00 4.631134286685485435e-01 6.772995644170158869e+00 -2.609370933397858749e-01
2.165309747493661341e+00 2.094945828181950631e+00 8.820233621507238553e+00 6.582114279702408588e+00
6.329364165136113662e+00 1.018919523970553698e+01 -2.585807552732262593e+00 -2.781281874708884327e+00
7.252258147565821211e+00 7.130892687957002707e+00 -7.652564005426601312e+00 -6.051862263588535740e+00
3.641612302601373141e+00 7.586380176819947252e+00 -4.005323444912276543e+00 -1.498995310394572344e+00
1.021098032086836760e+01 6.195961570294454823e+00 -2.842328816649271062e-01 5.576438762688196160e-01
-1.348053590453478723e+00 -1.042983381208701488e+00 7.357170091799910772e+00 5.165364525015773367e+00
-7.297950474760969364e+00 -6.015136375582806672e+00 8.616925314579994000e-01 4.555893376675903106e+00
4.422098213312677828e+00 6.938898185136303631e+00 -1.354322014563508869e+00 7.896371900250393594e+00
-8.033729424916266071e-01 -9.743971105193272031e-01 7.689402870748589081e+00 6.072446764472726244e+00
7.451648054025235446e+00 7.634065258461456338e+00 -8.471608097472984156e+00 -3.770631046893401006e+00
8.429565345977779955e+00 7.162638472499252451e+00 -7.039303168330288130e-02 -5.058246174605058876e-01
2.919567230921136236e+00 5.338576225410871956e+00 -8.542786741374305493e+00 4.493351846722148935e+00
8.019765011797774790e+00 -7.979534352272193765e+00 -1.029641906918375405e+01 7.236251237103978440e+00
3.930990751482211110e+00 3.975348452374727337e+00 -1.482504666920090752e+00 9.944739103325135332e+00
9.344310441837787806e+00 6.380854439428066627e+00 -1.534411075265647684e+00 2.042557748723132782e+00
6.961394375999756079e+00 6.228695183581256956e+00 -4.048216622425327316e+00 -1.548119222150056151e+00
-3.011758341643568926e-01 3.970664004030164396e+00 6.300478917996786166e+00 -3.099508658971674713e-01
-6.442451707601794197e+00 -4.141897980288826275e+00 8.918561931719542812e+00 6.441434366075069029e+00
-8.092360937416306355e-01 -2.504728931122626179e-01 9.374058591111589678e+00 6.331380907281444870e+00
-5.635385639979368477e+00 -6.144575173637401022e+00 9.155230111412823724e-02 5.819612435173953102e+00
7.366178745947039808e+00 -2.352660342339605748e+00 -5.952067024850546950e+00 -4.573770459555324130e+00
-7.931808703386029613e+00 -4.542955319482219423e+00 -4.040144740365081866e+00 1.141720370948453400e+01
-1.038140830374802981e+00 2.763877657929777243e+00 4.353985061997566852e+00 1.874388204914681832e+00
1.484060232825155978e+00 4.727720432228803560e+00 -9.161071892672550732e+00 3.613717919549680246e+00
-7.483029792975582239e+00 -2.667461789675205974e+00 -3.488714522145986763e+00 9.174847930190379586e+00
-7.033521948006732138e+00 -6.122371972531810869e+00 2.646917296524040175e+00 2.995165816000397996e+00
1.951877771895442537e+00 -9.382096036627110891e+00 9.447577903231881180e+00 1.588127329429666057e+00
5.903123609347172618e+00 7.861545565612096276e+00 -2.719494535046338868e+00 -5.056565886724715408e-01
-4.251324694263547421e+00 -4.286486670445060376e+00 1.009144923992906939e+01 7.734700312206891581e+00
8.314753419632898712e+00 -3.398354012209159336e+00 -4.906255256960109890e+00 -4.218264122329436816e+00
-6.194075311497377889e+00 -6.390173679851457678e+00 2.990881925100746797e-01 3.074544015424949261e+00
4.250654466150644240e+00 6.449925883753528488e+00 2.120759372260530462e+00 -3.315167160117428402e+00
6.230487785202162065e+00 -3.248103304778346967e+00 -6.783361118180937233e+00 -5.501870565037997096e+00
6.306478797276453996e+00 -4.260957859205521281e+00 -2.226013792273073832e-01 7.222731809543730286e+00
4.309512171004517000e+00 6.873384884429284192e+00 -1.378124038862192258e+00 8.558873265118476681e+00
8.876428065462516059e+00 7.046915543022325146e+00 -5.596534134377351144e-02 1.536183048832859388e+00
8.098872143319233885e+00 -3.775219671032204793e+00 -5.615444925555262756e+00 -4.318415513888637314e+00
-5.789608139090024252e+00 -3.996777088386900711e+00 8.415644753079504881e+00 8.185953233107113647e+00
-2.590764878530277260e-01 -5.656434997478304583e-01 7.155267079443818901e+00 5.397099425837144970e+00
3.370924928345424121e+00 3.638914328708371393e+00 -6.916715548599981389e+00 5.732314763643485911e+00
8.572165576181473012e-02 -2.453349259326335907e-01 8.773544573604171504e+00 7.983543441744696878e+00
-5.964460581615255386e+00 -5.143246367740013092e+00 1.318246232533098139e+00 4.184264384961368322e+00
-6.202695470019965462e-01 3.993589301822034976e+00 -9.319684356956674520e+00 3.395665306377715353e+00
8.583268135597629467e+00 6.350469178941118287e+00 -1.091303384510177832e+00 1.221134292681272715e+00
6.672034149830601280e+00 6.622326040416522730e+00 -2.912299140425384181e+00 1.173177184283008767e+00
6.578541137272773121e+00 -2.110219709652999320e+00 8.953450400064655312e-01 7.948964092890362210e+00
-5.944787426302092115e+00 -4.056550539991839344e+00 1.010532827014780821e+01 1.112839354529388736e+01
-8.212836046878670970e+00 -6.811810618211293189e+00 -3.560951316605996286e+00 9.453270232823230756e+00
-5.927387407338065017e+00 -4.433425016130694729e+00 1.083159190773095126e+01 5.971059200700938874e+00
4.916209376081785543e+00 -9.793708484890331079e+00 1.082138575650052204e+01 -5.518209030160418083e-01
3.177163702177139282e+00 -3.604122435379137457e+00 -1.384449782059454792e-01 7.044176589683004863e+00
-6.171573333532720973e+00 -5.043970973024899607e+00 1.116057357553196461e+01 8.518863311694902407e+00
9.802678791883110421e+00 -3.866997899638274561e+00 -8.945952972333955699e+00 -2.814782588995850432e+00
1.187402970318512274e+00 5.164981356473432150e+00 -9.892788840939321204e+00 4.532225348504045570e+00
8.888279759559058135e+00 -2.513286420641910102e+00 -6.058307498189451579e+00 -1.328621201960367149e+00
1.299737703759519802e-01 -2.403777791703982203e+00 5.962549783816321280e+00 5.028365844605072077e+00
6.413635757237722501e+00 -5.147308690386513952e+00 -1.004890893539800523e+01 5.175760158683115009e+00
4.205272276953374799e+00 6.184984506356977718e+00 -2.948450133402034101e-01 8.636726847932944651e+00
8.136537498039880134e+00 -2.410699866542692860e+00 -2.447736304612405434e+00 5.386502114813572994e+00
8.298358356263502600e+00 -5.776866623649373977e+00 -8.080419473562379551e+00 6.130242086637924359e+00
8.030213498619074297e-01 1.111083398285579227e+00 7.799250782215099598e+00 7.308111908553363456e+00
-6.727761562042933186e+00 -4.298696989051158823e+00 -4.492432573729385759e+00 8.036826036464194800e+00
-1.266625856338299938e+00 -1.509034061054279063e-01 9.219679696301938066e+00 6.868134564024058974e+00
5.168940765486690125e+00 2.560113998794209422e+00 -8.832202142904044262e-01 9.143877983931059106e+00
6.632003239754995505e+00 -6.250544617508486667e+00 -8.710210535368531737e+00 8.183147049840963305e+00
1.188004771006282212e+01 6.931996103167366030e+00 1.624733667020517913e+00 1.293344172181752683e+00
8.151193510806711728e+00 -2.929114230372514172e+00 -3.997879457656391189e+00 -4.215760108910653337e+00
6.497288044340681523e+00 4.920450317209372315e+00 1.187506539159970842e+00 -4.897990099035007816e+00
8.431247631304580992e+00 -5.227068226528524875e+00 -8.614316211686571023e+00 6.428286369890722440e+00
-1.482688411832134401e+00 -2.658302798129378086e+00 8.167382665279774301e+00 8.546611025504375903e+00
1.750384491702412282e+00 4.898993723563755509e+00 -1.171438092104334316e+01 4.046203462448777266e+00
7.421926963501414676e+00 9.383559480030829292e+00 -9.698642928140088770e+00 -7.118090169625478580e+00
7.973760544237347148e+00 -5.829292045046496895e+00 -5.622789972831809813e+00 -2.734646525996511812e+00
5.231498546773703850e+00 -2.908769174730093443e+00 -1.611749206874170115e-01 7.473994317095264073e+00
1.131717172839755037e+01 5.309556350576410289e+00 -1.849075592406144608e+00 1.482612760078941827e+00
-9.058895384666663109e-01 -1.494005035111362067e-02 5.824180160295815867e+00 7.999999278960363114e+00
4.054718499732236303e+00 6.516359127001004836e+00 5.160754798119046027e-01 -1.580892339545309833e+00
5.931545793791189070e+00 7.708721078173087271e+00 -9.982009509393812152e-01 -4.712264998655534498e+00
-2.462722543123570418e+00 -1.714270106340413657e-01 6.859208202551790201e+00 4.846261366920596281e+00
5.124189608422420328e+00 5.989224075641591760e+00 2.015922953827549158e+00 -1.684089108513728839e+00
4.823772213918338103e+00 5.751821281058840718e+00 1.248557772230814766e+00 -2.080302031776382954e+00
7.080245246976184958e+00 -3.741164763525460124e+00 -6.253889121088598735e+00 -1.231254901884384800e+00
7.094733842960429193e+00 -4.586228853140549511e+00 -7.241591270442215844e+00 8.265887817768794221e+00
3.312989535091234394e+00 -4.932541086353728232e+00 9.594360397941272822e+00 -2.165134402970407823e-01
6.416795330552675480e+00 -6.027418271694322982e+00 -7.010104988701259643e+00 6.005186224742359080e+00
-1.088529564147544981e+01 -3.748174179397797623e+00 -3.642203213344409551e+00 6.931016583868696124e+00
1.183875251242154647e+00 -9.709452764802271929e+00 1.265063521072944042e+01 4.023790119800211840e-01
-3.213035302229589441e+00 1.954300841866499550e+00 5.545824572001911257e+00 7.604621050864206477e-01
-7.387167101432249972e+00 -8.143585754031096968e+00 1.921139589525152847e+00 3.494542506824713790e+00
7.582887122534950564e+00 -6.978891754526439506e+00 -8.874822536004666418e+00 7.280626447814245950e+00
2.064083318201132666e+00 5.068786563796654931e+00 -1.098853550045752137e+01 3.554017493655859283e+00
8.131146522240110031e+00 -4.167769400430932691e+00 -8.427853202209725225e-01 8.715894827768856601e+00
1.148403874800567515e+01 6.702725270009080027e+00 -1.538615065955085903e+00 7.778473200420176203e-01
5.992229142702015565e+00 5.049209936219404504e+00 1.588916126377403426e+00 -2.465843925102729983e+00
-2.889150008065477504e-01 -1.342710687516601498e+00 7.193542516622873251e+00 7.010277078101829318e+00
9.240378781191834534e+00 -4.051828661213072280e+00 -6.043080881940111837e+00 -5.857129439991327402e+00
5.530460943674291308e+00 -1.700542524676705192e+00 -8.315672289289863794e-01 7.715894919395177354e+00
5.967612412087629714e+00 6.971988344943322424e+00 6.876602747503723911e-02 1.012124830613633542e+01
4.113412412504677818e+00 9.744295023310638015e+00 -7.191131471371492445e+00 -4.817964221396830560e+00
9.587285567755875704e+00 -7.229057056300226769e+00 -8.864468566426227270e+00 5.048022075013960830e+00
2.913802223594350149e+00 -9.720379081423038414e+00 1.066475776978586865e+01 -5.610684529533160880e-01
-8.497074415426558502e+00 -7.559034503040737540e+00 -4.670460095524163746e-01 4.124276929994375784e+00
8.464701628628471752e+00 1.054238637651746657e+01 -9.028420810874683511e+00 -4.302642032550908269e+00
6.546087479051599267e+00 -6.396804833531223089e+00 -9.077237017077065317e+00 8.509423266468816749e+00
-3.450944898747889233e+00 3.687869084441562695e+00 5.789474147953596272e+00 -1.017639120193548408e+00
-5.050976188661150168e+00 3.945455037963379485e+00 7.071874183596233543e+00 2.180883401933883803e-01
7.125561018763081123e+00 8.735178924486129759e+00 -8.963446170859841189e+00 -6.132747793171176021e+00
8.333887554921338037e+00 -1.784716545364252616e+00 -6.395371150337871846e+00 -7.901944290853761821e-01
1.898691374945453481e+00 -1.128053005502197692e+01 1.041599235873113116e+01 1.412092380366498867e+00
1.132239534267773173e+01 6.798108918448899196e+00 -3.994780342781705240e-01 1.734973639783065735e+00
3.590515838374711333e+00 9.237974338187870060e+00 -1.002336260819344282e+01 -4.041120427580643160e+00
-6.514962126232649808e+00 -3.911998672930705023e+00 9.592223591368535196e+00 9.057200265390035199e+00
-4.558310012177898329e+00 -6.756220941161254601e+00 8.365299866984767796e-01 3.264201998878369260e+00
6.226158498182725154e+00 -6.760773048819429754e+00 -1.033381843986513360e+01 6.356147740248871081e+00
-5.399992079793003441e-01 1.360633494432461621e+00 5.977084837807078443e+00 7.046387779870378232e+00
1.050628706037043969e+01 4.988761214683871792e+00 -7.505074950375865139e-01 9.456102546638400774e-01
3.153074227988259537e+00 4.141439417728499883e+00 -9.728718380271489607e+00 2.522279529926981567e+00
-4.669282899885175198e+00 3.619102525911283230e+00 6.321288010550866865e+00 1.807991812391177344e+00
5.969866556252561907e+00 3.994037642381988995e-01 1.643058540259172196e+00 6.392361126439334740e+00
7.623734819449757616e+00 7.296549704014766213e+00 -1.072533885504651252e+01 -5.684878805572919802e+00
3.404185214281287841e+00 4.592645922141526782e+00 -9.256194590340482975e+00 6.236074091193628988e+00
6.001561778122740165e+00 5.239368662658463904e+00 2.185933695955751155e+00 -3.448286132324440700e+00
4.733375856245047864e-02 -1.190899989736840858e+00 8.264764792733531706e+00 7.277264707467066884e+00
-1.041364040894348619e+01 -3.484068077609892455e+00 -3.114248428691638093e+00 8.213585074409195386e+00
9.119029960962445003e+00 -6.058625103541698032e+00 -8.872438621737595454e+00 5.908515260308091044e+00
7.115892088177510288e+00 -3.509504531084911783e+00 -4.330333733053290501e+00 -2.808323607216085094e+00
-5.747519281846837913e+00 -6.409069410778156062e+00 -3.585300433755162497e-01 7.757724724204699385e+00
-6.596491658400410962e+00 -5.330620687335351882e+00 1.133355706113260197e+01 7.624271389223848061e+00
8.861379337750687313e+00 -2.249618249288277916e+00 5.345049238639790756e-01 9.748588399310246899e+00
4.770088912192385067e+00 9.380029440140472019e+00 -1.662249174205211011e+00 -2.402574100258393353e-01
6.140151635965744426e+00 7.266756327868652221e+00 -9.358702392360646272e+00 -4.648372553757419645e+00
-5.067976671812894907e+00 -6.033086282575222725e+00 8.819327489266546749e+00 7.812448369024468597e+00
5.183560276846395531e+00 5.970838603981188264e+00 -2.289203135222225960e+00 1.169989748876638735e+01
1.432962853906190492e+00 4.867524831067105318e+00 -1.096919584067828346e+01 3.470204955303562766e+00
-3.244290600926544865e+00 6.224566220015913309e+00 7.007300603080537371e+00 1.419641868497728998e+00
-8.378255853763372230e-01 -1.515209184852994273e+00 8.607103671159830327e+00 7.644663937796534192e+00
-5.544715325137709705e+00 -3.383097500830293924e+00 1.023065079082736517e+01 8.644997391363485661e+00
4.377994478729378969e+00 -2.632942723528673312e+00 1.890613394920178658e-01 6.928931118670790923e+00
-8.858124653606184395e+00 -6.585261936206821431e+00 -8.105927962574912549e-01 7.637431558844580692e+00
-6.882416280837332145e+00 -4.294357748213137427e+00 8.239664632030475389e+00 6.754539213015265275e+00
8.158786772839086154e+00 8.768105368480487272e+00 -2.421307057282771069e+00 1.337375440978131103e+00
1.110735097415186701e+01 7.652817895853692320e+00 5.440394189897665989e-01 1.993228982154668927e-01
-7.260133658027164039e+00 1.979646431213521574e+00 9.079759111434901442e+00 -1.622914040226463239e+00
-7.185328687421363547e+00 -5.596683101267480254e+00 -4.496434277741971464e+00 9.646496535159860386e+00
7.653835805519063840e+00 5.243609015520624084e+00 5.491309531338675054e-01 -4.282859294996532284e+00
4.835785757012127206e+00 5.779869824356469898e+00 -1.803523046412198738e-01 9.633115101531119606e+00
-3.637397370663464802e+00 4.601400963714302961e+00 6.250833922579543511e+00 3.481511469445421336e-01
-1.654608946033365946e+00 8.234599343136497218e-01 7.982005815558078865e+00 8.644618841328586711e+00
1.146168769364960838e+01 6.405206017681127406e+00 1.228398994475941031e+00 2.127499751972645292e+00
1.677681361717048070e+00 -6.748982496155118582e+00 8.517552778931355206e+00 -2.850529874432492505e+00
8.626842491455569473e+00 1.028795992986242602e+01 -4.737493708563001782e+00 -1.738045491835290113e+00
4.513450507462970052e+00 8.890119204504227213e+00 9.034247275164302149e-01 1.053373392931302099e+01
7.247993945881294309e+00 5.941345768722338327e+00 1.027725282446728894e+00 9.514978323504324820e+00
1.792187744991891485e+00 7.383938139914198118e+00 -1.110525285973663223e+01 2.964415902446313922e+00
-9.374896291543791449e+00 -7.424836103802116227e+00 -3.939018923373378112e+00 1.009588242912605693e+01
-5.905334217804721675e+00 7.532646653398175296e+00 9.559411524508897529e+00 9.968991602237882166e-01
9.880220028764572504e-01 -7.618358996293507879e+00 9.194230564321097532e+00 8.405530145976918277e-01
-3.133458741809171055e+00 1.794381550285861771e-01 8.023727444223849758e+00 5.620056080301477408e+00
1.010070366741888748e+01 6.860829056120559599e+00 -1.338175917788696268e+00 5.575016142063782265e-01
-4.668987629704346443e-02 -8.210011445675793329e-01 8.636395950828795520e+00 8.968581048618396778e+00
-7.789004040738410239e+00 -4.797465474338031832e+00 9.965905422292458127e+00 6.838542176980103804e+00
-6.035263512814916798e-01 -1.642884739611597755e+00 7.525388021179030495e+00 6.093067411449750281e+00
-8.203675952933151549e+00 -4.442748180795498492e+00 -4.308143718822304180e+00 1.050340100825072653e+01
1.018483946448249178e+01 -1.945941605957007159e+00 -7.004304558263594771e+00 -6.385177083960305922e+00
6.061525331575035480e+00 9.592909670725790150e+00 -5.309887022496426745e+00 2.257350211868018874e-01
8.914330739971749296e+00 -6.463917054011758090e+00 -7.930905955416526432e+00 7.247538892535967392e+00
2.584608292772989646e+00 5.653457483572150721e+00 -8.835186151818625433e+00 3.591338938276208204e+00
5.796579769177072627e+00 -7.067840257765513279e+00 -8.235608548357646441e+00 4.927425979410597456e+00
6.053891123991721912e+00 9.553521990056580648e+00 -2.333241740227869343e+00 -2.123439390820558437e+00
4.772404922292024843e+00 4.482699558843341592e+00 -6.530267439597368107e-01 9.483960935890676680e+00
8.000795659041038732e+00 -5.155309397517736869e+00 -6.178697523897784372e+00 -4.388476613603772059e+00
-5.578336518673610911e+00 -9.331085866041529897e+00 -7.079462721849200113e-01 3.882486472467250760e+00
1.020279143916592623e+01 6.801001255613742913e+00 1.964140108820974784e-01 2.305961329392383519e+00
-6.029974618576068757e+00 -7.210318230854955601e+00 -3.413421723526477880e+00 5.271924629558037978e+00
-4.310040521219716148e+00 2.877902659309917954e+00 6.849017122327580864e+00 1.012132130306732769e+00
1.026979170384980833e+01 6.135171479000446126e+00 -8.789983869048227927e-01 8.628169824284535050e-01
-4.360828154038559390e+00 -3.194174566864993459e+00 1.073043034270444096e+01 6.602912543814448476e+00
5.050356635782923043e+00 -3.639470007579989286e+00 1.315738592826532161e+00 8.935649632112225405e+00
5.109195357987797337e+00 -2.006659280318912053e+00 1.785825359777844845e+00 7.312726107190417046e+00
8.172095567324744181e+00 -5.859993289615687218e+00 -7.033300902748810479e+00 -6.435713581135924954e+00
1.154885327994381505e+01 6.474148309706516891e+00 8.717432607626621754e-01 1.258670508729893056e+00
7.386897017636909091e+00 -8.006004483021351703e+00 -8.587968423263530937e+00 5.962925089700577885e+00
-2.459328473824844430e-01 3.694336630591487314e+00 -9.357535242191048042e+00 4.748118872430080017e+00
4.315512245205036734e+00 5.347056044534331143e+00 1.300849708981584474e+00 1.086223104170744591e+01
-7.504617101843171767e+00 -3.954032527362060012e+00 9.419220444591326569e+00 6.453960054137480640e+00
-2.824356529985035280e+00 3.078644012330388868e+00 9.850032609288273733e+00 7.100728342514754932e-01
8.324644243391318810e+00 7.089501247586119881e+00 -4.146323370439443101e-01 9.487611700357243549e-01
7.197118171949057341e+00 -4.487103930981975353e+00 -5.242042032336347468e+00 -4.184321235861565569e+00
-7.827528740439032795e+00 -4.740685119397377356e+00 -2.408798919180301645e+00 9.030732245466701613e+00
7.452280752448775303e+00 9.543233990334124783e+00 -1.105838316669289156e+01 -5.502177125829163629e+00
5.316671222148184661e+00 -1.537670372972991473e+00 1.025679614985131494e+00 9.589293020128485168e+00
3.195607066591106271e-01 3.810231124751620957e+00 -9.067060443111135015e+00 2.848201825794381747e+00
6.323777447052229661e+00 8.851953170786083902e+00 -2.632849500788430497e+00 9.767616795513415440e+00
4.872438301046747355e+00 7.472738072058948688e+00 -1.797437213204655437e+00 1.125540914770342127e+01
9.850247054549427617e+00 -4.247416953645837268e+00 -5.661353489614731949e+00 -2.137855203586432218e+00
6.156379789907045819e+00 -4.058857668897998927e+00 6.159731568192270412e-01 8.314042609052329169e+00
9.141055799722710873e+00 -4.203519482836926002e+00 -6.165509613060065064e+00 -3.535976141774363146e+00
6.966688644484015924e+00 6.662708295318047647e+00 -1.536180618588764535e+00 5.325867692982755308e-01
-9.094146934083280343e+00 -5.855027048929051681e+00 1.410677438665747019e+00 3.865834872675959044e+00
1.273196320482566923e+00 6.395555052951651387e-01 6.662404077550617032e+00 5.985148386104055085e+00
6.233815463034711790e+00 -3.707349963640156787e+00 5.103316633710975658e+00 7.694078008084316522e+00
-1.279522567026739832e+00 -1.321735942547020315e+00 6.982516391242237219e+00 6.155388143948151480e+00
5.762058861330165982e+00 7.657674814868018487e+00 -8.301605172024714818e+00 -6.121452685348037548e+00
1.165686239405390401e+00 -6.844269672707021357e+00 1.049534707056112559e+01 1.671108170894969991e+00
-7.427811878378241417e+00 -7.399743388675839029e+00 -3.669238575588076312e-01 3.027502423738229531e+00
1.063353393293636628e+01 -2.940320763439103313e+00 -5.814696027297601155e+00 -5.570767093430843531e+00
-5.318690919384374993e+00 -1.856621879116678642e+00 2.743160165048969201e+00 4.666481880838960095e+00
-5.427517744148634193e+00 -4.417301658764205108e+00 9.387042805593456052e+00 8.720631145078144186e+00
-8.015754104517167633e-01 5.119907492637212343e+00 -9.806956816875096905e+00 6.725435532962434237e+00
2.644308312863551613e+00 5.466897887419183810e+00 -9.257041663754122851e+00 5.751289504982445067e+00
-2.909486193555413713e+00 2.079520109226852043e+00 6.934593743135965660e+00 3.457087273037506292e-01
7.771631622661113070e+00 8.357380396950940593e+00 2.297920551869248484e+00 -2.173858118491677871e+00
1.700652962667014823e+00 5.278357706240257130e+00 -8.108158624206067699e+00 1.742607848081727528e+00
9.219938141645693364e+00 -7.221277030310031542e+00 -8.809273598887767065e+00 6.946285536236864289e+00
1.041837493542653448e+01 6.668401743170878859e+00 4.043176109910640026e-02 2.422075072522920980e+00
6.167927557956043749e+00 -1.419321968709739812e+00 -8.882316417271374220e-02 7.651802886058391984e+00
-8.308255569252686712e+00 -4.181248106638157935e+00 -3.445185519968231080e+00 1.005435927688992059e+01
7.122235983400888593e+00 9.048893088157228703e+00 -4.659698963659900883e+00 -2.136463415147599854e+00
1.026759288736188047e+01 -3.229951706583174875e+00 -7.840322615809820483e+00 -2.586607086873949690e+00
5.732642943787132239e+00 -4.471148842987505034e+00 -8.105638835591477687e+00 6.697272230031875218e+00
8.209442782985632903e+00 -6.867170755038439545e+00 -9.341649659722927268e+00 7.579002488699416951e+00
5.479945413819300448e+00 -1.994963696804890496e+00 2.419535487002431040e+00 9.673537094657191915e+00
-8.843384510590828640e+00 -3.394754263072495615e+00 -2.973146604230965551e+00 1.221988875586132295e+01
-4.157398781139362676e+00 2.696413165803456913e+00 8.867995807378804329e+00 1.606751984466727512e+00
-5.830466771655446578e+00 4.108835209321600956e+00 7.040175130622650101e+00 2.849566036676478564e+00
7.115937614251190979e+00 7.299120542787096433e+00 3.076259035071074344e+00 -3.817311395226774984e+00
6.286008414706408587e+00 9.660107958476368495e+00 -6.562071693806295514e+00 -5.815866961328187479e+00
8.375548357064804605e+00 6.334742336294784337e+00 9.918306034305873764e-01 -2.809959816407326727e+00
-3.186173197468847640e+00 -5.508424353386414118e-01 5.833960233480040003e+00 2.469454397762469888e+00
-6.249214575455207310e+00 -4.276862508305070421e+00 9.722780132323787683e+00 8.354607040136352580e+00
5.095358532196738288e+00 6.318481024182497130e+00 1.049397571309468313e-01 1.028557347678453127e+01
6.292575394476404682e+00 -1.435299126657354263e+00 1.857427038512819539e+00 7.134884692133582895e+00
5.417691508524502098e+00 5.511381822578387712e+00 -1.142046002966348173e-01 1.064227640889472148e+01
5.848134994468100700e+00 -4.456238295423094797e+00 -5.351410498160017681e+00 -4.662057043341113705e+00
9.471948549026135922e+00 5.980949193480013193e+00 -1.013623594195577127e+00 7.002764871933421231e-01
-6.372490916937506578e-02 -8.181104653847559582e-01 8.442293644954606435e+00 7.964189734463152703e+00
-9.533157768728317549e+00 -5.687661648021352434e+00 -5.175763717770928807e+00 8.268632432936675158e+00
5.996082073637514220e+00 -3.309837439043473051e+00 -2.309838482109749958e+00 8.110500143888343061e+00
9.671046411597830073e+00 -1.307401987229728224e+00 -5.196074297137601050e+00 -2.118265390182142660e+00
1.040041183958488702e+01 5.590684576453459620e+00 -1.108540975312629850e+00 7.683852549633599649e-01
-7.997299765298802932e+00 -5.679730021123686967e+00 8.630997302165260621e+00 7.099026709678725844e+00
-7.221678437431195086e+00 -7.063559618282909014e+00 7.812854382012877075e-01 3.687291293003015724e+00
8.831246271772887013e+00 7.188397071821452045e+00 -8.093914176700516272e-01 1.487680280189983772e+00
5.290782980613312425e+00 6.399041556236178430e+00 1.294558958928136327e+00 -2.118749015502359612e+00
7.419128958294231246e+00 -3.627453978611802743e+00 -7.844590601836596733e+00 -5.365801513347330243e+00
7.407927035639009006e+00 -4.963057680926630688e+00 -5.713544624622737267e+00 -3.374114299069480349e+00
-6.605555546648030685e+00 2.351374326573584916e+00 6.353755109309608962e+00 2.308990283346946670e-01
8.600974626055526429e+00 6.629123568761158047e+00 1.504663215967104062e+00 1.626874099049415046e+00
6.325219710866057277e+00 8.345687315389064054e+00 -3.153623115970327628e+00 -2.177386653339697942e-01
-5.370472064452943783e+00 -1.747301286093559725e+00 8.481417057315688623e+00 5.514343846631467372e+00
6.729751449470297686e+00 -3.898207454039261499e+00 1.135824312850065576e-01 7.461133091276749063e+00
4.672466827614111251e-01 -6.972320716303892496e-01 8.432001828137154931e+00 5.392681041399920439e+00
-1.046732810394985336e+00 -4.389232196139059572e-01 6.949991896330660168e+00 4.941731963801267113e+00
6.352111895019852739e+00 -4.765037807079499643e+00 -1.011086291786813973e+00 7.807854686572793135e+00
-7.177963960331580573e+00 -5.809723689650398093e+00 -2.150303730882644260e+00 7.778608218983897871e+00
8.300101141318346976e+00 -6.896694936139564192e+00 -1.171574528759137479e+01 7.375021853634655677e+00
6.731816391934831501e+00 5.066377675902211664e-02 2.379342258889852069e+00 9.906082339224349553e+00
-1.203525956136680675e+00 -1.175872744633843503e+00 7.847054725153645549e+00 7.918335226413160122e+00
8.126960324522871204e+00 -4.097535771164415586e+00 -9.268275317399177204e-01 8.641238696834506072e+00
-7.559110249143071947e+00 -6.541305255885969672e+00 -5.470205414834512503e-01 4.013676650936329082e+00
9.412015923712694132e+00 7.140094050761192079e+00 3.190877667573868148e+00 1.158626831941226953e+00
7.770087429051055317e+00 -7.598384000390637993e+00 -8.581482770835155094e+00 7.138097013981231420e+00
8.228611740668865693e+00 -6.043211798274821689e+00 -9.371853197355918041e+00 4.611602665942243107e+00
5.763253922794628892e+00 6.749167491219678183e+00 1.072404926154588489e+00 -1.256144892408465941e+00
4.057230824028918548e+00 -1.791426951917736377e+00 -8.193021138091556299e-01 7.347136530640006491e+00
8.207471279240435180e+00 -6.629732809528418258e+00 -7.886951335579555966e+00 9.609646843045881681e+00
9.275503567533339933e+00 -2.426228542218107798e+00 -5.946558976552019260e+00 -1.590191797160792397e+00
6.716143717201174645e+00 8.877990654008451443e+00 -8.655183651826967584e-01 -1.294801462907489542e+00
-2.600488395294695110e+00 -6.426009145268319900e-01 8.449091371343820711e+00 6.866859368803599928e+00
1.076879949311916640e+01 4.824311534435119064e+00 1.036127650924004162e-01 2.698387742405303324e+00
5.490990836028812438e+00 5.842551751366522161e+00 1.458259639600453683e+00 -2.570162049067441501e+00
1.005002575766101103e+01 7.677528391102026006e+00 -1.496745751935086299e-01 3.449413459834715923e-02
7.487425547460020425e+00 6.219647044774059275e+00 -8.690653438435340661e+00 -5.555246198937159541e+00
-8.270590157763173522e+00 -8.336011088741676289e+00 2.070440825776248772e+00 4.310397702168305756e+00
-1.619721559975100478e+00 2.272626700062749805e-01 7.836855944858593048e+00 5.732363447150683911e+00
-6.124495353512852347e+00 -5.085088395224275359e+00 -3.050311577792224949e+00 9.884240276452530338e+00
7.163368769463666297e+00 7.129767799213535540e+00 -8.482345366810211118e+00 -7.126039608422435556e+00
9.422945439056315209e+00 7.112295823230216918e+00 4.297326878093893354e-01 2.024031751492911813e-01
3.115482139651403859e+00 -1.030687321147163615e+01 9.115588311823435319e+00 -7.663064868964514220e-02
8.667848883376464642e+00 5.958532183323665521e+00 -5.360724852472051327e-02 1.318298156251802578e+00
5.789241220609209648e+00 -4.802180897818694838e+00 -6.858286117156844774e+00 -1.586921620997397753e+00
-7.046983100633717356e+00 -4.331732815302887118e+00 -1.994203445968742994e+00 3.748190255830439632e+00
7.280446207748178189e+00 -4.630891782981152005e+00 -7.395005199625254377e+00 -3.278168938103601437e+00
-3.145914457540409437e+00 1.964409141748511223e+00 8.536813704887752152e+00 1.365826015894820444e-01
5.930574838093341405e+00 -7.018408712532643534e+00 -1.011986254439768906e+01 4.647310723019280054e+00
5.323198300624937040e+00 -5.666002846988297925e+00 -8.433230125649467723e+00 8.212976333382592031e+00
-4.326960834166626135e+00 -5.999488636166348421e+00 1.979340059164001575e+00 6.091685087814031618e+00
-5.223682449607697009e+00 9.439294298005442840e-01 7.844135422733527818e+00 4.447660609920611741e-01
9.269799033312866143e+00 -2.708469091321969557e+00 -9.358471661532320240e+00 -5.507542907801213694e+00
-7.220525831741070100e+00 -4.836466667027853994e+00 -2.382452422486487809e+00 9.244007250242342266e+00
7.004671712414351603e+00 9.458736550144623223e+00 -7.116169480357672938e+00 -7.752298307840147729e+00
3.893339311619953946e+00 -1.045279010407295495e+01 1.033825984530029274e+01 -9.489616054497200803e-01
5.484384197782284254e+00 6.818554005713225230e+00 8.708330531588728274e-01 1.128604106166394061e+01
2.787334586223803701e+00 -8.461100571144170246e+00 8.743979198113045470e+00 -1.273064439744686416e+00
-7.896386796645521677e+00 -3.919253242486413491e+00 -2.284593039398522318e+00 9.715021773310084541e+00
9.143695197178697498e+00 6.979631729322565370e+00 -2.550181736599420823e+00 3.179194760016414101e+00
7.610538973579656030e+00 5.165532399092301219e+00 5.732983993544504830e-02 -5.520638348609042012e+00
-5.666675130936583038e+00 -3.216172261456335058e+00 7.251406015120970494e+00 7.639881619097939058e+00
-6.708730935765845338e+00 -6.459069421347317430e+00 2.064750622504310851e+00 3.972706411339792965e+00
4.836190006852741696e+00 6.251353495736352350e+00 1.226455012559458435e+00 -2.632170752231680844e+00
-3.758175707387674258e+00 -5.090498819278995946e+00 1.875335744379034719e-01 4.264098960576881758e+00
8.322105128730322932e+00 9.464331522968155497e+00 -1.050605435234427532e+01 -4.798502886466069484e+00
5.836574101883151400e+00 6.919949029054752287e+00 -1.061652168839090526e+00 7.714849524874794362e+00
7.416981335648330287e+00 6.094175477041639866e+00 1.893486013711633831e+00 1.636593753458232881e+00
6.758153886904077368e+00 5.326158176236168273e+00 8.307920774816693887e-01 -1.875885961714923056e+00
-9.070692552924426444e-01 3.881645472683271869e+00 -8.973334490012632614e+00 6.149005397739369272e+00
-3.382173764323781473e-01 -1.365299212338364043e+00 7.591895348153132161e+00 6.472810373847670107e+00
-5.829239013346358078e+00 -7.206983921295954332e+00 1.634492507672671735e+00 4.843310455791230318e+00
5.175628522692102607e+00 -3.992686507330509116e+00 -4.932187361059542363e-02 7.560043449695542428e+00
6.601333790480739871e+00 -7.375599595170649891e-01 -9.810542611700880933e-01 7.172526881778497732e+00
4.542398047673030792e-01 -3.291611923140410068e-01 8.796450813132882018e+00 7.470407205580919197e+00
-6.571068398560586665e+00 -4.636505990114787146e+00 1.059635529392204623e+00 4.460950860417164598e+00
4.949339850488558845e+00 8.125303309497160953e+00 2.480625130301297165e+00 -3.839692885313589876e+00
7.052431732720661373e+00 -7.832105116684669355e+00 1.080230563413576661e+01 -2.904339217437263976e+00
-6.430052334764546629e+00 -3.325245920870129712e+00 9.223192706395643370e+00 6.677777596398173365e+00
5.799126939334898978e+00 -3.596982696799222889e+00 -1.159615377675922154e-01 6.173881385500756380e+00
5.595779700110329102e+00 -9.801908258815542396e+00 9.811014480935568827e+00 -1.713834774846472175e-01
6.361482486169193429e+00 -3.805817065741553318e+00 -6.857136649991624644e+00 -5.103889687329013825e+00
