-8.321506472484394124e+00 -1.684028189765151673e+00 -3.697457853335261113e+00 9.295024122579331305e+00
8.823669900705313651e+00 5.055496275730010147e+00 -4.104460103336275090e+00 1.185930272448083933e+01
7.553712563954465331e+00 -2.300138357674567313e+00 8.606651691326392406e-01 6.588755870773785439e+00
-3.807305500055242042e+00 4.836554850260700533e+00 7.176499841080146602e+00 2.054175646059909432e+00
-7.924025106100859084e+00 -5.382337816669748420e+00 -5.436967356981978305e+00 1.096432565473235954e+01
5.056175948334272086e+00 -2.695579327861987284e+00 2.387115925382378434e-01 7.685345293182597182e+00
1.182918959673236792e+01 6.451453973582723656e+00 -1.395367989666748798e+00 1.869428230665512114e+00
-6.410785999120190759e+00 -2.582314179620407657e+00 9.900329235866454525e+00 7.417458832794508794e+00
1.128586317592527877e+01 6.254348568316660639e+00 5.815945288401469515e-01 1.329770892451258124e+00
7.254918425320879827e+00 6.515155530088565961e+00 9.184064517293881735e-01 -2.264617850641213792e+00
7.644037907629520845e+00 -6.902349362417808720e+00 -1.080281116536880504e+01 7.463878136350733605e+00
4.305592078009913948e+00 -8.436124874290790387e+00 7.670965733100833184e+00 2.078663602703886504e+00
-7.947070832631244031e+00 -5.150936385654780736e+00 -4.077458496599307480e+00 7.565086870369223782e+00
-6.504646985648534496e+00 -4.878991250888883968e+00 -1.348096848821493499e+00 6.118824837471208866e+00
-7.429202189890514063e+00 -5.221019997329344520e+00 -4.569595142237308671e+00 1.059197530066245108e+01
8.310245244873392778e+00 6.401685671515487286e+00 -6.831179467251303095e+00 -4.265276356491830789e+00
6.072816693786698750e+00 4.648760497518617640e+00 -2.189199447991947434e-01 -1.619655250395778845e+00
5.788924655356112225e+00 -4.475406751016188345e+00 2.109312908948308696e+00 6.571194830510985518e+00
1.986878430739658974e+00 4.086091968574407929e+00 -2.480217844158264739e+00 1.001594857713224052e+01
2.678036050106568311e+00 3.769951209649800905e+00 -1.130945438915225587e+01 6.345850954957171552e+00
-8.198486992711430332e+00 -1.793209186798814692e+00 1.173674911517382036e+01 8.537174814775605469e+00
-6.586053271125161146e+00 1.745173238242544667e+00 7.319302891122401178e+00 2.756051192987573284e+00
6.557388377979406435e+00 9.054367173768294919e+00 -3.246310238307200891e+00 -2.027363145219287066e+00
-9.142117146816747919e+00 -4.157352101019224477e+00 -4.638139547955723252e+00 1.055665407722355198e+01
4.842379929210487433e+00 9.166161789070541133e+00 -1.180301688798978432e+01 -5.233278090689752915e+00
4.716406677950094384e+00 6.262682362605843878e+00 1.101724605872178353e+00 9.988565479533461300e+00
-7.587809061907393904e+00 -4.551132847878526455e+00 -1.953963061249309519e+00 1.042540586773392519e+01
4.196323296248964496e+00 -9.689741409775647796e+00 9.071680083208953249e+00 1.976528229583822238e+00
3.958449632772973459e+00 -4.392062551794413849e+00 1.791020940466780731e+00 8.765772982093224641e+00
5.950047068889810831e+00 -4.419796445233842519e+00 -6.160766474748937682e-01 6.895583537509238248e+00
6.712410812519658876e+00 9.258488320198827282e+00 -5.608985633196937215e+00 -1.309729302350637337e+00
1.013436377175594538e+00 -2.267381951099054938e+00 7.288075787378497594e+00 6.961451250011300829e+00
-3.258980287909011508e+00 4.541509526234656313e+00 6.910467016882130054e+00 7.584633851777144997e-01
5.187647205545864892e+00 -7.797217875943381671e+00 7.614489298019517349e+00 2.283006817019444856e+00
5.503890308540631437e+00 -9.541808038743369025e-01 1.737188400641746844e+00 6.466939627659687773e+00
-6.672931762121656618e+00 -3.343138658103554484e+00 1.009801930708300333e+01 6.848302676442298953e+00
-7.111976423759057475e+00 -5.618467981598540106e+00 1.035955902573626020e+01 6.639530587496064840e+00
-7.892749379903415630e+00 -6.870998365189638690e+00 -3.343931393987356948e+00 1.022273608101431996e+01
6.989767056537303347e+00 -2.965480552274632142e+00 4.555499362901037630e-01 7.566855582330332730e+00
6.881898580595073867e+00 6.284290447012255143e+00 1.129480620313300321e+00 -3.382580744756105151e+00
5.551303124905759390e+00 4.729662208668749201e+00 3.671722546959014011e+00 -1.883034859430365415e+00
9.327221046586837261e+00 7.383942512856640050e+00 -2.340558322762138488e-01 1.900618413481887981e+00
6.822207789288760260e+00 8.891576803914921001e+00 -4.710033926007905158e+00 -8.579814239946863541e-01
3.990371981730473472e+00 -1.003895573639343830e+01 9.049149714582137349e+00 5.490920968356570731e-01
1.031406301660188873e+01 7.902926163944147042e+00 2.165792396924034191e-01 -5.002956580674877696e-01
7.859696702837303484e+00 -4.492264092783955221e+00 -7.558216445918784387e+00 7.580095915824800024e+00
6.765511675247731560e+00 8.423598429461499393e+00 -4.081184018072753439e+00 -4.895811537939328550e-01
-5.674206906018912200e+00 -8.475786853158975731e+00 2.386564490179514220e+00 3.858333555659125835e+00
-6.444860253085078483e+00 -3.194757550609936825e+00 1.071989276197381535e+01 5.891535530826484290e+00
1.541624724540020974e+00 4.886212170908794228e+00 -8.128482261018950439e+00 3.812506928883177437e+00
3.299776737961078510e+00 7.588596325033925893e+00 -8.728430696488231888e+00 4.419239055994189869e+00
-2.053022487379707328e-01 4.808207260374676162e-01 9.079967136945590767e+00 6.825385876585021272e+00
7.138716498325952564e+00 -6.143601763409423100e+00 -7.680813518192120881e+00 7.970830785873342705e+00
2.928212809518767834e+00 3.861510488200377900e+00 -1.031892577268136257e+01 3.130253312443378011e+00
7.322029531983787365e+00 1.021940671799937128e+01 -3.276348528054398468e+00 -2.773360890324825245e-01
-5.866507190395639171e+00 -5.306152864536293201e+00 8.323718629672876901e+00 4.931975058449626914e+00
-8.738803898339458698e+00 -5.036711199973676223e+00 -3.083016758714143712e+00 9.341089405892541109e+00
-7.675520637135234026e+00 -4.680547873765369182e+00 -4.621432947791568324e+00 8.868321380428344725e+00
8.382648046635610584e+00 1.005588811881245448e+01 -9.226842335659798167e+00 -4.975947761371923406e+00
-7.144635182811731156e+00 2.224716976119789358e+00 4.641445997680025748e+00 -1.953249662040394963e+00
-1.325868882326111997e+00 2.868427498181115975e+00 5.057477704385132000e+00 9.512062125773932397e-01
3.417805752970493494e+00 7.521340811576672891e+00 -3.833601278001289026e-01 8.224639722882546522e+00
6.636505405091753573e+00 -2.696174625021499516e+00 -5.458528765532937754e+00 -5.443224637607388061e+00
1.127226414743426020e+01 5.473753831025206296e+00 8.422674548428539243e-01 2.482414820575184145e+00
-7.254086511698401019e+00 -3.435353425659318560e+00 1.086881280420945117e+01 5.761921720601654862e+00
-5.580103072612311088e+00 2.319292305322539161e+00 4.849826695129188181e+00 -1.095742999398617856e+00
3.497920374128972831e+00 5.493690660657017055e+00 -1.037432167961701346e+00 9.457549625114967995e+00
-1.139047479613874536e+00 5.035585618837356670e+00 -9.008733456836912623e+00 3.330474514436893241e+00
4.937866394377927293e+00 1.024219031519602296e+01 -8.969330368057747194e+00 -5.921266677791433786e+00
7.697848415019639567e+00 -6.382630088468819629e+00 -9.300149154564941512e+00 9.015590115283810491e+00
-7.381589672372590449e+00 -4.368491520922860971e+00 1.917741179521203154e+00 5.478070340550210915e+00
9.362090998274640086e+00 6.277573770598402270e+00 1.346887619104974565e+00 -2.128497603369358337e+00
4.339979111504932430e-01 3.959034765490237362e+00 -9.151052096640670541e+00 5.237447836128677814e+00
8.590954673467928515e+00 7.957018040693511374e+00 -7.877081806126057906e+00 -3.704774215132026427e+00
-1.289066038453662300e+00 -1.001836074649169905e+00 6.804369765661261837e+00 6.843637033677106629e+00
3.516257179740862604e+00 7.729933572989224899e+00 -4.984008095145623929e-01 1.193506267811960164e+01
4.122659768439589811e+00 5.570054292593215273e+00 -1.517381615829134667e+00 1.075076336628798046e+01
8.727891317833423201e+00 7.264421918228161523e+00 -7.679400417966342207e-01 3.705302652263117391e+00
-6.043698276872673247e+00 -6.560019392740009891e+00 -2.426942745751961894e+00 4.817988407055334932e+00
-4.024022879361472960e+00 4.822576501117641357e+00 6.984826956825367361e+00 -1.807265949202395028e+00
7.726843535947669039e+00 6.945178298251867055e+00 -3.128558898128892540e+00 -3.468107479944667837e+00
-5.634825414133066701e+00 -5.444464843277128097e+00 1.586295342374970108e-01 4.233116566327573160e+00
7.423388216567346376e+00 8.752095136296878408e+00 -2.836188543585126620e+00 -1.451047205973725385e+00
-6.262556203399361365e+00 -5.723255425311414513e+00 -1.431501636265355648e+00 9.440700053153175730e+00
2.317955159553725331e+00 6.478598596058728454e+00 8.061258516737859203e-01 8.638094915286254505e+00
6.278442638648467522e+00 8.503663800319856136e+00 -6.759726451028460481e-01 8.957846526319290348e+00
5.980201878716585595e-01 1.727719233192632320e+00 5.174392216254148913e+00 6.636104980166543932e+00
7.686783922516851497e+00 8.391631720418480711e+00 -9.232497419343525635e+00 -6.116645180270976923e+00
4.045704389440310855e+00 -8.749695043667747640e+00 9.302096802603141867e+00 1.252921675660376488e+00
-4.763581428557605690e+00 2.835639217854529104e+00 5.767396269334398973e+00 2.039137273541229423e+00
8.278422917740330789e+00 -1.517535217619664145e+00 -7.983759980130954226e+00 -4.316648945654590896e+00
9.002072518722556538e+00 6.509635992934831528e+00 2.000804736799435268e+00 3.511187929787783268e+00
8.718854356066113809e+00 -1.702982263503330040e+00 -6.106977311450731527e+00 -3.590548337889873487e+00
1.197637563432086161e+00 6.234247937125931394e+00 -9.575743234352509958e+00 3.455529756686511078e+00
6.020773609675766025e+00 -2.736393822360229766e+00 4.172299983530691203e-01 8.686805702039368526e+00
-9.935749821948242300e+00 -6.611135175366902317e+00 -1.501395116866895973e-01 2.897438952926740363e+00
3.791239654773165491e+00 -2.722896785098679384e+00 3.111115359804548230e+00 6.144922905469027974e+00
7.508046836299703486e+00 8.490961402167405581e+00 -9.747593233321198980e+00 -7.238060800234904946e+00
3.539682653711191840e+00 -7.058883812247730205e+00 7.741902212801483607e+00 1.114854134123750118e+00
-8.388580930845051853e+00 -5.434359472642122491e+00 9.972222724784321812e+00 8.035089152200914242e+00
6.804916728766960965e-01 -9.451237228442284533e+00 1.035649429767436658e+01 -1.003388704628561889e+00
-4.156687304838565522e-01 -1.151936669830023074e+00 7.172466538721011808e+00 6.978655081127923765e+00
-8.056080504613037263e+00 -5.427544047029937424e+00 1.011373184609338871e+01 5.634931560822324492e+00
6.107688436220203521e+00 6.982136610963517676e+00 1.672638260227621965e+00 -3.220226977595867179e+00
5.997668576926436401e+00 8.185072782259686264e+00 -8.125027932421645005e+00 -5.171105600569116056e+00
4.716893798791614856e+00 3.232322859359516354e+00 -4.354500824353285893e+00 9.486136270384115221e+00
8.275437960654587144e+00 -2.805785555642413609e+00 -8.982652807518366700e+00 -4.500470608061863942e+00
4.657024151748266227e+00 3.848891738188441547e+00 -1.392526071361316342e-01 1.074269963316321785e+01
9.518518490195375659e-01 -1.861568279296889339e-01 7.788204976376158051e+00 6.434133171887825853e+00
9.745100596390653180e+00 9.364571110546883403e+00 4.893836221425356126e-01 2.115552336306952164e+00
6.087739195765069056e+00 -2.276320751879473470e+00 -4.395940119625525444e-01 7.318062791699082581e+00
7.735473484531170563e+00 8.980902759493721632e+00 -3.663341126307397833e+00 1.810243320173081649e-01
6.718456505219796426e+00 8.606475105921221669e+00 -3.593866985384415180e+00 -6.446488935533889464e-01
-1.072334969376935732e+00 1.608674693285009338e-01 5.099107854404810070e+00 6.537514229170446001e+00
-8.074074861743413933e+00 -4.203140311269658369e+00 -2.151085484365478084e+00 9.539504511759968608e+00
-1.005955857995658498e+01 -6.994801406232666885e+00 -3.150653093015661099e+00 1.147068917112549435e+01
6.377068983085874443e+00 6.924246889437406516e+00 -2.875431208542448935e+00 -1.532399026506119144e+00
-5.513004266026150013e+00 2.020191120606269930e+00 7.879523344129067297e+00 -7.822718815125412339e-02
1.129432102178265040e+01 7.135427407422526791e+00 -4.143662159717815818e-01 2.415010902584127095e+00
-6.021052863516061393e+00 -6.922964794225732632e+00 9.367942586622076684e-01 4.807980290125040135e+00
-8.449877118047734115e+00 -3.159797293193013168e+00 -7.582440730786037530e-01 3.988497628445190735e+00
-6.439878652068485643e+00 -3.588684354364418461e+00 9.229306673771015213e+00 7.308211585536350086e+00
-5.639520587672870455e+00 4.860950013980513518e+00 7.480446444807840045e+00 1.205683227398435253e+00
4.926948881463985686e+00 -7.671530130850186424e+00 9.053075018201992563e+00 -6.369105104757329938e-01
7.454450464134849685e-01 4.780494400299764912e+00 -1.079051874240505526e+01 4.064615232116637777e+00
5.415803610369295917e+00 7.097837265222199044e+00 -1.316026038977780033e+00 7.206021568773889996e+00
2.486094514248657461e+00 4.561326583126578349e+00 -7.177991608491320008e+00 3.903681606199910448e+00
4.006965285619978889e-01 5.714906558866065467e+00 -6.202253081220870712e+00 3.510771890032297282e+00
1.227448672787089912e+00 -1.000652812792576185e+01 8.530889804759091533e+00 -1.799077940633638795e-01
9.715542904604948404e+00 5.766397026260889902e+00 -7.457874398738110200e-01 1.794132788327535311e+00
2.245768337146506699e+00 -1.845720600403281786e+00 7.790159323752353870e+00 8.261518473863958434e+00
4.846248351149785805e+00 7.603508695256286920e+00 -8.045658786719529942e+00 -4.332574484391905401e+00
2.138989814803438527e+00 4.165825781208400969e+00 -8.898549619069761718e+00 2.407299836003845339e+00
-3.884337848557704032e+00 2.431023804512568720e+00 4.139651876089759597e+00 1.908595052465636099e+00
1.080044719355485050e+01 7.076282195895474025e+00 1.467438165488177626e+00 2.680878153488410742e-01
-5.383609649492297144e+00 2.047593236081751922e+00 6.644866813969180441e+00 1.043932182419376797e+00
7.441886041199794022e+00 1.199040973405887733e+01 -4.108904271368643002e+00 1.544038327591679138e-01
-5.812621033841142371e+00 -4.638513566508994934e+00 6.737496327824495923e-01 5.065502643414268036e+00
-9.180698232777533718e+00 -6.374410727194178783e+00 -3.340606676001814712e+00 1.002010123458277491e+01
5.536538894342718287e+00 -6.771738249363385087e+00 -8.070390323968823054e+00 6.369723479179665304e+00
7.589822353509252828e+00 -1.419067476466789657e+00 -5.864164156571674447e+00 -6.310341209902752269e+00
5.452881565792611518e+00 7.188205437531853370e+00 1.582587213800753512e-01 -4.580791407776404256e+00
5.827682969234516008e+00 -5.410531503983452950e+00 -1.002799817304060781e+01 6.912890119710116466e+00
6.006592114005579575e+00 -2.413794711607896382e+00 -3.780968178721748618e-01 7.573651319201884391e+00
9.199883436664698877e+00 -7.051019977427058549e+00 -1.012867414721951853e+01 8.060282058039092590e+00
1.061604881240177534e+01 7.886481274085623383e+00 1.027452310309751482e+00 1.542482802286502697e+00
-1.013976215777864098e+01 -3.313919500489551417e+00 5.303909636120006654e-01 3.332791101335521589e+00
5.976645874249018053e-01 5.770285243113872475e+00 -9.681567896627134573e+00 3.181055508754393024e+00
-5.740009870888261645e+00 -8.210583050158190233e+00 6.454866030713469760e-01 7.172126160150959606e+00
7.222818451204161327e+00 -6.055860295836104967e+00 4.864731276039429009e-01 5.039344608310367235e+00
1.310661251484771483e+01 7.218081936380015051e+00 9.804485180503269559e-02 2.048092818906926293e+00
9.140383725521578739e+00 4.773012071130709799e+00 1.162907768185145407e+00 1.151136392625235150e+00
2.186522776403514445e+00 -6.031534918321350247e+00 1.027811538772734501e+01 1.587549474179033915e+00
6.110695565049811151e+00 6.448318748704104486e+00 1.008863041807801064e+00 -2.550961431002468416e+00
7.123262676503096635e+00 5.622634714653422350e+00 -7.304813351908503449e+00 -4.353834843628026974e+00
6.231959935909046067e+00 -2.957882081009938435e+00 -8.741235837955301236e+00 -4.702557918818349947e+00
1.136911126316005927e+01 6.420723723143658468e+00 -6.019522458354632510e-01 3.819750464878550744e+00
7.394624337446863649e+00 7.880389740963398282e+00 1.951980119770623245e+00 -2.098070797378682517e+00
1.067343714237920871e+01 6.514777635118096377e+00 1.877266415778085618e+00 9.513021866781934399e-02
3.799369390233093391e+00 -2.610748702138570021e+00 9.907080256366723736e-02 8.957743376314734718e+00
8.379485595621581240e+00 7.443273170275472417e+00 -2.942069695322889089e+00 -1.707068050860464314e+00
-6.900902939716715423e+00 3.733509673731496559e+00 5.996069571359435635e+00 2.160147955920998619e+00
3.761277934005170298e+00 5.808541934517519323e-02 -1.430477586142430146e+00 7.133269702722556005e+00
8.584094682917619679e+00 8.022135691435556382e+00 -3.656185885532231561e-01 3.031389134504814731e+00
6.288539977197532771e+00 4.958203054858539183e+00 9.699813282209990284e-02 9.289885269100263798e+00
-6.630285808293456817e+00 -4.379104500515276222e+00 1.046369801558162393e+01 7.229321999061166792e+00
-6.653769063214474144e+00 -5.465211274795876761e+00 -7.255564221429882110e-01 4.489187858491982652e+00
7.679294231766065515e+00 1.005966996794213308e+01 -1.428426283083053860e+00 -1.779293093779289681e+00
5.906678067565209744e+00 6.494457451695563321e+00 1.303846034568267420e+00 -3.434435036508784567e+00
-5.820369342056988415e+00 2.654280442327562550e+00 8.359043567246766671e+00 1.913984237108648401e+00
-2.907656934539402549e+00 4.607575757406340955e+00 6.059775891216430566e+00 2.369386426187664874e-01
-9.606143826797325147e+00 -5.881789250804050795e+00 -5.293383103076796520e-02 4.314450825634144948e+00
5.360792984001265360e+00 9.379357580771713998e+00 -3.869968410933133818e+00 -1.088093178832288954e+00
7.527233299326214322e+00 6.304065384706099451e+00 -4.256671470928464984e+00 -8.202127021744736179e-01
7.089595021196565483e+00 5.924509807073843781e+00 -1.922515524155773869e+00 9.802044081917363982e+00
-7.837943541177809337e+00 -5.505977483873723877e+00 9.971041422340945815e+00 6.558536418741102381e+00
9.117046248326770908e+00 -4.602330346180152354e+00 -8.157042289012061076e+00 -1.950712378725557139e+00
1.065108649114336670e+00 -1.224804420207493916e+00 8.634816562766971515e+00 5.258290932019047403e+00
6.617423390800079019e+00 -4.512043770170217627e+00 -1.023057806842489192e+01 6.453435507675968630e+00
4.229694909452264007e-02 5.288507966598452015e+00 -8.763939777229667882e+00 3.012572316609364975e+00
-2.358574604760280025e+00 -5.324494516413976086e+00 -2.550038961270764126e-01 3.940141330912412254e+00
-8.741698153784197567e-01 -1.289105750664115702e+00 7.117036207762105882e+00 8.388396127261074753e+00
2.228047654414653245e+00 -9.515087160784982956e+00 9.217878136489217056e+00 -5.064933375752548317e-01
6.547999855880735076e-01 6.137599701023651377e+00 -7.582354065003038102e+00 2.494332641739161360e+00
3.876663861476921102e+00 6.012401216004205295e+00 -2.521148748543172058e+00 -2.537253499656551448e+00
7.410699660215113838e+00 7.853024233945131272e+00 -1.030381493216124689e+01 -3.836449145056505916e+00
4.408731570552857804e+00 7.412709875386729763e+00 -3.382132554163868043e+00 -1.650739922179073504e+00
3.303803696954181301e+00 -1.146241068825831277e+01 1.060516719393887364e+01 -1.417488047996454004e+00
4.458192759183708276e+00 -4.396731829783165679e+00 -1.162304758100195512e+00 7.832956746112282431e+00
2.068114348434950678e+00 5.339385762005571578e+00 -1.007633589942468788e+01 3.788887293906660680e+00
5.217754509857037704e+00 -2.830846745650038354e+00 2.238868229923930198e+00 7.256117556347291497e+00
6.006481396286472041e+00 5.358798944193412517e+00 -1.308301686335200609e+00 1.193876423699344436e+01
6.562992646154620857e+00 5.857939823227969356e+00 -7.020470321995850860e+00 -1.304358567122730239e+00
8.523215387931358578e+00 8.068206635725402975e+00 -6.288579972190664336e+00 -5.434521760191467266e+00
7.263445579544245412e+00 -6.343966489891810667e+00 -8.056368405428267820e+00 6.564074466689161724e+00
1.034109672586081174e+01 -4.774748118850499878e+00 -6.041528798319231619e+00 -3.633765466741313066e+00
9.082902178391221160e-01 -7.832842916715800907e-01 9.229316393711334499e+00 6.863176623753867389e+00
-5.867966241663372884e+00 -6.540489871034505853e+00 3.055727120839001748e-02 1.689756741917169958e+00
1.009319282924899586e+00 -7.879063244637018570e+00 7.550183188635388731e+00 2.819162056737991584e+00
1.916288080364253688e+00 -1.005168663384946726e+01 8.959299579529883317e+00 -1.577399402957442298e-01
8.145685558818358984e+00 9.549499878841832157e+00 -8.509356995093611431e+00 -4.975953438253236882e+00
-7.798362117695146978e+00 -3.840687969221906695e+00 8.725747399712384222e+00 7.075483951494327073e+00
3.412389534471059527e+00 5.623022734181167159e+00 -1.644079079706143087e+00 9.237409244476125991e+00
7.039610688551476869e+00 7.209167614759280696e+00 -1.217782701087740671e-01 8.328348546638727257e+00
-6.131635396754120393e+00 3.810682433370200073e+00 4.880418545227428240e+00 1.508101697368886551e+00
-7.319330310246163762e+00 -4.961521464436106754e+00 -4.051169741253503709e+00 1.009776972789404148e+01
6.156558632009282661e+00 7.288704761912552677e+00 4.747972099646026733e-01 -4.243164887249729844e+00
1.470628422898421883e+00 5.639106202163730153e+00 -8.910465254471137797e+00 3.842704146647152985e+00
7.236139996752960712e+00 -5.124098779600357645e+00 -5.487373097484456785e+00 -3.794510924837855903e+00
6.411318028018006210e+00 -6.474856418925822865e+00 -8.716307635351389749e+00 7.063741239313198861e+00
8.328427278161653291e+00 -7.734451866659181718e+00 -8.426400182391557081e+00 8.440797344462213303e+00
6.566839823268327159e+00 -2.928429141375744837e+00 -6.797138083101549100e+00 -3.731202003658074862e+00
8.059788221560213017e+00 -6.138298240867925415e+00 -9.541979139779076746e+00 6.586211955459591927e+00
-7.327254751933436339e+00 -4.975665941596090214e+00 3.732689262337762770e-02 6.086611681732858159e+00
-9.683158641912214648e+00 -3.458289181564748738e+00 3.692615680890837249e-01 5.750840077706907749e+00
7.486658135557545002e+00 -3.489601459377976056e+00 -8.479519701466555759e+00 -3.689542578035257758e+00
-1.242650804780156992e+00 9.364704696621770630e-01 6.307585393106369231e+00 5.053363696743613964e+00
3.044475039021739882e+00 -9.382122044287660501e+00 1.044646749421116461e+01 -5.755091254011086566e-01
5.163471564112141365e+00 6.487551647908559538e+00 2.108526941385636455e+00 -2.778545108008039666e+00
-3.359581078564729761e+00 3.608257598669162292e+00 5.061460551925599738e+00 1.650121009604432754e+00
9.518132771389223867e-01 5.611285867165782371e+00 -8.280846123402779924e+00 3.077963568939489747e+00
7.030216837622267789e+00 9.193916601957303314e+00 3.755405406034111326e-01 1.163436854685549982e+01
1.275934213294232622e+00 -1.161217591538007188e+00 6.306895912298208451e+00 7.884510157301162891e+00
-7.925925771353641736e+00 -4.204113811395874478e+00 -5.424288879740473135e-01 4.944569075783361356e+00
6.455637467863454049e+00 5.523926811741444176e+00 2.179086466248846943e+00 -3.849485414760783542e+00
6.853551005818838249e+00 8.990739104847623508e+00 -2.208173349607023717e+00 1.806615977685362751e+00
9.293501560644518378e+00 -2.694430732756356583e+00 3.296242470299621363e+00 7.588221937513234039e+00
-7.748306925460084926e+00 -6.083377318041664594e+00 9.258831781503401359e+00 6.692767497631900930e+00
6.535541412156090857e+00 6.733363362381070694e+00 -8.455649249040570581e+00 -6.713023912477141586e+00
8.228870868434768227e+00 6.775701816484253293e+00 -1.361561980529840898e+00 6.507193748183358606e-01
-1.147255901157705793e+01 -3.581701997917729585e+00 -3.578114934161138017e+00 9.656825455699957317e+00
8.640961874852870039e+00 5.896214370807838279e+00 2.911373284915165005e+00 -2.698288836031518922e+00
-6.794578368739206731e+00 -6.249537962068013819e+00 -2.180675727015657372e-01 4.697033520954264851e+00
-7.617430422241278087e+00 -5.689206554878079913e+00 -3.369991801832817213e+00 9.769136427603598349e+00
8.182306534654523844e+00 9.949123609526669298e+00 -3.248756753214733006e+00 -1.362443091703213760e-02
-7.348545709424815442e+00 -7.336051054705889918e+00 1.271679853111910452e+00 4.314992069219356630e+00
8.902404738416024088e+00 6.685772644606607251e+00 1.195630050294113511e+00 1.932136964925154965e+00
9.700701263475347558e-01 4.692598389819407245e+00 -1.162739896248493565e+01 4.043818764369009777e+00
4.483705086392625994e+00 7.179232948835091221e+00 -2.202275700089923571e+00 1.047353106764120945e+01
7.962398220642658231e+00 -6.179020412239963456e+00 -1.007377044003196609e+01 6.027140092072453825e+00
-7.554105138245176931e+00 -4.210550419749835349e+00 -1.183112919770094029e+00 4.318869143726097093e+00
5.974802181233172860e+00 6.661951190369933329e+00 9.818641020177770740e-01 -2.139359653850252840e+00
-1.653566031888517585e-02 -7.995172426882157790e-02 6.679602572111970282e+00 5.863857822818184573e+00
7.214195519723581640e+00 -5.494440629352565608e+00 -1.020163580466035036e+01 7.246019255259508185e+00
8.893988622818710610e+00 6.748051811997421545e+00 7.857253227627705172e-01 1.039569279401732826e+00
1.005361350473427251e+01 -2.495549765091007011e+00 -6.165704934854109531e+00 -3.313214937366305346e+00
6.468197647853361154e+00 8.840631940981969805e+00 -8.831621677591417807e+00 -6.527211691756369838e+00
1.187727061507510307e+01 6.701122825938841565e+00 -5.162655865712539871e-01 1.636002933146151195e+00
4.136124672263557400e+00 6.843984949225674796e+00 1.107753796767897203e+00 -4.335450316298249618e+00
-1.253469371975751256e+00 -1.096124730930086777e+00 9.338796707699264843e+00 8.410487892879730865e+00
-7.210056103409599793e+00 -3.929502847111288499e+00 9.164140295352764198e+00 5.929754966499093172e+00
5.726410935792191736e+00 -3.812468859091482365e+00 -6.620699230448952477e+00 -4.943536509305348048e+00
-8.794463110302164210e+00 -4.701372681881962556e+00 1.488231759913329899e+00 2.908778990486063698e+00
-6.796480024798653652e+00 -4.030915671977311376e+00 9.034707054613157595e+00 7.283101936380411701e+00
2.499577836891473392e+00 3.854618230542362411e+00 -1.094134747907542149e+01 5.628980197537645225e+00
7.744723554897505302e+00 9.629545488547941900e+00 -3.082601661298616680e+00 -1.478000270452618725e+00
8.839811503470526022e-01 6.043538494667940242e+00 -1.050953020498340251e+01 2.475601085874868712e+00
-1.795901410229742146e+00 -1.111481942582344118e+00 6.041969322509857854e+00 6.903440492693324160e+00
-4.138865490299159511e+00 4.892912165559946125e+00 7.878990120092694838e+00 2.162503070805408711e+00
9.538587761089665662e+00 6.645577728392189520e+00 5.895832308818244050e-02 2.065761097578612926e+00
6.239908080824941194e+00 5.487363299424833585e+00 1.722849364434209107e+00 1.028473511099843840e+01
5.278523044086777638e+00 5.334036504987457405e+00 9.470651319860271533e-01 -1.840682252928965923e+00
-7.628312121041846972e+00 -2.316291205461267211e+00 9.235160353903276942e+00 7.332359069860864054e+00
5.086462341222766526e+00 9.437105843600862798e+00 -4.168792462706884194e+00 -2.712269315964171756e+00
-1.496815697970983905e+00 4.103962066233670214e+00 5.566433570195055580e+00 1.050838514380746158e+00
-8.833135586727040689e+00 -7.001028393257168858e+00 1.129420631883955028e-01 4.429453038351769401e+00
-9.468400311021012428e-01 -2.110182465185794776e+00 6.910900772845865347e+00 7.598512820335007412e+00
9.403402998908498844e-01 -1.052871784855141879e+00 7.899533673470109818e+00 7.596170915350324293e+00
-6.182753108957311561e+00 -3.270631190458309412e+00 1.210221607195157034e+01 4.582896213985092615e+00
9.841239634858681029e+00 -3.250370579731775678e+00 -5.930391769316784689e+00 -3.738108286337507025e+00
1.492556666071142901e+00 6.740024662038107905e+00 -8.421735729652974456e+00 3.514429069110471371e+00
8.663407928243239908e+00 6.926780475829137806e+00 9.322261031436346324e-01 1.885047866915958492e+00
-5.652862180042921736e+00 4.044344487516410069e+00 6.897068094290130347e+00 -1.406832220557868718e+00
-5.141489879339170344e+00 3.216140626202666386e+00 6.735387762350780072e+00 5.604944399806627287e-01
5.275704901667054969e+00 8.409986917996404188e+00 -3.356334522952375998e+00 -1.663830259278739288e+00
4.500088878649568080e+00 4.916889399978666475e+00 4.588457935203127391e-02 -3.078073568872893517e+00
6.471621717831319565e+00 7.743149647690287907e+00 6.683712461561058804e-01 -4.343916236265112474e+00
-5.762374231099391508e+00 -6.141734578684761026e+00 9.095417146523907093e+00 7.304072019777324343e+00
9.668846178572024996e+00 6.508778927200278730e+00 -6.816308471929872770e-01 2.158501965697551039e+00
-8.059388773677257589e+00 -5.871916188377689139e+00 -1.956884842633955124e+00 9.978510976456698600e+00
8.793566617869336355e+00 6.470527043390161381e+00 -1.296652721019313725e+00 2.462231476948798736e+00
2.298216928429777539e+00 8.844424947703174666e+00 -3.988986263032485269e+00 -1.177330592350156468e+00
7.724128695908265563e+00 8.682752294986238795e+00 -4.179924468504906621e+00 -1.178090140691159693e+00
4.964786811144508150e-01 1.239515955073741127e+00 7.393962932225558227e+00 6.565015385446383966e+00
5.749115027445802717e+00 3.237193412091212252e+00 3.984110094894072418e+00 -8.709988726601949338e-01
1.245760745949960580e+01 5.701790804957723502e+00 -1.278576456785175397e+00 2.283049847996990955e+00
-8.975782430556813907e+00 -3.472897408998726121e+00 -4.623394721552019249e+00 8.360087774666485672e+00
5.131190451364937566e+00 8.872865587973972623e+00 -4.858660842431850035e+00 -1.782749158621990127e+00
-6.167862292804845659e+00 -4.053979770599259069e+00 1.011758909314282029e+01 8.206958684552578376e+00
-8.137123468734232645e+00 -6.905578147350150076e+00 -1.014585334532985827e+00 3.562470057126082779e+00
5.976541335118091602e+00 5.264569871405074153e+00 2.335609343220159673e+00 -2.531245807189100194e+00
5.829806488648087814e+00 6.648007474326806054e+00 -8.162543319643938977e-01 8.995272976834247203e+00
-5.249545986877860670e+00 -3.185134404553864318e+00 7.757971341185228908e+00 6.369479715476233039e+00
8.266982549881271680e+00 -4.330665466578229150e+00 -6.004251745870689660e+00 -4.331504323574199233e+00
-1.037725812369113765e+00 -8.729771413772046129e-01 6.963459089748035957e+00 7.054810637860717826e+00
-5.673109035584141147e+00 -3.675086698712344280e+00 -4.521689499634975462e+00 8.838573962686483654e+00
1.042221659719660920e+01 6.578920278078951078e+00 2.131225208529855530e-01 1.094272989262686790e+00
1.130476934895670915e+00 4.784137266002313815e+00 -9.841715682620149508e+00 2.058471637487507166e+00
1.180880326862120278e+01 8.045882869340982069e+00 9.940365263109592897e-01 2.063153144588900201e+00
2.063349648625864674e+00 6.076906875883449466e+00 -1.089976620310014255e+01 6.098503383428700353e+00
5.706592421979234331e+00 6.944339941346006739e+00 6.452616495122451834e-01 1.182288041510944865e+01
-8.848596026490231026e+00 -3.301800305214662501e+00 -3.297548174806230303e+00 9.711013925951732517e+00
3.289894514500226741e+00 -6.373204220517338925e+00 1.163920693973381759e+01 2.106244708313422809e+00
7.975024119050287297e+00 -4.540546313746078866e+00 1.237490835336802153e+00 6.351155863196293438e+00
-5.135139500033918836e+00 -4.660208247976091123e+00 1.074745133334588232e+01 7.411252599137114316e+00
-6.330034952132173487e+00 -5.573078052884602229e+00 -1.590804765011956112e+00 8.708623465809445463e+00
-5.595388279883530824e-01 -1.228290769247153857e+00 9.150571658093829441e+00 5.830765855678235354e+00
5.915316596817785211e+00 -4.980334331040676688e-01 -4.157223490040282687e-01 8.552431867142789912e+00
4.703300998281498835e+00 2.697729679194695862e+00 4.475727093891949671e-01 -2.497280353140373332e+00
4.695978900759325114e+00 4.560943927055422620e+00 -1.288557963203394330e+00 1.287293718622305683e+01
5.471742355599524821e+00 -8.603554502661364012e+00 1.089785612408258508e+01 7.583507055368561289e-01
3.161488124783843556e+00 -1.012717617107470325e+01 7.347644753998868516e+00 2.510874880463579206e+00
-3.595573213695220538e+00 4.181844261392763329e+00 7.651667763104494924e+00 8.729408641946354575e-01
6.197678587900715463e+00 -6.287795497552087554e+00 -8.593947727297370776e+00 5.837091546391962815e+00
1.510375287451898974e+00 -4.650790044441891480e-01 9.655162328656830439e+00 6.675884116121128642e+00
7.250771894237457715e+00 9.280148614938928731e+00 -2.638741852095348506e+00 -2.468319722394459736e-01
-6.031113679908902903e+00 -4.460242097406472261e+00 9.466707781599035698e+00 8.458450878257060879e+00
5.890828789472080551e+00 5.424566951941381276e+00 -2.712372171785089048e-01 -5.195163594359614834e+00
-3.233745624004890296e+00 4.386168589472514867e+00 5.680193684413116451e+00 9.688173243436670745e-01
7.706676455589805741e+00 7.135945791921583847e+00 1.274903013170431532e+00 -3.638716497486126134e+00
5.993494937261307776e+00 -3.501098785507526845e+00 -6.180260929685500670e+00 -4.016687022974966048e+00
-6.542678121462276231e+00 -4.196721349443207849e+00 8.223975926023607386e+00 6.328878561984232043e+00
4.689178912127471843e-01 7.444355657495188794e+00 -1.086962294390527006e+01 5.428810937086375965e+00
1.100185856812813512e+01 6.299601206313877100e+00 -4.272289952650355493e-01 1.639592512142576730e+00
5.955826238797307326e+00 8.271782833785534805e+00 -3.434060922059238408e+00 6.188208085897515254e-01
-8.489384264549979520e+00 -6.679114169003645962e+00 -1.831514984613243913e-01 5.965613757518042348e+00
3.060977973706688449e+00 -9.607753906999674243e+00 1.089191303422919610e+01 2.576065937761186309e+00
7.118489396604468666e+00 -6.433847350541978649e+00 -8.889442195348937759e+00 5.472541767413703795e+00
4.294141383790666566e+00 -8.725161807663237568e+00 9.616997975547693756e+00 3.697315940277055568e-01
8.423186438941938192e+00 -4.881905689513407864e+00 -8.036305142751302810e+00 5.538324837800985279e+00
-5.942081163067054028e+00 -3.965918249472695223e+00 9.483945477245887545e+00 7.089002958568161539e+00
7.866694659864848838e+00 -4.293766649914265265e+00 -7.225070040519538495e+00 -2.660417430001431605e+00
-7.187403900448683380e+00 -5.526547602945672821e+00 -1.990572827075534956e+00 4.038690733359207030e+00
2.982701379347902026e+00 -9.296938385657249171e+00 9.117716736556108259e+00 5.674038026444525595e-01
4.603626087807148437e+00 4.411714388351393623e+00 -2.821175100106214195e+00 8.907894376887437460e+00
9.272008170106797564e+00 -5.005312776168628908e+00 -9.774328756875103608e+00 7.395629126818576538e+00
4.565198495784461130e+00 -4.453596836139982251e+00 1.084690288494108534e+00 6.023480268130590787e+00
6.455746441614866882e+00 1.084063038658386979e+01 -1.290163226755351999e+00 -1.595409664113450088e+00
-8.545239122644970209e+00 -3.999822101168856392e+00 -3.246755780529215318e+00 4.411056503479863444e+00
8.241640307307587676e+00 -6.431263906106664763e+00 -8.911310211729459141e+00 7.150354834083593403e+00
7.061219244703658582e+00 -7.894057198646057927e+00 -1.092944643227621171e+01 5.792326399701125617e+00
2.396354883112717715e+00 5.913006616544684846e+00 -8.880498505101387607e+00 4.050268639651437574e+00
1.770498675395846711e+00 -7.677232685435635418e+00 1.192771041646660812e+01 9.149475653931584684e-01
-9.162884822970710275e+00 -5.630514054346379638e+00 -4.745612219601913040e+00 9.096616755362635587e+00
-6.796312291275371287e+00 -2.431691267778097743e+00 2.729057773656534125e-01 5.987346378280375525e+00
4.025926594481326504e+00 5.614857065998854146e+00 -1.324631888339149022e+00 9.575305337656741855e+00
-6.742860905776840497e+00 -5.681039004163669581e+00 -4.114517995686439278e+00 1.053200351831914361e+01
-8.350673945499575979e+00 -3.786129619261786594e+00 7.627728887992999418e-01 3.492417276692493022e+00
-7.918268286001822753e-01 1.887374751156621233e+00 9.455914373383325966e+00 7.941455316752428217e+00
-7.677576069156022420e+00 -5.783602761043546536e+00 -2.924542508409012864e+00 8.538933026764404133e+00
4.854588903736272165e+00 -5.123339302715025134e+00 -1.100889902050175451e+01 7.276836638143316272e+00
7.022187775462112036e-01 4.340556367309394981e-01 7.894138444651667363e+00 6.829183499544128289e+00
7.444460698417855404e+00 7.220461299961426604e+00 -8.011804594181771932e+00 -4.260969685388180217e+00
7.682423690111302328e+00 8.147707861219066316e+00 -8.747073308450339368e+00 -6.824022507802646409e+00
-2.610286353135728543e+00 3.947248441524506823e+00 5.969188686878355909e+00 1.141068205928169377e+00
6.417749447292005804e+00 -3.565130824946328048e+00 -5.285581176799237779e-01 1.034930168755276014e+01
9.999385115918857370e-01 -2.103699283915581475e+00 7.238159502209974505e+00 5.841842159795345601e+00
6.508303962902678208e+00 -8.303945563927809914e+00 -9.473485160449072850e+00 5.831352656847656135e+00
1.753372518560671001e+00 -4.477876867306601061e-01 9.001595558942106834e+00 8.013514189942277710e+00
1.064688155971969508e+01 6.653526355179630869e+00 7.509098870299859563e-01 2.946569617790107731e+00
7.555137944989288812e+00 6.296947056405758580e+00 -1.061345639954337283e+00 -3.981834856993649474e+00
2.582052177059600773e+00 4.502872712346374762e+00 -9.185761430535414718e+00 1.366188442723385688e+00
1.008102239330511019e+01 6.687968302458377146e+00 5.223878266009513993e-01 2.297836822826045733e+00
9.766949428534690725e+00 7.120242961736531484e+00 -2.650663370649447015e-01 9.971723683880715505e-01
-2.030688321838508337e+00 8.135692134101428774e-01 4.004578455306548435e+00 8.372613376034445665e+00
7.332052718131764735e+00 -2.278818221149592205e+00 2.398862832592063121e+00 8.306790370372761245e+00
-6.080121012956803739e+00 -6.606635819389744313e+00 1.303684133299399361e+00 5.300679009590089308e+00
2.588202411048196261e+00 4.954400914831248670e+00 -1.201269249087681956e+01 2.787873550014087876e+00
1.007421915074994700e+01 5.763761967709924328e+00 5.489922964909397241e-01 8.569004702366838089e-01
5.728908774047640762e+00 7.731070702905202374e+00 -2.084016897744049857e+00 8.278612191944485943e+00
1.544416907442761611e-01 -4.753162284206224886e-02 9.308579841806228217e+00 5.779269242135369744e+00
3.002430983848825008e+00 -8.816527849116756244e+00 9.200349778560822145e+00 -1.269700833347484181e+00
9.088693395422227539e+00 7.180709352329114559e+00 -7.378437699088277180e-01 2.355663037817854466e+00
8.681772795752706884e+00 9.244129669355221068e+00 -3.237108448666575100e+00 -1.597684670394830864e+00
9.962911671476742725e+00 6.162050277142151700e+00 -2.781792134938615435e-02 1.025419167236050200e+00
9.164473085389962748e+00 -4.045558075558990829e+00 -3.035407610934164779e+00 -3.774797624822696651e+00
-8.909039873402849752e-01 -1.428690428104635757e+00 7.256527735184555183e+00 6.223357390037826065e+00
-4.764464126457134796e+00 1.092616253244854452e+00 8.940891006392565288e+00 7.876019685545434523e-01
7.446007561475191494e+00 8.670672667892681318e+00 -3.674163111708848906e+00 -2.175954042577741276e+00
-9.181090943322733011e+00 -5.247244969238966661e+00 -4.421618763301488286e+00 8.214495523197882676e+00
8.362842258369786563e+00 8.361096176594806195e+00 -7.133489850824251022e+00 -4.624204122811889306e+00
6.416978888615454402e+00 7.060695357044350473e+00 -8.165110980641340888e+00 -4.953615597114149338e+00
7.084177088469208350e+00 8.349566409276439671e+00 -1.043661635460648718e+00 2.882699541817923539e-01
5.903548576789616753e+00 5.573161005744402097e+00 -1.381309127985326235e+00 -5.489044814944520567e+00
-3.264106414862955496e+00 1.666217483442042679e+00 5.118082706823618544e+00 5.513812435755529595e-01
5.420982151724438758e+00 -1.443113127252194205e+00 1.306069058802975302e+00 8.019551319339777606e+00
-5.242535157020677516e+00 -5.129828798334432172e+00 1.029343448142264972e+00 2.320538241374847210e+00
5.627425147425790364e+00 6.118375034456599693e+00 3.687406433002253792e-01 7.136133918812543442e+00
7.343638451527737310e+00 9.705240520806952986e+00 -9.015576603717750714e+00 -5.925609920826312660e+00
7.887140187623945309e+00 7.736192273091260674e+00 -2.732237809362644043e+00 1.744218761643296922e-01
7.937334776311053552e-01 8.992810845130618791e-01 7.287087877987190154e+00 7.869030270976479002e+00
6.480640418006289316e+00 -7.232811667028982150e+00 -8.656705009489620295e+00 7.119691935888392997e+00
6.738790783351516822e+00 4.684188313831937123e+00 1.319820557669787675e+00 -3.002867533266604383e+00
5.329481927877217196e+00 5.875504630549535534e+00 6.660580623989966753e-01 1.248251432535046490e+01
-6.235033976525624411e+00 -6.407167200786855865e+00 1.027126511771426776e+00 4.945163967839912189e+00
5.503894460195382976e+00 7.637336808405589039e+00 2.203135983417591426e+00 -1.743943853346798134e+00
-7.537716417747008180e+00 -7.180089906107571807e+00 -3.351445155942364695e-01 5.110173720644048956e+00
6.030173063156613722e+00 -4.762955751333833199e+00 4.805232670189413247e-02 5.501093715228888570e+00
-8.307147545277551615e+00 -8.299494336268349315e+00 8.531980428728831445e-01 4.137122000362258412e+00
6.079134119942754211e+00 8.561836224364789416e+00 -3.777584520727701012e+00 -6.786513841817513049e-01
9.096281442639710946e+00 7.443803311861420191e+00 8.594522934775802869e-02 2.213493178410250728e+00
5.255331941686019803e+00 6.887194721163583111e+00 -5.480531008631902568e-01 1.070981963649546387e+01
3.075872283175228539e+00 6.700373354275436455e+00 -1.279227914573756841e+00 1.016635138946611150e+01
1.727590976345331875e+00 5.302821996209183375e+00 -9.140893792975626653e+00 2.177713169226628498e+00
4.704224508182731412e+00 -6.721129635925652046e+00 -8.171275811278057688e+00 6.837270259697141306e+00
8.875832732635052125e+00 8.951677328901698871e+00 -1.018527002784885660e+01 -5.373990078696218475e+00
7.715297762605975329e+00 6.574579444343644496e+00 5.546747112323346940e-02 9.809291322048602879e+00
5.113336960530366682e+00 5.954293506003238257e+00 1.072129533274486679e+00 1.066057431575777770e+01
7.892353542435643021e+00 -1.535979232796577110e+00 -2.581642580358978201e+00 5.717541976304778117e+00
9.017186263107229038e+00 6.819436218441209618e+00 1.652513165848402243e+00 1.628648328980440763e+00
3.448600113138169387e+00 -1.049123006961056070e+01 9.073620394286908919e+00 1.609321048002805954e+00
5.143230301932526061e+00 9.602842955690661597e+00 -9.201600175522543168e+00 -5.561765244671754260e+00
6.226552649594404798e+00 8.364083812774850912e+00 -9.721984386874533257e+00 -5.132562044682281943e+00
-8.918217941074358279e+00 -3.701477048739395315e+00 -2.464008683017466339e+00 8.976719251441940273e+00
5.591370286721590865e+00 7.329461846562483451e+00 -5.097348712387594905e-02 -4.657371524179372280e+00
7.286658007395946157e+00 9.140575818531486263e+00 -3.004851676707867902e+00 -3.758041374098601839e-01
-2.139206019921580992e+00 2.319718931349281199e+00 9.133355857476033179e+00 -1.477417721193009514e+00
7.141401269581315603e+00 -6.565295692655091386e+00 -9.317256682997388850e+00 6.196645506930843261e+00
8.696822175934824983e+00 5.406275517156238664e+00 -6.519456420568520150e-01 1.476654473406111334e+00
2.619701040609947906e+00 5.395748477720327507e+00 -9.494524032557528415e+00 4.490903094588338362e+00
-8.472343808851864111e+00 -6.337909314466664057e+00 5.756485692593864556e-01 6.685352510410471183e+00
8.317958993139930257e+00 -2.411883207745910251e+00 -6.863232703253149936e+00 -5.649155708543879939e+00
-7.152921149033138803e+00 -5.517770786679768058e+00 -1.098035482492319304e+00 9.679327525118672781e+00
2.613483848723491931e+00 -7.224018417466206543e+00 6.308392298239733798e+00 -2.147554147809434433e+00
5.226479414595580408e+00 5.645809813212261830e+00 -1.246516166558030214e+00 -4.303472840792831988e+00
-5.337839553932978376e+00 -7.747805573004349355e+00 -3.474197903509833596e-01 4.936287969793335506e+00
-7.024182239416709272e+00 -6.067061902393001027e+00 -3.433400777329353115e+00 9.547881159793217165e+00
5.196711160230273130e+00 1.535974640739664387e+00 -1.251005768500316417e+00 1.013644286320934995e+01
-7.598316758378850011e+00 -6.093554452208779892e+00 -2.977237106873124040e-01 6.012914559647879464e+00
1.547857374786583806e+00 -7.547392362256591269e+00 7.872571946041181157e+00 2.616627340091326914e+00
-5.743514550324111845e+00 -2.922010443554834414e+00 7.552307610057249931e+00 8.702142248052815887e+00
6.657863569706986340e+00 9.656346364615256306e+00 5.990588481756675687e-01 -1.984137229383105439e+00
5.399858331257396671e+00 9.604660110059281664e+00 -8.351925217372629717e+00 -6.068305578828488756e+00
-9.834067690168486919e+00 -3.982462415278685164e+00 -3.565981605077543914e+00 8.279305978417060174e+00
-6.291105497222808651e+00 -3.780298342382522936e+00 1.088461673524724738e+01 7.035896544466638147e+00
8.247896994252023717e+00 8.369761950723253463e+00 -5.878449065944693075e+00 -6.821295148917921880e-01
6.885555074977999013e+00 -2.767549170793318414e+00 -7.936714143335483751e-01 9.013631116482731187e+00
4.000110233159083428e+00 4.262007020783078914e+00 -7.001420973797162217e-01 1.018572823814294637e+01
8.075379351979727005e+00 4.616322456612076408e+00 -4.963187176035155357e-02 -2.508140974020806269e+00
5.255310065784954077e+00 4.177202064464454523e+00 -2.219032257485378246e-01 -2.411204608190561149e+00
6.845823371057855766e+00 -5.343692942043935190e+00 9.638043245273640869e-01 6.006496325291870164e+00
8.104917499159256522e+00 -5.346512535052180937e+00 -8.277480114092156782e+00 7.649549699210998810e+00
6.741910760001605496e+00 -5.258940671218383933e+00 1.460385484884843654e+00 7.658944920487115837e+00
6.046341122927200828e+00 -4.143742957487856593e+00 1.117371829869232336e+00 7.357550971238575599e+00
-8.278856966904047709e+00 -3.957817115561164112e+00 8.706288831920064197e+00 8.770867868595345840e+00
-5.135317247731846280e+00 -1.972259972367983227e+00 1.017367963060099534e+01 6.386640474501650289e+00
5.984599120334204159e+00 6.492354724318515125e+00 -2.155802557668443864e+00 9.145186020848042219e+00
-1.104009633760239417e+01 -5.612390219609993736e+00 -2.680984250475394681e+00 1.030428054330750776e+01
3.867900897726463505e+00 -7.026144566117293877e+00 1.032682561643111008e+01 -1.223913355683237114e+00
4.523273643308560743e+00 -9.479169314050247763e+00 8.647859070222187583e+00 1.728134567434329139e+00
4.294995374124048748e-01 -2.095574822809866511e+00 3.992275946885520899e+00 6.903359427887119537e+00
-9.715343837894345747e-01 1.895029785631589636e+00 7.479152613294438368e+00 6.725403571518633328e+00
1.837136746266736731e+00 -7.504044830103605790e+00 1.070234956121723258e+01 -2.112460203409449733e-01
4.689644675653192429e+00 5.351475290575102406e+00 -2.252906143076720102e+00 9.928361303426278539e+00
3.526676638260970442e+00 3.721733708189918222e+00 -4.046249812278920888e-01 1.006874984260839945e+01
6.624665983178060991e+00 5.283864016085884963e+00 1.574661584541541037e+00 -3.282333778957767567e+00
3.882824698987672907e+00 -5.675861435572066682e+00 9.330176135029635276e+00 7.463748194821040460e-03
8.382503292550323337e+00 8.783859984362306861e+00 -9.103342356656042966e+00 -4.107159219366201874e+00
1.626645376947026600e+00 -1.359341164233557109e+01 1.046508802155173434e+01 -3.172259488753912393e-01
7.177401296852800705e+00 9.932281678575062500e+00 -4.470734989599987053e+00 -1.301795503026157874e+00
4.467657155060975604e+00 4.219238989439279663e+00 8.771195092094361545e-01 1.091330651158542508e+01
3.004887615090885866e+00 -8.813170773088884857e+00 9.456874247895779462e+00 3.531417458576894042e+00
6.165835686054469633e+00 9.065413286425410888e+00 -3.396203459757373810e+00 2.873299537746858423e-01
6.621774577765926040e+00 9.056164884455702335e+00 -3.748487275695957077e+00 -6.348196122589264689e-01
8.640953354322123303e+00 5.110285004345231918e+00 2.841598259272379856e-01 1.369890406690632112e+00
5.224835845452147964e+00 -2.828551765748470892e+00 -6.648145209428728553e-01 8.854024532536715952e+00
1.432864029304819820e+00 -1.054125743738381260e+01 7.477343763568218726e+00 1.763687464909480695e+00
7.974095354668523150e+00 -7.345613707237783174e+00 -9.456883553353787164e+00 7.264046367403619087e+00
8.077827984490063784e+00 1.019051812325397499e+01 -1.380925671380349495e+00 -1.394269745452508369e+00
5.944398697023131284e+00 5.617550376195202588e+00 2.069290074736716001e+00 -1.103661014239095017e+00
3.066278952558683102e+00 -1.021953353682633292e+01 8.700242612925958241e+00 -1.703321053073795444e+00
-8.734409742728310277e+00 -6.270868752376079769e+00 9.238764615249181134e+00 6.928723120076623054e+00
5.388962865754385767e+00 -3.009129731121582108e+00 -4.630562159756921314e-01 8.593672287096968176e+00
5.135936214030127900e+00 9.916258194816881755e+00 -1.347410854415335590e+00 4.537592669510304155e-01
2.138905688866635124e+00 -1.138443049790367567e+01 9.397080945297178189e+00 2.349898165813831596e+00
4.119988725115120154e+00 6.364305831825303628e+00 -2.639025830701224873e-01 1.205518771543520096e+01
3.306166767533564421e+00 -1.003307465499561246e+01 1.124031025196086553e+01 8.758304296236583131e-01
4.051007782379993927e+00 6.241264044445216541e+00 -7.442638530571946687e-01 9.312232905474354894e+00
-8.529803961896595510e+00 -8.201668334590898723e+00 -3.115157279350228237e+00 1.062584174090581257e+01
7.831923267142238743e+00 -6.634104352115374859e+00 -7.743289059325373813e+00 7.220212497154604669e+00
-5.115346062937115024e-01 -1.289273491415888762e-01 8.015587256120548787e+00 7.633882415156282519e+00
-6.296658274314994586e+00 -6.749115181676140551e+00 -3.667295201778701941e+00 8.595975850235316074e+00
1.899810106386520925e+00 4.287637276963144117e+00 -7.714392911994194524e-02 9.764828977140192379e+00
9.271616164156025519e+00 -4.882507454178901085e+00 -6.862894846141963434e+00 -4.648033685028947204e+00
6.490311324518923008e+00 7.238752788928487725e+00 -8.582439721895145368e+00 -5.871521399568536026e+00
6.206402137299627420e+00 -7.801598695422863550e+00 9.833860628535020965e+00 -4.324436900367042425e-01
6.498347015590982600e+00 1.085095392154640948e+01 -2.117443655968659577e+00 -4.612961250774813005e-01
-5.736352425190969662e+00 -5.260486441574394156e+00 -3.324017979202891659e+00 1.060326060672548643e+01
6.311604246241058647e+00 9.320414064226486772e+00 -3.241538542942920653e+00 -2.367580090747276600e-01
-8.371852946901199743e+00 -3.212245943200362497e+00 9.840767590422677458e+00 6.582467042133782087e+00
7.933412252590286151e+00 -2.711950654425879570e+00 -8.148526859307052561e+00 -2.805628205357687310e+00
5.304435741472597776e+00 4.457385408754392486e+00 3.931343642569595787e-02 -2.756648509363159860e+00
7.502967479653915639e+00 -4.627830207752966274e+00 -5.915473305083577493e+00 -4.309310132901750023e+00
9.705134906346367885e+00 -5.595951403798611778e+00 -6.826563937083328426e+00 -4.260133734556591278e+00
6.715362845453284990e+00 6.923060329827191772e+00 -1.948490387746728558e-01 -1.791644987169757286e+00
5.331511642139236784e+00 6.556838554403269903e+00 -2.121996152262095592e+00 -2.925396458857384641e+00
3.814896955330356221e+00 -1.069497232081004867e+01 9.947264449760012894e+00 -2.414420140992155961e+00
1.024269300363977386e+01 6.293514470282531192e+00 -5.821440553685466868e-02 1.611572979630258029e+00
5.972869277064735805e+00 5.499071505282095096e+00 6.981317450260577928e-01 -2.848840043977288516e+00
7.659020330231467000e+00 -2.569565783121930735e+00 -6.631212078136047516e+00 -3.635075502008727977e+00
5.895680780654735997e+00 6.741104891452806669e+00 3.279838163287466468e+00 -3.916805271532080912e+00
4.799982774252165463e+00 5.761162472590487305e+00 1.964124637142440788e+00 -2.623678007182131289e+00
-4.081821127856803066e+00 3.932817464267142071e-01 5.162437785465240125e+00 -2.663184120447875669e-01
-4.574594851697572295e+00 -5.714173030701987344e+00 9.683497770586040332e+00 5.423111453837773155e+00
5.648324026503009243e+00 9.426383238962515065e+00 -4.693940411173240790e+00 -2.572695758767704177e+00
-5.750014082638588597e+00 1.899064254346196190e+00 7.560750844370104140e+00 1.062386680433360819e+00
-8.380746180791142308e+00 -4.424018965591806740e+00 1.038466377770556370e+01 7.793338346377429282e+00
8.127141768261184396e+00 -7.485395375800953488e+00 -9.231096141767700658e+00 6.147549909831162118e+00
-8.622973767519157562e+00 -4.034911719820341247e+00 -4.511692027102667701e+00 9.375683748410473584e+00
5.086571803413940884e+00 -8.464914181256846248e-01 -1.109137007366603589e+00 5.508196577411305306e+00
4.780524612079263491e+00 6.955459870617406892e+00 -9.764414164458260714e+00 -4.345583905865473717e+00
-2.595277684686440267e+00 6.265144209129949182e-01 6.380113585166983015e+00 1.318970102495169883e+00
-8.532671054291212087e+00 -6.226029042095264643e+00 -3.721439732613302187e+00 9.063227385899951472e+00
1.099193880815888669e+01 5.857229572523100281e+00 -7.296767811511271073e-01 2.011635437240203217e+00
-7.386066276027626998e+00 -2.554051388119263244e+00 9.062750261767146043e+00 8.235809530537238743e+00
-7.975542836642131483e+00 -5.728385590757250512e+00 -2.807332377634410125e+00 5.269574439209894656e+00
8.514478847649236570e+00 -7.227155009760262594e+00 -9.212989214347699019e+00 8.337229153721501973e+00
-6.347175133719792584e+00 -2.763461575347319066e+00 3.105094627550076258e-01 2.991465409580725598e+00
3.688622787737460218e+00 8.988646955662844107e+00 -5.140605988661426373e+00 -1.556868243496374760e+00
-4.909810935247943320e+00 3.131555716621238883e+00 5.249666381072842114e+00 2.102760039965665406e+00
5.625035999603524850e+00 9.582284836342672918e+00 -9.453040512331057244e+00 -5.656301065071247081e+00
1.097084375613507135e+00 4.418435375191227088e+00 -1.003422776825180485e+01 5.879009160902124442e+00
6.944698031616749034e+00 3.618596435654990895e+00 8.632567428784398977e-01 -2.598188318355130200e+00
9.535832675092258626e+00 7.805464705757282573e+00 1.516497664119734745e+00 7.611004648846947385e-01
4.587168297281413842e+00 6.158212502801234223e+00 -3.174993913946325463e+00 1.008319038975638371e+01
5.908014390739753097e+00 1.088595992984631167e+01 -3.094911001111803284e+00 -2.578685733591314033e+00
-8.107455537567108905e+00 -5.019292872578793308e+00 -4.191880598805298064e+00 9.652217905941851583e+00
-4.777817242319419400e+00 1.982999701871420051e+00 4.980685212392460315e+00 4.881665825657041657e-01
-7.329601317182222076e+00 4.157206010476359737e+00 6.503589250083186002e+00 -1.432958782616677196e+00
9.539740241221057460e+00 -3.787849946154858927e+00 -2.976609025796651764e+00 -2.475268603642896803e+00
5.765316844043773870e+00 -1.640945513926285848e+00 1.345048288488077448e+00 6.440927704888009586e+00
-7.217293342911856868e+00 -4.573676669340730250e+00 -3.554370549400953205e+00 9.932050347117163724e+00
-3.181770720652741247e+00 3.128471680261124543e+00 7.878027862589277674e+00 -7.301429490230126884e-02
-5.912138759520916054e+00 -3.074352000585077072e+00 8.612095508787907860e+00 5.425825957940193511e+00
5.526399053968180652e+00 -9.266823073294602864e+00 7.532191854922207774e+00 1.642704128046232337e-02
4.470632638299871786e+00 5.242107215970863265e+00 -1.093099258612161950e+00 8.191613342716323132e+00
-4.594819108911851191e-01 3.585108192195469723e-01 5.484828086741273978e+00 8.730306942264100201e+00
4.420066469125327302e+00 -1.198020436456834759e+01 7.660107377939485040e+00 1.774465782222033994e+00
-1.594879767872691811e+00 -1.471828333324948002e+00 7.459866288043195404e+00 6.167465340812201546e+00
5.005017962717250413e+00 8.225803659640096299e+00 -1.076764878196992115e+01 -3.339286640543484008e+00
-4.539100824186995453e+00 4.550231726899340856e+00 8.160580183244203312e+00 9.556845013787118592e-01
3.192443645809143860e+00 3.745921783153679296e+00 -1.604334492174759319e+00 9.580095194576562889e+00
6.812138694778911763e+00 7.869302021257940538e+00 -8.093033763789970081e+00 -4.240011421674410030e+00
-6.393662033543617618e+00 -5.813590196026939161e+00 9.240679044050828850e+00 6.616652352526956271e+00
9.214810837733304894e+00 5.610579471017825171e+00 -7.306158189797520297e-01 9.773340598069859553e-01
4.949033470395542977e+00 7.275143279516987249e+00 -3.055495550344000666e-02 -2.344077280462708135e+00
7.587646266007553209e+00 -2.938331112417585711e+00 -3.418170543351903845e-01 7.955323460515816514e+00
1.189675050048883520e+00 4.254679396250988788e+00 -9.779440646884848931e+00 5.456204840078402896e+00
4.535602451616061792e+00 -9.589886317436867813e+00 9.532894835007795109e+00 -1.145464027164927678e+00
6.714641699259135343e+00 4.392463601841225085e+00 -1.175886992096865091e+00 7.663314678448584161e+00
6.067288995975149923e+00 -5.362732853338869177e+00 -9.401202334386754345e+00 7.158660847251502979e+00
6.609258840323064099e+00 -2.342938874705639662e+00 -8.595918992819875371e-01 8.303559678199874838e+00
-9.973080138942641781e+00 -5.962328258402171066e+00 2.659653389702748560e-02 8.341118335952995011e+00
-6.791934996728064000e+00 -7.498532452374545798e+00 -3.679764626617798018e-01 4.733163034951228809e+00
8.175331668976957289e-01 -2.395791693845416681e+00 7.512842311255062633e+00 6.168881581237362965e+00
6.763970044933670600e+00 9.655842251336576254e+00 -2.632113183553827618e+00 7.970995792022967930e-01
-5.885737385507875175e+00 -4.889195118555326403e+00 1.022702643142733159e+01 6.731077032355971212e+00
6.656584667972612834e+00 -3.265615176634050876e+00 5.486210464763725536e-01 9.067776576041209680e+00
5.280167895342829709e+00 -2.336953671887056494e+00 7.100500249150805132e-01 9.122696729122790060e+00
-8.094835292010206018e+00 -5.516987381462159945e+00 -1.769846036266603306e+00 9.285886032403338319e+00
6.235127030249583591e+00 5.909612213303192085e+00 3.180021309570422172e-01 -2.704096690145044057e+00
8.909010508770766279e+00 5.566778744292014025e+00 -2.082763280840360109e-01 -4.156416816554302507e-01
6.336420788704970164e+00 -3.020714047894231147e+00 -3.597810677794540668e-01 5.717917247250818846e+00
5.636057341576355739e+00 -5.266840474212211021e+00 -7.997364570390216088e+00 5.543474818720727448e+00
3.029942030330769143e+00 -8.961375873213532017e+00 8.766706642828406615e+00 -8.635164400176301713e-01
-6.759372718655692225e+00 -6.804707716197954781e+00 -3.907609757311560461e+00 9.823607033550597833e+00
7.385179676404706406e+00 -2.555471087285834386e+00 -5.523684985009909454e+00 -3.413625352732299501e+00
5.051470862078497603e+00 6.780296777793639151e+00 -3.068464834198180835e+00 8.143978503628796162e+00
8.229742286268063367e+00 -3.170736021451114439e+00 -7.376377045711187463e+00 -3.977745307759890103e+00
7.803209057855297281e+00 -1.816510914136024057e+00 -5.666727502818086570e+00 -4.647235015451374629e+00
-5.365012962906459570e+00 -7.387743708221249150e+00 1.505949063699822954e-01 6.632247371059422747e+00
7.795527117871431599e+00 6.123891345730831937e+00 1.093643481504491977e+00 -2.977812028258834953e+00
-7.640993316130109569e+00 -4.201535555685543599e+00 -3.438678311313086322e+00 1.036990974906352569e+01
3.099293231244153457e-01 6.744484612573666382e+00 -1.037952978289567874e+01 4.469160322624103898e+00
9.454199401804704195e+00 7.049746040306705375e+00 -9.692947039757271455e-02 3.764121531574893709e+00
6.042180437655838787e+00 6.561373848509976625e+00 -9.640504758310409983e+00 -6.697371267356912128e+00
2.797725442771012538e+00 3.813580988546931394e+00 -9.029966741036609790e+00 6.314157355127111515e+00
-9.522653659958555394e+00 -5.301570054530126086e+00 9.516621614840914400e-01 4.912909665028029060e+00
6.739321887950576517e+00 8.342301574120075003e+00 -8.095000496723917749e+00 -6.107174983240492239e+00
7.740161344470214644e+00 3.490470167334089435e+00 -1.905284610142162327e+00 1.186040818194512525e+01
5.223703351239704418e+00 9.010085986629913890e+00 -7.400829838813681505e+00 -3.114859346666043027e+00
6.000659891950810731e+00 4.500259881107613325e+00 -1.767158658717776998e+00 9.799037247568714193e+00
4.863527655536356242e+00 6.579402927642738597e+00 -1.832778643316248512e-01 8.010543198270612564e+00
6.177015187604375512e+00 -1.914937357326679468e+00 -2.119409624048242957e-01 6.288591125676771476e+00
8.163619194110980359e+00 -1.981208210175084528e+00 -7.504516550303236500e+00 -6.353458649224926091e+00
1.024588572207349202e+01 7.511226577131948190e+00 -2.417649556176231229e-01 -2.169496668629433689e-01
1.578721452756675969e+00 5.065043589970614768e+00 -1.058159386018618697e+01 4.875222625227547013e+00
1.019913217989672027e+01 -4.399219834116263605e-01 -7.157600715021449567e+00 -3.769474013515297095e+00
6.579250363076227792e+00 -6.644484379789181716e+00 8.166845049565640835e+00 2.081509105572859397e+00
6.552296220065017884e+00 9.849974462150001386e+00 -2.080425348439201905e+00 -1.074173050658902007e+00
6.237759469777256705e+00 6.439388932927629483e+00 -1.680566107350688565e+00 -2.700423723471115700e+00
-6.039282679008570298e+00 -5.519554211074564343e+00 -3.134506981814681459e-01 5.280814144747544958e+00
5.152086205219244874e+00 6.550242998228784863e+00 2.315228859662854077e+00 -4.032499654982943937e-01
-7.836316305736032106e+00 -8.911274638517699742e+00 1.376026351488429444e+00 5.422644719180900630e+00
-4.687882234466387743e+00 3.001386507462167064e+00 3.558268872576527020e+00 -1.517194511190533834e-03
3.432166495186238286e+00 -4.282455007867260299e+00 9.898914565070549010e-01 8.743179163144880306e+00
-7.294526785699017246e+00 2.176579334182454417e+00 8.645478514639986400e+00 4.164267630529300823e-01
-5.644570313887702362e-01 3.886412192878495597e-01 7.584586773126384962e+00 7.304176946476072629e+00
8.466983559303445261e+00 -2.409455259105429903e+00 -1.118713397596460268e+00 7.701686346765735713e+00
4.770669005974403909e+00 7.898880234343392814e+00 -8.654201286670764048e+00 -6.669355491222022536e+00
-7.020814046699857869e+00 -4.639174578028269380e+00 8.364546070893746688e+00 9.427756972767594945e+00
7.323538629914880360e+00 9.797571167748527543e+00 -3.511280104103049027e+00 1.338149135550696034e+00
4.486768127283137453e+00 -6.166488593698402632e-01 2.496663669427240384e-01 8.469199716592120453e+00
2.603922775644041288e+00 4.270119202448359630e+00 -1.250836944789525873e+01 5.592146433371781633e+00
6.378012486284306171e+00 6.316319459907894007e+00 -1.700596140748394935e+00 1.052309123607022201e+01
-4.107345535286819782e+00 1.467344966952671692e+00 5.190620298386686038e+00 1.744445696123793077e+00
-8.791315431646960832e+00 -4.921171767910822226e+00 -4.859384805454480372e+00 9.336536401710334943e+00
-6.268489838184290619e+00 -4.137429359536389128e+00 1.124273326826258490e+01 7.254167019560476604e+00
5.758508795733033203e+00 7.381999182485095901e+00 9.890043046967812446e-01 -3.377916704711347862e+00
1.224061536601487754e+00 5.923273827174089234e+00 -1.030167302081513192e+01 5.595912202969476112e+00
1.019694621944566282e-01 -1.335475308192753729e+00 7.276763651617251583e+00 6.417538790238331181e+00
6.777182484611523172e+00 -3.959176796525699427e+00 -3.674297433118137723e-01 9.014621355620789700e+00
-6.307351947673003778e+00 -4.803499869647304799e+00 9.945187639848001027e+00 6.496052422031964646e+00
-5.295260332981094109e+00 -5.560247642372544874e+00 -1.985336542544563709e+00 4.274971065638826673e+00
6.832095906240033933e+00 6.037496062906956951e+00 1.168344235761203498e+00 -3.617955314904676367e+00
5.921076015794633385e+00 -2.623867321997983115e+00 3.396271405728520931e-01 6.504372033772784611e+00
2.948011993269749720e+00 -1.975580710417388808e+00 5.269164575944396134e-03 7.021451368650729385e+00
7.653943207866670484e+00 7.436023082786650917e+00 -8.638513795517374305e+00 -8.705126447098002984e+00
1.042283711182483863e+01 6.063182290279853781e+00 8.990016494819992321e-01 9.287531307073595421e-01
9.923528477240962431e+00 6.389885996387825173e+00 -4.146782356404716818e-01 1.701468224475638724e+00
1.050700830456441137e+00 4.949716103495861219e+00 -9.606255276562006173e+00 3.605902933392048482e+00
-5.855249525099976537e+00 2.142375899146052198e+00 6.307183352382335073e+00 -1.591757299043469187e-01
3.899882798074431278e+00 8.193565279312501559e+00 -2.265911056177600358e+00 -9.499949925126389694e-01
4.240569887545223793e+00 6.745449734462216185e+00 -1.293892065103567912e+00 8.652768413009621185e+00
5.800569522260383692e+00 5.385527748118752456e+00 1.027682100311406721e+00 -3.316442999395972535e+00
1.023585263158180858e+01 4.863522879095759421e+00 1.577591788324573141e+00 6.444684742570351288e-01
6.315013865889490319e+00 6.914457758443369961e+00 -9.274028400906299652e+00 -5.562103325924536712e+00
5.452169060805109879e+00 -1.903868267105122136e+00 -3.800515350064381792e-01 6.995519935552294122e+00
6.507423721112313153e+00 -2.585419780147774294e+00 1.049048005887269763e+00 6.429452161999262394e+00
-8.134462436485639714e+00 -6.933384206359949786e+00 1.812993607199694157e+00 3.052796852503514735e+00
5.430857668888409151e+00 4.000918754169909164e+00 2.629850169867864462e-01 -1.891597619483796011e+00
-9.008309446616399541e+00 -4.512796957095600803e+00 -3.443540550058281191e+00 1.109027686410620106e+01
-8.490481272348057828e+00 -5.699675554497179775e+00 -4.206383526502973424e+00 8.690965738554178088e+00
2.818189241190933281e+00 -9.269942205377708078e+00 1.278459966469520204e+01 -2.923087027085895961e+00
9.401125952017988396e+00 6.784058097579967139e+00 1.086098698547965702e+00 2.501793379467550427e+00
-6.154206195209183328e+00 -6.204672391261592423e+00 -3.117999991619112787e+00 1.144946623963294385e+01
3.555841012589528560e+00 6.552177278000862692e+00 -7.775815081471739720e-01 1.079592947444367468e+01
7.111708111203913774e+00 6.796201211138098053e+00 6.763302160659665496e-01 -7.974782994222477939e-01
-4.884962143694529857e+00 1.523252910917077374e+00 7.581829747997508306e+00 -7.386750950301170793e-01
7.862059822464770864e-01 9.268544487214823491e+00 -1.032222514807280156e+01 6.372655628207786194e+00
-6.024581753597805900e+00 6.818285858383013043e+00 7.113277951498311324e+00 -3.243479817659905784e+00
5.509888969139941750e+00 5.061407312870043640e+00 -3.390424582820086852e-01 5.924865781507116402e+00
-6.134400793464193313e+00 -1.736292338092206400e+00 1.001406010718504724e+01 5.204266954147405144e+00
-9.052580323558514053e+00 -3.829992522696273660e+00 -4.443580860736942917e+00 8.217172239355098995e+00
6.809224309017112731e+00 -5.805922123156443071e+00 -1.540752086651938191e+00 7.818598525563968948e+00
8.016155964248405041e+00 -3.400047109016007152e+00 -6.786110110523829952e+00 -4.182148948638230834e+00
8.727380554398626700e+00 -5.977761268272141493e+00 -8.598049521002899098e+00 5.122912699870498798e+00
1.765745022544224385e+00 -8.290279294376118102e+00 9.049541818510020263e+00 -1.334005764902102431e+00
6.606024757436791184e+00 6.712063499627259233e+00 -8.539089328385204070e+00 -6.421516731653707843e+00
3.916269975541482040e+00 -9.707857468956433422e+00 1.000890245400377410e+01 1.384884016331933809e+00
5.077846261918947057e+00 -2.760443741553239683e+00 1.561501099276209947e+00 8.276532848001965093e+00
7.556332942647697060e+00 8.337892457911229016e+00 -3.475447252316083091e+00 -5.305518270830789085e-02
6.031538362009707832e+00 -7.044152150266016044e+00 -9.444992981243949259e+00 7.223053925810178022e+00
1.955951071245620732e-02 6.448385536280645702e+00 -9.402565739826602709e+00 2.638169509188509565e+00
-6.648006833321050024e+00 -5.603302078519560858e+00 9.905819051171723899e+00 7.086167796460174806e+00
-7.467281338754020226e+00 -9.610139050003224881e+00 -3.792637993143022079e-01 4.470219512176178078e+00
3.244452007563720652e+00 -8.349230674145681874e+00 8.192061011930292125e+00 -3.727392450686427550e-01
-6.079782922847333460e+00 2.950319463568003897e+00 5.261102368901574344e+00 -1.855820292571303654e+00
-6.389776023963129603e+00 -3.623911159993368436e+00 9.043669243767400445e+00 7.009726846386564070e+00
7.941398190039371308e+00 -1.989751695484477834e+00 -9.848298417419499629e+00 -4.245070097474878068e+00
6.648405698947782660e+00 -5.774694362812347492e+00 2.970763886821491617e+00 6.455873959007085716e+00
-7.777774106579304458e+00 -5.103462994013275633e+00 5.005897233368439281e-01 2.042115700047014926e+00
5.366637433239377586e+00 -1.598797585031025426e+00 -3.097679878593321057e+00 7.395337508154547379e+00
-8.098849935166825276e+00 -9.099112043737275002e+00 -7.935805957318865511e-01 3.387776784563536037e+00
5.579334000845832975e+00 -1.994701305788182610e+00 -1.743171984728397739e+00 5.614225732230083921e+00
-9.895241228898498775e+00 -5.007549221206319068e+00 1.001346254385277845e+01 4.647802354881621412e+00
-1.109406270908398717e+00 4.783293368406835722e-01 8.982440987553085066e+00 5.121874524395279238e+00
6.787014645962759829e+00 6.233497458805974389e+00 1.148703347256030405e+00 -3.340693473924313928e+00
5.996740958217777084e+00 1.081193302653997890e+01 -2.469115455200497244e+00 -4.086464438908731012e+00
6.542227817980664994e+00 4.112565950352498056e-01 3.389490170872957453e-01 7.781503312330534605e+00
1.275124103470235637e+00 4.802877921113083204e+00 -1.263768497397943236e+01 4.570511377106244666e+00
5.564940071034092384e+00 6.052841536249649046e+00 1.639992414621249228e+00 -3.837596966341667581e-01
-5.199303091771320773e+00 -4.634629106131455067e+00 8.939953266715926716e+00 6.629516819046958886e+00
-5.204696837581227697e+00 -2.469412871737689308e+00 1.173932691159026476e+01 7.928784916544463712e+00
-5.842295960620938367e+00 -4.411972873079468727e+00 9.369840851391545655e+00 6.410659666820927249e+00
-4.329869595631278045e+00 2.213716065772305619e+00 6.627026217742665537e+00 6.983492426178226076e-01
-5.131572624741504107e+00 -1.402209002301330276e+00 9.894968573559573599e+00 5.597050086185117124e+00
4.212567677612589101e+00 -2.683361706056571538e+00 6.951666153770523771e-01 6.871500730942019075e+00
7.246990932843988098e+00 -3.142251188515643001e+00 -8.264602104704550367e-01 5.059321100089340995e+00
-7.502872534504213320e+00 -3.003324369037600583e+00 -4.318718723519071823e+00 9.358537696539276141e+00
2.954223239404641932e-01 8.891269744355390081e-02 7.722798803779117094e+00 7.479314200255339884e+00
-6.737530719066238127e+00 -5.238619980835641066e+00 8.858021656857278714e+00 6.257176417538524049e+00
3.422243747514775336e+00 5.959820622067257823e+00 -5.281710311204905750e-01 8.442580547923046907e+00
-6.154523386593640844e+00 -3.304136652145026609e+00 1.025304071235185610e+01 6.398949203123178719e+00
4.960364488559497964e+00 -1.140816284792682378e+00 -6.305161178942062516e-01 9.430285923406849236e+00
1.039559980768988190e+01 8.331295697326247307e+00 1.424769056959088065e+00 1.750742097613688486e+00
4.296750241829867534e+00 -9.428866600819940658e+00 8.920932510437681984e+00 -1.857167409834935334e+00
6.002321711007773786e+00 6.533051734466788218e+00 -6.727999960691132264e-01 1.233693573939193300e+01
-8.275979045822873914e+00 -3.699658710275126161e+00 -2.367805281167518761e+00 1.107641242138790005e+01
-5.141227754834147845e-01 3.628178386994508120e+00 -8.845910514524282675e+00 6.112126480520054805e+00
7.862318832845957672e+00 5.951410132300888556e+00 -3.646635866061872511e-01 2.840018366360184121e-01
1.072637278051855603e+01 7.229837957735171905e+00 -1.823590346651140504e+00 1.157413831296936646e+00
9.197014821275967478e+00 -5.842993497439178618e+00 -8.207359481905552201e+00 4.968253667115658523e+00
4.198807140867140575e+00 9.618750173272957227e+00 -2.972805543359566371e+00 1.366279560377527513e+00
8.825589456833570878e+00 -4.399127859440818078e+00 -6.326533879032067986e+00 -5.598482884992922237e+00
2.729504555545308797e+00 4.933608010092881635e+00 -8.845712898584077166e+00 4.327844101936235255e+00
1.689939983102904497e+00 2.284913148926811521e-01 5.938223112218099509e+00 8.567407433511174730e+00
6.899150424656770753e+00 1.115868672089703750e+01 -5.229211134909312442e+00 -2.875038094262078125e+00
2.527456489147856811e+00 4.481047844176903716e+00 -1.088933512064707720e+01 4.372515442941920405e+00
7.236456893558361081e+00 -6.445498416516720397e+00 -9.017334534449169325e+00 8.424606427726471836e+00
6.280370062906847295e+00 -8.386882540707084388e+00 -1.011239716846675840e+01 5.289647211174494323e+00
2.369579694712426132e+00 -7.028365152079336653e+00 1.165158809092905301e+01 -2.659828347487112610e-01
7.000969471656744325e+00 -1.661457964557449207e+00 -7.824656367019422021e+00 -4.999736640052136138e+00
6.221790898119653690e+00 -5.987853483397326926e+00 -8.000635092321937591e+00 8.095268603073453306e+00
-8.015727788820088406e+00 -4.689169895230537399e+00 -3.113986936767381142e+00 8.576941209487330298e+00
1.039829363807005436e+01 7.757141608311094672e+00 7.172629938587836707e-01 3.611936445094282799e+00
8.955741584138692701e+00 -6.066136680384900615e+00 -1.008624536482837541e+01 6.841623549205329446e+00
-8.666319925227881082e-01 4.469347544202399991e-01 7.405761774087082472e+00 6.140038638676562854e+00
2.035994778618483103e+00 4.079869651105759054e+00 -9.271193136606147078e+00 4.604060362712323773e+00
-5.438506562212634066e+00 -3.659887246751128753e+00 8.897803213420980128e+00 6.313627954768425532e+00
9.463442258505816440e+00 6.840727625492287522e+00 -1.972556035638212357e+00 1.062994065552634648e+00
5.785615670117561393e+00 8.463689711450184561e+00 -1.200877760579677478e+01 -5.721598035063098386e+00
-3.511826923711351967e-01 -2.195377680416144894e+00 7.692960127805359427e+00 5.621968613848740581e+00
6.797907453104366837e+00 5.584346079626927306e+00 4.130027249574320658e-01 -3.298405990206886962e+00
-2.308401648724647703e+00 2.466332583081941365e+00 6.519878424928963412e+00 -4.361182600582386160e-01
-7.324651783624615220e+00 -3.987470185556365010e+00 1.118047564409776928e+00 7.356050057030145695e+00
8.856109784639556892e+00 6.828839677766143978e+00 1.103668963823654647e-01 1.833931955649451329e+00
9.716066250370651858e+00 -6.877561198020427646e+00 -9.912351685094632714e+00 8.945813324177610326e+00
-2.709800882113024278e-01 -2.127581467163321527e+00 8.516618341924955260e+00 4.743078856441631075e+00
7.401089445707111025e+00 -4.572900535250223442e+00 -7.266044835788134648e+00 -3.720449459197470610e+00
6.332397038113315446e+00 -3.250712306869756762e+00 -6.474193951263715441e+00 -5.792184273059097777e+00
3.187686302930837989e+00 -7.200964820180621118e+00 9.863280331310249949e+00 1.145411760136755275e+00
8.383395083551835825e+00 -4.801403358485750061e+00 -5.567120015987180537e+00 -3.736797744531840770e+00
-9.929179038676499980e-01 -2.384620458380114272e+00 7.215183457163084846e+00 6.427043431986857236e+00
7.354764893558288996e+00 7.543024888588037768e+00 1.456666873230197279e+00 -3.521444796419477719e+00
-7.124831192790296086e+00 -5.921257736709424790e+00 -2.624061405306215455e+00 8.945180110605209123e+00
8.858191431942644911e+00 1.023475072266933061e+01 -3.013890509918947025e+00 -1.775511815528088455e+00
1.202491046134758212e+00 -3.319148066166769606e+00 7.257239664351424757e+00 7.181440786118495900e+00
6.386652400454708722e-01 6.173144794613263819e+00 -9.542635688800146454e+00 6.192362581200788973e+00
2.858339613651787126e+00 7.163128103397413682e+00 6.950788851616520603e-01 1.015658483812356394e+01
-6.994927629646374712e+00 -4.366620957861446328e+00 9.953896620385510374e+00 6.506536479596471523e+00
1.975809388589887305e+00 3.919509602433399742e-01 7.791633819556258445e+00 8.538044893723384376e+00
-5.951634734091333812e+00 -3.744793136491139762e+00 1.072599360342371710e+01 7.164231162404391284e+00
9.713955135965157694e+00 7.765584125561986184e+00 4.484151577479144613e-01 2.009509543051110292e+00
-5.051997336940513783e+00 3.757539313086322164e+00 6.855283807717113653e+00 -1.287448351833920812e+00
8.291497538588019633e-01 5.428604600644360900e+00 -9.043540612756792996e+00 4.801049070039275612e+00
3.288049089991367691e+00 -9.269804852626426950e+00 8.320568975508422227e+00 1.675244671232727800e+00
2.607160837650653207e+00 5.818755609113325455e+00 -1.013564373721103351e+01 3.384302979914227016e+00
2.733044266704429681e+00 8.725912213526578753e+00 -9.385275958016690012e-01 1.054377840985287307e+01
5.620669720691691573e+00 5.679681610369609501e+00 2.196895481368164038e-01 1.015279385957476421e+01
4.849272757087192076e+00 9.016105237930874594e+00 -5.632192533533578072e+00 -2.601741373630488852e+00
6.676731588248613569e+00 7.574487393730994889e+00 -4.001406525862686969e+00 -2.174932612560586120e-01
8.255859063349548777e+00 7.796202819464623346e+00 -8.537700235956950934e+00 -7.396136587601498391e+00
8.233703444445527708e+00 -6.093744641629976755e+00 -9.301005651015122666e+00 5.638417317651076566e+00
2.420147403312934209e+00 -9.781683253858828309e+00 9.834406955450562648e+00 1.275133841303393467e+00
6.806147783727821476e+00 4.958595548491181226e+00 -2.750925158269286186e-01 9.953581095431417225e+00
-6.248012892769681415e+00 -6.261843500465390733e+00 -1.626185102125950133e+00 1.169910590950212104e+01
-1.507368737507956524e+00 -1.612084929418925450e+00 7.540638587390620984e+00 8.114081006622422265e+00
3.689422884368630307e+00 1.648701668663646647e+00 -9.123367281870233825e+00 2.247143556168955669e+00
7.612146451603569730e+00 8.723908485944519953e+00 9.587522731432061018e-01 9.881187838438934889e+00
-4.973660388091704299e+00 2.308126341354761468e+00 5.339541390918085106e+00 1.553699794041661475e+00
7.435015313919609348e+00 -4.332550432853315314e+00 -7.551454237997621277e+00 -4.439575774339124870e+00
-2.575240428688393646e+00 1.837587471126587157e+00 5.825317498626165325e+00 8.324885659757510492e-01
-7.326782320663944859e+00 -6.211711188477575973e+00 9.339854272991518158e+00 6.520751472346989708e+00
1.849010134654427651e+00 -9.219638288946807592e+00 1.151668727534012859e+01 1.086791392185775695e+00
6.465593726165278277e+00 4.745464340204334164e+00 1.227690926370403224e+00 -3.059890571383587332e+00
5.180500918497877194e+00 -9.153558200471040962e+00 1.099817773146574318e+01 1.751553968078644274e+00
9.992239496051967151e+00 7.802581930336584648e+00 -3.557729786828144336e-01 3.714635865322780450e+00
3.573643905617345684e+00 -9.441076221995388096e+00 6.726019480032023878e+00 -3.635487584254973648e+00
-3.769328319366100466e+00 3.251315809278423785e+00 6.677884854567315287e+00 2.877830582272053572e+00
2.852733247279525486e+00 -8.819720831272796602e+00 1.054570570989707967e+01 -3.185055235791254269e+00
1.101028743217410621e+00 5.015348367503902338e+00 -8.845316455032591563e+00 3.425169198296743822e+00
6.469285139326862222e+00 -5.561484884964922770e+00 -9.385115101535633997e+00 7.588821457266409887e+00
-8.782464688614675552e+00 -3.622323581705642059e+00 -7.608680999656640687e-01 3.282234050650863821e+00
1.195236809593295746e+01 7.537714534333531446e+00 -7.244029438823504918e-01 2.545481245907250667e+00
8.523086803469475115e+00 -6.069426068313207523e+00 -9.615332819777666629e+00 5.755035829972217520e+00
7.154683862685207174e+00 6.202637813910786946e+00 -8.997629341714091566e+00 -6.112637056061558383e+00
-5.147215404333278510e-01 1.431855027529238322e+00 7.596612293101064672e+00 8.582552561831377602e+00
5.645131702099732252e+00 6.703294299774613663e+00 -2.864140190427678423e+00 1.108170694304783055e+01
6.322579110146454795e+00 4.789185530701111304e+00 -1.696806609567839352e+00 9.622697905184011802e+00
3.342015957839183038e+00 6.819426944171980587e+00 2.082506123240180917e-01 9.087364891393443500e+00
-7.026399520421240830e+00 -6.016262012767277234e+00 -1.634324297676657656e+00 9.013739536206243130e+00
3.106392951478126330e-02 -9.152358672393992034e-01 5.418363380780497174e+00 7.231550794659555415e+00
7.342472921936665564e+00 -3.775863067390895278e+00 2.257674141190728900e-01 6.651955996763020629e+00
6.307844161996220222e+00 -4.275447041681327498e+00 -1.167043591742773057e+00 7.873988197194229599e+00
-7.422894497805809344e+00 -8.094300098750164096e+00 -3.368259693411123301e+00 1.042114511015072864e+01
-5.922654939522652207e+00 -5.209547426932178205e+00 8.656182294221826723e+00 7.607254637169552858e+00
7.701466337820526142e+00 6.658573226196349282e+00 -1.068727761260567100e+01 -4.102214404714904283e+00
1.798898456264693024e+00 -6.811682479723200956e+00 9.791590377176396132e+00 -1.021816361481982516e-01
6.953100863897779149e+00 -7.552365624682710887e+00 -8.886888088222184123e+00 5.874883471180746497e+00
-6.844501808110946328e+00 -3.745737123641868838e+00 -1.890361100860908916e-01 5.717446568526470152e+00
8.206439395363258171e+00 -5.806286521840867465e+00 -7.827840618487765134e+00 6.041139955433703967e+00
6.711088695274415983e+00 7.000782867071645654e+00 7.690546595740189728e-01 -2.407292069969782844e+00
8.840832399547412734e+00 -4.102274511865012130e+00 -5.802243605287878303e+00 -1.755091293658677110e+00
-8.135339471917347964e+00 -4.530091563971453184e+00 -3.153489062294667633e-02 9.371861448840782316e+00
-8.544641826123541506e+00 -7.434327769084819515e+00 -9.215851288742201719e-01 3.160684301744968394e+00
4.039543327048290777e+00 6.160983583213126558e+00 -1.522193416880387673e+00 8.588183826196020831e+00
1.811683492222625036e+00 4.578753489275450228e+00 -9.621899721206100153e+00 5.295767231875021963e+00
1.048756094741398925e+01 9.165120127678857642e+00 -1.492709366909294566e+00 9.550317746160958965e-01
-3.817253655688986225e+00 1.715768654653602843e+00 6.499462714691899734e+00 -1.898953305226691590e+00
1.164862045360375742e+00 6.601748476731327031e+00 -1.064778995495571579e+01 4.914188552255684073e+00
6.515102834619609595e+00 9.122273870293016174e+00 -1.592202762493983625e+00 8.622125062935024342e-01
-4.502092441344549556e+00 4.065523852821300466e+00 8.178488960022036736e+00 -4.416191355140268726e-01
-6.089991754931919132e+00 -5.398593170545910702e+00 9.948918942202329418e+00 7.735547953854807979e+00
7.544962932793303878e+00 4.344150187456584433e+00 2.846289393429602965e-01 -2.100326495966575280e+00
6.966611219853858117e+00 -7.001615621018419944e+00 -1.046312938552526361e+01 7.924380386990564240e+00
-7.401035299786488331e+00 -5.289358567938804434e+00 4.809557611884706096e-01 6.232242518176052570e+00
7.915461014342722201e+00 9.235940494730854766e+00 -4.824490936633933913e+00 -1.618558927083899590e+00
-7.187552194086967106e+00 -4.919070903179330045e+00 1.468605418407131324e+00 3.290968135240479153e+00
7.803047044222850559e+00 8.479585608863944302e+00 -3.613053314347143274e+00 -3.696003009520408833e-01
