7.635564370926290145e+00 -4.853840200450179942e+00 -9.176594356365693983e+00 6.672714114948580466e+00
5.095132211891035823e+00 4.281811773665493703e+00 2.407427152331081288e+00 -3.552729279681214436e+00
6.852843771161127862e+00 6.140119964865579760e+00 7.770373818647704489e-01 8.367025104543699854e+00
6.567760509187023921e+00 -1.146259748074781548e+01 7.497224536830511710e+00 3.847949478953110458e-01
8.151605331578529956e+00 1.047583200208602605e+01 -3.080250343918913725e+00 6.551356247820161460e-01
6.033249645833251407e+00 -4.955617578362964792e+00 1.318329297160179214e+00 9.160148810642080974e+00
2.601950236220186952e+00 6.291937625461018868e+00 9.705580525479564624e-01 9.468495291182993157e+00
9.387349257532706659e-01 5.564698702372039563e+00 -8.188465332902630678e+00 7.690614072091133124e+00
-4.349655466550275129e+00 -4.220987832261199557e+00 3.771652043756081735e-02 7.183642778299759613e+00
3.753958704324063866e+00 6.302049444614553408e+00 -6.830116840323552374e-02 9.848107257308623019e+00
-3.344388809436995125e+00 2.133381369317351783e+00 6.852186717618031331e+00 7.531721771550952127e-01
8.362907825882318846e+00 -6.499394823356423601e+00 -6.016845303014855872e+00 -5.921801114452276416e+00
-3.308861139352304193e+00 4.970151838956590851e+00 8.838091694555387789e+00 1.126915487694966522e+00
-5.434133305076150222e+00 -4.630920468502409904e+00 -2.645736846966187272e+00 8.560372293466297577e+00
-7.072271308089037589e+00 -6.416995084209244027e+00 -1.027205035683721679e+00 4.052435156612164135e+00
-6.732826394573162787e+00 -5.322171629341290178e+00 9.396881224702179125e+00 6.114166545546654952e+00
-4.674592053708819250e+00 1.711560249331835371e+00 4.331220139782184120e+00 -9.834100425685987634e-02
5.681384166770143906e+00 8.036805190862057913e+00 -2.552337090753860505e+00 -2.530225679035344122e+00
9.942782038458835014e-01 5.154634449845714173e+00 -7.619836181703419697e+00 2.373252140817645017e+00
-4.921123709901126908e+00 -3.291085578015008117e+00 9.726071927521109828e+00 9.030135910006164224e+00
6.131515090627145170e+00 3.734249253152612358e+00 -1.356855525554462538e+00 9.929940897672990374e+00
-3.902350179092452187e+00 3.313801446958027253e+00 7.193320545104525898e+00 -4.102440903829217556e-01
6.464643273945100965e+00 -6.646383622616215625e+00 -7.984222323374255303e+00 6.755967173497769096e+00
9.552958269763831112e+00 -2.700770735709663750e+00 -7.334845608737725620e+00 -3.397822999918593823e+00
5.925378797464091463e+00 9.017687764782131410e+00 -8.530973203176102970e+00 -1.755964113373998714e+00
6.321516355524682496e+00 7.516786984880604372e+00 -2.445259205260052138e+00 -1.548126844440889105e-01
6.124872693361162135e+00 -1.725316418665011620e+00 1.592140023076875632e-01 5.031908697892067295e+00
6.473173074612333266e+00 1.101323752023877489e+01 -9.220393700135325332e-01 -1.544955887620676593e+00
-5.805406379684566964e+00 4.414561241281745652e+00 7.732487993854507025e+00 8.923377993108749795e-02
5.146960228501630930e+00 6.333367738413034687e+00 1.729916180769611067e+00 -3.942973795506493406e+00
6.675267799551681591e+00 5.649940993291973079e+00 1.625593921341791592e+00 -4.343765847260540269e+00
6.866392645494034497e+00 -5.516943738664969565e+00 -7.865581002103662733e+00 8.494893913911516492e+00
-7.264201023735275875e+00 -7.214095137724021001e+00 7.324872896311894754e-01 5.026328683998176672e+00
2.706148571099050715e-01 -1.790079859904999626e+00 4.995371894559459847e+00 7.416292372065331762e+00
7.511385671596951141e+00 -2.872723478116792961e+00 -7.805360262896207324e+00 -3.004861692347430058e+00
-9.472601846819543425e+00 -3.851399449216668991e+00 -3.417132156964898471e+00 1.060159989115789969e+01
1.766372959044445690e+00 4.771282865787707550e+00 -9.901132225745771009e+00 3.519110097145491611e+00
-5.256558251438574914e+00 -4.328780895617701852e+00 1.056007021792499856e+01 7.116180668635596618e+00
1.000964598944942274e-01 5.067321466884558312e+00 -8.087830388908439971e+00 4.853300967142668121e+00
5.886012901883897364e+00 1.084699662185054869e+01 -7.729956869902751215e+00 -6.578468584035480404e+00
-7.258615345399735297e+00 -5.459222986683137435e+00 -2.786207168377758947e+00 8.765343673978490457e+00
6.061339492219929959e+00 6.349329183410851840e+00 -3.380525860987744657e+00 -1.582467717892253267e+00
-1.223639857393015173e+00 -2.262213777076035104e+00 8.212801138153206892e+00 8.261723671964006144e+00
1.043915287252151458e+01 6.693298744609069040e+00 -2.770976904425918041e-01 7.151986965233891880e-01
-6.938802586985557852e+00 -6.694424210341979098e+00 1.443265450453194765e+00 4.976631437805756342e+00
-4.873038659388202021e+00 6.306126006584129584e-01 6.072472340421789738e+00 -7.153269630643364074e-01
-1.100383436199664222e-01 -2.964633128484226443e+00 7.011477502533358219e+00 6.570005435443520447e+00
3.714326701866228930e+00 -3.733778590157970534e+00 -5.919056351322465881e-02 7.986621272667255411e+00
-1.057417232917670447e+01 -5.554345979372120823e+00 -2.652532242628223180e+00 1.094745856067824974e+01
7.927806992005431042e+00 -7.328712331712132766e+00 -8.376777750654021304e+00 5.760456088239370054e+00
2.926050302306364870e+00 3.583760969163900967e+00 -8.822889362377608791e+00 3.359998877890961744e+00
-4.761585549935534623e+00 3.077522956690158740e+00 4.582393577363540693e+00 1.708744528376188176e-02
-6.763178836156226836e+00 -5.986626117545171155e+00 -4.616457675881218692e-01 2.774593200834361895e+00
-4.575442442927911024e+00 4.589266218073266401e+00 5.294923213159103526e+00 9.103864168153796843e-01
7.331944180468204841e+00 7.983141672971398428e+00 -8.529717048709345661e+00 -7.476117619948032811e+00
-6.283364637854980117e+00 1.938841858716455535e+00 6.489758672847123933e+00 -7.009443375041093383e-01
-5.479452913213645360e+00 4.520932952116198500e+00 7.613275880104021454e+00 -2.674996687336811396e-02
-3.386197096406172946e+00 2.029628763113501488e+00 4.913899161170130370e+00 -2.114092336261582883e+00
-5.823531778708860074e+00 -6.768463355147233962e+00 1.736608254647991068e-01 6.597272372655511141e+00
6.117563008197695051e-01 3.663438695001645762e+00 -1.184887569543035291e+01 3.560823325548756024e+00
7.700265957122505611e+00 -5.829238273933482262e+00 -7.636892636094898101e+00 8.581201316087277320e+00
6.358349434998770811e+00 -6.321262811311196828e+00 -8.361541788801496011e+00 6.056844808814097370e+00
-7.308533526345296849e+00 4.431738110638072214e+00 5.966572115005485344e+00 -1.237873694643635281e+00
1.146950558148199795e-01 7.544545620299492050e-02 5.995637207814240810e+00 8.871311935001738647e+00
-3.738189806401976956e+00 4.800783726151590436e+00 7.269296798764127487e+00 2.099867282713828942e+00
7.371640358964393513e+00 6.643550859537937114e+00 -3.988665923058828389e-01 1.418136614347141444e+00
1.061608937180665180e+01 7.397264794325437265e+00 -4.660639411818652267e-01 6.468820209819570177e-01
6.313828866556971064e+00 8.187682899008576598e+00 -3.586869010087029519e+00 -6.943192155716184644e-01
-2.948948547806987897e+00 -3.932204654798863608e+00 7.322672777937458299e+00 7.534803975279313448e+00
3.116782327661027363e+00 4.148341078739516519e+00 -8.694599972389216447e+00 3.013794500732513093e+00
-7.304234093481757562e+00 -5.388735761572585048e+00 -9.834394684225915562e-01 2.919819622200231279e+00
1.044759186351602764e+01 7.448534749949085487e+00 1.784525413436929941e+00 7.534233325039936258e-01
7.123994840402498419e+00 6.659997270696628391e+00 -8.933301322551079338e+00 -3.677480400278048567e+00
-5.717615281453083398e+00 -4.139367610445916057e+00 -1.817382580019264005e+00 4.427530114503456460e+00
-6.501877671529618041e+00 -3.266563664088882213e+00 1.017142017307888935e+01 8.944692120354993392e+00
-6.674596305228178927e+00 2.813297950564341843e+00 6.018641900110477394e+00 4.414932136168256416e-01
7.005241972044691678e+00 9.617021341545942903e+00 -2.911761351862989233e+00 -2.493806498018680262e+00
6.777838750195642525e+00 6.402536895508385228e+00 2.129886190859441975e+00 -2.571709578538155849e+00
5.702120777484832814e+00 6.530903246243193294e+00 7.517561915725463617e-01 -3.036325026133671390e+00
-2.607599184196722319e+00 -2.761487747585734454e+00 7.546089918197741220e+00 5.870690820436060164e+00
-6.756038272839995251e+00 -6.520018759943249087e+00 -1.786649202051052043e+00 5.822937058421237211e+00
5.927877447999246208e+00 7.008517558640964928e+00 8.078881258157969425e-01 -2.475097984111649829e+00
6.987831960046367641e+00 7.736648414578228383e+00 2.693655426935786856e+00 -3.125301303796855557e+00
2.097323075659915492e+00 -5.430978485538982881e+00 9.555801179152730640e+00 -9.874181759457687502e-01
-6.701866559797531764e+00 4.052247282600582423e+00 8.285279609186238403e+00 5.779684160903079126e-01
-9.473039507991822816e+00 -4.995142430663040756e+00 4.825806615078605949e-02 3.924874347774445660e+00
-7.777731538466723826e+00 -4.251866929938778128e+00 8.723596559459677380e+00 6.971340100739499945e+00
-7.734430139255180414e+00 -5.859642333842556283e+00 -6.242024465332121075e-01 8.568937361572015021e+00
1.322148777583245449e+00 -6.345560282877338310e-01 6.428122436735430156e+00 6.214441705067465627e+00
6.713522640935916108e+00 8.181384584922071213e+00 -9.782124202337159957e+00 -4.123184917212638467e+00
8.524223841363621545e+00 7.568600551390730402e+00 -2.246022593919544619e+00 1.055256125344586238e+01
-3.748398448593738053e+00 1.822565835093288289e+00 5.881315522052211975e+00 1.518908502247255043e+00
-6.815778732602000289e+00 -5.306061933540346942e+00 1.385658768196625257e+00 1.783629330341813812e+00
1.410535850825965554e+00 4.341526310942008138e+00 -1.132261821751522746e+01 3.945323463507542261e+00
2.666786824369378195e+00 -1.036048214048606830e+01 6.052996289730123713e+00 2.033780918733155918e+00
3.654990463900402720e+00 5.676469184794830092e+00 -9.347362194694779802e+00 6.116415847872280764e+00
4.767709992431274024e+00 -1.786657647803600923e+00 9.778870333414709792e-01 8.272145321088942183e+00
6.491747303598913277e+00 7.738062120224775242e+00 7.420192561683595089e-01 -3.913413225080390134e+00
1.798685089014064875e+00 3.197278429495736152e+00 -9.417393009074435994e+00 3.675590735305140910e+00
1.717905331281163184e+00 4.993599799664887762e+00 -9.551180734785049253e+00 6.114161916881366565e+00
8.500065562657411533e+00 -4.559797071433228766e+00 6.745321200357282665e-01 7.667934488967476980e+00
6.065839862384285297e+00 9.905296924573280037e+00 -3.876460256477833433e+00 -1.759933503154649692e+00
7.094755424209624906e+00 9.447948759033673483e+00 -8.492256852115277255e+00 -6.586221695642295870e+00
6.277900013329230866e+00 5.996908954483473053e+00 -2.314935173833301718e+00 9.437345610328165435e+00
8.031801386228499595e+00 -6.336719166378219192e+00 -9.603128906892546723e+00 6.166296460780981370e+00
5.888779134901454881e+00 -6.060938659603676726e+00 -1.034919083263666550e+01 7.616244915409909666e+00
6.726479017918465253e+00 6.167224988233134475e+00 1.809454823618610320e+00 -2.172392496098770387e+00
-1.480103419993136216e-01 -3.030408726339902881e+00 9.706110747085526569e+00 7.144411693175319655e+00
6.915889643293649414e+00 4.799430422574548771e+00 2.719343219225773822e+00 -4.110244770108282708e+00
6.035108820853382738e+00 7.182345419049398494e+00 1.467243038243392306e+00 1.065276522175413021e+01
7.181002540276404389e+00 -3.433996423023544242e+00 -5.845778768548728355e-01 7.236156070797109763e+00
6.068822691016745097e+00 -5.232620774856097334e+00 9.619921993150697404e+00 -3.777739871051475795e+00
-4.726953673884167983e+00 3.076688942872058963e+00 6.909056031580005808e+00 9.676813532158898834e-01
-1.259031914873417479e+00 1.161020563331291555e+00 6.796915763976507208e+00 7.633948416686694216e+00
3.800559766980423859e+00 -9.999511942875859205e+00 1.001045749397775531e+01 -1.950766092538218643e+00
-6.517872042201479310e+00 -3.981526671491229408e+00 1.171003135647706728e+01 8.695972234167157922e+00
-7.211544978188771715e+00 -1.357602381843053152e+00 8.950529959913218647e+00 5.198306624815460353e+00
-5.232927093352452985e+00 -8.418995887411466761e-01 7.362006469208763448e+00 1.383010598746062803e+00
-8.616080291011636305e+00 -6.730375058893376838e+00 -3.307482017278036590e+00 4.683581071458515765e+00
9.061553738931927171e+00 8.769015618694227854e+00 -4.029952296308244364e+00 -6.473570683040430485e-01
8.520412542693357238e+00 9.625644632736825912e+00 -2.478718269764704996e+00 -3.069856819810016457e+00
9.129092376992577584e+00 6.409601915827234819e+00 -6.850883332642451196e-01 1.417577334096113528e+00
3.360022948780221341e+00 -1.051954627698728117e+01 9.112124078043919440e+00 -2.681767661413024140e+00
-1.114809761564180768e+00 -8.775615254669746346e-01 9.046981449999513814e+00 3.920177016545959958e+00
6.610805570541309351e+00 6.406402492281585204e+00 -1.124332399285003614e+00 1.004410222275982179e+01
-3.867205907391062070e+00 1.952247276638695794e+00 6.357169233664726526e+00 8.930737552421397218e-01
-1.818120324158315926e+00 -2.951808803726663211e-01 7.173557711041627982e+00 6.198198695607871400e+00
1.111411324849456506e+01 5.597650192236363509e+00 -4.399352937856954027e-01 1.562478403612119093e+00
5.442234727643627146e+00 -1.211760028220054464e+00 1.361937289081516678e+00 7.370448738884173068e+00
-7.932396223597161011e+00 -6.698139068758204751e+00 -3.505894410191842780e+00 1.128481729301718062e+01
1.054284197515211297e+00 -8.564648636311931185e+00 1.190425407090676835e+01 3.224498815273534880e-01
-6.854791922963421769e+00 -6.594249683125472217e+00 -3.138916924177412415e+00 1.049119844543546698e+01
3.769346009623174787e+00 8.599855560309920932e+00 8.441499928774401917e-01 -4.908488049261610087e+00
5.577999976413710925e+00 -2.724241362682835010e+00 -2.007091855230882516e-01 4.786626747843435226e+00
8.649664719477140551e+00 -2.367870081932526016e+00 -4.857165225406952835e+00 -6.399121678259840351e+00
8.217519557741225000e+00 -1.558979520551186715e+00 -5.584538744633409380e+00 -2.244535326017791377e+00
5.183098980688995105e+00 6.553350392946161840e+00 -1.038534953055621024e+01 4.511662272794341177e+00
-7.893550872211746672e+00 -5.876840360562796128e+00 -3.281385360607010693e+00 8.710858414802803651e+00
8.641271786725360116e+00 6.841532513598203913e+00 -5.426053097090848709e+00 3.329288174041278303e-01
-6.895162549084496995e+00 3.203399880832555890e+00 6.793571746060478311e+00 -9.496763039850495414e-01
3.553819013961201367e-01 5.689467913488777562e+00 -9.663956882873542042e+00 7.189078992033823390e+00
7.173450535703183029e+00 -2.243378890323312280e+00 3.552610269555510625e-01 8.354931343943684752e+00
6.038642934896030212e+00 -6.966703393664859689e+00 -9.184869343858895974e+00 6.641395587964240121e+00
5.580319914331371756e+00 5.178575805160260614e+00 5.335232206143558642e-01 1.019997537361953377e+01
4.212920059323078448e+00 7.295752397937623535e+00 -1.287644236701712908e+00 9.327176329686947653e+00
-5.332350582532225935e+00 3.561942458630523500e+00 6.752248519898151002e+00 1.250922793864679416e+00
7.234694715273539245e+00 -4.625836680299365788e+00 2.380741828903297996e+00 9.503618238157494957e+00
3.495803231681582357e+00 -6.444738182901835089e+00 5.972502818349616938e+00 -1.360272365718631526e+00
2.603422369563589189e+00 5.252607362390271373e-02 5.963479379529973201e+00 6.599349962197619490e+00
-9.333422924405091692e+00 -4.829842802642413169e+00 -2.462332757828295193e+00 1.058813713889719210e+01
-6.197956988791859523e+00 -3.700356608893810684e+00 1.071509109960530992e+01 7.527874226372544442e+00
6.212788098391673230e+00 -3.419409812175632446e+00 1.068995702945933379e+00 7.306106566421869175e+00
5.374341903487243499e+00 8.308568364713019960e+00 -9.369281592287206806e+00 -5.680456253487927931e+00
7.311478738538855104e+00 7.998338561491540766e+00 -9.658109580978887720e+00 -5.271558229471412282e+00
-5.495745285646686185e+00 3.665359378844022409e+00 5.104895430028801862e+00 5.997702300255742802e-01
-6.310735904126060447e+00 -4.361935916307698946e+00 1.084389657162313547e+01 6.231146793853778121e+00
-9.536591894941457426e+00 -5.915817876406390674e+00 -1.368512844282843810e+00 9.171795629644096337e+00
3.945391875588466490e+00 -1.024697813887875952e+01 7.246762181741313924e+00 -2.706251912986863850e+00
1.247703271855847440e+01 6.736773464495242614e+00 3.706930880469188061e-01 3.494162373180917491e+00
-1.009441014640131939e+01 -3.005849323625595204e+00 1.187254828508688220e+01 7.424252753959304840e+00
-1.427261664278795861e+00 -2.041205669589759353e+00 5.843676825782562645e+00 7.137054543822134001e+00
2.144724650819926026e+00 6.740471575906040513e+00 -9.442772482879743023e+00 4.375650920909454733e+00
-8.341619356286646081e+00 -5.102061346272928510e+00 9.875635087051193750e+00 7.439794570271687668e+00
8.479524731682472449e+00 -6.029771554181751370e+00 -1.066045581589795432e+01 8.032044785948073695e+00
7.023088029548620881e+00 5.784519847180173535e+00 4.368048091937357658e-01 8.739698233435316155e+00
9.292741441986464679e+00 -1.930822791725504306e+00 -5.667025804569017389e+00 -4.036162293609474538e+00
6.527986941571189305e+00 5.555724885706404770e+00 1.910835000628217317e+00 -2.802914677270834876e+00
5.660789094478483996e+00 8.077441704646902920e+00 -1.001339121726859460e+01 -5.270440396613398804e+00
5.816722738165408302e+00 -3.402997271138206159e+00 -4.038711605269890148e-01 6.528181949672506867e+00
6.881280907380157075e+00 7.003479671496805281e+00 -5.700403966562229030e+00 -5.354880272030126065e+00
-1.123672693345092455e+00 -4.812074981704813625e-01 7.497943315030781264e+00 6.226546651721586834e+00
7.107031710426233495e+00 1.032566188769576065e+01 -3.752515915511792866e+00 5.166432747838836104e-01
-1.660149265910189076e-01 4.296841892454802192e+00 -9.471441998636628057e+00 6.048308984188707882e+00
7.850166465384869952e+00 -8.993138730630404254e+00 -9.515343029399602415e+00 6.635928957578481224e+00
8.096725962138846100e+00 1.037918924465747672e+01 -6.027365245455112763e+00 -2.267069475557373259e+00
8.917366861019072388e+00 7.519166960466457716e+00 -9.609659702904075118e+00 -6.558081414560600564e+00
-8.181241704441470475e+00 -7.499293828541963691e+00 -4.342510906958161887e-01 5.275353647313621330e+00
-7.230203346610335480e+00 4.299553293731825043e+00 4.966396686628264945e+00 7.399914028437494240e-01
8.273432629595058430e+00 6.718586516097023065e+00 1.578556421888169248e-02 -1.597271363263717880e+00
7.499224470956368016e+00 -2.829865334546785238e+00 -6.839129372107126237e+00 -5.192444829068723067e+00
-2.377034482646910973e+00 4.020603078704133582e-01 7.303545377879773426e+00 6.942184271387902506e+00
8.321793119145052486e+00 -2.943452411364571475e+00 -6.515669064361833129e+00 -4.200798008760821212e+00
-7.446643300705211743e+00 -4.339048662090765340e+00 9.456874341258712846e+00 7.986239896785352954e+00
4.535826097744288354e+00 -1.585377127321163426e+00 5.823623794556518352e-01 8.014526384674603321e+00
6.895591797543049850e+00 -4.347470149235183712e+00 -4.796916407217452161e+00 -2.185155683409816252e+00
-7.292688923381304811e+00 -6.044584374124245763e+00 1.891692504199421199e-01 2.105741798300373890e+00
9.591617160688068466e+00 6.015086643812105116e+00 2.037447184767085417e+00 6.119159885506335605e-01
7.318926427757948439e+00 -7.131644132754488830e+00 -9.411633046246565826e+00 7.201842680986236367e+00
-2.116770379312504780e+00 3.270388526815247054e+00 8.471324357357911339e+00 8.424194493518004645e-01
-5.174365575913368431e+00 -6.637642946699561897e+00 1.427749195698549523e+00 5.551598288769146627e+00
-6.681959233456109537e-01 -2.405621103454545218e-01 7.880329559691451990e+00 7.574649188710410819e+00
-3.423289653413800759e-01 -1.315295402187902862e+00 9.593465829918647714e+00 8.939909916116503652e+00
6.878117125981608737e+00 6.445255265511698362e+00 2.936392889189333832e+00 -2.075994586088572902e+00
-5.196895246036056015e+00 3.570448098220900590e+00 4.387298274657679187e+00 4.809931447842858976e-01
9.870243068153536470e+00 -4.088128715401754043e+00 -5.805500287942373383e+00 -4.792470328175062022e+00
6.100556178441292055e+00 1.001868109596339629e+01 -7.883481982997005311e+00 -5.373071372540411339e+00
-6.313269011660244345e+00 -5.348974697857903138e+00 -3.387851860724198971e+00 6.911833097901382672e+00
6.601444672848286288e+00 7.903084290225878661e+00 1.836181173785766285e+00 -3.081975445029248473e+00
2.925856368899374615e+00 -1.094919710203919649e+01 9.890064610409314838e+00 1.816124461296089176e+00
-8.532778571648577781e+00 -5.310589158724181580e+00 -1.705267308416716920e+00 1.069652503230290819e+01
6.188281141358601189e+00 7.133603984252329333e+00 -6.684489192631486887e+00 -5.838227605840826229e+00
1.072209343091644307e+01 4.621357206569734366e+00 -1.795798468441173745e-01 1.222440046568876504e+00
-6.490192615570603785e+00 -3.562540072052742257e+00 9.587896987569842766e-01 4.634934693770820680e+00
7.140342586287543591e-01 -2.475201459028826267e-01 4.740192706403725253e+00 7.228402792243664443e+00
4.600155075300967233e+00 -7.950440382312136123e+00 8.114768460234035530e+00 4.990711512515551007e-01
8.167996364587441604e+00 -3.222471287444007348e+00 -6.866725910620664841e+00 -3.447179064724567699e+00
-3.296403033420374662e+00 3.059375789169169302e+00 7.594551379674760128e+00 1.622560548771055378e-01
6.448469653927234368e+00 -5.351859093306828186e+00 7.133260561134888711e-01 6.406907372913219767e+00
6.721337297682690171e+00 -3.692907947502283683e+00 -7.998221369874621622e+00 -1.904117813484309307e+00
5.777651490306089599e+00 -2.907858655024729622e+00 8.250843378489840507e-01 8.134411249751266837e+00
1.076110077625955697e+01 5.218495263087434388e+00 -5.168236585724148568e-01 9.629426415720694354e-01
5.498846035948339761e+00 -2.280720143582921189e+00 5.641691330953013672e-01 7.132081399514006215e+00
7.364930607355026027e+00 -5.937793044391714403e+00 -6.147429992407515975e+00 -2.070378982476733576e+00
-7.481146750618691499e+00 -5.214354047184486696e+00 5.927179462332671234e-01 4.671936450871851498e+00
7.242144592467085751e+00 -2.028496071404504164e+00 -5.351568057539260792e+00 -4.194167782150619139e+00
4.476911442785304729e+00 -3.061364248490412443e+00 -7.513622758362012988e-01 6.277099155357425353e+00
7.337907418520538627e+00 -6.424805545370877446e+00 -7.126128938072604058e+00 6.984583307584012246e+00
2.462003370127102464e+00 -1.093456233486904949e+01 9.847136563393933173e+00 2.960276961982051258e+00
-3.969947523382515442e+00 3.689706963650682514e+00 7.181885719344506036e+00 1.632187502519217848e+00
-2.660485177053824035e+00 2.060311543004166968e+00 8.565058071153771380e+00 1.234146241661663090e+00
2.620683685732315027e+00 -6.990473599044445763e+00 1.060806346082727281e+01 1.532427178883032148e+00
9.788293846426650902e+00 -4.409873954598348078e+00 -7.408662466026117777e+00 -3.756934534850091545e+00
1.127109802296294205e+00 -8.188213119591303268e+00 8.789740655986696183e+00 -3.792512152765382671e-01
-3.177166532121155296e+00 -4.331608081303690128e+00 9.898018670071181191e+00 6.850345092215678555e+00
3.747907344154652876e+00 5.894752583095834275e+00 -1.900867766873191034e+00 7.534522493618990069e+00
8.053743536189667651e+00 5.121687690443598839e+00 9.302799862855423152e-01 -3.798295168100392694e+00
-5.524294848889432785e+00 1.893553360358566140e+00 6.690299580024779758e+00 -5.303962376013128255e-01
8.509841127347959500e+00 6.685420061255422652e+00 -9.463950471166038270e+00 -5.545053687373996176e+00
4.370391499115768852e+00 7.984484484484329236e+00 -4.309441343914324207e+00 -1.017118982991534359e+00
4.907488835197995058e+00 -1.207265699686285920e+01 9.024580444998273165e+00 4.270699174390658825e+00
-5.185493354562364487e+00 -5.165311020418189791e+00 -8.884162349138369219e-01 5.966038030181027629e+00
8.959376544002957132e+00 -3.031506447914902758e+00 -6.708720804935905058e+00 -1.668149421264693899e+00
1.175369360812406505e+00 -8.075474224880622387e+00 1.107407989227860412e+01 1.240418219972525549e+00
7.486463817461499470e-01 6.038307207112421970e+00 -1.114070054453833514e+01 6.178743206507054886e+00
-6.424097426760949858e+00 -4.042468622385007926e+00 9.207656374134534971e+00 7.895638017478049164e+00
-7.680487725933263121e+00 -5.828131906334421686e+00 1.921963541309776036e-01 2.583252478677335873e+00
6.440430879259442243e+00 9.005807103693019400e+00 -7.279150687005003562e+00 -6.474004221968459483e+00
6.587763175300191953e+00 7.856800060821928611e+00 -4.347643325105044809e+00 -1.943994125360007263e+00
-6.292022054315117074e+00 -3.521130645546454385e+00 1.005864399816934984e+01 4.662979752847732584e+00
8.874413229183724994e+00 7.480659681926736582e+00 -3.719187680206709423e+00 -6.093230213616209756e-01
6.307525914288409918e-01 4.389818989397166860e+00 -1.019380685071555348e+01 3.331818306979247080e+00
3.569996395736533934e+00 5.791181255963456564e+00 -2.630809821007312976e+00 1.049170314171322183e+01
6.069195156584066275e+00 6.819096600027313215e+00 -1.690297576596085261e+00 1.009429638781636385e+01
-4.203446919273440940e+00 6.328218383948954084e+00 7.202577318632472192e+00 8.806839105907726672e-01
9.087403454888834275e+00 4.461083019995172982e+00 1.456089710510152013e+00 2.225019714334195875e+00
7.586142370488511588e+00 -2.053741069269831243e+00 -4.136638779236683661e+00 -3.373791003218014062e+00
8.500949586696942006e-01 5.016999477674006336e+00 -9.999139339817471495e+00 5.211258911569529140e+00
5.096493282114410661e+00 5.726875427900735005e+00 1.016347251851312361e+00 9.851452663640856144e+00
7.179402724271065850e+00 -8.215518803555923455e+00 -9.439872646778107779e+00 6.581099359973410223e+00
2.643790993375964238e+00 4.061453202319425415e+00 -1.053354648880871736e+01 4.486526958063622672e+00
-4.123208274981052135e+00 4.130442031511405432e+00 6.295310734421319054e+00 -3.470034003643990284e-02
-5.959055501524040288e+00 -4.872962832739405670e+00 -1.199924104123512719e-02 5.721678955303828751e+00
-2.148808739993104400e+00 2.967194247190300338e+00 3.089454059333597957e+00 2.123219087736785582e+00
-5.415415227740959736e+00 1.780317712341842329e+00 5.291382635910381715e+00 7.119428444276985068e-01
-4.256950636742822258e-01 1.147827101456921239e+00 8.768747590379216916e+00 8.437308118525615797e+00
-1.018900714846384048e+01 -7.304658265036646725e+00 -3.623128113110918314e+00 1.112342344497103674e+01
8.032198498491343486e+00 6.063215302238864624e+00 2.813211946908745986e+00 -2.875953894604637906e+00
-7.330003001543866858e+00 -6.484276843563912429e+00 -2.977918365792329713e-01 3.745756963070571821e+00
7.920508808069107509e+00 7.223650298349592269e+00 7.178561211920354568e-01 -4.260268247558842702e+00
6.867791596927178333e+00 5.520399781530350936e+00 2.113262505843527705e+00 -4.484654931342414663e+00
5.881597783719461958e+00 4.961072250601889166e+00 -4.019834726883062537e-01 -1.172671577771190243e+00
7.990069411023294599e+00 -5.779828172808523234e+00 -7.804914062156506738e+00 7.698858440560946370e+00
-7.582675904865146421e+00 -6.099970240466978666e+00 1.991638671772013036e-01 6.253043045373093634e+00
4.661031027841879393e+00 5.146235866535908698e+00 7.791360005330267846e-01 9.369609008553370089e+00
4.936272094590436588e+00 8.506734931821380741e+00 -1.301482625075671695e+00 9.826424429626674950e+00
2.084547781371586694e+00 5.208562556042483749e+00 -9.518777558000673267e+00 4.928452890742762271e+00
-2.657625333824862879e-01 1.392975437215333567e+00 8.272028284586895097e+00 6.841132521768166441e+00
-7.794356834822462332e+00 -4.220520736297103781e+00 -4.623354533886996798e+00 7.911046419723188450e+00
8.838597243973620454e-01 -4.581959154952317537e-01 7.407547865428761646e+00 7.871467474069343773e+00
1.784559009105309180e+00 6.108298127707262992e+00 -9.101068087932464579e+00 6.949944882311353211e+00
6.950056774302560747e+00 6.854776856751858105e+00 -1.033541150074099768e+01 -5.583798443102573117e+00
3.934388744956965667e+00 -7.556511563823180566e+00 7.512029865397261474e+00 -4.645288988629039384e-01
6.329280773057867293e+00 7.880107531780080166e+00 -6.580981228679249284e+00 -6.242566074106624008e+00
6.240676044749719154e+00 7.414134230874589448e+00 -6.285495296075092497e+00 1.982068940692911507e-01
6.355265972929279528e+00 -3.353347906870898232e+00 -1.208570222882143774e-01 8.800474669461900490e+00
9.004000298349671638e+00 -5.279760391008725406e+00 -4.799372134890644404e+00 -3.551493769176850002e+00
4.617814832199426789e+00 8.422071698758211156e+00 8.882722146254049544e-01 1.103354690915874947e+01
7.052600015985134085e+00 7.229925754114042924e+00 -8.205486673070405246e+00 -6.797483000354494820e+00
7.472693740325786926e+00 -4.772745398245804793e+00 -5.906275585411862927e+00 -5.163706300781186087e+00
1.043866855119733472e+01 6.225195259875503595e+00 1.667613964010472349e+00 1.570139629819581994e+00
-5.509815995729836047e+00 -5.684452037411952929e+00 1.102060425691082557e+01 7.123075449114859126e+00
5.074994664602340499e+00 7.913159338954955935e+00 -9.443115777180887349e+00 -2.464714641132956352e+00
2.765528491099978670e+00 -9.406263687614845992e+00 9.236596041900408949e+00 7.610578124123911214e-01
7.051875827632744453e+00 -7.243344719779147844e+00 -8.502896438684578229e+00 7.666123743188500761e+00
-2.249389660415005210e+00 -2.317709121051667875e-01 1.048556021122705673e+01 7.106881355044690096e+00
5.492300801540292099e+00 7.681446512680365046e+00 -2.865489695286453919e+00 1.107842469158140375e+01
6.387901763676534728e+00 8.511003189258422807e+00 -4.912222179932311805e-01 1.233729638871559331e+01
7.516195401443002133e+00 8.447073343091227926e+00 -9.140327439950000965e+00 -3.497121284502513916e+00
-6.370489757747449744e+00 -5.013057930328955969e+00 1.136061997888894126e+01 8.390259129196934396e+00
-4.493124379410802227e+00 4.438876920669158288e+00 7.988518936556421757e+00 8.418122894593784711e-01
1.043751708564721525e+01 6.876332954547200060e+00 5.215129581227497813e-01 2.367866158015559108e-01
-5.872664557665323137e+00 2.698870261996076714e+00 5.614115541767001005e+00 1.942403526451916163e+00
4.318503892808655209e+00 4.635566007047838610e+00 -2.790932166118682112e+00 9.869034688104045827e+00
5.480163006241342671e+00 4.837036421392630459e+00 -1.982668793443334021e+00 1.259548638141167309e+01
-1.888560647702151041e+00 3.074896450984351937e+00 6.239575323967923914e+00 1.188134215626487800e+00
-3.456252386281879474e-01 4.994096016840607000e+00 -9.516267978157046059e+00 5.199451477213316686e+00
-7.869133444087287543e+00 -6.542900019295950997e+00 1.815415653535450202e+00 3.228228986986255489e+00
6.964788363371205548e+00 -4.769736745499299602e+00 -7.840567584784069233e+00 6.977626894081182307e+00
6.366775055912171410e+00 -4.843864588268877114e+00 1.567576133941833483e+00 7.050103578572426422e+00
-3.168783726436667503e-01 1.149400880004260106e+00 7.949316738540735727e+00 9.092131495233315874e+00
-2.865886406401841668e+00 4.647015339169715986e+00 4.688030154352137657e+00 9.850557928554967146e-01
6.571310015175745534e+00 6.455864398669305615e+00 9.645569569691860856e-01 -4.226546220041057289e+00
7.927151527525718500e+00 6.357991474820524402e+00 -9.881810758791749194e+00 -5.891332460157411965e+00
-3.289263408219346374e+00 3.412590570439585136e+00 6.392790611401848011e+00 -5.461221655075247927e-01
7.797183630565937662e+00 8.460552210148104990e+00 -6.005108864776712352e+00 -5.919106357778707306e-01
1.825447704046343933e+00 3.100278501095711459e+00 7.621748480213104138e+00 5.459843359016244513e+00
-7.617656217467927426e+00 -3.753638170196374801e+00 -4.350480105654382257e+00 9.381544807334208258e+00
2.944151474085348941e+00 4.403067150997327595e+00 -9.665863493407202967e+00 4.365412986473498513e+00
-5.124442868261171569e+00 -5.826657917049442581e+00 1.020652781100287854e+01 7.259793431307199008e+00
8.156881113164518027e+00 -2.579761484901770707e+00 -8.985890168929985933e+00 -2.248052907735200279e+00
6.034298839390811686e+00 7.064701032572876294e+00 -9.236065001118028306e+00 -4.721108842260721694e+00
-8.444246208040388169e+00 -5.244616958685353936e+00 -2.478263106759849954e+00 9.642694978843985965e+00
2.878937481206447213e+00 5.967992372518982513e+00 -7.559784700056342288e-01 -3.997270206235744361e+00
1.089053929837549006e+01 6.971851778824782464e+00 -1.202519458024943422e+00 2.020428803902387660e+00
-1.463866913698741667e+00 2.785575457733090454e-01 7.459725445283699408e+00 7.799678168239841725e+00
4.181290028270375103e+00 -3.610167305823865469e+00 -9.383867523812166045e-01 7.691582773822428720e+00
6.856661304943818536e+00 1.011513261001506869e+01 -5.777540914897613789e+00 -1.329362724883905722e+00
5.815119333334274110e+00 5.803811670146410862e+00 -1.725256287505443797e+00 -4.142159507307766830e+00
6.772183783890447728e+00 8.557941918865740405e+00 -5.832741244956453741e+00 9.459501841895634477e-01
3.311166051859564696e+00 5.891924994535327365e+00 -3.497828542555559417e-01 1.040890482345677981e+01
-7.738901241777493389e+00 -3.874860352462495605e+00 -3.343632382382846213e+00 1.007818586502335378e+01
7.169969710091137927e+00 -4.487877790693807434e+00 -6.782268561987207178e+00 -1.159789681078446044e+00
7.817326771184527345e+00 9.007605830066475860e+00 -1.062006509041816926e+01 -3.988827413969878943e+00
4.978815277751442281e+00 -4.818373154529433045e+00 2.488384863522535850e-02 8.752985971113979247e+00
2.166719976820040028e+00 4.073062210283994844e+00 -8.788362084136307928e+00 4.538893907549108597e+00
8.011613142202232751e+00 -4.275503266084230702e+00 -5.309096029148996365e+00 -5.459046729421716648e+00
6.733445326524411634e+00 8.650448534720299065e+00 1.976383481437816281e+00 -1.503822277973649646e+00
-6.832355331405300269e+00 -3.086136687327604378e+00 8.098825379839112770e+00 6.086691545636255363e+00
1.988509322201392093e+00 4.718693109751574077e+00 -1.190836760974293362e+01 5.032129796827913282e+00
6.028042933988388974e+00 9.476338990221018221e+00 -3.540806658746784574e+00 -6.662133763339146419e-01
3.957697896272983407e+00 5.167195159974624197e+00 -9.113166793418734812e+00 5.697490130544678344e+00
1.825422264856982890e+00 5.723575779283427423e+00 -8.910018495322452381e+00 4.189013286340181885e+00
3.041653863705684468e+00 -6.856670986403942791e+00 9.908295042150525589e+00 1.435274095281138473e+00
1.024374581472474954e+00 -6.845528652185638663e+00 8.749145057234008149e+00 9.734576082429219346e-02
1.051529951687322928e+01 5.839404273411795465e+00 -1.210525971044007276e+00 1.978448410408388369e+00
4.038758878844957989e-01 -2.011104451082578848e+00 7.762282842243475756e+00 6.961157069466033853e+00
-7.824250993621351569e+00 -4.411182694024792461e+00 -3.226326054091719797e+00 1.064331433077047251e+01
6.233948739056597965e+00 7.763973295873753955e+00 -1.404609314536193088e+00 2.731640186105801504e-01
2.848387723393551063e+00 5.577153491807762542e+00 9.567862792043584363e-01 1.086916141222602228e+01
4.035692484353638143e+00 -1.259728445134920527e+01 8.032227500292663080e+00 -3.299844476367036483e-01
-6.816550640267991845e+00 -4.233061002770044823e+00 1.030581923187572890e+01 7.051785433164795336e+00
-6.363923036224120366e+00 -3.185334500435798244e+00 8.444911438559458361e+00 6.942200448850056382e+00
2.606889479135453325e+00 3.264352654694373079e+00 -7.864131399198038608e+00 4.806506108304040126e+00
-6.648946002754843043e+00 -4.704738465447499962e+00 -2.689047565892663805e+00 1.106693054317045011e+01
3.623170800860527230e+00 5.603647906556022740e+00 -9.844480465491807664e+00 3.105090718002241346e+00
7.537402059358109696e+00 3.941520339121764582e+00 -3.320875694544373147e+00 1.052470874437269366e+01
7.004398261038791595e+00 8.794485770271807112e+00 -4.140722601222361909e+00 -7.762616840607388102e-01
-8.933564053942887995e+00 -2.951935750347320919e+00 -2.471391403388475183e+00 9.375390359760354286e+00
7.597319322838398392e+00 7.108763745250499255e+00 2.047203899827465534e-02 -4.282566631106408117e+00
-6.290234678205911756e+00 2.269409273953321371e+00 5.540801684048070719e+00 1.273569190212891611e+00
4.681946052789753843e+00 -4.119955781837406406e+00 7.042064659301923157e-01 3.272222441947011617e+00
8.599904868954483916e+00 -3.911553414238633231e+00 -6.923587683138375581e+00 -2.222887047267290583e+00
6.531968312972054491e+00 8.812990012551386698e+00 -4.493516133933127321e+00 -3.586090220918974891e-01
1.466471494655788632e+00 -1.123573929255248771e+01 1.297151121591853595e+01 1.466536537138561469e+00
8.377412500479483271e+00 6.920872938871903024e+00 -9.214654936256145845e+00 -7.012126751821587511e+00
7.999655023182160818e+00 9.335753861580813329e-01 -1.092375409427722044e+00 7.225068674620472642e+00
1.108961373991892962e+01 8.380129205366765532e+00 2.317919336715512646e+00 1.726856758297769856e+00
7.241774543460357982e+00 -4.734118436366125060e+00 -6.229333695394271508e+00 -3.865324931992653923e+00
5.315004009896253656e+00 -5.105206992132784727e-01 -1.458253930717291480e+00 1.002501455316745727e+01
4.300477433334473076e+00 4.285909499842703418e+00 1.525656572724523041e-01 9.545096155216212352e+00
6.536790746107246974e+00 9.752083508093898345e+00 -3.220092453933631749e+00 -1.161884210656351391e+00
-2.202219771282986738e+00 1.631298504058556142e+00 7.522002147089655644e+00 4.955508329308102589e-01
8.158177266429296637e+00 5.047683976036349662e+00 8.667777526499582663e-01 1.402845149418273429e+00
4.040450917153828314e+00 7.938727874816633445e+00 -9.029092220526662160e+00 -5.981088621751044165e+00
5.091321087689035352e+00 5.466178528931593839e+00 1.457533419393015617e+00 1.095307918093701538e+01
1.015207514733718774e+01 5.185211026363116815e+00 1.132838947645995908e+00 2.563757067482046459e-01
4.705036608244257401e+00 5.549237292243968334e+00 5.709974612462842547e-01 9.725324841999714920e+00
3.925693130795746555e+00 6.538971148234573150e+00 9.832430254997649444e-01 -2.358960765669003479e+00
-9.873608509878090800e+00 -4.983533318467640250e+00 -4.144743550908378538e+00 1.199275732611515544e+01
4.474683514244520488e+00 6.616350891190766248e+00 1.772706798630729885e-02 1.137317438806685033e+01
8.117448145939459181e+00 -2.639618735463255206e+00 -5.965071515774800659e+00 -4.335361451671613686e+00
-5.268740239065951236e+00 -5.684102213078037202e+00 4.023567309995483288e-01 4.857179224530008277e+00
5.582154997618136605e+00 -3.544109320542770725e+00 -4.133564229366589515e+00 -3.459729709008504628e+00
7.210060347259529046e+00 8.090475977420572562e+00 -8.007455246951609595e+00 -8.825324638280905631e+00
6.246995741566168547e+00 6.834168995665376833e+00 1.353276067341109279e+00 -2.153941817915084211e+00
-3.608190634447834277e+00 -3.416391460654109591e-01 9.939453073096899516e+00 8.501794862055074731e+00
5.356531583333464575e+00 -8.430402841268332281e+00 1.079918251076309588e+01 1.799143692213788226e+00
1.138195929249113014e+01 7.209559980268197776e+00 8.348004034094276271e-01 2.660834848593123247e+00
9.569500464163946063e+00 -9.770275409601980598e-01 -8.146226748963874442e+00 -3.898638708458653124e+00
6.995636338817065258e+00 -5.125974235106848909e+00 -1.075144045325658482e+01 9.548634044918673069e+00
-4.801858125027020030e+00 -3.821765769867308205e+00 8.563888236543894195e+00 7.935458508953846746e+00
-6.188532212182279224e+00 -2.353167803861051510e+00 9.108390587165573038e+00 7.151590095240066169e+00
6.450007989521552076e+00 4.882512025534236244e+00 1.804576238468089455e+00 -3.041636691718165864e-01
9.744924451030176904e-01 -8.274236453578572181e+00 9.215042103699703446e+00 -9.858657723159567343e-01
6.320731611930768601e+00 8.301770767975076737e+00 -3.607629073174175804e+00 -1.966798616988382431e+00
-5.381781570139289705e+00 -7.325200198017674857e+00 -1.940664418285060089e+00 5.361348991178720880e+00
1.035872982349369309e+01 9.114892939142961836e+00 -2.384645415640399002e-01 1.128800415926002554e+00
7.080278462174374177e+00 4.945331020901079455e+00 3.112663042598351471e-02 1.220709622050117282e+01
2.688308361273622715e+00 -1.014819479731022689e+01 8.442083807141308682e+00 1.133719828676403640e+00
6.154398614792441435e+00 -4.043725858244680893e+00 -6.821224038044078064e-01 6.625426076344842485e+00
7.360194391228889188e+00 -6.832665653079592616e+00 -7.381156135881633773e+00 7.880797010911656741e+00
6.247740330116154261e+00 -5.012130798298545464e+00 -6.243187146552086730e+00 -5.206788800137992723e+00
5.636457777031890437e+00 9.316455880721786542e+00 -2.627985889337421721e+00 7.010693387619297390e+00
7.761823255540909017e+00 4.450230045298861015e+00 -6.415227458139755035e-01 1.693959499137574598e+00
-6.230839556849626426e+00 -4.800884029366732975e+00 2.343318970798590417e+00 3.740029628072265577e+00
-5.075804427921732476e+00 2.088416463780233379e+00 9.145966240836532535e+00 -4.717016358105570184e-01
8.314134908680298253e+00 -7.307368839921133841e+00 -8.910456508214391391e+00 5.435102673297794063e+00
-5.542380692578142032e+00 -4.641900975343192570e+00 8.975775378673537475e+00 6.343363385500831342e+00
-8.271283516605178576e+00 -1.691293395274476197e+00 -4.052994124136498399e+00 8.966391559886931262e+00
7.524907257282917428e+00 9.965651684877110839e+00 -2.328861963185474782e+00 -1.459889971103990769e+00
-2.866989250255672639e-01 2.261185502195386832e+00 6.403752655443201824e+00 8.320438149640946079e+00
-6.692460013466891233e+00 -3.620422939564768683e+00 -3.841320931329199606e+00 9.974197946069603304e+00
6.198540779434345893e+00 -3.148852331766083701e+00 -5.907814717805659477e-03 8.830250811226008523e+00
-7.041509161639118553e+00 -2.539015432999129018e+00 8.427655209620231958e+00 5.331449867506568907e+00
1.608330684226751517e+00 4.409608723516861062e+00 -8.502006661581763325e+00 4.192092132902782708e+00
-6.224046242334358325e+00 -7.872647776977960810e+00 1.350627859214748483e+00 4.771484220901975881e+00
6.027605369110959899e+00 -5.823756862598402861e+00 -9.521621155594656827e+00 7.754117646601306646e+00
7.814207144311721365e+00 8.502001911137524459e+00 -9.672125131904065753e+00 -3.072076217669808873e+00
5.628278807405580508e+00 1.026558127587229663e+01 -1.076621060710697630e+00 -4.985033037424596580e-01
-2.819376531345545445e+00 2.581368458503663366e-01 9.134668304895939173e+00 7.316987906601702285e+00
8.933289936676805709e+00 6.094394262619182712e+00 1.224073653112961874e-01 4.459855780116810386e-01
-3.017969438955466543e+00 1.416133135647514196e+00 7.072472358674155579e+00 3.141708037467623171e+00
2.281132239503230963e+00 -9.363719263269377535e+00 9.440025032420981788e+00 2.191404215697311031e+00
6.771023564730909605e+00 -1.966571622600311153e+00 -6.880522051987699506e+00 -5.623295324498764458e+00
4.606953871339874995e-01 -1.681087495308405400e+00 8.066229754545330977e+00 7.924869519343746838e+00
2.379094917525132580e+00 -9.404048927598520180e+00 9.800613715806511195e+00 2.881647956130022337e+00
6.160764639135850373e+00 6.412834702099199369e+00 2.117054630669482407e+00 -2.179463873366743076e+00
-8.098325724694724670e+00 -4.025989039503882871e+00 -1.395607765458186433e+00 7.484336700367839157e+00
6.855055009331497473e+00 -8.851316094953013192e+00 -7.927328749966104482e+00 6.516220263284681735e+00
-6.024938825835805645e+00 -4.072312828448118260e+00 8.114705393127703559e+00 8.280303746258047326e+00
6.378418789458818239e+00 7.658552688912116047e+00 -1.818391399756051019e+00 -1.940291143550844088e-01
1.283381030216399932e+00 6.844778993760301411e+00 -8.584492527108691817e+00 2.891580424202631505e+00
5.648619123826674304e+00 -2.608300168113620199e+00 1.967144181241803569e+00 6.198245782810618998e+00
1.095665197648090050e+01 5.349004618566025826e+00 3.226489603012376861e-01 1.917338003851686512e+00
8.762380344508967411e+00 7.508255924562114103e+00 -7.878343286843586313e+00 -5.208422882391120723e+00
-6.937238580155352885e+00 -6.973342944203649196e+00 -2.504226583636535164e+00 4.102118484666919862e+00
-5.960336323880474296e+00 6.971875851052815598e-01 6.302283664091592463e+00 1.904059986258364034e+00
-1.417395713340288133e-01 3.455258757624526389e+00 -7.773856985141290643e+00 4.473438350004862230e+00
-4.060070156020592513e+00 5.900741938251152341e+00 7.750858616403489165e+00 2.010544862028554314e-01
5.913619211760372529e+00 6.965143779005789071e+00 -1.098220128942508866e+00 -1.813708628486756513e+00
7.675925546764085894e+00 -6.721086941885320520e+00 -1.037472475387490434e+01 6.154407820700767751e+00
1.316295550739205567e+00 5.692917720376894586e+00 -8.704970769432852862e+00 3.487801192402312900e+00
5.441306078745483887e+00 -2.518584445633254010e+00 -3.520809133186947326e-01 4.649408671406336957e+00
5.715132509621138723e+00 -3.799170120953592633e+00 -1.232720502055189460e+00 4.369040130800526001e+00
4.460529536438119891e+00 -1.376247371116084750e+00 1.424820492799650395e+00 8.145978055714543586e+00
2.552597822866383037e+00 -1.079065199121454555e+01 6.123114830627126359e+00 -1.561944955586665795e+00
-6.255718433169178638e+00 -2.065291660078039992e+00 1.044426333580469546e+01 7.322847664533903789e+00
4.645665708622098711e-01 -5.320607373773705850e-02 8.112327228967359360e+00 5.827091417953575103e+00
-1.080925025404599005e+01 -2.849708421369528732e+00 -3.975459278486045633e+00 9.801896095731663650e+00
2.130647606475225331e+00 -1.175640871551862077e+01 7.275624088125144162e+00 9.623538738787187352e-01
6.389728953873158979e+00 5.320674293602410287e+00 -8.741136230421913567e+00 -6.573303312325236902e+00
6.963824313938139277e+00 5.712782101174314064e+00 -9.338359490047873912e-01 -1.599313361540840583e+00
7.553037591163331399e+00 -6.609745968916675096e+00 -9.499916673275460965e+00 7.077252138599031461e+00
5.406799681980862360e+00 6.602641433812549643e+00 1.247907746946751439e+00 -3.254162150156076905e+00
-4.741384027116104960e+00 -4.473523807714636646e+00 1.058040109681912178e+01 6.131023295275842777e+00
6.213334181621007701e+00 4.875421310321675250e+00 4.710815518242290056e-01 -4.287068520992855625e+00
-7.064104361392381293e+00 -4.943384008377987193e+00 -6.007100307758166807e-02 5.908098510727856301e+00
3.645665659389925928e+00 -7.863438090926379687e+00 9.027408293313488485e+00 1.534934987478965507e+00
7.416787029679252186e+00 8.585080579764714059e+00 2.288539391606146722e+00 -2.961245418390249018e+00
8.744347467316867295e+00 -4.609127752800422861e+00 -7.643229349080138846e+00 -2.563431529929394159e+00
6.280110681392967464e+00 -2.339249648308318719e+00 -1.892713931109192282e-01 6.270706829116340586e+00
7.248038285564721406e+00 8.427657053366854001e+00 -2.548358365395933856e+00 9.302772416548648060e-01
1.344634912065407528e+00 3.799697858304534215e+00 -1.064458416413739350e+01 2.645475839823027808e+00
-4.867622683971617015e+00 2.654768128689712903e+00 4.197959157289218979e+00 -1.691801501068177949e+00
5.416583955320971810e+00 8.290277816970689884e+00 1.851634177056983965e+00 -2.639089063520865697e+00
-3.775193680572476840e+00 4.102940076871800734e+00 4.265788283960269212e+00 4.526678035800194011e-01
5.017722890328178309e+00 8.964104179679136308e+00 -1.224989286372593078e+01 -5.333867680327590399e+00
1.002191808845453558e+01 6.328559793113855747e+00 1.210088543615128603e-01 1.032422872068061714e-01
6.665960153690642542e+00 -6.400261648768046818e+00 -7.344882738602406036e+00 7.169606552157419266e+00
7.830350151215948351e+00 -3.759464626182498215e+00 -5.674035207167276162e+00 -4.716706768939700645e+00
7.815943457873482991e+00 -6.454189752680716374e+00 -9.434348159654508237e+00 5.699582330760480708e+00
8.347301881053622807e+00 -1.718893462144750917e+00 -6.879544076365432304e+00 -2.912211057533459879e+00
-9.204000852560215051e+00 -4.980711248950298931e+00 -3.728873034011642495e+00 1.217714838673817646e+01
-5.441716807263057287e-01 2.941313937382612487e-01 7.463202468092188013e+00 7.936106936725141558e+00
7.115692911114497754e+00 -1.887677662171361126e+00 -4.953054492141180987e+00 -4.120274255182098777e+00
4.051670094699323599e+00 6.775483918855268684e+00 1.898328439660917688e+00 1.020309152904873073e+01
-1.182288502038545186e+00 6.375655061104789745e+00 -9.306879365213092115e+00 5.570047865841951662e+00
1.915888927946278297e+00 6.176082288078507787e+00 -9.824019811697455751e+00 3.810522298290931698e+00
-7.321939503645447544e+00 -5.619287806659461815e+00 -4.330491910240495734e+00 1.062676941179290857e+01
7.301202149699207666e+00 6.228742684693296283e+00 3.171273408722988796e-01 -2.893415021959893529e+00
5.720718506707357598e+00 -7.311908180709849603e+00 1.057008561397901225e+01 -3.301347235298877081e-01
-1.606634627360103984e-01 -8.294588021383118015e-01 7.062900261077068365e+00 5.409159302061759433e+00
1.386706322728990637e+00 4.922463202328037468e+00 -8.974027117863990100e+00 5.340302146822917706e+00
-6.509950723676684703e+00 -5.175237430397039873e+00 -4.484104196259948161e+00 9.975932645117730146e+00
1.322850499212536279e+00 1.798512193998495601e+00 -8.524561735650122429e+00 4.372531003833420193e+00
6.842422260111701071e+00 -7.398163712127580283e+00 -7.114132872695989818e+00 7.110796151905804940e+00
-7.845030617772698278e+00 -6.342803459125330612e+00 -2.016187584579850700e+00 6.085804637761229152e+00
-7.675269813138924091e-02 6.969218318467087503e-01 8.785307352897103073e+00 6.186062219397344464e+00
9.706778942987149605e+00 -4.054487409759968131e+00 -1.235492566440651308e-01 5.171075190273269229e+00
-1.177844923299495861e+00 6.581314846304224808e-01 7.232899263033190529e+00 8.349896759962645021e+00
3.619117220019415271e+00 7.063584037279785122e+00 -4.952856466422628223e-03 -4.535464723500468587e+00
6.144701624647890270e+00 9.497026469471641974e+00 -8.175424394594250188e+00 -4.558551316411436183e+00
-7.302938056236293107e+00 -6.731237361050976808e+00 9.236116683988839782e-01 2.988860804326827214e+00
-6.073922392320594277e+00 -5.315250579174185752e+00 2.720004537483041052e+00 4.181083823293564983e+00
4.684919483795816575e+00 4.857453935383388988e+00 -1.038484778840751410e+01 3.383269569768800444e+00
9.624084967153233805e+00 -2.796159452640063048e+00 -8.988188843944570294e+00 -3.278136208876039071e+00
3.704638397508710046e+00 -1.128578516797101372e+01 8.036148617869152133e+00 -8.598656551979191320e-01
-6.522995599265017042e+00 -6.175351525862599722e+00 -1.453319278050512420e+00 1.247101651784396470e+00
-6.547962297046340474e+00 -7.837147634234399085e+00 -1.591627620884553007e+00 6.170039724006866955e+00
-8.025561748877354518e+00 -5.244713577892674117e+00 2.974175332123655036e+00 2.878701493829499913e+00
-9.711133148959795847e+00 -4.916509229779646439e+00 -5.220579306053598323e+00 1.132296509621408376e+01
7.765298879666680421e+00 1.001125646585797746e+01 -2.292018784352531924e+00 -2.270513443528404451e+00
7.102826257817982381e+00 9.400087728517842578e+00 -8.070127718863970401e+00 -6.098172781216163685e+00
9.339113444199989900e+00 7.567674832487853998e+00 -4.461632397876396094e-01 2.403410927970863753e+00
2.230590502026805755e+00 3.582095074893781650e+00 -9.363253012251693264e+00 2.600764710860786089e+00
-1.224790822119323774e+00 -3.835594979185721343e-01 3.402454573994208253e+00 6.058531343049513573e+00
2.522426856024035047e+00 -7.736749778671075717e+00 1.089936143118429435e+01 2.405489116263971994e+00
-7.004537620177639035e+00 -5.717525257295669405e+00 2.404333964849849181e+00 3.698546671873412350e+00
5.448196057385697344e+00 1.196585998641240067e+01 -4.010895107628593692e+00 1.518578668404753085e-01
6.915800785974378861e+00 6.959573453356424189e+00 1.732918694593437170e+00 -2.508349501072746790e+00
6.950471001698308449e+00 8.091396073369566011e+00 -8.033063139847932632e+00 -6.975282800571147135e+00
5.157829847255330336e+00 -8.832107857630541403e+00 1.006199342815284759e+01 -8.055095654468380495e-01
5.840019027794673967e+00 7.818707645209798329e+00 -3.879306495258998400e+00 -1.680372716882318151e+00
6.214444961119379052e+00 8.989583817102642982e+00 1.853002088173731021e+00 1.018306723840852790e+01
4.568753134042548680e+00 7.096171919278244644e+00 -3.042326877216547376e-01 9.584835942703056944e+00
1.945028310757196621e+00 -1.011542082026114109e+01 8.674291245853764210e+00 1.098004964803208861e+00
2.249271797781906113e+00 -7.540080982898258455e+00 7.315504714098688410e+00 -1.284832501593535348e+00
6.212873076949812834e+00 -3.915328909621646591e+00 -5.098155221347140387e-01 6.393694819523373596e+00
-4.336947325591638425e+00 2.121510793871926204e+00 6.949111109810402809e+00 -2.023487284715341783e-02
-7.746494365986658970e+00 -3.882597037269130080e+00 8.845434383648353105e+00 7.982895417937122318e+00
7.492412393857705410e+00 -4.826457892608527089e+00 -9.173997711329249682e+00 -3.813618453350343884e+00
-7.226683419909246453e+00 -5.728801477527986741e+00 6.203597690936492048e-01 3.707584029448942164e+00
5.299439734270993130e-01 -1.731285222406986124e+00 9.386345057699234218e+00 7.058814748344427237e+00
4.357426677853927899e+00 3.863391243437330314e+00 -2.464113796215571028e+00 1.122983301527493971e+01
1.363865187508960464e+00 4.294964927684087996e+00 -1.218337039022009094e+01 5.087435630201927239e+00
3.877914294047289268e+00 6.917490167053580663e+00 7.809622456743070540e-02 -1.995004428772090943e+00
5.977285052167863100e+00 5.633492562631203349e+00 2.607074213183026234e+00 3.659317018123244836e-01
9.478613757089206615e+00 9.690437765306914031e+00 -1.108031513603127349e+00 3.360947710695270096e+00
6.830503349126074042e+00 7.249640874304962068e+00 -9.705968206256173403e+00 -7.083823790067962811e+00
-7.404740226033084127e+00 -5.036778242431182662e+00 2.683879811547729144e+00 4.101019756712219078e+00
3.515435449565488923e+00 5.481995675643275945e+00 1.865795788904301311e+00 1.092293017494096929e+01
8.519604131085964482e+00 9.797267248152888186e+00 -2.243376543730334571e+00 -1.169339388433140003e+00
7.497988946739120308e+00 -6.340015847577265440e+00 -8.855573333267903635e+00 6.553466695987313351e+00
5.957835705732879461e+00 9.551163656070906782e+00 -8.182660588760796827e+00 -4.730230359919772809e+00
9.063896337011712490e+00 8.619082994647007112e+00 -8.245260330127891280e+00 -4.395687055086645145e+00
5.252118800933501142e+00 8.239639056602671374e+00 -1.082198124489675450e+01 -7.381556071915334805e+00
6.089966600540027919e+00 1.030697868179174570e+01 -8.676878252012887316e+00 -4.899686552136574669e+00
9.178376760731739026e+00 8.932658280311901677e+00 -3.684937343075972205e+00 7.309942186625824068e-01
-5.668826105650348168e+00 -8.908441439997762501e+00 -2.044421162696914152e-01 4.963272071476631631e+00
5.336131125003775288e+00 -1.057705784059284326e+01 1.170698446610688492e+01 5.789541348839741808e-01
8.015413300250145312e+00 -4.682700169708060578e+00 -6.633212865885176335e+00 -3.960899592982012773e+00
-3.998809969531587516e+00 5.628617327591949326e-01 5.648432610291646228e+00 1.501606992122856754e+00
8.728597716565502651e+00 6.602294918474046703e+00 1.442090802946704109e+00 -1.745076183160531924e+00
-3.698862915790398276e+00 5.419876329338251253e-01 4.869795511153727219e+00 1.898294518509574536e+00
5.575082212931766534e+00 -7.728856009235828495e+00 -1.007924272786889119e+01 6.504430565866242908e+00
6.132924610913402574e+00 7.927678780696815863e+00 -7.278837798129826453e+00 -5.032119129684602399e+00
6.578882750938156221e+00 9.889718150326661572e+00 -2.921441630649427523e+00 -1.091511570938291431e+00
9.085628057287413739e-01 -9.766160084317785817e+00 8.781069226392581584e+00 -9.721862241424004125e-01
6.978426932687885831e+00 -7.335293018533757703e+00 -1.020908527335622829e+01 5.066940656165839663e+00
3.763152231395111347e+00 -8.158750647845351978e+00 -8.343042260971458290e+00 6.485071278821966878e+00
4.563224662454989478e+00 -3.885681320234584568e+00 6.556971298031472051e-01 7.844954224453802638e+00
9.725706098102344654e+00 5.307901525659159958e+00 -4.478291638139254571e-01 1.080762934941696285e+00
-1.371743452213332048e-01 -7.196091935947636742e+00 8.460818323141976904e+00 -1.223302276158697799e+00
6.927832544545738713e+00 9.837807238209384408e+00 -8.779976725495108880e+00 -5.245589408568799072e+00
-5.781681458113646421e+00 -7.312155762619665822e+00 3.360570869654503912e-01 3.460456866543539345e+00
6.666012678738231223e-03 -5.091785378824219555e-01 5.744870454877051280e+00 6.285715448898987923e+00
1.885095844796026654e+00 -9.934931350101138037e+00 1.061603975792096577e+01 9.693627267098390288e-01
6.621728743888309232e+00 8.419310344639400867e+00 -8.237430526355362659e+00 -4.055019893605471104e+00
8.789832096324101229e+00 6.089308018069965911e+00 -8.132069985605935969e+00 -6.770494720400662025e+00
4.823514558273345187e+00 -2.515193764018611944e+00 1.847419026569701250e+00 6.102150384048099063e+00
6.355945766698481769e+00 -1.276590182863467593e+00 1.125102295210395509e+00 6.501980239092526759e+00
4.675611108327888843e+00 8.184954760821899100e+00 -3.743562932419208789e+00 1.384628829999611010e+00
-6.675688347276535595e+00 5.049904942880329983e+00 5.764330173720674466e+00 -1.040343277899936636e+00
4.731345032931256966e+00 -1.283062092868521242e+00 -1.006524171184796534e+00 6.869408257303304843e+00
4.941121731776251025e+00 -1.923428914220954633e+00 1.378450194801997819e-01 3.373470012009238239e+00
1.451998294256562350e+00 -1.518652658608566020e+00 7.907032821390486355e+00 6.959834731425723398e+00
4.250597102336094224e+00 -9.349395294866123862e+00 8.253894687026267718e+00 7.713483787092939581e-01
6.921489314745604915e+00 -4.023612328171982888e+00 -5.019721301570096550e+00 -2.513042553308446614e+00
3.182804930472782345e-01 -8.801584298817642704e+00 8.719809858928426749e+00 -2.815465098134696476e+00
7.316013958058119826e+00 8.846713759269711375e+00 -3.335539041195330512e+00 -2.466293270147141836e-01
7.838095794326779497e+00 7.294761852153792248e+00 -3.696616971403156260e+00 5.632086853450912756e-02
3.996947299664499020e+00 -7.414429001662115937e+00 9.122005275080915965e+00 -9.861713375801590686e-01
5.879188772510942407e+00 9.685796211792329302e+00 -7.846408300807663494e+00 -6.579793063295026556e+00
-7.290374912569906662e+00 -6.111193517401368958e+00 -2.819054267012590209e+00 7.405269698753061292e+00
3.105233547103716241e+00 -7.315376751036336778e+00 9.060321538175214684e+00 5.765922756780383907e-01
5.530762132503562967e+00 -9.909792754843568474e+00 9.864952641203487360e+00 2.977500170094509735e-01
3.280877171141215687e+00 4.648183370108867507e+00 7.894671221995752664e-01 1.099319667222730956e+01
6.706366421493781260e+00 6.368160232138506238e+00 -4.429181589426496757e+00 -1.502394426256083770e+00
6.563742006550632446e+00 -6.785862153139015085e+00 -8.120484679372276915e+00 8.495556748225215671e+00
8.432438357718350375e+00 -3.386419731930937260e+00 -6.385890014325590336e+00 -4.100397311187271576e+00
2.258762998286941048e+00 7.631714879705093324e+00 -8.818586970460751573e+00 -6.453503431773496501e+00
-6.833975762418729172e-01 -2.679409888959005670e+00 6.742399666474701903e+00 8.641472292566632518e+00
6.842606588810787649e+00 -8.571895727623187966e+00 -9.021866053793360152e+00 6.573203427646873820e+00
-8.711007947742949176e-02 -1.462302459452874404e+00 7.633114662659840732e+00 5.873191425368968765e+00
8.006354639358169933e+00 -2.864815071152464920e+00 -4.573958075601080253e+00 -6.863732654928077714e+00
-4.589008120924431999e+00 -5.138882679681558763e+00 1.003521010898589694e+01 6.248628098606240577e+00
8.430517136106267628e+00 -5.118488174519042033e+00 -7.246377888349689655e+00 -1.961877358886195966e+00
-7.651240925374029445e+00 -4.416441527350656315e+00 -8.623969155676267651e-01 5.217446759754298391e+00
4.645171699057604187e+00 9.703254067948272166e+00 -1.132400159079115198e+01 -5.018850094790529681e+00
4.355213221343444907e+00 -7.901553281487927016e+00 9.681577031727314875e+00 1.881880249913841785e-01
-8.974602812702054067e+00 -4.769109839144165086e+00 -4.501447851840459258e+00 9.990897493293795506e+00
7.382505836571680469e+00 -3.513260457107441503e+00 -5.678213092318816990e+00 -2.551458773211234821e+00
4.796755202467312351e+00 8.442184597955757042e+00 1.310024796630248289e+00 8.290556052668119236e+00
3.922967687950936977e+00 -9.557676417756351128e+00 8.408589341039499843e+00 3.421712061561614782e-01
1.008479056337139390e+01 5.727299395713613350e+00 7.779825086177306614e-01 2.095520127494042040e+00
2.763803482987421845e+00 -8.257754271905641374e+00 1.179466538195890735e+01 -2.095548751276574695e-01
3.854263971151945078e+00 5.834098479247973756e+00 -9.171328317302846145e+00 2.487872389668263295e+00
5.184998333202661680e-01 3.887771057477670489e+00 -9.960101079726445761e+00 6.756502095096470484e+00
-4.484261073092384642e+00 3.684189867454499279e+00 8.593466592718403518e+00 -3.833156190278901310e-01
7.631757599694281247e+00 -2.016091935897886156e+00 3.091382832057342767e-01 6.726527202189781285e+00
-9.054338390986433893e+00 -6.226115403220898514e+00 -4.482001422549641845e+00 1.085824221573696313e+01
-2.068114191845560335e+00 -7.599704603764344535e-01 8.817500624197032622e+00 6.400214229629276552e+00
-4.742083136296164625e+00 -5.373570992759261422e+00 1.145224525059084897e+01 7.054130811092417908e+00
8.985993839558309659e+00 -3.837747244973536809e+00 -5.705485818170339840e+00 -3.190487718130148309e+00
3.087013118351271679e+00 5.877850833456938595e+00 1.307811775431336976e+00 1.233540408035484859e+01
-8.877783023456027323e+00 -4.712208811990070245e+00 -6.797009697380588022e+00 9.718340858461614218e+00
4.992574368010910923e+00 6.722491278127218806e+00 -1.114065479646093149e+00 1.169221372879657928e+01
-9.714764866228671636e+00 -6.611274623820124319e+00 6.332147213794097063e-01 3.167841057983369346e+00
5.085348678145335199e+00 -4.942053331521283788e+00 2.060094587676725431e-01 7.638091695120423630e+00
1.057816055125002919e+01 7.500729217546227012e+00 7.548473669222958982e-02 1.437354815566806776e+00
5.021204321355269506e+00 -9.103350708095556243e+00 6.911865483744523253e+00 1.346068515006568100e+00
9.953015582156636398e+00 6.148728029991501920e+00 5.430376375096652719e-01 3.391962532873411540e-01
-6.227794470777126001e+00 -3.850664001525175628e+00 -4.090036746424789982e+00 1.163841244956646293e+01
7.200257595055944648e+00 8.259225025824067146e+00 -7.810234506596110293e+00 -5.528708218187195378e+00
-5.869850299150167316e+00 -5.878936874849025607e+00 -1.286693228723838622e+00 4.384009158008721485e+00
-5.744753201247620567e+00 -1.085504489941054018e+01 -2.231725734767897595e+00 4.533921725857255502e+00
-8.791778448756311093e+00 -4.233017231511041700e+00 -3.336426986448314480e+00 1.090502962035377799e+01
7.086093513793215948e+00 7.255576373210631758e+00 -9.161901702553576499e+00 -7.021317547673358916e+00
-4.708032125754201935e+00 -6.592979881926453345e+00 2.064139548457064155e+00 5.079862697210663747e+00
-5.272175232797168931e+00 -7.076844842730917406e+00 1.763533701514637120e-01 5.317602419371907807e+00
2.291499708673104152e+00 5.448803708038410853e+00 -9.810532907649124112e+00 6.448057667107125468e+00
2.463570887111966812e+00 -6.778498789550027048e+00 9.818605252399775551e+00 4.374946367799564806e-01
7.289040285683170417e+00 -7.057506816636302638e+00 -8.725572451408622143e+00 5.289230865173593976e+00
4.201228820507422412e+00 -1.016360846022711151e+01 7.624469269615555156e+00 9.808536095457534021e-01
6.205685055955839857e+00 5.186196740760776080e+00 1.368633550013943490e-01 1.025230888233681625e+01
-6.576065753131078218e+00 -4.685811072360431595e+00 -3.528281820787798395e+00 8.960743126883274456e+00
6.209009695331238810e+00 1.063740165567931939e+01 -8.936695563881431603e-01 -1.580288040962225526e-01
-7.200668744613391681e+00 -4.035596169232292141e+00 -4.212218083266485280e+00 1.005448458458696237e+01
6.264900319046375898e+00 -8.252496624097320321e+00 8.917889232151116730e+00 1.306752713306544855e+00
2.335699125527462172e+00 -1.063677635068549776e+01 1.122760427617967771e+01 1.720234897445109823e+00
3.499868495465074947e+00 -7.975654164119272416e+00 1.255226880079418450e+01 1.142082906831657363e-01
-6.636796699834917490e+00 3.329651413348418743e+00 6.594873307326678535e+00 2.343097900472163708e+00
-6.646854270701436640e+00 -5.197306854215854699e+00 1.033475565284836328e+01 8.784900323275870448e+00
-3.055067543612985936e+00 3.398927232549885158e+00 5.910740945586368866e+00 -1.216351091846864518e-01
-6.903731837407677929e+00 -4.145604316501466435e+00 -3.465521543866262988e+00 1.136807196937200537e+01
6.408123408672518728e+00 -7.292233456600733632e+00 -9.605998201407635051e+00 7.601130619016462475e+00
8.665588761701929599e+00 6.022946667198245230e+00 -1.002690972472596620e+01 -5.133054573842960266e+00
6.291295808526356836e+00 -1.677815265430222302e+00 -6.746197836999828112e+00 -3.392686539537956847e+00
6.948337880417087220e+00 6.415664828850422552e+00 1.382986000840944252e+00 1.831280685131962072e+00
-5.269909767376405263e+00 -4.488551929019006792e+00 1.033178174555137652e+01 6.785111675004882770e+00
5.781037666219399185e+00 8.790811114738698251e+00 -2.501430423783868484e+00 -3.261966854538516092e+00
-1.040061179325871521e+01 -4.472677924062416821e+00 -3.195700217687465816e+00 1.205234400040804310e+01
6.381457092283674193e+00 6.137042727373992257e+00 2.657689388378830841e+00 -3.491262591413572647e+00
1.052848320365975709e+01 7.334116832370571437e+00 9.391770166526174357e-01 4.091173644209136206e-01
-4.183832124577524958e+00 1.701671276737837024e+00 5.934389981876626585e+00 1.512205160304294527e+00
1.941488077399248446e+00 7.327961630262339376e+00 -5.333337984014487887e-01 1.058321533331665165e+01
-7.666442376560588023e+00 -7.475907343779024217e+00 1.588937091278321168e+00 6.485555397414191958e+00
-5.657432795105355794e+00 4.466797994791501303e+00 6.437678782404316458e+00 1.909057764966102244e+00
4.890196985727927270e+00 6.655546867742244466e+00 4.924024466073428918e-01 9.991451946787384131e+00
7.397969866437993147e+00 6.007788638823237548e+00 6.935043314129016867e-01 -4.696094263432333271e-01
-6.060072416127326722e-03 -1.350166424411795574e-01 5.186402036557669959e+00 1.033516915776646705e+01
1.224686477498636794e+00 5.354063074428635716e+00 -1.184835184474728997e+01 4.476535905382838187e+00
6.430479821790051176e+00 6.581518686076023528e+00 -1.503294550289643539e+00 -2.805092051577946499e+00
5.879785982571180014e+00 1.066038364030843333e+01 -1.167622602993754377e+01 -7.238211430823193737e+00
9.659438905824265120e+00 -3.761030587369146527e+00 -4.532009645614325066e+00 -4.619968275746218822e+00
1.163317126080486119e+01 7.060313709926409942e+00 -5.099549313567380837e-01 3.232992786544075514e-01
-4.688378630810008829e+00 4.377171928602045625e+00 6.135710896017840810e+00 1.113360276835139384e+00
5.607455215344718802e+00 5.737759565851527022e+00 -1.090799164051341918e+00 9.315793906814635150e+00
4.315350983913843308e+00 8.968074785017220663e+00 -6.008976080164517342e+00 -1.835511287920180923e+00
-6.911385385030492046e+00 -3.383341190674246324e+00 -3.081014128798145180e+00 1.033739230806996368e+01
-6.228116583940013662e+00 -7.746773451447419134e+00 5.018075584809480461e-01 3.069032035023481875e+00
5.729691398742873254e+00 -2.317513672554326831e+00 1.475661630361231325e-01 6.352166391609017637e+00
3.080639639991697543e+00 4.419098335545834644e+00 -1.082800975841314362e+01 5.940598760594054895e+00
7.736026867453880129e+00 -5.478922257322580869e+00 -8.038459579550753631e+00 6.170712619900171170e+00
6.124483121988670398e+00 5.920581028450441430e+00 -2.207317112794121794e+00 -2.781353637039739812e+00
6.581057559684583502e+00 -3.946203760774301017e+00 7.720485682142134154e-01 7.458065292607628294e+00
-5.213344919319788495e+00 2.077948321881632587e+00 7.331724600507645739e+00 -2.091725128696803049e-01
5.760926567715067836e-01 4.456744501397594149e+00 -1.146633812089549487e+01 4.434873831942561573e+00
-6.165622994748040320e+00 -3.133368998576038678e+00 9.627160365554097154e+00 8.385351491554887460e+00
6.766000436082748593e+00 7.170402728733937359e+00 -4.842053785040873137e+00 -3.035736662598786939e-01
5.300800306044525456e+00 -8.413615141027445787e+00 8.410239788249773696e+00 -1.715693276110956678e+00
-4.196018356457737575e+00 3.952159906420457336e+00 6.486142970400831764e+00 -7.638488359114261605e-01
8.150587550806491777e+00 8.807187907389003811e+00 -6.714698282074929914e+00 -6.153279681980848181e+00
6.577691644453347308e+00 -6.195196485679783649e+00 -1.076526158180104886e+01 6.913109815585193552e+00
7.499843305830294682e+00 -7.272700625735149416e+00 -9.627985771652914693e+00 5.833901769373178503e+00
-1.681937643822557504e+00 -8.472772923998803662e-01 6.551664539944979104e+00 6.095764822717279152e+00
7.056546886581056555e+00 -6.112194071768135117e+00 -1.053356066236956146e+01 5.265440290643197407e+00
6.389886339015020233e+00 7.803871639906320823e+00 -7.648989043140659305e-01 -1.747246515544837564e+00
6.971063808675275197e+00 -5.470239593767095343e+00 -1.075449684508132719e+01 6.554944253380361019e+00
7.458924672423233204e+00 4.211096312398241892e+00 2.198312285908057273e-01 -2.961757525611799391e+00
3.988534345787306812e-01 -1.309760208436850260e+00 6.909073935559151280e+00 5.376025100221869302e+00
-4.266617669961174641e+00 3.843305338436665330e+00 6.495633880027262386e+00 -7.781893059686497693e-01
7.870853541148730148e-01 -1.045854915862298284e+00 7.106080309631883196e+00 6.027959026055632386e+00
-5.610805465813372805e+00 -4.366641708912820441e+00 9.745714483274127815e+00 5.838394063615706564e+00
8.769917023542836532e+00 8.479132031186308538e+00 -5.019335027436515162e+00 3.449027454837381157e-01
-3.312800116633246361e+00 3.411009481018002276e+00 7.690005098272598261e+00 1.013713837363304782e-01
1.074380839989072101e+01 6.136334113949107660e+00 2.306877741996513076e-01 1.868300091716044165e-01
-7.698335983252024839e-01 6.530375763064761863e-01 8.803922125463468973e+00 6.427432390261400563e+00
4.307130723022579488e+00 -6.278391827463921437e+00 1.078034462135228644e+01 6.106805482981013666e-01
3.553079102610292139e+00 -7.742291213339123956e+00 8.139178954565290169e+00 -1.167958217763512607e+00
1.322623526126135429e+00 5.326050347331852564e+00 -8.554809964432966041e+00 3.854051259009357189e+00
6.426396873899205886e+00 -2.402046613650421047e+00 8.436256175835772364e-01 6.212243049301108933e+00
-1.351062830844817597e+00 1.313798475498044516e+00 5.053188440787330649e+00 1.125209868834510463e+00
4.578423327707608514e+00 -1.221086764492094190e+00 1.728933595731582784e+00 8.117477663354561557e+00
1.454520556039185619e+00 -4.211051950734078786e-01 7.538163835168445459e+00 7.225833885066187179e+00
-3.605828521564055755e+00 4.065009060946005448e+00 6.819453142166863380e+00 -3.680080685853492906e-01
7.124328320642569601e+00 -6.421599543784848763e+00 -8.070251640500915258e+00 6.356588684370715114e+00
7.527211181860705480e+00 -6.221146388704003272e+00 -8.950441081794510367e+00 8.506137721526332740e+00
6.507772902110915858e+00 -6.740362221678868337e+00 -9.534856297508490286e+00 7.472964639097900097e+00
-5.710195752985935513e+00 -5.369213324357123618e+00 -3.176874170222902194e+00 8.642493025776207816e+00
8.525801213836037284e-01 -8.961677881695438330e+00 1.047769920302518720e+01 -4.953032980660374562e-01
3.116472246636277088e-01 1.898906444483352107e+00 6.546631875620660068e+00 7.928230500881886300e+00
6.060504686119715601e+00 7.385801481211008657e+00 -2.379627101988730509e+00 1.079090849768491189e+01
-5.630294687373962326e+00 3.576782182985048131e+00 9.575433285409037154e+00 -9.207380134342715294e-01
6.939221341890010386e+00 5.765042132352640181e+00 6.948333370795820585e-01 1.298828397967892734e-01
-8.461466671211654855e+00 -4.685639848725173806e+00 -3.188082593716486723e+00 8.610296497518918457e+00
8.789410923516334240e-01 5.305045043019973150e+00 -8.080031314836208622e+00 5.089880638282857639e+00
7.724437671359707380e+00 -2.706215879310576611e+00 -5.294006074873683687e+00 -4.056711764710819068e+00
-7.756977260977083510e+00 -6.464339365489066402e+00 -4.999966819642835958e+00 9.437297811285459304e+00
1.658785574530841522e+00 5.594644818591664404e+00 -8.488841699644865457e+00 4.224574469592593751e+00
6.170063592457474044e+00 -4.345282622991603283e+00 1.229561113726186594e+00 6.360499054237705785e+00
-5.169763689169895926e+00 -3.232143385854419293e+00 9.883384527434335709e+00 7.588838768996746253e+00
7.857231359140204319e+00 7.637447624596751083e+00 -7.417154556241615460e+00 -6.135803019969212180e+00
6.343486055172026461e+00 -3.593549693992212468e+00 -1.659329308727527152e+00 9.010323804665160807e+00
6.199579606039343105e+00 4.990696428494541870e+00 -5.144193242915287012e-01 9.578831097408308182e+00
2.864324032410630494e+00 -9.169121310869321917e+00 8.909595052804469617e+00 3.580621174733114032e+00
-5.842449968046469877e+00 2.290360649668039095e+00 4.117425341656167248e+00 4.875602663433409312e-01
-7.923362534355220532e+00 -5.834032418314841095e+00 -1.994676606944959518e+00 9.891274905084891600e+00
-5.199487363624796799e-02 7.886602326897491633e-01 7.476836642239059749e+00 7.361440668030248879e+00
1.618849545481365837e+00 -7.792954151600331336e+00 1.000136586796976523e+01 -1.336868126798345324e+00
4.988141958212757743e+00 -4.410463865270836337e+00 7.902735987310772758e-01 5.566507887155517587e+00
5.398334418692741110e+00 -8.978152639122287226e+00 9.854634017877350161e+00 -1.303262391103372719e+00
4.921455595062733668e-01 4.850593433223400197e+00 -1.076457129184108297e+01 3.599207751050650828e+00
5.148356140250318624e+00 5.484371657515503706e+00 -7.577029741631884363e-01 1.128664703460360030e+01
4.863574889435574811e+00 -1.769483218459974694e+00 6.104014441350360531e-01 9.357893369692584784e+00
-1.466816858098955567e+00 -1.322045211300761913e+00 6.675463884404983617e+00 7.412289127514319453e+00
9.046328377294418743e+00 7.070220389103837988e+00 -2.309268271777502157e+00 1.187265191053790048e+01
2.732034864268582552e+00 5.469512573063573413e+00 -8.908281735669202561e+00 3.717054850413200384e+00
5.982104278972791178e+00 5.870104935894635112e+00 3.533735763540744479e+00 8.215659311362211170e-02
5.411081254632199133e+00 5.212681764756647240e+00 6.327309217434566868e-01 1.188313447446888205e+01
7.414267113131561837e-01 1.318573043667880196e+00 6.074406627820559734e+00 6.734089752654029759e+00
6.807578394196153404e+00 -1.572425979231391713e+00 -2.375954557745172391e-01 7.345645192968103032e+00
1.520052791299497663e+00 5.042913656579505854e+00 -1.076499647852924646e+01 6.466076286602057799e+00
-5.276956601762910815e+00 2.995244118018420831e+00 6.871318539880641119e+00 3.955118850974294609e-01
5.256179877909665343e+00 5.904398249698827428e+00 1.540623566790877863e+00 -3.047440502023350817e+00
3.663903798051877381e+00 9.858896929026251144e+00 -2.059950771992202778e+00 9.937348270081413304e+00
9.168334303339113589e+00 7.788538518548722145e+00 1.323385700976978496e+00 2.099945109039175417e+00
6.896095243005888165e+00 6.787538873907050352e+00 1.571319300003850561e+00 2.076461080964664419e-02
8.039332187108426453e+00 -4.354947712584291253e+00 -8.214675951340820959e+00 -4.113230530489755843e+00
8.144993020880308521e+00 5.825280153682697026e+00 -1.023749669534014650e+01 -7.081545060092307331e+00
6.880396369694690151e+00 -6.921273120477473562e+00 -1.046020101661483892e+01 6.078833754091792052e+00
9.575241484788435287e+00 5.001267733379252789e+00 -1.242886405464671995e+00 7.281068661020988486e-01
1.887253860577554843e+00 3.931773559046776167e+00 -8.166894546663565180e+00 2.626349216784779728e+00
1.807217262330105267e+00 5.286443914204149941e+00 -7.375614574900795084e-01 1.022326823626801762e+01
5.874801051737410518e+00 7.378241022457494580e+00 4.554118711663868169e-01 -2.981743867040731910e+00
4.216521602308547223e+00 -3.152240220974484863e-01 -1.537678542164427231e+00 5.618880975228381480e+00
-1.011832321440457605e+01 -6.031277847798158120e+00 -7.318973170971855291e-01 5.468026900737541496e+00
-6.399319899873530559e+00 -5.800045777851978279e+00 6.511010779780820878e-02 2.512443348562261036e+00
-1.663947801687839734e+00 7.185111122353251556e-01 9.331743276002228527e+00 6.050977448614370147e+00
6.434599961906035226e+00 5.816462840184295047e+00 -5.101247221588816050e-01 -4.053072631330517872e+00
7.094355116280739892e+00 -7.110463196511895845e+00 -8.075876453364978502e+00 6.936179121262034286e+00
5.117899884803779109e+00 1.060853453119877443e+01 -1.109796914899125575e+00 -1.131985883684544003e+00
-7.330857835645296028e+00 -5.879463663725839950e+00 -3.068301092460893553e+00 9.264399312111153861e+00
8.855758519315804378e+00 7.596751231138733296e+00 -1.685004088747676265e+00 -8.419573792835352011e-01
7.840265814431915281e+00 7.122057517017665873e+00 -6.732100564045593316e-01 -2.638237053771596230e+00
7.522318907736795346e+00 -8.226630527040029506e+00 -6.440358847946434651e+00 9.085019413882617911e+00
2.870134189494366606e+00 -1.114362984459737405e+01 9.723473804607008830e+00 2.032679932688187918e+00
-7.992015337229865679e+00 -5.253989127292413741e+00 2.656103707417608817e+00 3.880779071106042810e+00
-7.605463586526198583e+00 -6.640625450977134747e+00 -6.718226180274469161e-01 5.030694647429103661e+00
6.664658469794288997e+00 3.802229913517458204e+00 1.160093686697929449e+00 -3.579316875780191420e+00
6.665306368434275264e+00 -4.486591296796854422e+00 -1.093406273040337418e+01 7.947401300296266236e+00
-6.369235515132532832e+00 -3.565299973828333524e+00 1.578178992795837843e-01 9.449776645304053702e+00
5.442387917139729581e+00 7.287104373208752151e+00 1.023466633378856461e+00 -2.426153878204950765e+00
-7.072153535368690846e+00 -4.666138408504683532e+00 8.208535718274374560e+00 7.292217704296498404e+00
-7.644577214461533821e+00 -4.918673082305874189e+00 9.141604659098348407e+00 6.773641275259436156e+00
4.541607602495218998e+00 8.587828548722658439e+00 -7.919299220805847916e+00 -4.917232405444520005e+00
-4.845815037874728226e+00 5.045041097803390606e+00 6.784891631945606072e+00 3.275100891858056529e-01
8.044931810640049363e+00 -3.740632961597111006e+00 -5.960275981691330216e+00 -3.047883278457885758e+00
-7.063429831844167950e+00 -6.092826463674597903e+00 -1.493563857946242024e+00 3.941346800052427213e+00
7.845574346145774314e+00 7.493004104516398201e+00 -7.555613232709251115e+00 -7.254850238782394101e+00
-8.115158245777120527e+00 -8.488997200173754365e+00 -1.561906733198029862e+00 4.933266003658165033e+00
7.321885894202062595e+00 8.170017996520856585e+00 -1.002351426319489747e+01 -5.156978269764534772e+00
3.650470182076618997e+00 4.446902798857773398e+00 -1.024353701389230764e+01 5.638008381595257745e+00
6.150608333157671304e+00 -5.214212094410441978e-01 3.608873031429422062e-01 5.573074759901816222e+00
6.301446632736982245e+00 6.859482876569019894e+00 -8.381772131603691278e+00 -6.508572308005120988e+00
-8.142335759083350055e+00 -3.008351872530354854e+00 9.129595011405752913e+00 6.904674270776270717e+00
-8.415720357754433723e-01 -1.155387573338577667e+00 6.512372957211109537e+00 8.113922274434679949e+00
-7.201534820287767147e+00 -5.766500819268387090e+00 -1.658760414959227492e-01 4.725135703691057287e+00
1.423641742149746925e+00 -8.317312272952692709e+00 8.717288695393534681e+00 6.174169299192816540e-01
-7.535429208724103489e+00 -5.319358659004096879e+00 1.339666900580081199e+00 5.251045775590434062e+00
1.079995110564861882e+01 6.462828998402774694e+00 -8.049747407903571350e-01 1.965291171695304318e+00
-8.679350949275489668e+00 -4.516828267605395020e+00 2.194439929611585516e+00 7.056478156428215520e+00
1.242724905266570645e-01 -1.206879452710621026e+00 7.045118687504776211e+00 7.798961812852143183e+00
1.065866486107842981e+01 4.805048880796077171e+00 6.194353010352765532e-01 3.771485066135505715e+00
6.493954753356986132e+00 -4.731441356656815422e+00 -9.684921102776955948e+00 5.833812933875017315e+00
-5.886339328060777198e+00 4.780801457379016739e+00 8.707434474109581046e+00 -1.297481136905362487e+00
4.403005305855655749e+00 5.813730704121168102e+00 -1.013460874469374051e+00 6.423132663183235280e+00
-6.773340936086184705e+00 -4.572000619364146701e+00 -2.681587968938748734e+00 5.016367230597376548e+00
5.265037491539601433e+00 -4.759951303042806003e+00 -1.181968248928251697e+00 8.666695700920802992e+00
7.233130717708712965e+00 8.060345794955715348e+00 -6.065457364794708539e+00 -5.424905539134816657e+00
1.172673107199914178e+01 6.688553727351578715e+00 -5.349020344791477477e-01 2.215278694890985722e+00
5.120894444567720249e+00 -1.254978707566592577e+00 5.316683967105232389e-01 6.718168693188800056e+00
3.598486868433838914e+00 5.525787569086203277e+00 -8.480434105680327406e+00 -7.079900472930468425e+00
6.219191650515378811e+00 -3.614143115774218984e+00 2.471983564569288916e+00 8.661877523669263113e+00
-9.309232596580978125e+00 -6.998046617868260988e+00 -2.053668559239302027e+00 1.047458563549998267e+01
5.698431399134549658e+00 6.925300191854109499e+00 -4.096563656156824607e+00 -8.636086638438197349e-01
-8.917562553750549625e+00 -7.335597129656074245e+00 -9.437147419330078613e-01 9.841419510325151165e+00
4.046965108157058566e+00 -1.050455817747661058e+01 6.837997785436042086e+00 2.076377486500502911e+00
-4.727328987385257086e+00 1.799356896039783438e+00 9.677868618291896041e+00 -1.264264659535816016e+00
-1.290627309610438811e+00 1.073359053809819441e+00 7.571310056316628234e+00 6.733952064618542011e+00
7.020537440720844735e+00 7.286495949339559353e+00 -2.982318417060588533e+00 4.395571984036288349e-01
6.925978182649930481e+00 3.940007219835101715e+00 2.830525502505920610e-02 -3.707183760495025737e+00
8.333809888110209840e+00 -1.528021885686495995e+00 -5.534445398277757278e+00 -3.202712717157776723e+00
1.008715624271458466e+01 5.154962449739049823e+00 1.549055822845885277e+00 2.008880752790447310e+00
6.167210474624084782e+00 -3.360078875892177130e+00 1.156820044830929817e+00 8.921034984179042837e+00
7.380905352874069791e+00 -3.237127032917418212e+00 -8.133508690992247381e+00 -6.157392877426786093e-01
7.685981576331499809e+00 -6.832387530749144844e+00 -8.355851887931216027e+00 7.684527916956500171e+00
-4.606336998972127894e+00 4.019382022435870283e+00 4.875366693619477942e+00 1.295849420778371286e+00
4.851599792507047759e+00 3.591352472122210315e+00 -1.281982902282072789e+00 -1.886287903169116875e+00
-5.121443156951412945e+00 -2.881781814727599755e+00 1.050106275558648150e+01 7.807376094668017075e+00
