5.919104811538969280e+00 1.335509487156920416e+00
5.103927821381288865e+00 -6.334234208639470509e+00
4.761290511737322539e+00 -6.111967726848613225e+00
4.506506069837546313e+00 -1.012914652675611116e+01
-5.783785186912348664e+00 9.270717020710872447e+00
-7.563383089620424826e+00 1.206437818488280378e+01
2.893710326299887114e+00 -9.676917459571289015e+00
-6.362493383848445205e+00 7.847098874607846497e+00
-3.672424859256461893e+00 -4.718679555861649000e+00
-2.203412199790794723e+00 -4.190063950697356709e+00
-6.110579540485558070e+00 -4.767261498506650597e+00
-7.272284422685543426e+00 8.089931844259803384e+00
6.117450277901868461e+00 -5.673980003253296545e+00
-6.040854769618289488e+00 -1.568521250849090887e+00
7.931091611762868254e-01 -4.471732658643459146e+00
5.188864373522243056e+00 -5.976368623201472552e+00
4.535439568891536766e+00 -3.730740765618100419e+00
1.788063412497607141e+00 -9.327252047231933574e+00
8.397054877508685067e+00 -6.207334194260667459e+00
7.316607401151896894e+00 -9.369689637642288460e+00
-1.274979627542726979e+00 6.479449515888990874e+00
4.476632053424761892e+00 -1.204138732615585283e+01
-2.535631030546649178e+00 -3.882912816539358936e+00
-3.162453995377490834e+00 -5.024988503584153499e+00
7.106354584276169284e+00 -6.615093196191506486e+00
-8.174590244277725404e+00 8.425353561304966377e+00
4.586820234751954217e+00 8.272841009755056429e-01
-1.028704951707798854e+00 -3.932730297638160621e+00
5.332106052281742059e+00 -3.214304033324304477e-01
-6.997266122377672204e+00 -2.603740123869073386e+00
-7.185595700460273960e+00 -3.391184627305899646e+00
-4.977777032985238215e+00 6.943873470598456166e+00
4.134545610236900259e+00 -4.142311067988705631e+00
6.846687770274224150e+00 1.869382159780905717e+00
1.682912102563584256e+00 5.255470372694718506e+00
-1.094561435377735981e+00 -5.823110903063381194e+00
6.841714704361878674e+00 2.691517276635270850e+00
6.421148067213892752e+00 -3.474312092610211344e+00
-2.536114769973150551e+00 -5.622859435823713170e+00
-3.652171286712894371e+00 5.134873974254360540e+00
6.214647916770389635e+00 -7.379299048624693214e+00
4.980658016279090106e+00 -7.412960746116088018e+00
2.282101380178437999e+00 -1.098268396084828780e+01
-5.152163622337631033e+00 4.583067765530078219e+00
-4.452461832633988870e+00 3.368682302717407318e+00
-5.993725674835599371e+00 -5.670994086423817304e-01
-4.625457094421587811e+00 3.164090222057018842e+00
6.903876352589643162e+00 -7.439966326923523887e+00
5.430084513388833578e+00 -4.279992630807923248e+00
-4.227762246597964513e+00 4.335968648547947168e+00
5.731075462095933659e+00 -2.620542149592919756e+00
-5.017040499883956173e+00 8.872923556348677465e+00
3.379022713851382864e+00 -1.035260876635542360e+01
-5.481096710028735330e+00 3.983119327189143188e+00
7.384403373713473329e+00 3.295693643053832389e+00
7.083283158769470234e+00 1.289315705903393061e+00
4.347729279962388560e+00 -5.457577952256062126e+00
-4.477210931817138473e+00 6.113174347607738923e+00
-7.290891182530798709e-01 5.902501432983706664e+00
2.304015304771704020e+00 -4.087116098681385701e+00
7.307495983880677670e+00 1.841486793837982638e+00
-3.447224955422187875e+00 -3.944055976540420172e+00
-2.409524123905029125e-01 -3.058002434958178029e+00
-6.474914253766479888e+00 3.567681850940389587e-01
8.906404352429557747e+00 3.800103958699889706e-01
7.148386080889160610e+00 2.013070880777850125e+00
-1.393367577746464470e+00 -6.527754687746018192e+00
-3.641520563377583564e+00 5.609964884393766837e+00
6.893282540985639528e+00 -5.000173009110611133e+00
6.621835496428680301e+00 -1.014039977218077482e+00
-3.223616978887536844e-01 -2.434947422827388408e+00
-5.880522201327570642e+00 -4.070020926770233416e+00
-4.009304788664723729e-01 -4.805809394459610751e+00
-2.083061439053407238e+00 -3.674086595989946691e+00
-1.857090313300760132e+00 3.131074880317219922e+00
2.214544595338996391e+00 -5.469861471918838092e+00
5.314413210469384197e+00 -6.535565691763396856e+00
-6.565284884269885879e+00 5.414214337605581129e+00
-6.852944633523009088e+00 -5.071149988462399172e+00
3.023706808911961197e+00 -1.016136695771186460e+01
3.899181678666948869e+00 1.974569533414546330e-01
-2.851543813938359762e+00 -3.714048194458884566e+00
-7.175123165625957533e+00 -5.150395632500989862e+00
-6.011195876866388232e+00 -4.954513118102708447e+00
6.974824816163202712e+00 -8.895743931374564539e+00
7.376500795156904822e+00 -6.292728985533119435e+00
5.012752696300029065e+00 -6.354378310619462233e+00
-6.030984970090703001e+00 3.942991855349672115e+00
1.167625591206872482e+00 -9.688247136597894382e+00
6.503270028773957989e+00 -6.451798137904670050e+00
-7.454351392484242389e+00 9.371100116860082707e+00
-2.319788455296581287e+00 -4.226882484939071816e+00
-4.486777752830374055e+00 -3.275609283887538137e+00
4.752648491026354449e+00 -6.479929383106802776e-02
6.285266323092460361e+00 -7.041524636700849937e-01
-5.840035272162821478e+00 -2.616818097213356786e+00
-7.754350475750613647e+00 -1.933526577593748463e+00
-7.492208497115337984e+00 9.885021683722921892e+00
-7.781008402547802127e+00 -4.241387889272716372e-01
1.645356026524956272e+00 -8.355821741128302449e+00
2.165192773918412694e+00 -1.053556183636578680e+01
-7.064853178664121991e+00 9.362110074043723529e+00
-7.332932188929430772e+00 -1.350494746584699479e+00
-7.126683077030485869e+00 9.141530492562617738e+00
5.257815552606976972e+00 -2.097506240573687730e-01
3.359270507861542576e+00 -5.841557114364917425e+00
5.952879854680251270e+00 -1.536681420980987034e-01
7.183948497298869640e+00 -5.493669982370194660e+00
6.204458340065638566e+00 -1.178654594286828150e+01
7.572568476368950030e+00 -3.412878086455027882e-01
5.203355504026896838e+00 1.606096085214549607e+00
-4.851494250045223389e+00 4.984421578759452132e+00
-3.213378007063999675e+00 -3.878538126989211410e+00
-3.425952014255589262e+00 -2.432548099447766621e+00
6.834513896137003997e+00 4.521372932722091953e-01
-8.439861753226434615e+00 -1.986845853881582968e+00
-3.988463449809113381e+00 4.850802278576895610e+00
-2.949469428939673232e+00 -3.797763589907107828e+00
3.995811044815203439e-01 -5.208908146947119455e+00
3.950976121215872716e+00 -4.527292229849996019e+00
7.391740222669969995e+00 1.809802704493508330e+00
-5.504518020612149343e+00 -1.846843156216685378e+00
3.668023381067255784e+00 -8.927341187735112982e+00
-1.430437280592615767e+00 -3.100854981387993536e+00
6.280926193484573261e+00 -9.424064370456990858e+00
-4.639778540634487136e-01 7.909567780122487513e+00
-7.226369688395341662e+00 -2.005862710659275905e+00
8.753878552066829855e+00 -6.654384336335403383e+00
2.290048279041330570e+00 -9.544868446947333496e+00
-3.866096825189586639e-01 3.334206696180272100e+00
-8.149150798247756455e+00 -4.194645215346869627e+00
-2.310807678919195141e+00 -1.745502966725193339e+00
-6.001018818277288780e+00 -3.002855394050802040e+00
-6.666602548130796002e+00 7.732064799820196122e+00
2.499440271631175658e+00 -7.703639113975641273e+00
4.062020465760358690e-01 -5.648762463691069158e+00
8.029903145597021563e+00 -5.923850516506878883e+00
-2.850397486381523127e+00 -5.664713076373892875e+00
3.726124060299782936e+00 -1.030309406508559178e+01
-1.520998534083889631e+00 4.457064517366868373e+00
-3.965609740510294579e+00 6.286699982016796362e+00
-2.971401971454842528e+00 -3.991071979684013282e+00
5.616438702878010503e+00 1.401468116782973006e+00
-2.613640009214298399e+00 2.278183367367254686e+00
-6.444296974190720562e+00 1.296349722009246364e+00
3.552580834691775991e+00 -1.063530186852895554e+01
-8.198602576184295998e+00 9.419864407738160139e+00
7.026046751869931661e+00 -1.669980199703266610e+00
5.764119444821718119e-01 4.397046031092672891e+00
7.830115795436670467e+00 9.435839445189589947e-01
-7.201955558474032237e+00 7.350638480420464305e+00
-1.836748776914070458e+00 -3.659358605956667621e+00
-5.521503328205782601e+00 -2.737397739542490882e+00
5.161373462668204404e+00 -1.167664330694715957e+01
-6.339535844779202733e-01 -5.356118955301434781e+00
5.601286952501608241e+00 -6.181348350191737673e+00
-3.127063183075845298e+00 5.976294503312204576e+00
-6.669737339239306451e+00 1.125312446798113797e+01
-5.833510077036923036e+00 -1.583853440927571299e+00
4.947645138299872514e+00 -4.447477623305577943e+00
5.302843512874670040e+00 -6.399783017898528215e+00
6.478374445881413202e+00 -6.207852812487752558e+00
-2.716920045281293827e+00 -4.623595966836373528e+00
3.868088341770474781e+00 -4.395067136241245009e+00
-2.669055182856024278e+00 6.178609394346772810e+00
-3.187038873475519285e+00 -3.588956528017419156e+00
4.631925875596760278e+00 -3.758727173304368563e+00
-6.477139815970738290e+00 -4.966774626369713452e+00
-8.824530435390665062e+00 -2.342894405953519499e+00
7.516521093508800710e+00 3.753660467971050796e+00
-7.274174168741350144e+00 4.455146585331347886e+00
-1.656002776750624683e-01 -2.799738265617444100e+00
-6.514426030370192855e+00 -1.132590248297812074e+00
-1.937475832154649913e+00 -5.430890359382239296e+00
-9.612724381204713620e-01 4.281830545420712397e+00
-5.181263451954166044e+00 4.154145673162050301e+00
3.063076407403750867e+00 -1.032339854675370638e+01
-8.392637135477233556e+00 8.070804295472008505e+00
7.035218761248339669e-01 -3.919884317825669040e+00
-4.455949017154882341e+00 5.915677619279964716e+00
6.463255998197537266e+00 -5.212963042224993515e+00
5.206306324779710337e+00 1.436996919728783517e-02
2.992676668384643968e+00 -1.103201146284561318e+01
1.710908085313417537e+00 6.479217122185906064e+00
-8.951715883120623385e-01 -4.284899523365985452e+00
-7.356011444228636620e+00 -3.434600823038613360e+00
-1.384916750164493671e+00 -2.764586205431428301e+00
-5.409381489366398732e+00 4.614676293378540350e+00
2.448586242790767642e+00 -7.628310166205409359e+00
-2.913491340987617306e+00 4.920459298264811210e+00
-4.764474111558784308e+00 -2.335721250667278426e+00
3.941841074117303556e+00 1.548150983796601654e+00
-1.543791711411688361e-01 -7.781950274132073631e+00
2.459029367784986153e-01 -6.534756645656792706e+00
-2.950871358760454477e+00 2.539630415406632480e+00
-1.644339615102882401e+00 -4.400417768038202837e+00
6.135071005499775687e+00 -4.853744505079035099e-01
-9.290486075888667594e-01 8.593866051010863316e+00
-5.644201353510595709e+00 3.917791041410509933e+00
-3.439707226059017575e+00 -2.827173428304995184e+00
-6.852853756529448948e-01 -3.604433133172863624e+00
-2.243879846129563926e+00 -5.645837579355072577e+00
-1.383925801644142251e+00 5.445533081427968547e+00
-6.688657609427547612e+00 -2.241139276184633378e+00
6.239071614605163241e+00 -5.959871939150220399e+00
-2.338135237271077305e-02 -5.372556876207397636e+00
8.501913268527243162e+00 -2.956103480477620948e-01
-1.501549115148006486e+00 7.038039334438222383e+00
6.777051191434224187e+00 -4.530786591404898367e+00
-7.920810071720591594e+00 -9.637802358871627728e-01
4.678280131851869861e+00 -6.857023475263432033e+00
6.194903894545446654e+00 -8.445703276607742893e+00
-8.106094099142328702e+00 -4.674203976057256682e+00
5.026899668327928339e+00 -7.227734392226856652e-01
-5.021848454443849086e+00 -3.312286316879403891e+00
-6.027211226314470593e+00 1.041702791337249856e+01
4.684761991131207726e-01 -8.259484418009712670e+00
-6.811914282647776986e+00 7.301131732743169955e+00
2.167492376700227208e+00 -9.559707924201784834e+00
-1.737389521777132240e+00 6.410100761390076229e+00
6.401781085341761823e+00 -1.234018330820494835e+00
-7.955447227233954699e+00 9.046609841253150819e+00
4.818499447796206425e+00 -8.521817131955414126e+00
-4.757275843905278023e+00 -5.855062763249607727e+00
6.915542570961314972e+00 -3.666041006007848546e-01
-5.967739529227896966e+00 1.052523735659490178e+01
-4.634842460945177933e+00 3.470091588325108667e+00
1.669059627986028360e+00 -4.600312800367817090e+00
-7.197575935000644520e+00 1.097295225187558643e+01
7.641153698773260672e+00 -6.691397702007027881e+00
-4.872639333256412186e+00 -1.568989773147649647e+00
3.092568325400693929e+00 -8.869564854153761502e+00
6.191497854488301478e+00 1.926605727522784584e+00
-5.060322227079542934e+00 4.498611804099162725e+00
-6.683437856008450417e+00 2.572497978785175388e+00
-3.355067625594454483e-03 4.124560887351237604e+00
-1.117251291752450637e+00 -3.181280671156709872e+00
6.072273971697454087e+00 -4.457908266927690377e-02
-6.868832533900194548e+00 3.736114909910006610e+00
-1.149267111086893056e+00 -3.836946565352055583e+00
-4.754251786267051472e+00 -2.148105546510568953e+00
3.601574030030417539e+00 -1.755684080937441216e+00
-2.965300904078741251e+00 -5.114000265994082639e+00
-3.960477769193070152e+00 3.355001667585872038e+00
5.090625856574751751e+00 2.789738286642295950e-01
4.122709485181016653e+00 -1.578967530081676784e+00
6.017152022647920262e-02 5.625285922356142443e+00
-6.877307201005282700e+00 -2.278072466628564552e+00
2.206576861279912816e+00 -4.861137341910538368e+00
6.010981195220666429e+00 -5.816720458455060694e+00
3.892248735103935431e+00 -2.902262208984136005e-01
1.882816754336095189e+00 -1.018788595977033573e+01
9.804243994670375217e-01 -3.591772069458590622e+00
-3.670267795878115358e+00 -4.374114903343881089e+00
-5.123938252142818506e+00 1.104661296521308067e+00
-8.835487085614015967e+00 9.300077973532030029e+00
-7.113215729472615045e+00 2.003662607012019592e+00
-6.441483383583042510e+00 4.361466344266893280e+00
5.098623959316510579e+00 -4.305264726306473833e+00
-5.274754286186519536e+00 4.462445180613343609e+00
2.666635095098265129e+00 -5.464722455346554320e+00
-4.591304881382062497e+00 -3.025135775046254860e-01
-7.347605278935360751e+00 4.490132271088270954e+00
-7.681086132681770096e+00 -3.033133851115188406e+00
-5.473330959548126096e+00 6.842917117622152823e+00
4.031017215768711637e+00 -5.895651404063652734e+00
7.015094031298395372e+00 -5.882504751035143364e+00
-7.392787434812998271e+00 -2.155409239764614071e+00
-7.621271724167238304e+00 -4.156291096861904677e+00
-2.742578245403296311e+00 -3.209283371379851868e+00
-3.603120152114994923e+00 3.463763889852109479e+00
3.162335511097698060e+00 -7.971364148301331554e+00
5.966793741412005581e+00 -4.810500380837715362e+00
6.568535304377674855e+00 -4.346154303144901476e+00
-2.585734692224100684e+00 -4.147104599389455082e+00
-2.579792203845693077e+00 -7.822715790298613747e+00
-1.612488423409333071e+00 -3.081390816839795654e+00
2.791347623160139069e+00 -7.340225042363160313e+00
-2.612696475496687931e+00 5.521973700100014426e+00
-3.373305229465094701e+00 5.532715811702678010e+00
6.000578470425037558e+00 -4.551822002187991600e+00
-1.507735137046315010e+00 -3.713259226465497331e+00
5.954017190346800881e+00 3.525184061061684471e+00
-2.573672309616002796e+00 6.984184408143085498e+00
-6.992943587540683126e+00 8.728409860516388008e+00
4.691148376066476278e-01 -3.339809451761848180e+00
-9.118650195972521910e-03 -1.722451431159822022e+00
5.916207656972628293e+00 -1.673343366601638182e+00
-4.550718608652495334e+00 -4.380366202952854948e+00
-3.864555621830562782e+00 4.630104214475444735e+00
-9.014137208969629000e+00 -2.144722519548097672e+00
-4.685278488911719386e+00 -3.157947482340637713e+00
6.798592798168715312e+00 -4.696554005669412390e+00
2.093046489749106343e-02 -3.290724899371872958e+00
4.932759339418207212e+00 -1.017004157118954977e+00
-6.970526539895445239e+00 -3.908644349044997135e+00
2.443456856703694058e+00 -7.628796940552002859e+00
-6.868990623054117783e+00 -1.713617569194192614e+00
-6.326169975491936270e+00 8.614534759230888739e+00
8.610290000545198552e+00 9.315596906005543243e-01
-6.463794972634641312e+00 -3.794443860302356253e+00
4.382722509838581360e+00 1.104438485966018568e+00
5.733192998177378819e+00 -6.210544591847412477e+00
-6.672997316897878228e+00 -2.708215086801819993e+00
-6.427035145851309750e+00 -3.893998755259889588e+00
3.819545864811417335e+00 1.132365878370233947e-01
2.005066139953354920e+00 -8.763001423442929649e+00
-4.808761792960763337e+00 -3.347669866267978023e+00
-5.821517298697848730e+00 3.736826428193987581e+00
-3.479852662309610878e+00 -4.313505571542985528e+00
5.420974436059607271e+00 -2.542431205207003941e+00
-4.078953795826694151e-01 -4.155499407482840191e+00
-2.237378285608916606e+00 -2.868307852298452865e+00
4.179928442224056795e+00 -4.772196020556383367e+00
-2.851347582480530107e-01 -3.283112310167668912e+00
3.449125956876409660e+00 -3.698182263125109337e+00
-7.280564383262202455e+00 -3.075255041526932409e+00
-5.731318381657317218e+00 -1.879585104872775858e+00
4.698614565492321482e+00 -1.227739610568243656e+00
-2.977403028406061747e+00 -3.193883314292581765e+00
-2.519533048593031399e+00 -5.538495555022326045e+00
-6.271142204806730902e+00 -1.816795004123831436e+00
6.871623468605904783e+00 1.584170668441755581e+00
-6.689595974054083349e+00 9.756644425371632678e+00
-3.225571281196880413e+00 -3.434612121796699391e+00
-4.944924734313028480e+00 5.449856737152121156e+00
-8.433429367604039939e+00 1.003935890805234799e+01
-1.028386491613112241e+00 -1.681302427329118387e+00
-7.388490324081653071e+00 9.326733209496243404e+00
-6.428322282284454126e+00 -3.374344615118435087e+00
1.955130072393445717e+00 -8.584592059379529516e+00
2.188018609102148737e+00 -1.053194799656332847e+01
-4.229363305926459482e+00 -2.745277064235306597e+00
-5.283048711947873954e+00 6.454971167152162792e+00
-2.542940073608952467e+00 -2.274612691523804742e+00
-6.064110440510417366e-01 -6.172104533850800934e+00
-1.701197949410678145e+00 1.491270208285626175e+00
-3.499954049347035578e+00 5.183554493431914878e+00
-2.333893543526358361e+00 7.135857427331814051e+00
-2.504584268676151027e+00 6.808809245632842178e+00
8.110162549302689428e+00 -5.586179539114341175e+00
-4.660804208440511687e+00 -4.332069192141502434e+00
-3.209819325339668961e+00 -2.918896239792713843e+00
-6.205633549023347406e+00 7.514996174335631274e+00
-6.788330750978623485e+00 -3.202845784001453922e+00
6.267507421178198257e+00 -4.265332567750204973e+00
6.827719805535056530e+00 2.691053847773918317e+00
-7.376018883530123915e+00 3.493236532966197849e+00
-7.204498866659630352e+00 4.611494748451129944e+00
7.842512942408902399e-02 -4.417495368385806920e+00
-4.955955675457717646e+00 -2.831345175993932095e+00
-4.324033072670396827e+00 -3.949193200470975551e+00
-6.648845219694091924e+00 -4.793215147398194986e+00
3.724369418789737374e+00 -1.087183156528936401e+01
-4.278418701340307884e+00 -6.043220299655512662e+00
2.573530652807187735e-03 -7.277325203167347212e+00
-6.682885303444545677e+00 -3.551623447208204443e+00
-7.851747763862342744e+00 8.123725397509240054e+00
2.171333854276847664e+00 -8.935740270862275736e+00
-7.894123422052738093e+00 -1.653321142783545250e+00
-6.062282936377867415e+00 -5.571424702786790917e+00
-3.314966780844061489e+00 -5.172987375056432136e+00
-3.689717935450444131e+00 -6.995039608514052709e+00
-6.681275597683476342e+00 8.154347999933309055e+00
3.044813847970442744e+00 -4.028987225228142677e+00
9.207734916585110341e+00 1.208304570921101329e+00
-2.903799575043806591e+00 4.649688379259564464e+00
4.515110540337781586e+00 -6.126508891245528332e+00
2.541226415894625834e+00 -1.248302590205282225e+00
9.788308149731648200e-01 -4.415862966991094929e+00
5.944052199660267988e+00 -5.004878425741330794e+00
1.465735582180682783e+00 -4.574795540764034385e+00
8.202547238918956651e+00 3.972676375086620304e+00
5.689427881056919212e+00 1.415249044907007869e+00
4.830456245023445838e+00 -6.150166517774242614e+00
2.571374383386931139e+00 -6.834416057369367081e+00
-6.173675642788676754e+00 4.390864530790651088e+00
-7.272387460263052716e+00 4.323288800117730979e+00
-4.277681373804850473e+00 2.341400954867121964e+00
7.713685718035931060e+00 1.165268813897320621e+00
5.911456893441360272e+00 1.717043977188737358e+00
-2.418650369019808011e+00 -5.463619150433949301e+00
6.899930475752006132e+00 -5.423243522222605861e+00
-6.956177864982058701e+00 9.775076720783758333e+00
-8.489060479740091480e-01 7.751478890767730334e+00
3.042933766859417410e+00 -5.182739650548223942e+00
3.329179851852031469e+00 -5.788190936303843515e+00
2.131235272144044401e+00 -8.890348660263979852e+00
-3.851522742126448406e+00 -5.137702964148165741e+00
-5.953631897969680509e+00 5.751828166709906043e+00
-3.345092371061257452e+00 -5.775109149357938065e+00
8.949895796222072875e+00 2.062419530153409397e+00
4.723752066999986177e+00 -4.802580471202991141e+00
2.506897752622005537e+00 -7.559942031231784654e+00
-8.127952198647822257e+00 -3.625786365512805531e+00
7.897136700509223672e+00 -4.913647650822283275e+00
-6.313944306914917703e+00 -1.118287421283486793e+00
-7.183201702080403983e+00 -4.340566045927371164e+00
-7.119268837082016077e+00 -1.209965067134637140e+00
-1.907216862125608481e+00 6.280980769098744254e+00
-7.398865201503047828e+00 -6.430215029791274794e+00
-6.444205582123542442e+00 -2.827885846732481667e+00
-5.097659861916047142e+00 -3.084614944355794641e+00
6.268005892795024181e+00 -7.890668952994333019e+00
1.353342216595034841e-01 -9.058346007932971844e+00
-5.440164532721895263e+00 5.203564175826470795e+00
7.047570661634837919e+00 1.235226596131346666e+00
-3.849373649592380708e+00 -4.647135607245751032e+00
4.324784619407836317e+00 -5.254082511828374713e+00
-6.790211246263642586e+00 8.838890975702124564e+00
-2.079434631863799510e+00 5.928687541000047467e+00
-1.052044145555988131e+00 -5.158132229352287546e+00
-2.556441070884669209e+00 4.490497325370419013e+00
-3.967467506117227760e+00 2.863444643276363166e+00
-1.178548884692610210e+00 -4.578451288704797228e+00
-2.251859059590052503e+00 -5.310938138159340127e+00
-1.035920964250302667e+00 -6.127117558404759023e+00
-7.109244524346137517e+00 -2.490613863119457427e+00
-6.404995860944318942e+00 9.559180195888460574e+00
7.292333250801151578e+00 3.404128983469877578e+00
-3.815059046350169680e+00 -4.839186070491202862e+00
3.719184779844264099e+00 -8.729109493834505074e+00
-6.432024322685990114e+00 -1.233842619911595939e+00
-8.154733498727663843e+00 -3.036431288013574203e+00
6.313289773799636073e+00 -5.941536386032664652e+00
-5.655247108173412585e+00 5.163394368908268639e+00
-4.640120455630591501e+00 -4.528415745198739906e+00
-8.195982755735474967e+00 8.005362008950593022e+00
6.033088461284268789e+00 6.571785230196139915e-01
-2.334080034227611122e+00 5.756578185738124631e+00
5.339110057097994577e+00 -5.016647669702439805e-02
-3.431207484830779642e+00 -4.812281503864948462e+00
3.611229471379225231e+00 -9.573669783423200741e+00
-3.573727435619454162e+00 7.053739858386382622e+00
4.247344685403493969e+00 -9.819748312382916566e+00
4.735373625357171434e+00 -1.034073061210611399e+01
1.501515321165870054e+00 -7.588821380624777291e+00
-2.076253613074209525e+00 -4.483554603433343999e+00
-4.371759238654520985e+00 -4.914725511992231510e+00
-1.607760836105800228e+00 5.159770578771956551e+00
1.529645660424904019e+00 -6.698122961602491543e+00
-7.498635464118490468e+00 -2.554127442253692593e+00
1.816184044012197685e+00 -1.039607524852199205e+01
7.322329878766119293e+00 -2.313493797957268505e+00
-3.946953512965004407e+00 4.273246583711671320e+00
-5.178792608104490824e+00 4.110241071883890207e+00
-8.205193489699970755e+00 -2.625729729816709046e+00
6.947086842937109985e+00 -7.293564287546601577e+00
-7.221183029264459208e+00 -1.908155846780114961e+00
-3.099134359997592902e+00 5.848690828479660375e+00
-7.263219784707553472e+00 -4.412578185626603755e+00
2.171958174406471098e+00 -8.029619285727800815e+00
-2.575515008866164024e+00 3.929195412158134282e+00
5.336067898473462634e+00 -4.232279051431945938e+00
5.568948768728403387e+00 2.859158249172099708e+00
-4.362545138946387624e+00 3.515402033360347289e+00
4.313950898696822023e+00 -5.077839252919164714e+00
-1.361283082186369953e+00 3.113064840403934053e+00
-1.363566584356167732e+00 3.863453591707392221e+00
-3.692448109842922044e+00 -4.324709175736239253e+00
5.282755828243172580e+00 -1.779647422574138771e+00
2.774386457562672437e+00 -1.208733584787393589e+01
-5.191159880504496726e+00 -4.382751188193444669e+00
4.481629556630530864e+00 -2.180454645128557356e+00
-6.566654514088568817e+00 1.055553544599371740e+01
-2.951671141786621266e+00 5.873745306030476954e+00
-5.941812436316831203e-01 -4.630256908917652403e+00
2.371778927050503416e+00 -6.712547399832783590e+00
4.432177245137490118e+00 -1.139278720337786588e+01
-3.840067825999636142e+00 -5.672205705640582352e+00
-3.703630127596015953e+00 7.268550005588124030e+00
-7.023461389562905666e+00 -6.322554320884679058e-01
-3.204480426468856002e+00 -7.032787755650341310e+00
-7.507680327469067549e+00 4.654748652140908938e+00
2.239807363069630242e+00 -9.321062761039730304e+00
7.464220328245836811e+00 -5.600399027186377054e+00
-4.989245734145801414e+00 8.008970483917302374e+00
-6.282052060540268545e-01 4.110076960535817392e+00
-9.670254736763426173e-01 -5.160034536208386591e+00
-2.101293424501452733e+00 -6.557490097752648239e+00
-2.097643928568606597e+00 -3.724985740180764893e+00
-6.072776014014150014e+00 3.378640209356142954e-02
4.069144716627834057e+00 -6.564660128436819342e+00
2.398628287796548353e+00 -4.413332496790212112e+00
8.582708939264716008e-02 -4.370920812345112871e+00
-7.064183570055541317e+00 9.153888443315738144e+00
-2.126253492243260546e+00 -4.610734511482251108e+00
-5.828817372986904388e+00 3.630508878721774302e-01
-5.132815639061504065e+00 -4.745995234622433223e+00
-7.811043129969320375e+00 8.365072838205142247e+00
-1.627452598398111849e+00 -2.934599619958710548e+00
-7.632161605389889303e+00 -2.276349275496859725e+00
-3.727927786791431775e+00 -3.520368420927258768e+00
6.127499312620942717e+00 -9.838341906368828660e+00
-4.873552173815617117e+00 -4.633316806581514236e+00
-3.399661052388917248e+00 3.347912517366669505e+00
5.712292257977370724e+00 -5.803811969538257287e+00
-5.173681705559491029e+00 3.371567885919218632e+00
-6.624581510655289662e+00 9.017619383413487455e+00
3.440613941236807971e+00 -9.323270765626562095e+00
-2.237382923841707782e+00 6.197026452423491705e+00
-4.773518799090157749e+00 3.326163517089625543e+00
8.013315043511757274e-01 -6.187489113717003164e+00
6.261969930181251698e+00 1.602399177330691149e-01
4.652389480863741156e+00 -7.993998668589052947e+00
7.741139295754916105e+00 -9.224786540943745727e-01
-6.260175278456078907e+00 3.498952026079570121e+00
5.695766640800489000e+00 1.417149972035109950e+00
3.256212005970460788e-01 -6.262372862933962558e+00
-3.866700301949488328e-01 2.816117909381980589e+00
7.644797447926455547e+00 -3.999172652493188096e+00
3.194125706597465530e+00 -5.183063404234201421e+00
-6.072182028946045307e+00 2.806970884727947979e+00
-6.673872327000607285e+00 -3.855976921271299318e+00
-5.770266070749727305e+00 8.258762062032776186e+00
-7.660176337643584077e+00 9.902944734722716191e+00
-2.857730148830555983e+00 5.350669669785585114e+00
-1.218518962473445377e+00 -4.582335778821025052e+00
-5.739374998349840773e+00 1.950129708381318050e+00
5.924370631190493341e+00 -5.448255928591163588e+00
-7.912382843940866550e+00 9.642122723672157392e+00
-6.415417700960510672e+00 1.001690861438185287e+01
4.121357223439575890e+00 -3.593703629138885747e-01
-4.463529729720161043e+00 -3.601594193974544389e+00
-6.867675402166715237e+00 8.781369840184311215e+00
5.404761831485447310e+00 -8.680423093583845784e+00
3.710244013496845294e+00 -7.866041534706075922e+00
-2.010533875924922054e+00 5.969665360883988470e+00
6.167243000107604622e+00 2.629970653935678193e-01
-2.354735358169424142e+00 -4.406023822382521438e+00
3.545465104922887356e+00 -4.663009256480211917e+00
-6.330025348256465456e+00 -4.352200514047789071e+00
-6.294769133778928882e+00 -3.731533188496328535e+00
-3.428994599831082901e+00 4.980137822244434354e+00
-5.691062955474887275e+00 7.907919909955655413e+00
-3.105829199998095813e+00 -4.517077912192001499e+00
2.018193558019900635e+00 -7.750362278608840860e+00
4.526995414596495237e+00 -9.221645480193433997e+00
6.802477892437797991e+00 -5.816955620673674332e+00
-6.793774595708912400e+00 -1.881062673728582491e+00
-8.142602648804107446e+00 -5.711941796650711112e+00
-3.179233139446954848e+00 6.329557751000927546e+00
-5.137324003420079777e+00 2.606373960206934903e+00
4.784373102336319405e+00 -1.799993190319020053e+00
5.048927718674415033e+00 -4.396612122273063861e+00
5.360463268856946684e+00 -4.809053417326496493e+00
5.046485531412066905e+00 -5.636229400420967650e+00
5.239381447202471342e+00 -6.154348009294914323e-01
8.751733532476503541e+00 2.045180398255880050e+00
3.531990145227734690e+00 -7.563705981135689926e-01
3.612122770582608666e+00 -1.263856779358957905e+00
4.262711869109099716e+00 -8.991252381699194274e+00
-1.517012518836291957e+00 -5.363269872586424292e+00
1.603529643938916394e+00 -1.088715461371915261e+01
-2.865763353536092239e+00 -5.455094687213618343e+00
4.700523911570118507e+00 -7.271155807465121690e-01
5.851695134099713869e+00 -1.134998823750559538e+01
-1.147191067137776521e+00 -2.786731734865095511e+00
-7.162078387366672239e+00 -2.466213613261829529e+00
-5.949533805728826508e+00 8.644553595586186745e+00
-3.311683546101667819e+00 -5.297121324883175220e+00
6.327728318047728173e+00 -6.236523037536606751e+00
1.186449542987497940e+00 -3.027210078311679098e+00
-1.802905139610226914e+00 5.866262934808254670e+00
-2.806452945687343714e+00 -5.810410213522401612e+00
6.254496465336615962e+00 2.900639681423418992e+00
1.240926552167498365e-02 -3.984174806845270922e+00
4.004344282333807126e-01 -3.031144462076421853e+00
-3.542628386272555385e+00 -5.694137595850493838e+00
7.244176469296514043e+00 -5.793915377725410210e+00
4.990853500345722171e-01 -3.089949251856487500e+00
-1.975143150554914406e+00 7.508394400142506697e+00
-6.714250788896719335e+00 -1.206424017999398135e+00
-6.797022080980470449e-01 3.893225060863898079e+00
3.654070365141169674e+00 -4.259540906905800561e+00
5.487218073039596966e+00 -9.175137327881794036e+00
-7.132283776436295852e+00 1.016180092380465361e+01
-6.959593835479362944e+00 7.660969973234498909e+00
-5.345434613111403443e+00 7.022221937854093099e+00
4.208417426486909640e+00 3.554679583798864950e+00
1.603496554010815256e+00 -8.347145342879688457e+00
-7.418265847867727025e+00 7.913833430068721420e+00
2.643277069394360801e-01 5.432502933921961485e+00
-1.926351027189933340e+00 5.168065705305883384e+00
7.471942231486790043e+00 -4.818706977967752714e+00
-3.044996915670044046e+00 -5.353591196891722248e+00
-1.454950815380976259e+00 4.510814220103381622e+00
5.082152685232473210e+00 -5.175451315995148960e+00
3.956967248280744975e+00 -4.902316286376917631e+00
4.882458813319933810e+00 5.117671099069897034e-01
6.591638162190056605e+00 -7.368748996126766926e+00
-1.478375904398691709e+00 -5.411918459912901547e+00
-7.773604087415537656e+00 -1.936265324913342578e+00
2.573212075566918777e+00 -7.785237620473488107e+00
6.450018934656739589e+00 -1.098513224204203276e+00
-5.434203273594675032e+00 7.851225390870201437e+00
3.511026765093895996e+00 1.240333534317107356e-01
-2.150137674150816025e+00 6.443616154716147904e+00
-3.883024033377929118e+00 7.147466341200842344e+00
-5.662062400794638961e+00 -3.239570098228367279e+00
-7.450819687604932184e+00 9.603562120522889600e+00
6.478148334716675727e+00 -5.969166086870914434e+00
1.854772768494374002e+00 -7.760454684351015153e+00
9.679414345554608889e-01 -4.770982470545310328e+00
-7.595962608191333842e+00 8.991650729214198279e+00
6.557450770306682664e+00 1.325848576386535083e+00
7.276275113315149312e+00 -7.031481014096359061e+00
-4.359004093323917139e-01 5.943645280274264309e+00
-5.643209862083754302e+00 3.169903056800746910e-01
1.616922064476343790e+00 -2.701699097775131619e+00
-2.870930971870604864e+00 5.543570601444193890e+00
-4.558401229750830730e+00 6.054251338592030685e+00
5.892346535589446432e+00 -6.413857135104282570e+00
5.543738752680205550e+00 -4.812387620681104039e+00
2.812403755279758055e+00 -9.636583276642875617e+00
-1.789004352451283975e+00 5.065633084974146882e+00
-5.824189205710307959e+00 -2.473501352519230423e+00
-6.529968410133720980e+00 -3.172958647207022587e+00
-5.336057814157646462e+00 4.192870082055722314e+00
4.521601999360230550e+00 -1.558094895450728989e+00
-6.045354821614517427e+00 -1.015498254650690768e-01
-4.120697164724940187e+00 -2.711806813619672241e+00
3.024715257712884409e+00 -4.918118471310745754e+00
3.860449695162807338e+00 -8.772847001603446770e+00
-3.760535205017109028e+00 -4.814838625696199692e+00
-6.185523562377818863e+00 -3.799656875962784230e+00
-2.446870216177063906e+00 8.740846778365286340e+00
-4.094595524751476034e+00 5.072429788429863251e+00
3.915796089636668365e-01 -3.843421865233748402e+00
2.742177959871917814e+00 -1.107951731538772400e+01
3.294530115038084794e+00 -9.006796866911351174e+00
-6.862554396691016301e+00 -2.285038521953575597e+00
6.853648538813987834e+00 4.101006003575157211e-01
-6.003928767146384793e+00 2.947880339749819445e+00
7.147009934788322916e+00 -8.642657950935042521e+00
6.642328020680001721e+00 2.415326352763972118e+00
2.556074554882508565e+00 -1.774825173491931807e+00
2.791304258072408562e+00 -6.876781469796428681e+00
-5.289682738537573314e+00 6.255806981652990650e+00
3.663929605548531754e+00 -7.453578191133729547e+00
-2.340246997843618448e+00 -2.967107837442425566e+00
-6.294519094016375327e-01 -8.807487101588629130e+00
-2.615420930691978452e+00 7.589265922009792220e+00
5.886602235195292465e+00 -5.998137402512954353e+00
3.372391835114967762e+00 2.865747253149585339e-01
2.115821702580626074e+00 -2.681442133303401754e+00
-1.166379383340749420e+00 6.324640552460660814e+00
-3.149443997911707704e+00 -6.035370256442146086e+00
6.485780396794868174e+00 2.575714113877469735e+00
-5.354248123817878735e+00 9.334190489563466642e+00
-6.593616570362859086e+00 8.482419817286926289e+00
2.833633616250922582e+00 -3.948057997801285524e+00
-1.480368739153781199e+00 7.817044620363578389e+00
4.322619315610271684e+00 -7.880204794693673520e+00
5.414853179777437298e+00 7.359135049032259346e-01
5.982751467001021339e+00 -1.424538266301486500e+00
-2.812354583133116481e+00 -3.940645756800265520e+00
7.397192930872481753e+00 -3.403274870215895476e-01
-4.953999440752996364e+00 4.761189245923645785e+00
1.723282665340699404e+00 -9.161663147711154309e+00
-4.421461835659420636e+00 -5.284678192635170468e+00
-4.410299107420659226e+00 5.836266395128990148e+00
-6.150966992610387152e+00 4.113232555702556859e+00
8.923513842209828795e+00 2.264762285690162358e+00
3.865879847109265022e+00 -9.508829438299841286e+00
5.028359713082958038e+00 -6.916552339666944604e+00
-3.773777780105932234e+00 -2.341679620267506756e+00
3.364411720253102089e-02 -1.033866549914064414e+01
-4.852505171957638197e+00 9.261278426575133338e+00
1.177712608610703260e+00 -4.322585204000155557e+00
-4.476993241076685948e+00 4.269102218913141122e+00
-8.321048387126854351e+00 -5.117841056276166256e+00
-7.181295533349339344e+00 7.686053046678638090e+00
-2.259424332566232430e+00 5.047430046483811772e+00
4.625799586946030217e+00 4.243626104048898284e+00
6.282432068628769350e-01 5.176652179405901499e+00
-7.650396897330062451e+00 9.843951195837071566e+00
3.658202179110848107e+00 -7.179756227398504720e+00
-1.078757118172147811e-01 -4.657995285730162749e+00
5.500739408763493543e+00 -6.541940677117307201e-01
-2.546203884798156736e+00 -2.559381714525471807e+00
-1.343132345390448235e+00 -2.466591880293236283e+00
-3.407120752237030814e+00 -3.785035890299331296e+00
-7.630819738411732445e+00 -1.369635903710708646e+00
2.812390084876361662e-01 -7.917157276343869121e+00
-5.017137901539516776e-01 4.279084066610354675e+00
-9.469580431585642444e-01 5.968938902663704305e+00
3.213879565825464191e+00 -1.066207466373401047e+01
2.546795770405234194e+00 -1.373721789936580340e+00
3.357815197275120678e+00 -7.573610121472924561e+00
6.183595272520816977e+00 -9.578173630414669404e+00
-8.261664683767413919e+00 2.507094043803019812e-01
6.650769474143108262e+00 -4.630187299128793121e+00
-5.615949340301231274e+00 -4.749293591619683674e+00
6.915794055330807488e+00 7.846635517222885214e-01
-2.485220515451654677e+00 5.597408529175400105e+00
-1.988550358657678263e+00 -3.457442251666233091e+00
-7.290324494099387209e+00 1.022801332513111205e+01
1.796442299376848073e+00 -9.016474467633814882e+00
4.204524803241045383e+00 -1.153693268315449316e+01
4.472490322665172435e+00 -9.930493889970588572e-01
5.248897531344313805e+00 -5.441369721161882111e+00
4.594802693329842924e+00 -4.423168743028941252e-01
4.762340487965852631e-01 -1.071719165493818160e+01
3.586065505766581119e+00 -3.987939319539765659e+00
-9.156597065163607496e-01 4.249916502745949565e+00
6.115215182400923766e+00 1.224234486489735874e+00
-3.513252330203348262e+00 3.198130058325369784e+00
3.789802986318759892e-01 5.258337534674435432e+00
6.982575434050191099e-01 3.284110301759568085e+00
-3.761637493335089122e+00 -4.479401279835526495e+00
-8.421014216249552931e+00 6.971918301074921942e+00
-6.593057361108757064e+00 -4.168394307740180160e+00
-7.057224794760642794e+00 3.317236847858295423e+00
