-2.773649054488966481e+00 -3.777588434580997134e+00
4.266899099751267244e+00 -8.637322741531024306e+00
2.698925985210143264e+00 2.564367982414620162e+00
-3.956319924323637771e+00 -4.554720076000637441e+00
-3.669634685201724089e+00 -5.016722362906056887e+00
4.389224779337989268e+00 -9.671463880068051466e+00
-4.933010024796291582e+00 -6.384047347349129709e+00
-7.093541553420113388e+00 -2.639021089418768007e+00
-4.755734490978938744e+00 -4.956795316668509699e+00
-5.994319664002921932e+00 -4.069848454502917434e+00
8.338979999818869615e+00 -3.573810204373470967e-01
8.671528836005157004e+00 2.217796770288013697e+00
-1.801859892783317818e+00 6.937560189374817554e+00
-4.646516508000923196e+00 -3.297132269600842491e+00
7.974274081024949723e+00 5.950639408204390080e-01
-8.511896124542907671e+00 -4.851927213806374262e+00
-5.298812602727952736e+00 -7.250421946948393703e+00
7.434506065698920363e-01 -4.324338850210928342e+00
-6.061259397682539962e+00 -2.138017553245421976e+00
5.019872850123172192e+00 -4.863140677535107148e-01
-7.620144459571496220e+00 9.626285385133133587e+00
1.455126863607161924e+00 -3.748495838682039061e+00
6.809252746730725114e+00 5.550213189693176119e-03
-7.150784003907012298e+00 -2.431040726426104470e+00
-1.010112181823334510e+00 5.837708632148799204e+00
4.455231047041542602e+00 -1.092279832916386439e+01
4.752630477260127329e+00 1.407945462394691871e-01
-2.767817161870885556e+00 5.844579055427445269e+00
3.792454340755448960e+00 -4.589500929895336867e+00
4.520666253896491682e+00 -6.991298782556008007e+00
-1.872828530294309513e+00 -4.524232734925615063e+00
-9.459717724419325346e-01 4.247461563719202360e+00
6.260943621831862593e+00 9.038365703493194125e-01
-3.450027444380035391e+00 4.370284368039371259e+00
-4.679377476005462277e+00 -5.686890067812337080e+00
-4.379731404401707273e+00 5.013633319949447831e+00
-6.367937033936618363e+00 -6.060957244898117491e-01
-3.670915865751718243e-01 -3.209901531649551831e+00
-8.677031784436291417e+00 -8.616659770679160335e-01
-4.150921228063466195e+00 3.705506629888714709e+00
3.949084091186905621e+00 -9.576142026239113036e+00
-3.986871927620518008e+00 4.764399154449582952e+00
3.664100590862870099e+00 -9.979352151072157895e+00
-3.333547992049122666e+00 -4.174624424024798941e+00
1.673464674261771812e+00 -7.866804859133782912e+00
-3.855457782620874241e+00 -5.446063046017897591e+00
-3.726226203405178072e+00 5.219973375383555769e+00
-4.115292264165201885e+00 -7.481192814830901483e+00
-1.614784434352944942e+00 -3.963425787896234453e+00
7.888674822503773498e+00 -5.410178221780786778e+00
-7.010430859993153518e+00 -6.839836790991474791e-01
-2.108083304278532744e+00 -3.097134800970158697e+00
1.435688552242768479e+00 -4.947511258718041205e+00
6.476102490389263444e+00 2.145589034785711391e+00
5.020529914503795155e+00 -2.561163863898475057e+00
-3.825097181933270196e+00 3.485246274401144095e+00
2.805064253425937792e+00 3.108300173423745871e-01
-2.524819088613335261e+00 7.786464560700737891e+00
5.388462003716880666e+00 2.725907852052886771e-01
-5.742365632531964970e+00 -3.683040189004497478e+00
6.088971172040907653e+00 8.042634132020677340e-01
1.416689583747689607e+00 -5.914575119288866922e+00
-4.352355373778853398e+00 5.988627701716003671e+00
-2.209069838097635241e+00 -4.965795896167065848e+00
8.214402381759153826e+00 -9.249369114002488956e+00
-6.784857207647511324e+00 2.949741595250143344e+00
-2.911647104605399328e+00 -5.131815071896997260e+00
-8.318566307691863670e+00 -1.120648503664711804e-02
-4.065896450772141790e+00 -1.941845647208135794e-01
-3.684310528832211329e+00 -4.397059336143521513e+00
7.312316146452628729e+00 6.955766903417344160e-01
-4.472026018821682491e+00 3.397280823476622746e+00
6.650584244272486067e+00 1.074314240064221382e+00
-7.466758259349455251e+00 -2.004633425558033366e+00
1.286677816279548470e+00 -3.864549492528863706e+00
-6.825869309024588993e+00 9.650732986396070245e+00
3.707724119874228563e+00 9.423383799734355026e-01
-4.807723996186357596e+00 -1.228625546370339716e+00
-3.331443503335143941e+00 7.109438268482292322e+00
-3.969286219026284979e+00 6.027372668942920342e+00
-2.963874057722741817e+00 -3.867143134924043935e+00
-6.462977115951331619e+00 -2.269938837573536095e+00
-4.716716514015602435e+00 7.275460251770144104e+00
-2.215178346438899215e+00 -3.360831638060942872e+00
-3.640548544832736599e+00 -3.325920195533019985e+00
4.029686962545121709e+00 -5.828347220825775388e+00
3.804161525346859030e+00 -5.206437311687742486e+00
5.061523332628643956e+00 -4.614718363921246791e+00
-6.842134827962856214e+00 3.810991181520940518e+00
-2.826682304681570557e+00 -5.068655265343690708e+00
-2.671124966153917146e+00 -3.976230321145180380e+00
6.166080522430980260e+00 2.192520592585969652e+00
-7.673998900262535727e+00 1.072148701461413545e+01
8.247115862036110912e+00 -3.674830424852852495e+00
-7.218555619119325861e+00 -6.668051257219422823e-01
-1.763898031388732024e+00 5.378899279053919180e+00
3.302478024701179571e+00 -7.520365925330000145e+00
-3.818297884444669776e+00 -3.676931113401106455e+00
-3.672289185948111712e+00 5.244941170011959031e+00
-6.221363654780830643e+00 -3.608634882024235768e+00
-1.849107522286658423e+00 -5.973182261337280252e+00
-1.386963413016992774e+00 -5.186555487336519832e+00
3.214549253954556374e+00 -8.900881899991562207e+00
4.803922691824220159e+00 -5.377177500751228578e+00
-9.617104530893145764e+00 8.751276494215356472e-01
-3.157615839132692059e+00 5.901254521012443632e+00
-3.718832225757329191e+00 4.705473182372536201e+00
-8.982400260654355151e+00 -5.550316632573017994e-01
1.772304986132831273e+00 -2.119778839058786613e+00
-3.393504077501360072e+00 -3.096861509508470611e+00
8.004599562073938301e+00 4.522432362276977980e-01
-6.147550629009002954e+00 1.045241725003830169e+01
5.704754902834012320e+00 -8.051187328076316874e-01
6.944002812710460049e+00 1.464890429126214366e-01
-5.908639684115399859e+00 -6.032096967425737422e-01
-6.789978237614769263e+00 8.900815292623786235e+00
5.471667277598330159e+00 -5.276639974736525573e+00
5.986926700314297634e+00 -9.331891478882394786e-01
4.707802503099865810e+00 -6.096452409181717158e+00
6.174102419852414592e+00 -6.059867538453930003e+00
-3.332340267434271697e-01 -3.736817335839684340e+00
-4.043698235577775080e+00 6.668817511042352209e+00
-4.755837809370362379e+00 3.634313592040595342e+00
7.717415866130064472e+00 2.756861862298689569e+00
5.940766198015542621e+00 1.057633334795864855e+00
6.091947248853867514e+00 -5.127535124169887659e+00
-1.838526481772815524e+00 -2.450390609440377787e+00
-6.638474361959732839e+00 -5.797282202628522008e+00
-5.412665758108550662e+00 1.055801119458670634e+01
6.198631457640731979e-01 -2.110727013258609119e+00
-3.466161015894218878e+00 5.203848606193187898e+00
-7.162848692774586468e+00 -1.922005755874072186e+00
5.146758933222041144e+00 -1.015207814447530055e+00
-7.319795412019645120e+00 9.442327768116689057e+00
1.996174693349030527e+00 -3.062476621583702485e+00
3.260617136768908519e+00 -8.832086800551161687e+00
5.088386124193113424e+00 -2.633200809041023049e+00
-4.514125937951448009e+00 4.452131480423212828e+00
-2.806218685817437386e+00 4.616188996274372514e+00
-7.493232204874607838e+00 1.051107219622600120e+01
-3.639372615692427537e+00 -4.596925432171421910e+00
9.389458306020781464e+00 4.598484577230674830e-01
-3.808497228021928027e+00 5.751155967352671539e+00
6.911647316051267254e+00 6.979478975434940669e-01
-7.517308112962193256e-01 -3.686810458679690150e+00
-4.288849200326108502e+00 7.414648650011646858e+00
-5.471672481597786408e+00 3.443212595305483958e+00
-5.682968494286837924e+00 4.597312373957693765e+00
-3.174034211143243578e+00 -3.876520769405936484e+00
-6.024025131142643374e+00 1.027932739218802283e+01
1.713537632518329135e+00 -5.985255412123850149e+00
2.582263675826655280e+00 -4.976485346419075029e+00
8.416874110754068994e+00 -8.175836425645879757e+00
-3.477302518290361633e+00 6.661809637423883323e+00
9.378868622929964260e+00 -1.102579442847121616e+00
-1.871660708703153153e+00 7.517693625276991476e+00
-8.655299248482076990e+00 5.976292151622736526e+00
5.212228273317753846e+00 -5.432605122867993686e+00
5.777629779369809704e+00 -8.387450803132677990e+00
-2.644728918749121860e+00 -3.913960295798220912e+00
5.093719714376475416e+00 4.810312146364899011e-01
5.737215441261589888e+00 1.094099565830483289e+00
-6.308626618062228353e+00 4.442912903234908839e+00
6.852916885875021791e+00 -5.667659808504245111e-01
-4.747012602406934789e-01 3.756040203717459836e+00
3.354842800167552319e+00 -9.555349126903109891e+00
4.356950062885246666e+00 -2.175873662461711433e+00
4.593163084140513774e+00 -8.095889714616118837e+00
-2.833099576096647532e+00 -3.159799533830645490e+00
9.212336722853720516e+00 3.825832664063614885e+00
-2.741913901393520092e-01 -1.739245505342996712e+00
3.288389402755455215e+00 -6.482513145646775499e+00
6.896883797262052251e-01 -8.971460361859239896e+00
4.925510736072217455e+00 -1.428349375290020484e+00
-3.005649038232533155e+00 -5.978423854159898632e+00
3.054540730979168561e+00 -9.527580169637822394e+00
-2.923969840743008142e+00 -5.670189252759830545e+00
2.241989355500728642e+00 -2.103026733914855839e+00
-2.655030161075078610e+00 5.831956928018772857e+00
-2.622540654991160292e+00 6.244614443299791873e+00
-7.400324236400838807e+00 -1.777207340983265604e+00
-2.389958939941465133e+00 4.999181737838979345e+00
-6.357890586857795512e+00 -2.573582115651682045e+00
-2.945060678154368894e+00 5.545703646185529578e+00
-5.699461790405999650e+00 9.135156124660136712e+00
1.755285391375118298e+00 -5.094966094584772343e+00
4.626227001092233060e+00 -9.976238497757577761e+00
-5.877934311693281622e+00 8.651620032969063345e+00
1.206979241853668006e+00 -8.737186061456249320e+00
-6.494360219867185258e+00 -3.262489347229323489e+00
7.551298309202093328e+00 -4.945645460579472186e+00
-5.238072136740518303e+00 6.464491886201201076e+00
3.723614820403900350e+00 -1.090181214042399915e+01
3.318142106383075607e+00 -1.185422264129292635e+01
-2.299507262849216804e+00 -3.410978545509504745e+00
8.596394826838595904e+00 -7.493936347762488737e-01
-4.811543821343665428e+00 -9.769799040692109804e-01
1.016005180927260554e+00 -5.156108373493301755e+00
-1.214135005941597623e+00 -3.853919272952082142e+00
7.253490981471122367e+00 -4.481427154998608664e+00
-2.215063457012611980e+00 5.239558165712386639e+00
-5.150652153502996988e+00 6.682676149892864181e+00
5.721612070124327154e+00 -1.092872538362092971e+00
-6.859411330141089280e+00 -2.274214949927497731e+00
-4.473223374337805147e+00 2.925062617445278512e+00
-3.099977224290200617e+00 5.535264642660152390e+00
4.782968554009855211e+00 -5.089606435027257625e+00
-6.241428791905012652e-02 -9.028487070124754155e+00
-9.890371924718839303e-01 3.565227229165742528e+00
-1.055254589028360002e+00 6.263360002288858475e+00
-7.057020184243863348e+00 -5.563801634851941458e+00
5.230692610430256906e+00 -1.878156600752046712e-01
-2.948493161548631392e+00 5.590761440809997929e+00
6.647038692495215173e-01 -7.113062408942356640e+00
3.141902278297623585e+00 -9.170151698838751031e+00
-5.547766798491462481e+00 2.276573674761624311e+00
-2.326654752730952680e+00 5.241989612613243033e+00
4.048785346843147614e+00 -6.361668217420049842e+00
-2.327430629076954194e+00 -4.587593635051335994e+00
-2.997250231341176629e+00 -5.852134770730296864e+00
-5.392413040169977911e+00 -4.446904114360997973e+00
-2.140607024928715685e+00 -3.308433809395392444e+00
-2.061972210363565594e+00 3.286623131189100988e+00
1.045131289522071150e+01 2.271589130190932337e+00
7.646123990530722558e+00 7.090208275305321939e-01
-3.359615095860701395e+00 3.795362419036349966e+00
6.402362067933059286e+00 -4.535220671220011823e+00
-5.502879347711015612e+00 6.852181903515367267e+00
-3.880335473048898365e+00 4.626138415182345476e+00
-7.368070168250390850e+00 -3.497420756905928130e+00
8.742821154871331935e-01 -4.564045405435983582e+00
-5.768801298773373887e+00 -3.101676223064623095e+00
2.969237229320279781e+00 -9.158590425375439992e+00
6.413747670334839057e+00 -8.210760885111874074e-01
-3.330749107272362064e+00 -5.434247133726954004e+00
-2.707578751178675969e+00 4.104710185881506490e+00
-2.718391203624002994e+00 -5.404213937697437409e+00
5.061859578859461806e+00 -6.101706584913548781e-01
-1.198772091573049314e+00 -4.529911936084557667e+00
-4.752753972010339112e+00 -3.718496541712386083e+00
-5.219709294579157444e+00 4.657249533681640408e+00
2.279139327913311419e+00 -8.524937007323067917e+00
2.861004710736265277e+00 -7.909224728674832505e+00
-5.122781652475264735e+00 8.447430771117629078e+00
7.023356294022499391e+00 7.708234951092346465e-01
-2.230363408658507129e+00 3.420648622726372601e+00
-2.484519735625325687e+00 4.764775584136958564e+00
-7.639336359905080087e+00 -2.080441677640236797e+00
2.526260299812354226e+00 -8.706711452060490686e+00
6.935938431678239979e+00 -6.893434486143002360e+00
4.198765925047219127e+00 -2.314146887618748205e-01
-8.535857056072673643e+00 -2.237344159023925361e+00
4.327899830571660722e+00 -9.098954499314743316e+00
2.301337750085896250e+00 -9.157332537020966612e+00
-5.918041046577913633e+00 1.099058996938344812e+01
-2.812305017686925535e+00 -5.150578755763324246e+00
-2.405708595582137121e+00 -2.944754436469434467e+00
-5.456264378315887065e+00 -2.581589782969279767e+00
6.756298803458211211e+00 -5.353522148098805111e+00
1.339548149164045077e+00 -8.049330111594098724e+00
-2.822838755736953864e+00 3.543665736664115329e+00
4.306062013483735740e-02 -9.031571790780514419e+00
6.252867581342933967e+00 9.778384872261512983e-01
7.429501841817218732e+00 -6.995744011309247057e+00
-6.833039512221337652e+00 -3.721455467481344925e-01
-8.508352042004666771e+00 4.288250447019544609e+00
9.063663716946095406e-01 -3.086804978068414584e+00
5.850394912325254992e+00 -6.756274296126240309e+00
-7.789957847971644700e-01 4.827420752471064169e+00
-1.098579858846057355e+00 -2.485977707004768611e+00
4.812510723659827683e+00 -9.286663016789610481e+00
-2.188653681221272684e+00 6.061269210180883604e+00
2.598075353864718107e+00 -3.891450335771148517e+00
5.654740674961731273e+00 -6.310504764631650332e+00
-7.430759614654403045e-01 4.680552722681351696e+00
6.068658610675139009e+00 -1.536555596748447328e-01
3.949248182619323533e+00 -9.151214079047537808e+00
1.566843889552470337e+00 -8.778090131023391862e+00
2.676834905906949835e+00 -8.461986635959556580e+00
-5.304544707267728754e+00 3.596134173893591690e+00
5.612280808207653848e+00 -1.046463477703674538e+00
-2.978957691066788094e+00 -5.283812230628175399e+00
-2.525931118768832029e+00 -3.501816992517653659e+00
5.624769891261865773e+00 -1.792813333750139071e+00
5.119076724314984617e+00 -5.921951056245076117e+00
-6.202702699293090038e-01 -4.759824958645092252e+00
-6.352110768615058412e+00 -1.549674248557069145e+00
4.193355282821628727e+00 -5.135698590620424220e+00
5.735446184217927623e+00 2.582224893800892040e+00
-2.117420854685891030e+00 -5.722002669000251451e+00
1.043735015858315229e+01 2.822061086040918987e+00
5.505271299884685554e+00 -5.769467987420977551e+00
-2.410971274555888222e+00 7.595931879249274488e+00
7.458719226439918248e-01 -9.552441871177197896e+00
3.218611771423094403e+00 -9.956358632247081175e+00
-8.977134058383903437e+00 1.248657502375697170e+00
-2.224443600260349818e+00 4.908585353312094668e+00
-5.575479768490867905e+00 -6.891404788166695994e+00
4.401104579944237649e+00 -3.911482318395529845e+00
4.613464690104647659e+00 -9.808110568465259860e+00
2.804627666953287246e+00 -7.291079029860553007e+00
5.387007753938961585e+00 -6.482707813641029659e+00
-5.474433953384403750e+00 -4.927849939416558023e+00
7.694884531135101291e+00 1.382438517702062830e+00
-2.413110920010411053e+00 4.476867243829606657e+00
-7.466147393279575439e+00 -4.432287007940192147e+00
-6.821862778394332416e+00 4.007713844019103355e+00
-3.162449273792141913e+00 5.548749862397939658e+00
-3.390698596671979814e+00 -4.584107868082123893e+00
-4.673276220598978625e+00 6.667764664974357380e+00
7.013626006671582758e+00 1.658189420798730884e+00
5.349846979644196310e+00 -9.210088721281895374e+00
-7.259878372147186454e+00 -3.914945547389460767e+00
2.663721532362199884e+00 1.913260747200242751e+00
7.372788946231748852e+00 3.747378920947497249e-01
1.250558728312836987e+00 -7.890198520240898183e+00
5.597667703623594448e-01 -3.636669067021081947e+00
3.615365820018060283e+00 -3.735388799507516566e+00
-1.761211014485937199e+00 -5.644747943801765366e+00
-2.814147915741656902e+00 1.495435406698355507e+00
-3.330553392323708728e+00 3.867398366740591342e+00
5.700831769198609678e+00 -2.024101386302620265e-01
-9.720847564962076248e-01 5.639338752077105887e+00
-5.997610810861232267e+00 -4.029161775103576204e+00
6.435418335513026555e+00 1.884332085305769011e+00
-4.671143568750313335e+00 -4.641927589409100108e+00
1.727677257667419974e+00 -5.790705697367803495e+00
2.032606903437325307e+00 -1.132620470113385558e+01
-7.389570493271299334e+00 7.657198472168300185e+00
-6.504779710151902705e+00 8.403651221650530800e+00
-6.966359379390426376e+00 -3.302840254898063321e+00
-8.959781265194791899e+00 8.374464065019616044e+00
5.784947516061530237e+00 2.098208493999572433e+00
6.234765505379165518e+00 -1.000293926701870362e+01
4.825847065240023603e+00 -4.497764487044966231e+00
4.775913405374759613e+00 2.520187892512420369e+00
-7.359466283427444910e-01 3.233030995320308243e+00
-2.440539969469429415e+00 7.084661903345907064e+00
3.514511087711495563e+00 -1.707789095227394416e+00
-2.176326735302612780e-01 -3.975321005716316414e+00
-4.009722301970556124e+00 -7.221287692323412166e+00
-2.028321298642497439e+00 -4.569055501206094938e+00
-6.737081177046039038e+00 8.416038294232301098e+00
-1.039504824799744265e+00 -2.133643006074733783e+00
4.800808376021855395e+00 2.502969028707108912e+00
5.668166038730531042e+00 -2.498394693573873226e+00
-4.508244272330272473e+00 -5.144920944280483077e+00
-6.967900206871422419e+00 8.639087084490871149e+00
4.776255562535434152e+00 -6.349993045342967157e+00
-8.524996177454065460e+00 -2.965848301767759487e+00
6.468753069789547894e+00 -6.553892171617565765e+00
-4.034061992486623005e+00 4.458520888973177776e+00
-4.229251889733328440e+00 -8.208527930834429442e-01
-5.911220109371035036e+00 -1.080333591032704987e+00
6.779902379906724619e+00 1.636778174238873618e+00
-2.802343290890165761e+00 -3.908728561109557020e+00
4.637179169756278085e+00 -4.597648366713817047e+00
-4.869273578673718461e+00 -2.457624682309542230e+00
2.016606456059863106e+00 5.446269486685750838e-02
4.467078729230459899e+00 -6.337171883934524352e+00
-4.383402209841998243e+00 6.065668726181559833e+00
-7.014396131240137500e+00 9.461743019964055534e+00
8.136886562349102903e+00 -6.887881700510336103e+00
-2.853870533352870886e+00 -4.563312913570660712e+00
-2.351999728063875139e+00 5.435698395235874614e+00
2.487578916333013979e+00 -7.696765386142624621e+00
5.818146606199920967e+00 -5.651015507059746312e+00
-2.999932455271054010e+00 -3.274119486125488088e+00
4.460666495433493139e+00 -5.459541933750256426e+00
-3.750587089025835930e+00 -5.406299457812487219e+00
4.068248185772329606e+00 1.798307867682791272e+00
-3.656925575775357817e+00 -5.589748307752033796e+00
4.017379509495647483e+00 -4.081643784708954392e+00
-7.844155423651432812e+00 -3.651692783115366936e+00
-2.877382564614723748e+00 6.646718877905630762e+00
5.964151974414718005e+00 -4.472277194937896994e+00
-7.319836003425117532e+00 -1.747565857371386810e+00
5.570919634704824652e+00 -3.571884892449320059e+00
4.180488766630272579e+00 -4.423441820402792324e+00
-2.963349542495822275e-01 -3.445777542249953473e+00
7.370441752484297560e+00 -4.589923424303583133e+00
2.718881444658451940e-01 5.526600017185708147e+00
-1.773575527747021319e+00 -3.811995750590075005e+00
-8.288341068047985871e+00 1.046633843495146365e+01
4.980728427340949338e+00 -1.294301500371213276e+00
6.943156917327269362e+00 5.273607210919241339e+00
-1.733770186501971677e+00 7.723569475567325426e+00
-8.124768192594045146e-01 -4.516779089936380664e+00
4.677996559720320136e+00 -4.364038184555644406e+00
-5.791788149308085831e-01 3.200038779998127136e+00
-5.809737994677274919e+00 6.767422780865718579e+00
2.532160407828865534e+00 -9.627550396299319857e+00
-2.844182759514572112e+00 3.631964673571683289e+00
7.986568411597588790e-02 -6.525090270908128431e+00
-1.837034529668805094e+00 -5.222358170465800420e+00
3.215499046262570104e+00 -9.966531830141345694e+00
5.021983447629488673e+00 -5.783568114180849484e+00
6.027307771849751639e+00 -1.363588288374518953e+00
5.638012989871468150e+00 -2.747342922499285578e+00
6.042365821344036547e+00 1.898557250457469037e+00
-5.232314150165885636e+00 3.927657875320163861e+00
-7.734291173060318769e+00 -2.616667503599400924e+00
5.550827308923026671e+00 -6.793516066550281174e+00
1.904253289785452719e+00 -8.290904032944046875e+00
2.896635320318478035e-01 -4.898409587738326465e+00
4.646510774619119211e+00 -5.115851290617377423e+00
-1.234679729828918271e+00 -3.307539974506036984e+00
-7.205612810525411582e+00 1.022907492655232353e+01
7.139313890496107540e+00 -5.576851217160748497e+00
-4.598785042953260849e+00 5.710710945600661503e+00
7.377337066451500114e+00 -5.431776478130059260e+00
4.720520224534529241e+00 -3.314010774335416354e+00
-2.793501837496227047e+00 -4.492015985151227575e+00
-1.887007036231481027e+00 6.585685624797852356e+00
-2.101164067182553552e+00 4.146851316037562185e+00
-2.366901699098526990e+00 6.091715674791085000e+00
3.041729447377376161e+00 -9.350610186352991349e+00
-3.384383341961492597e+00 4.928058089949144183e+00
6.685996030102695720e+00 2.592981787929046433e+00
7.943389222129683347e+00 -5.947347620575400562e-01
3.324858089562432895e+00 1.826247256649621731e+00
6.058098342344500509e+00 1.314240537619621563e+00
8.568027973109161977e+00 -4.994184962806939687e+00
-6.114515521833441269e-02 -4.686690546874433316e+00
8.933190286148107617e+00 -5.788958523133850065e+00
-4.813890687052593265e+00 5.034893480044731362e+00
-4.986681940642814226e+00 -2.316476400645642642e+00
-3.251084279192128168e+00 -5.221402772733136466e+00
-3.778161836774516225e+00 2.758669331050231932e+00
-3.762904484160263685e+00 2.470371531233770401e+00
5.515188256165564518e+00 -7.731964844435327500e+00
-8.968056639111310346e+00 -2.628620607560404387e+00
-3.294828620948719866e-01 7.169153808442114695e+00
2.417884907612989576e+00 -6.658126447261315306e+00
-9.191811372743468045e-01 -2.280215858420714614e+00
-7.837795576798242791e+00 -2.446913377474650986e+00
6.374330450125349046e+00 -7.943423299224721124e-01
-2.697633973917087591e+00 2.751203582840497042e+00
-7.780092742890295732e+00 1.080451276879275291e+01
6.896028800700447547e+00 2.559288646335630801e+00
6.320976312119641172e+00 -6.679510582947693287e+00
5.261156251952076701e+00 1.216617456829691468e+00
2.369994854301859633e+00 -9.545911699514762816e+00
-7.178256207754069251e+00 -2.977711037798902449e+00
-1.558123628008440509e+00 -2.068218550947869439e+00
-6.170480022032476697e+00 -4.489316584022265744e+00
1.318925061966569778e+00 -7.273540602413001821e+00
2.093150339125458004e-01 2.020385822260895914e+00
-6.821349717692958059e+00 -4.193569135417343219e-01
-5.432241663755810634e+00 -2.826802246413274489e+00
-8.441073794787985918e+00 -1.069306486841934856e+00
3.797158459959534937e+00 -2.645548388874262580e-01
7.608787954228018791e+00 -5.423285650005327696e+00
-7.811219922705347152e+00 8.519912865216079823e+00
-3.502173291632957319e+00 5.936146850485695126e+00
-3.688450321342056082e+00 4.610683431327115223e+00
8.284038935982422913e+00 -4.723402369786044996e-01
-1.951412949285966647e+00 5.082688670952243193e+00
-6.035710829568361468e+00 1.000305318294715207e+01
-7.391844956386352194e+00 -1.061729463170925314e+00
-5.254253400303863231e+00 -3.366536870966496231e+00
8.228112626799745755e+00 5.864165902931393060e-01
7.289529831767294077e-01 -4.242080681440134171e+00
-3.397658681699071259e+00 -5.701811012349885743e+00
6.030871627853086281e+00 -7.750684100475687899e+00
-4.241073303667699079e+00 5.500392873307175634e+00
5.168609751464026125e+00 -3.703118220415641204e+00
-6.970817725821687461e+00 6.340449956842797441e+00
-4.971822160767577437e+00 3.945247453195547038e+00
5.615260521716335163e+00 -5.772251261710638737e+00
2.560050173788085193e+00 -8.118569455927636014e+00
7.350197283385068836e+00 -6.144752896412223997e+00
-4.550273821936654528e+00 -5.049925591728138485e+00
-6.671865801940011664e+00 -1.380285761262605826e+00
6.085744413014363197e+00 -5.519184612064129247e+00
-5.130210010550715793e+00 2.621486521739087472e+00
-4.272299713231520357e+00 2.041418357636642256e+00
-5.082619281488344853e+00 2.934936931400240923e+00
5.898372626992051337e+00 -8.560052301633724881e+00
2.288796778748534155e+00 -1.077848010953965208e+01
4.679962490199684133e+00 -5.095492062020302804e+00
-5.906029056011687040e+00 -1.140892505363390264e+00
6.613008654828078647e+00 -4.301838184074444627e+00
-2.011933890316299767e+00 -3.681691612525848534e+00
1.614526731440141250e+00 -9.488709705669363004e+00
-5.614713438968512715e-01 -4.161851756686108850e+00
-1.812751200651176342e+00 -4.137655422231327762e+00
4.454977342201624779e+00 -6.659162605806807633e-01
-5.431952722099046227e+00 -3.485440528283636930e+00
1.929654455840524641e+00 -8.925397480296592079e+00
-1.557508627890876740e-01 -4.725067636509329816e+00
2.799310166861782356e+00 -9.141743765575537140e+00
3.565911245497346282e+00 -4.728558412073291528e+00
4.020432707593245780e+00 -5.106941570882543857e+00
4.164570583095676071e+00 -2.894554147965350488e+00
5.157223011978210536e+00 -5.484056084708551104e+00
-7.029860236705158805e+00 -2.429783065864502767e+00
7.147806008203839490e+00 -1.322573874451661524e+00
-2.986812299125654047e+00 1.872412057516188888e+00
-5.694896918305590638e+00 -1.574053895657786306e+00
8.154976450192541471e-01 -9.098448102509495428e+00
1.667944946885588475e+00 -4.930118671072775349e+00
6.114985875296304663e+00 -2.383234467429938608e+00
2.514525218923617800e+00 -7.330358686062378837e+00
-5.172044804903134896e+00 5.836137358387691876e+00
4.362646928401569646e+00 -6.467224291389021218e+00
-4.431804555833215531e+00 -4.757920318401322568e+00
-6.785588094674438686e+00 7.945622896164671545e+00
-2.052194962782772691e+00 -3.353026621285226661e+00
4.881453805713633187e+00 -7.956970986446711969e+00
4.092892617016276269e+00 -4.677936653460419869e+00
-7.045233236194949455e+00 -7.036726934007205614e+00
-5.165576968226463173e+00 4.511330512781111857e+00
4.809626338977159854e+00 -2.885719597572116157e+00
-6.430948765556493640e+00 2.592626026279184703e+00
-4.013397897473705456e+00 -4.291330397023428667e+00
-3.204232034079566027e+00 -3.529865161809669694e+00
-7.089309567851038274e+00 -2.830065320859021405e+00
-4.747430281840907540e+00 -4.384470306522167959e+00
6.729636041757145470e+00 -1.108787392682379913e-01
7.621913681664474360e+00 -5.078643576788103076e+00
-7.514513737700072582e+00 -3.125243847918202533e+00
-3.390224804315914220e+00 5.179840203713978575e+00
-2.298566232835023371e+00 5.596196746102513053e+00
3.486537595815336843e+00 -7.956244916902877051e+00
3.247986888877943290e+00 -1.230559778427356576e+01
2.088274336383329377e+00 -5.969962500427383745e+00
3.687506751205474220e+00 -1.076306833047996214e+01
-3.620597800575163561e+00 4.612055457638439826e+00
1.053779739989220232e+01 1.682857111716754117e+00
-3.982751078937481370e+00 5.135811805261511154e+00
4.881002289720615117e+00 -9.758602932190781232e+00
1.669099875858537585e+00 -8.678880666445314418e+00
3.697641726682884489e+00 -3.193833290545866621e+00
6.852254377050400969e+00 -6.913867662452285678e+00
-2.335429167719554666e+00 -5.084329197841002568e+00
-8.170971241009853614e+00 -2.535223931159744204e+00
-3.555586607210346362e+00 1.070711611704916599e+01
2.264715463402064977e+00 -9.967784232037359970e+00
-5.977445323467376781e+00 -6.137305841058968703e+00
2.298080860471173104e+00 -8.098690069267224345e+00
-8.557839831504420403e+00 -7.929675945717404861e-01
4.054824833350259894e+00 4.945185478311882044e-01
5.806813385878188960e+00 -1.056013381414654795e+01
3.950475878932130591e+00 -8.783975808805042362e+00
-7.295976210359245151e+00 -1.754059885445705014e+00
-2.818147245238125542e+00 3.420752507457207603e+00
-5.375767580171254778e+00 -2.573906607353770859e+00
-4.790969408335818081e+00 7.842141470373482193e+00
9.825786903238925563e-01 -7.681663013111101002e+00
-3.720526587861570089e+00 5.418713790487857729e+00
4.306234932555498496e+00 -7.326820504409994328e+00
1.945416059043603152e+00 -9.783735410908068530e+00
-5.935750254420767646e+00 -4.362837076731054253e-01
4.493990216280884908e+00 4.840963263174107301e-01
6.692329141915047686e-01 -2.592454366691669065e+00
-3.149621387266730022e+00 -4.179380392321358606e+00
6.944816946054047868e+00 5.344427514670010426e-01
-7.782262289739774630e+00 -7.712018386697703232e-01
7.084304398377616607e+00 -4.917806655408062610e+00
-5.913561597341690401e+00 2.860278383691515103e+00
-6.612611291150388482e+00 7.828172760136919095e+00
-5.194368187465140174e+00 3.933570653966362851e+00
4.489049467297146379e+00 -9.805273476567657909e+00
2.214086480987542238e+00 -7.614657378062480220e+00
-4.712874874267546588e+00 2.669717691076322286e+00
-2.920294646198330124e+00 4.844551935766210349e+00
-2.944919005803514622e+00 8.158996178454756887e+00
-1.103536768812159563e+00 -4.850759277689850713e+00
7.608892808782643513e-01 -8.850253249027844049e+00
6.534499310086165025e+00 -4.765361204013899510e+00
-6.796238704928867946e+00 -3.109889090110645515e+00
2.740533889981214166e+00 -7.965854439989914049e+00
-3.366152405903863887e+00 6.258219386453020228e+00
-3.300268290308970620e+00 5.686202309112958098e+00
2.480237431610448517e+00 -8.961479290976880563e+00
-6.268679980170461796e+00 -4.194080273795679048e+00
3.612093711279350305e+00 -8.581603084513220736e+00
-3.905479466384585763e+00 -4.220665998864425283e+00
3.031462563143516586e+00 -8.926256907500647486e+00
1.799327820052528448e+00 -1.026864391638506468e+01
6.987647105335796915e+00 1.583248330714316365e+00
5.032359226436594390e+00 -4.645947152421683768e+00
-9.287310753685165565e+00 1.033099026480129368e+01
-1.961134015957852528e+00 7.580257609673004993e+00
-2.990722297787101969e+00 -5.570746942365042642e+00
6.611169039244712664e+00 -1.009709262116525075e+01
-5.142787822422739907e+00 -3.835803900471420835e+00
-1.292654457069266627e-01 5.155828400164798708e+00
6.158463217660503197e+00 -4.496230348238496433e+00
-6.897384213321016588e+00 -3.113380388444442204e+00
-3.950583983153628687e+00 5.049761849114085877e+00
-5.636202911764281787e+00 -2.384242966086842497e+00
4.030516368093582713e+00 -8.306175417618126389e+00
-1.997372214348938080e+00 -5.604472791914453467e+00
-7.535008407227827831e+00 8.946251958323120590e+00
4.642528013904988704e+00 4.446946209315608911e+00
6.372883635183820950e+00 -6.312205781567018725e+00
-6.928690802613951760e+00 -3.394425362135072177e+00
7.175008925268341109e+00 -7.017079547866533318e+00
5.170246488054125678e+00 8.030594224456928387e-01
6.651729037471008077e+00 1.100416030485901864e+00
5.875955599215677339e+00 -9.635422363919968092e+00
-3.941177528313166256e+00 5.869036032818465642e+00
5.553951412876789728e-01 -5.896428745632168678e+00
-8.514265766627395760e-01 -6.034919174650988261e+00
-6.050465186542862916e+00 -1.691607384983167206e+00
-4.766470462836655209e+00 2.977322858698706387e+00
-2.243430617864076382e+00 3.938333599329163714e+00
1.418105671375727184e+00 -4.295844065763798625e+00
1.570252523951422230e+00 -9.066954673145732002e+00
3.926616841468722363e+00 -9.276571692673661218e+00
-4.398174315111804233e+00 4.532079408753676653e+00
-8.072470189329713719e+00 -1.290590011820004213e+00
1.101252921266858475e+00 -4.401145625718879906e+00
7.097125281439755184e+00 -6.350452317931289947e+00
8.403170810479119623e+00 -6.108598568690477570e+00
-6.806046541737162059e+00 8.910985446096288953e+00
4.873327918944662329e+00 -1.055241342681611627e+00
-3.200883800410143198e+00 3.512907299791124593e+00
-6.601351472407228638e-01 -6.081533509943361615e+00
-6.644782830574935240e+00 5.194390246669615685e+00
4.440388014531468031e+00 -9.683525244656816966e+00
-5.159994762836952020e+00 5.666090908991790798e+00
5.253592542330537185e+00 -3.526528786904085333e+00
-5.438362633328307716e+00 2.112942975160771564e+00
3.529587568350265769e+00 -7.951173694889630994e+00
3.619364558401234166e+00 -5.571550781676327446e+00
-2.723513623174202092e+00 -6.854917306853085535e+00
2.785188792290994808e+00 -1.004067423660728409e+01
-4.005036112612582855e+00 -4.280814946139310351e+00
-2.620968423160429328e+00 -1.910325898138114376e+00
6.236683929814851091e+00 7.914570734688043396e-01
-7.082940891790710403e+00 -1.260215071541179732e+00
-5.733459670458478818e+00 3.632614551059823782e+00
4.845569621197125088e+00 -8.445172803962179842e-01
-3.816130964764762545e+00 -6.684588512601429500e+00
-2.884231531348331767e+00 3.013416724719992335e+00
-2.142274516117088190e+00 2.793963005339800354e+00
-6.526727355952422371e+00 -3.811946017766846495e+00
-6.598804571901109028e+00 4.170429167771268375e+00
4.956290139720371357e+00 -8.713254677159801176e+00
-3.403511291821062823e+00 -5.432418665792766888e+00
3.463111205091589095e+00 -7.862804978859404770e+00
5.470305710309474101e+00 -2.958970679734560516e-01
1.945390932137642137e+00 -7.799448436071711122e+00
2.871869226173306977e+00 -8.262385840144501614e+00
4.988369844232027006e+00 -6.123235057018367122e+00
-5.565289819669501981e+00 4.858347602745167748e+00
-7.741530855453935267e+00 9.960073685143738587e+00
1.748858305592782658e+00 -5.935135207980820837e+00
-4.522151618194930833e+00 4.923357221693511754e+00
-5.119541439641126068e+00 -4.392137697724597167e+00
-5.069641137569244727e+00 6.608741477317456869e+00
5.648118240300633808e+00 -2.534556078026345416e-02
-1.810962418195877666e+00 -5.132333841604941327e+00
-5.388050227222224819e+00 -4.886429701988362240e+00
-2.047178469578338600e+00 -2.131219157528275954e+00
6.004571554005584844e+00 -1.619759021899086493e+00
-2.461910145960951812e+00 5.481125178021372335e+00
-5.176833487372370257e+00 8.431537157666440407e+00
-3.431325283499976120e+00 -4.019468774447506831e+00
2.938575939691228989e+00 -7.465746739164708323e+00
3.843962945862609004e+00 5.149182081499323882e-01
-3.852357912202044155e+00 -4.145998319861301518e+00
-2.922005545665099291e+00 6.936010961653154894e+00
-6.984342263183138222e+00 -5.466488112077485972e+00
-3.652971922745688715e+00 4.258110845159227331e+00
-2.184376312834516387e+00 -4.453696388832919517e+00
3.006572363034281103e+00 -9.567790358892066749e+00
1.525381845587370222e-02 -3.790180261028615938e+00
-2.120971573131875676e+00 4.051057161000916729e+00
1.454043694023713584e+00 -8.714404876186478077e+00
5.125175920288820297e-01 -8.507063492600543952e+00
7.716942508233130660e+00 3.984133722325413629e-01
2.899941319426459163e+00 -2.454111853061353266e+00
-5.941852243747530515e+00 -2.484307478549775183e+00
5.903045225805749752e+00 -8.042196658420146527e-01
5.755919755475876087e+00 -6.521151440538837996e+00
2.861012759846286002e+00 -9.429006113698767066e+00
-6.220234769592566160e+00 8.749449161205014036e+00
-7.945236673248072812e+00 8.246268844894166783e-01
1.340859153975010987e+00 -9.083582947942495878e+00
-6.239902531627492976e+00 1.048392251372990103e+01
2.944234074683586222e+00 -7.927108910494896854e+00
4.950180783485793157e+00 -5.295128150507224518e+00
6.375435348215260589e+00 -4.212459523741728384e-01
-2.985409187913913076e+00 -3.458881925378539890e+00
9.733676793735961397e-01 -7.558653218612866098e+00
2.865123361991240625e+00 -1.088399417812784620e+01
-6.827386171513297519e+00 -8.161784483371152810e-01
-4.452633744824185058e+00 5.365757138528856274e+00
-5.643002134097354627e-01 -3.450733426736244613e+00
-6.150286495042607271e+00 -3.878627602829421317e+00
5.250799136181635518e+00 -3.390499993080783869e-01
3.596196847021042586e+00 -5.894187455410839327e+00
-2.734860252617345111e+00 5.476137924655889222e+00
5.437248863528004961e+00 8.738543767059070433e-01
-4.158361725408608045e+00 5.765063541925226076e+00
2.651314220912903252e+00 -8.092015235793493133e+00
7.373207703405219249e+00 1.367799668202245966e+00
-7.439950213157722203e+00 9.425889589500817678e+00
1.044146090775468494e+00 -4.818997288260836065e+00
-6.980187292474076877e+00 8.697578747097045593e+00
7.760214200608016810e+00 -5.094124247714771236e+00
5.541517321986544786e+00 -1.080363363229564655e+01
7.345118410723763702e+00 -2.134369471627825199e+00
-5.932433435277011391e+00 -4.557250211986941579e+00
-1.129097645475829248e+00 -3.483097536923297710e+00
-3.542980587981770402e+00 4.930923106190594929e+00
5.532912436917726495e+00 -6.529472304637097047e+00
1.180047883879752346e+00 -4.896074696499678858e+00
-3.907435146677513682e+00 5.277605079716765069e+00
-7.608506923251802334e+00 -1.094854315964535196e+00
