2.681832304225264529e+00 -6.210642552727819954e+00
2.397429346369070124e+00 -8.094708850200635908e+00
-3.733768854439778906e+00 -4.732557924208331990e+00
-2.866944106161752437e+00 -5.150080840426427997e+00
-6.225219704894193740e+00 2.918147508690872804e+00
-6.762193489831335391e+00 9.051978026873017669e+00
4.623436657007175654e+00 -5.076518342145125651e+00
-2.342142101894493678e+00 5.381478401582684867e+00
-6.604651307169775443e+00 -2.922671053448922862e+00
2.932454358196741051e+00 -3.218967589801031259e+00
2.708858687943510368e+00 -2.209069593355245331e+00
1.645614845670663406e+00 -2.910523401390532783e+00
4.086917765553928383e+00 -1.014747878709187034e+01
-7.482933549845649068e+00 -2.092839207272538360e+00
4.093043599698911628e+00 -3.867895585716785156e+00
3.597841938055703626e-01 -4.949802274875402475e+00
6.660845508864350784e+00 -6.925372800236402782e+00
4.781166351989553753e+00 -7.715376339688383434e-01
-1.042129717547954471e+01 -6.557806268624715162e-01
3.293339055683929928e+00 -1.042909699207254093e+01
-3.218810555802100293e+00 -4.860354489747916951e+00
3.797105783223404529e+00 1.031594185972265487e-01
-6.624277413345296850e+00 1.093238051388080656e+01
6.356168854855157591e+00 -4.002432280631396999e+00
6.878003975343024656e+00 -7.066585693235789556e+00
-5.649041347253940692e+00 6.200646178965310895e+00
-2.269655321784546098e-01 -3.058592048641244343e+00
-5.642498898294173948e+00 8.774600282749908331e+00
5.508954555938675668e+00 2.009604704410060450e+00
-8.602453506442129694e+00 -2.393580925098974799e+00
-3.135417275189808617e+00 -2.279014419577206407e+00
-2.549982161314837015e+00 -3.290110830860632163e+00
4.756291724660855813e+00 -2.189126208660399087e+00
-6.804789521163231214e+00 -4.628468214942122572e+00
-8.228546010161037927e+00 1.028186873270075807e+01
7.162495943667250842e+00 -3.069842499964293037e+00
-2.065486463983208232e-01 -2.757494235539479810e+00
-5.162032878906919642e+00 5.428061646105692972e+00
4.896258553914504930e+00 -2.012888114665434713e+00
6.359312389637097773e+00 2.283407071060466365e+00
1.697126184175906438e+00 -9.064315110240414697e+00
5.943111074504537683e+00 1.682990331853034816e+00
-5.491598498256646810e-01 5.252345869931602351e+00
8.561518877805978089e-01 -4.216519611235233000e+00
3.939461935696527028e+00 2.496022434399986611e+00
-3.533026847123792002e+00 5.537680049384688274e+00
-7.193236752850587834e+00 9.243449805000075514e+00
1.681061016111846662e-01 -5.598563743217839672e+00
-1.325285146110626089e+00 -6.176567629627403022e+00
6.352985620918281562e+00 -2.354830679583354680e+00
-6.355484469215737953e+00 -1.968112024728431830e+00
8.907408863720950976e+00 -3.084255879647741505e-01
-2.547573798621839636e+00 8.192274743527228509e+00
4.635364778392985663e+00 1.624414843771381456e+00
-4.974447016668402277e+00 3.933226847831226447e+00
-6.007481406168842852e+00 -2.503851419822435087e+00
-2.029421102023168277e+00 -5.985852678385042758e+00
1.385054731612036960e+00 -3.275786121896995251e+00
5.171058866782067831e+00 -5.126268658925020816e+00
-7.573073750815517702e-01 -4.953379621830579005e+00
4.740398461073547232e+00 -1.069737706580679593e+01
3.424293732997094608e+00 -5.082500777285472005e+00
-2.480943880927772405e+00 -5.365171769453784378e+00
-7.669935919222627518e+00 9.712448680804676826e+00
-6.682720638567451132e+00 -6.092818362675787469e+00
-2.507346350965470982e+00 7.218902385177045744e+00
-1.564906748203124254e+00 -2.495204528271196764e+00
-6.678237508928184241e+00 9.225217190111658638e+00
4.860756933573735949e+00 5.074931986294162201e-01
-5.056671923911390643e+00 6.119747565271025813e+00
7.933996721289579668e+00 2.071614748173344900e+00
6.877783638913435027e+00 1.085072435770155774e-01
-7.304961766973692150e+00 8.139337428417995568e+00
4.523625428886337119e+00 -2.802328063744656372e+00
-2.965821824343849666e+00 -3.868273217504051953e+00
-1.608854937522480988e+00 -6.193472967111842920e+00
-2.977991528469481342e+00 -4.496796234179432084e+00
-5.648671213094421439e+00 8.899115810448410713e+00
-7.279222536628592088e+00 3.861088727703991808e+00
-1.980383939648988623e+00 -6.266213979664648548e+00
6.574528234376147751e+00 1.136390799679606989e+00
-8.079871400099989387e+00 -3.044927080820013288e+00
3.058296056915269290e+00 -1.861678184332558272e+00
-3.674796888437213305e+00 5.997209739842703335e+00
-1.676958930124160307e+00 3.558118772129422513e+00
1.099599886991505571e+00 6.853390485524317732e+00
4.214332766107876438e+00 -5.658467700789009847e+00
4.475532783110843127e+00 -1.144840487932084372e+00
-7.049544173753781173e-01 6.192566143118182431e+00
-1.690061305989834395e+00 -5.166158363998828662e+00
-3.584934222150648608e+00 -3.878346350224310957e+00
-8.387348467730875612e+00 9.725523802317137978e+00
-3.124203615661823807e+00 4.739065439785942857e+00
-3.084348514913044959e+00 4.765220524359779830e+00
4.822253562447063935e+00 -1.408144762017564000e+00
7.438540343474981498e+00 2.063467682388731017e+00
5.541020401441710597e+00 -9.937515763057117368e+00
-2.186818853411126362e+00 -4.668505624721137615e+00
-2.923972442913962855e+00 -3.782750060670861281e+00
5.305609674518835917e+00 7.540367671805046079e-01
5.510569384615179089e+00 -3.072180328997871968e+00
-2.561679404467230192e+00 -3.138544292200379004e+00
-2.040503744627531368e+00 6.246807649207201329e+00
3.390368303490430613e+00 -8.086183657269451430e+00
2.171163973466761821e+00 -8.916785931288073286e+00
5.809895154874636702e+00 7.271636037453932389e-01
-7.192919748914646583e+00 -2.432746701898684361e+00
5.395638557893549070e+00 -5.949997628436415553e+00
4.928549939199731611e+00 -5.520147052313118863e+00
-8.201052921766720516e+00 -2.830906677433759455e+00
1.224078170009846422e+00 -5.544140043632404868e+00
-7.884456330635747356e+00 8.307951207910820202e+00
-6.014079981387594032e+00 -2.695987600784703897e+00
4.049866889316481533e+00 -5.220855058114735492e+00
1.540974838585112083e+00 -7.673127030714137931e+00
-7.388689916893491194e+00 -9.003876737172101796e-01
-6.760313034318876646e+00 -4.871212269219910240e+00
4.682415988795765038e+00 -5.349793815010636777e+00
-3.829546555020936438e+00 -5.705674321250111092e+00
-1.143038323482767682e+00 -4.322684518042953172e+00
4.184479598586623439e+00 -7.946049225163087648e+00
-3.766469266915714709e+00 -6.966526849679854472e+00
-2.005877119204262371e+00 8.311777864351334699e+00
-2.148750500948051645e+00 -3.863040582729857064e+00
-6.249667844141512774e+00 1.040770608724782775e+00
-5.776518355017317141e+00 3.118020888107146948e+00
-3.243575719171377436e+00 -3.095051174441586284e+00
3.134476046875442456e+00 -9.023194763473981084e+00
2.607160912839008304e+00 -9.147538462105780255e+00
3.885089796011093721e+00 -6.059999359759769888e+00
-6.954652201388692667e+00 -3.145506732779960402e+00
-4.937497061644843477e+00 -5.606054351886869291e+00
-1.722631934908428253e+00 8.215706765238349973e+00
-7.183410257625413742e+00 4.407212452732308883e+00
6.726579960789957902e+00 7.994157191494130066e-01
-5.235301695285513368e+00 -2.645143102190273154e+00
-3.793434630358831328e+00 -3.846462086022288673e+00
-2.347487289560204360e+00 3.317313709245491182e+00
-5.364400363523618154e+00 -5.492371906702894213e-01
-4.753982447569033098e+00 -6.663793308975006768e-01
1.355872461323771816e+00 -7.914295220005135967e+00
-3.144200575811102460e+00 5.067714992535231389e+00
-5.385113655614081729e+00 2.910783938532401027e+00
6.854337382342398755e+00 4.318708726751255833e-01
-7.365636941578816987e+00 9.614168819705426472e+00
3.276323406309749053e+00 -1.045554497945243000e+01
3.464585933167173004e-01 -6.701136796396739648e+00
2.767645408741249202e+00 1.812396959317259526e+00
-4.608039287525027561e+00 4.318457251008941178e+00
3.837768957800530956e+00 -9.127318143837660713e+00
-4.684466125917738921e+00 4.751861354518931435e+00
-1.585190707250075492e+00 4.018608175969511365e+00
3.449295984084649103e+00 -9.176474141953340435e+00
-2.161810338233601136e+00 5.847894185726886462e+00
-4.766969043193358679e+00 3.080114289938034045e+00
7.980801252406328317e+00 2.264577409019696397e+00
-7.195182341547099014e+00 -2.382086273216388328e+00
7.134891629182371631e+00 -1.232032288404125708e+00
-7.666589960580260765e+00 5.208741503061721012e+00
-8.035015208486338878e+00 1.041394115452286506e+01
6.424321300941113755e-01 -7.028731099128389559e+00
-5.385993300282450491e+00 -1.801304089065408398e+00
5.513325497636866857e+00 -5.068034368366721942e+00
2.026533324391572410e+00 -6.849521413083566657e+00
5.867927461286338797e+00 4.802230131080253983e-02
7.851390223674036939e+00 -6.593069367537793823e+00
4.329487476420947445e+00 -1.261714081282254973e+01
3.571985690447390560e+00 -3.665733782926199336e+00
-1.237439933446505602e+00 -3.498379696533653771e+00
-6.706049206102224325e+00 9.559307934869751833e+00
-2.752679325041685665e+00 -4.857947163550765168e+00
-4.344848632381069997e+00 -4.561638552661660739e+00
-5.072139613268484837e+00 -4.297730694000129859e+00
3.882002861126858217e+00 -9.537548857552758719e+00
5.293627195310470768e+00 -1.146927429872216031e+01
3.467045518562884787e+00 -8.528556939604859721e+00
-7.538899720315532349e+00 -1.514923769196306447e+00
4.049852176199967957e+00 -2.188678732707541208e+00
9.702300840560074136e-01 -1.177740215624943509e+01
-2.781575780466136738e+00 -3.302078336997725572e+00
-6.503749141902794406e+00 6.080420489660160577e+00
-3.970088467063375148e-01 -1.308124341346772912e+00
5.840780982362729468e+00 -3.964157807192465022e+00
5.077522410857600477e+00 -9.793662694457170304e+00
-8.458261326812552827e-01 -3.393898278566410909e+00
-1.417787838468726358e+00 3.833056254749782177e+00
-1.996950837027416270e+00 6.568793985137470592e+00
9.994919781407711756e-01 -4.523864204238789100e+00
-6.527497237802412755e+00 -2.161489896594515070e+00
7.363471071105448296e+00 1.223865870154645652e+00
-1.037263692012971195e+00 3.414119200561694267e+00
5.489343253072140882e+00 -6.990401642024167472e+00
6.092619868241476944e+00 -4.027512409781371261e+00
-2.233793250141140163e+00 7.224699599001294104e+00
-2.092795546495592518e+00 -2.920823225378064159e+00
-1.471993610684015241e+00 6.190753667118359616e+00
-2.258823478247741878e+00 -3.598098228461475312e+00
5.060487543835897384e+00 -9.327743489173753844e+00
-2.609955547007123844e+00 -3.881849814327427595e+00
4.669491894966484868e-01 -3.510188546752725181e+00
-2.467559248288808682e+00 5.477367021923789991e+00
3.673679366488856068e+00 -8.360458688886149403e+00
4.326688533550138160e+00 -4.150349944574494021e-01
-6.950414618224131758e+00 7.496337839277980919e+00
-3.607926338484469309e+00 -3.052604640124088942e+00
7.354823505460228006e+00 -5.823263637607386300e+00
-4.415793838612849243e+00 5.222842049070464121e+00
3.101534088483203888e+00 -6.322340954146415726e+00
-1.201776354794978907e-01 -7.545005584385807040e+00
-6.631220404371967803e+00 9.275944358494372821e+00
-2.131146103644256495e+00 -4.631417318131521021e+00
-3.329762261113311972e+00 3.523552135591709877e+00
1.650009410997266723e+00 -8.327176030400391227e+00
2.853779181997123437e+00 -1.147809487048793464e+01
3.351631479363753829e+00 -7.583220541521907165e+00
-5.078860845281543135e+00 4.194771380642165148e+00
-5.702212494076448479e+00 -4.789202387714166953e+00
-6.217060313541124650e+00 -3.336815693812037686e+00
-3.368368208829050303e+00 -4.333231053046846526e+00
-5.734655070531556653e+00 -1.693892210152472710e+00
1.294114427218845620e+00 -6.531940706874959091e+00
6.369613756272928029e+00 -1.417316358049391933e-02
-2.496831801173853282e+00 -3.300491379513780466e+00
6.902174660745346024e+00 1.811999757201768091e+00
6.057391550617783338e-01 -8.207060352050817187e+00
-5.544045443252572980e+00 8.903248243295635689e+00
7.070121619377465194e+00 -4.484052643697014062e-01
-2.408930515553590279e+00 5.783426294266577727e+00
-2.211540401296771208e+00 -4.569621225529958863e+00
4.991307051185107646e+00 -6.513956331228466290e+00
-5.275784169986670769e+00 3.811106354373051897e+00
4.193855707856243065e+00 1.030297723563603052e+00
-1.351228830396494551e+00 7.488850200244504762e+00
5.043115157345165578e+00 -2.830855267602344405e+00
7.553208390305427677e+00 -6.157187117378065011e+00
-5.843435546413395798e+00 3.857042888589619967e+00
4.551423608798022435e+00 7.135676427214592277e-01
-6.613213621901484096e+00 -2.003428476762900257e+00
-7.187493355550146568e+00 -2.723306417665363188e-01
-3.355102171897554442e+00 -3.585633261708675690e+00
-5.972805120104498933e+00 -3.830988549953987743e+00
-6.306512686369774912e+00 8.085591322924772228e+00
-4.612424990590611174e-01 -3.861969211154067771e+00
-7.559421566971902706e+00 -3.735734242696691965e+00
4.197247620653820732e+00 -1.178222029328855847e+01
-3.401103235005714431e+00 -4.042172911808865621e+00
6.939461407579698538e+00 -6.677928938756648947e+00
-1.330880040016613863e+00 3.713878755608220672e+00
5.967692481522582248e+00 -4.347954383589510030e+00
1.957636527473314070e+00 -1.093408390391481966e+01
-4.408711607734788984e+00 -6.213842089686652415e+00
-6.576891935049593130e+00 8.634709766326530200e+00
-3.242237431892326605e+00 -5.816467996318097633e+00
5.503248470046216312e+00 -6.236386449730860981e+00
-1.322712367070536299e+00 7.565712506202784127e+00
-7.678830696139449685e+00 -4.191121926324490765e+00
-2.761093278672232643e+00 3.214690388821587419e+00
2.076237222797347126e+00 -8.297691522807731701e+00
6.019611738844387716e+00 -1.068354978776015862e+01
-7.220535677788387119e+00 -2.548614357839384947e+00
4.172289063214906335e+00 -9.413771104910304999e+00
-2.400975176477017303e+00 7.090127464515735056e+00
-6.818926696843569779e+00 8.364453633206828442e+00
-6.528263081189915162e+00 -2.504893551229107729e+00
-4.277498886632054464e+00 4.017924170467621181e+00
-2.022375887021783392e+00 -3.138210065939616822e+00
-4.411632926085557571e+00 6.081225054181046197e+00
6.620725433192125031e+00 1.168491521479744222e-01
-7.522135909745319537e+00 5.332128987011062193e-01
3.327877795679226036e+00 -9.533926544532619118e+00
-3.460672085937096742e+00 2.537720253359011746e+00
-3.709987812676799557e+00 -4.241350302314129905e+00
3.407074068729992966e+00 -8.669511681133414527e+00
-1.476850344877948640e+00 8.047456455035508327e+00
1.187263732865136312e+00 -6.262436673135132637e+00
1.140655845945168334e+00 -7.163142835313949242e+00
6.689998038651721046e+00 -7.048062787854477484e+00
1.180932481040359860e+00 -2.625873850115674202e+00
-3.309238926449805440e+00 3.492087454569330340e+00
-7.920000272573737288e-01 -2.857952108732204621e+00
-1.666970742491262314e+00 4.200745671187177344e+00
2.797590195708554717e+00 -1.118615166358913093e+01
-6.731023337752562341e+00 -8.332947971176126734e-01
2.282549104405105833e+00 -1.016749890889261287e+01
-7.786310973786440215e+00 -3.760138689798557809e-01
-3.564338788970184524e+00 -2.743243931715056316e+00
-4.062775499881554175e+00 -4.736184603232616475e+00
3.520187426133719821e+00 -9.102252312737954654e+00
-1.708298451055250355e+00 7.665282224428169755e+00
7.154029195548714526e+00 -2.318441269459945442e+00
7.228704170601374379e+00 3.351412272392602532e+00
2.767869496956342434e+00 -9.512074775156079909e+00
-4.209286249936033286e+00 -2.613334183002645972e+00
3.868043605465279811e+00 -9.834399395069468586e-01
5.920501868813035529e+00 1.615442657778850322e+00
-3.164194742922425529e+00 -4.550020093521125020e+00
-2.559183329437068721e+00 4.986843606883576641e+00
7.528763162622383653e+00 -6.006426268166911164e+00
-3.956907855808926122e+00 -2.169208055585990724e+00
2.583642613471458294e+00 8.020611654849603145e-01
2.369810917813630624e-02 -2.800420961789717555e+00
-7.585801329639115131e+00 -2.382307733872414346e+00
3.543072209676754625e+00 -8.420950512497009655e+00
7.141001416543477198e+00 -5.606490339770781262e+00
5.375584338084620661e+00 -1.003425350256011761e+00
4.909061462253228925e+00 -2.985714565495432460e+00
6.441699577388890319e+00 -9.807322525603332508e+00
-7.040847124939713098e+00 7.964432114752355574e+00
5.653399793870575785e+00 -4.173984883155962500e+00
6.888896879130196105e+00 -5.319029252143964825e+00
8.321140370751740623e-01 -9.117644795572473981e+00
1.680954530204055608e+00 -7.779660432426179106e+00
1.458891217879537461e+00 -5.717933319420663629e+00
-8.717570625587439892e+00 -1.229981863408373677e+00
-7.250855848410401983e+00 8.942004510313600107e+00
2.549789640820236070e+00 -1.097305402618694359e+01
5.470887464891196039e+00 5.470472338797494061e-01
4.514031297329093029e+00 -7.345993348090491537e+00
3.581924770225392685e+00 -8.363259628709721838e+00
-1.614936699066835235e+00 5.663878387049208207e+00
-5.812316423744460003e+00 1.483802278514281259e-01
8.326671469550582572e+00 -4.966409539234398096e+00
2.355879435363950059e+00 -3.018060171536774305e+00
-5.821901739280612276e+00 5.567553706750121734e+00
-5.448841200996111134e+00 -4.422286238051787777e+00
-5.133745223640520550e+00 -3.782062496601144019e+00
4.980335193761417756e+00 -1.045541782617946147e+01
6.528483292708843422e+00 5.479786717453772882e-01
8.158631426569053602e+00 2.760463217197264285e+00
2.974340668080266870e+00 -8.263462861640864077e+00
2.645240794903476633e+00 -4.208566030970086302e+00
3.966087472985809548e+00 -4.809038914335073578e+00
-5.088887095490450818e+00 -1.319301601081277475e+00
-4.050951584929277871e+00 4.538597975561984299e+00
1.588241699903335968e+00 -1.772378550757142346e+00
-2.940270239225585058e+00 4.588539621523407774e+00
4.723540642570157821e+00 -5.932603805255308949e+00
5.739934800828924821e+00 -7.118199252119163933e-01
-7.619396240776411311e+00 9.499778133382623224e+00
-4.265857777765403647e+00 -6.281096025337864042e+00
7.606145830544074116e+00 2.878565301131090770e+00
6.486551562597628440e+00 -8.325552878442191718e-01
-7.207724773950115349e+00 -5.945351825612963381e+00
5.464965819219430365e+00 -6.619111401059207367e+00
-2.174038789705980967e+00 5.794263519570940879e+00
2.758166533385272068e+00 -5.962586487005545166e+00
-5.262238396184693023e+00 4.468188641917015147e+00
-3.119926945901452253e+00 -6.160709313681310917e+00
6.003294401398036939e+00 -1.370957226535574502e+00
-6.353373414429585253e+00 4.651383482663616675e+00
-6.347192318788113852e+00 -1.636341724619458704e+00
5.220007941534595908e+00 -5.116940076356088163e+00
1.738804220913666043e+00 -1.015205157929062452e+01
3.328618323011321323e+00 -4.923044522310670246e+00
-4.671950995882317770e+00 -3.158042628688653153e+00
6.781793202607535598e+00 9.149725378762838535e-01
-1.147027751212678126e+01 -2.320793588546943731e+00
4.929748920929172828e-01 -3.749659376391443644e+00
-9.481643124160004987e+00 -4.260186741811440303e-01
-1.760970678034591952e+00 -5.343796768804867092e+00
-5.339736956838047277e+00 3.982757378811547788e+00
-5.105632015192099082e+00 -4.510480666511028858e+00
2.777559991634002579e+00 -2.680388322781379173e+00
5.765812007825500629e+00 1.912984778095926153e+00
3.815819966977836319e+00 -1.079617156338757589e+01
-6.438534785911017799e+00 3.039709231120543365e+00
-1.403374138835618457e+00 3.117667677469545318e+00
-1.358103918151286171e+00 -4.694400698124732152e+00
3.012460384844115158e+00 -8.633291675599343407e+00
-1.418380770315516015e+00 -6.545212115869389891e+00
-4.725099119680648663e+00 7.291804397104908020e+00
-6.435445282538820866e-01 -3.828638112760490486e+00
5.076072525443521499e+00 -5.111151571397180682e+00
-7.702739760108017641e+00 9.287866410576864240e+00
2.118397646146496616e+00 -9.608318907754583194e+00
-3.426174148839610467e+00 3.710548709450108618e+00
5.175947106412055021e+00 -7.393217853805423623e+00
3.589930181990103275e+00 -5.007855168437536975e+00
2.363405022152164747e+00 -1.139829038092084446e+01
6.687883343627978761e+00 5.439714038427119203e-01
-4.406992841494922430e+00 6.744853382976456757e+00
-7.056328219800261259e+00 8.144825314924784010e+00
5.473165451263829695e+00 -6.299215086173545863e+00
-5.565965159870194690e+00 4.241587017514488522e+00
4.227062902274173695e+00 -3.694000741545484523e+00
-3.286578986925848156e+00 -4.270082536971097298e+00
6.989701058545480628e+00 -6.819438116161952834e+00
8.561777754666823892e-01 -4.976822365728636122e+00
-7.727870703992913093e+00 -1.718858018850654368e+00
5.012635575613279215e+00 -4.769926645613442595e+00
3.386454140453619921e+00 7.636256459785017991e-01
-5.171470107704200458e+00 3.884617236918177063e+00
-3.863684386948691429e+00 -4.300479350077772267e+00
2.965145148440518685e+00 -9.384946647776114759e+00
9.610411862642437297e-01 -5.328116254674445607e+00
-4.979417332962592369e+00 3.555760667907337247e+00
1.110701154419073688e-01 -6.988779563176568566e+00
4.372395847457514861e+00 4.493614170246097439e-01
6.661607500954056071e+00 -8.459933741412171138e-01
-2.207513289076454832e-01 -3.033266352051681380e+00
-4.000264340593673751e+00 4.340940684266096916e+00
5.920479022944155290e+00 -9.210680525354263182e+00
-3.704585287809265548e+00 5.812202706586962364e+00
1.779599988903376007e+00 -3.464862360735180502e+00
-8.378286981835900704e+00 9.926099836564574730e+00
6.676469505537726334e+00 2.036873030512448501e+00
-6.485316864541196935e+00 3.314336701740734803e+00
2.151299421054088334e+00 -8.331032891664763795e+00
-3.221416995798249694e-01 3.761287742876966433e+00
-3.703835817706377487e+00 5.086457405955068900e+00
-1.948864921195821109e+00 -2.766314013854486387e+00
-5.528301144088760388e+00 8.563907490951789825e+00
4.446555974553234591e+00 2.196840280136624912e-01
-2.336907986597860809e+00 -5.023990131052232577e+00
3.036262802381943793e+00 -5.927878789926000813e+00
-2.474887510054027739e+00 -3.432562169183956513e+00
6.541967525649385884e+00 -2.616488878136606910e-01
-5.393058692833974099e+00 -2.825796952093958758e+00
-4.661022854125032033e-01 -3.062992001678131793e+00
5.299361704502560499e+00 -6.479104409667879594e-01
5.672414354638348755e+00 -3.621988607540708394e+00
-2.552709531143981803e+00 5.183038164079896148e+00
-5.394838557064250750e+00 1.000446413486426067e+01
-3.598321634457345208e+00 -5.415232463531912899e+00
-2.138262194556204143e+00 -3.805836626364369035e+00
4.979636428503660284e+00 -9.655746616738881016e+00
4.197066782517140382e+00 -2.819563030563358996e+00
7.452194040685008680e+00 -7.015572398502020413e+00
-7.585818011455147669e-02 3.187689381233784758e+00
-6.635870998292428879e+00 -3.386613225321622789e+00
6.004362443992357967e+00 -6.488889820233574746e+00
-3.643783650540087571e+00 2.165498282783210549e+00
-5.126409521629730293e+00 6.761059057894494906e+00
7.025554021859783838e+00 1.716843769255884000e+00
2.839173256146491298e+00 -9.321395888693688736e-01
2.455155762833571842e-01 -4.107252709327251061e+00
-3.379921268916598720e+00 5.576934698732789464e+00
4.944316886733695071e+00 3.085581409244971818e-01
1.667646119187053522e+00 -1.004288818926766957e+01
-2.629896642271245533e+00 4.355813313455478841e+00
3.758769811000107097e+00 -8.022215193911192088e+00
-2.727032766075279557e+00 5.725685964476957324e+00
-3.835776998136780414e+00 -2.745037549089045292e+00
-2.032029827909276332e+00 -5.395683924066979387e+00
-6.248686291993234221e+00 9.431222275447055381e+00
-8.155487026290330732e+00 2.616959555303111085e+00
8.483510258504747270e-01 4.946378479235911563e+00
-1.948074120757717020e+00 -4.965682800074980641e+00
-7.726033486960949048e+00 2.679089349027563571e-02
2.214188535830481364e-01 -4.002428318137559060e+00
-1.666148095423262587e+00 5.708217409173761858e+00
-5.543394223988041603e+00 3.002624683280572526e+00
7.442610785012149677e+00 -7.785568214027223100e+00
-5.689290996539360101e+00 -3.105955494587398391e+00
-5.008281691908977429e+00 1.627164329584672497e+00
6.772684060227091685e+00 -4.125036459902992725e+00
-6.050509320380642819e+00 5.218963920851392047e+00
-4.920361150347531520e+00 -3.319927748978223736e+00
-1.831311927988888089e+00 4.397886715242449895e+00
-1.418953126682013455e+00 -2.307540555651308445e+00
-4.742894973285673998e+00 -1.595943569789604055e+00
-9.043352126721826423e-01 -4.784593336748289794e+00
-6.093721560501380807e+00 5.739711190501977534e+00
-3.806162819427596933e+00 5.685668040436676840e+00
5.301637968571057513e+00 -5.859433212215918729e+00
-1.004006373244219263e+00 6.265456960119748508e+00
-7.072019486553412726e+00 -2.766632590349878740e+00
-4.330013621264849899e-01 -4.456236857292508624e+00
1.224236804904805798e-01 -6.162059025102900378e+00
5.650016497663306936e+00 -4.548477756663278915e-01
-4.475592237652626260e+00 3.845436654321187753e+00
-7.879710069995256916e+00 -5.419425681667254580e+00
1.180273899793135017e+00 -4.090626360250861460e+00
-5.756817822949648722e+00 3.300651131388783632e+00
7.192491027616087607e+00 -4.907279099366816943e+00
7.227053898309373281e+00 -7.232313875323024277e+00
4.027495160872779145e+00 -1.006507634289211239e+01
6.016525095911684495e+00 -1.000496412043270666e+01
-5.651382464787213955e+00 9.945085671568199004e+00
-6.236514769568712424e+00 2.582550701691625594e+00
-7.359515734260542175e+00 -8.259367156821538769e-01
-7.805198911446299403e-01 4.218239064587509191e+00
-9.096101320245015387e+00 9.681430227965813984e+00
-6.683522935698339218e+00 -3.931642511417360542e+00
3.134666983974829790e+00 -6.904901989084520686e+00
-7.396538846055820571e+00 -9.090766392157089149e-01
7.012413498172618276e-01 -9.869890628706389890e+00
-6.826984581901090365e+00 -2.525557969999030483e+00
-1.930805649093164877e+00 -4.742531180885265485e+00
4.100787632300057162e+00 -2.912807749376781219e-01
-3.074964154689132645e+00 -1.960209905939554798e+00
-4.840979617409693958e+00 2.011164279553936840e+00
-2.744131833003228049e+00 5.928747925062962665e+00
-6.345262992616175879e+00 3.006302485792238244e+00
-2.665918380401413490e+00 6.784760884927617752e+00
1.541638543190949839e+00 -9.993513556836770562e+00
-8.378771015596093719e+00 -2.420217606472496730e+00
4.190477474534131552e+00 -7.957514798884530727e+00
-6.702732190190753059e+00 -4.840687300639019419e+00
-6.612450183274717119e+00 -5.381762347666553481e+00
6.807001840063791498e+00 -7.446609548694258507e+00
-7.344818177427822725e+00 -5.219717644700581971e+00
2.481022678216323385e+00 -4.857547730530052732e+00
8.127759306529982908e+00 -6.844619109021044423e+00
-2.434228050356403550e+00 -5.693326801977409701e+00
-4.866379075601113158e+00 7.178256849640475501e+00
-2.297596064146342876e+00 -2.439871328348952595e+00
-7.785562266188149394e+00 7.658896528512672219e+00
-2.844321234813100840e+00 7.312139209172990206e+00
-8.015519963168690198e-01 5.115071077986718784e+00
6.231605055016890660e+00 -5.409628479910792542e+00
-4.145883658181735987e-01 -5.814140921541062212e+00
3.645235891658042071e+00 -5.979517904960101937e+00
-2.470211871023980876e+00 -4.894313329469532903e+00
1.628065974612013189e+00 -1.107548316771873331e+01
4.187688849526782775e+00 -6.935014611153645703e+00
-7.401492293168879577e+00 2.524951127882137936e-01
-7.543625194084502716e+00 9.130589672428472525e+00
-6.853619761132828891e+00 8.893737235415940745e+00
4.729923988240329003e+00 2.772701924604898061e+00
8.844914155822422686e+00 -7.049271653419308059e+00
1.822747140511477681e+00 -1.014606284622525223e+01
-6.511631770765498928e+00 2.453805690735797462e+00
6.900166329934710241e+00 -5.243206900952237071e+00
-7.097236641995493756e+00 -1.953428163906899329e+00
-1.210802676740936556e+00 -4.183192242576157405e+00
-6.060682776440829755e+00 -2.998643930634554700e+00
3.746170103481079039e+00 -9.679424317719325543e+00
5.427053386314953265e+00 -6.057298378240563608e+00
7.424100119846460899e+00 4.739846506009163241e-01
3.690738105581423234e+00 -9.133568038011290469e-01
-4.500520101923685345e+00 -6.939150797810301086e+00
-3.908018621390591640e+00 4.322434748281973604e+00
-1.489625763784336643e+00 -5.078306221228714890e+00
3.442548671101108404e+00 -1.114250212722040700e+01
3.814502144920904225e+00 -3.672346272946140910e+00
-3.331775031764521167e+00 6.377452380865285875e+00
5.973824818871219300e+00 -1.367931102736156479e+00
-2.874499051767085867e+00 6.271660523574158042e+00
-2.912796326029049254e+00 -6.014203891610473640e+00
-6.794734916347601406e+00 -2.946714629126675256e+00
8.201610497863269345e+00 2.495786665586952058e-01
-6.311112017922930750e-01 -2.909345009582057440e+00
-5.230077111553612212e+00 6.174528745389775253e+00
4.258978768276979743e-01 -5.822944162618943764e+00
1.956824981791650764e+00 -8.361015446050080513e+00
-5.858675154713870903e+00 6.786229833818072876e+00
-2.250878811502373900e+00 4.011161977767454978e+00
-3.789112955081928025e+00 4.245027333162807004e+00
4.012809926006727368e-02 -4.146148129543220762e+00
7.163100834385009108e+00 3.522418366361933284e+00
-4.772932578221357858e+00 3.737823510543355265e+00
-2.787743449070000157e+00 -4.549134587021797849e+00
-2.711258400097221966e+00 7.041015567472117098e+00
6.142192100641037378e+00 -6.858194702585641345e+00
-1.347173126823202338e+00 -3.412815921016114196e+00
5.383027110504010615e+00 -7.126498876590416032e+00
-3.119162677664584660e+00 3.745255071395467095e+00
-6.076466570187179173e+00 -1.783934984436236215e+00
-3.280436209357695532e-01 -3.577257777852569376e+00
7.825516759793611499e+00 2.644024934873556720e+00
8.739305030749850989e-01 -9.119651197203230808e+00
-4.622788166782813235e+00 -1.492139425621726634e+00
-1.470235693727945492e+00 -3.698413406990101127e+00
-5.557138775608068570e+00 5.372490993830218109e+00
-3.419859019511388709e+00 -5.271004985821681643e+00
3.191993230586374963e+00 -1.306022377941112467e+01
4.846356560158707083e+00 -6.488036049628301605e+00
-4.210534568814803258e+00 -4.690388428500499529e+00
-3.922516954507686116e+00 5.433198558576084025e+00
-3.661397319830384411e+00 2.462763154047793002e+00
-7.313803033781027807e+00 -4.925189158410230306e+00
5.402716972868584655e+00 -5.618581286359028759e+00
-6.207704978055206269e-02 -3.785669050079587095e+00
4.145139546251283669e+00 2.952768637628087944e+00
-4.724524767005966019e+00 -2.998341294868501095e+00
6.091731577762947936e+00 -6.953799375362430091e+00
-2.956907165694362405e+00 8.150538029746307700e+00
-8.390378540438426569e+00 -3.638171863253983673e+00
5.543424709316250087e+00 -3.548325557341930114e+00
5.596117258995474408e-01 -4.441618644031840368e+00
-8.048058033681311230e+00 7.465925314561591364e+00
-2.048585846046936609e+00 -4.043893192204655485e+00
-7.207129908008067076e+00 -3.664033331972567531e+00
8.613833873501645755e+00 -7.643647244960026121e+00
-7.744384626320514720e+00 9.474152979170302302e+00
6.972436367585930217e-01 -4.528549005340499534e+00
-6.167385604991733494e+00 4.508061118601465189e+00
7.731412425997964633e+00 -7.571234615259313294e+00
-7.723492062141795955e+00 5.110785939751269602e+00
3.534756928400527798e+00 -9.161584706777222920e+00
2.371596373684488945e+00 -7.604220483947500497e+00
3.137168116414950525e+00 -1.068001656151357537e+01
-4.344493582425455358e+00 4.959393068054660070e+00
9.838483800694699521e-01 -8.801890570460086494e+00
4.697650517543291215e+00 -6.001794652580030309e+00
5.131508767899177315e+00 -6.391587200160258053e-01
1.147226242563517573e+00 -7.004542392350952440e+00
-2.831123500991420627e+00 -5.467807030750659436e+00
5.132893633998151017e+00 -9.102829187317729165e+00
3.561827111831226134e+00 -9.927909113861971946e+00
-2.578231258070741827e+00 -3.897164656933460591e+00
1.924420611702537309e+00 -7.103919861624209631e+00
2.321643067437066943e+00 -5.682460578993168809e+00
3.205509451512972507e+00 -8.807608865949768884e+00
7.148509763594965705e+00 8.874933396460706891e-01
-4.784889702222590024e+00 3.224200862047873262e+00
-3.760174903270780522e+00 4.852445025203392603e+00
-7.129546245929366144e+00 5.575439946724161544e+00
2.123605636754414827e-01 -3.246110187659106749e+00
-3.664805862311962592e+00 7.226124545225325768e+00
-1.586194176063000505e+00 2.531031011035304257e+00
-6.279783541710750150e+00 4.229155884127570708e+00
6.421875819407623087e-01 -7.938362365742382742e+00
-4.362232786502284299e+00 2.990322350825119990e+00
-6.542067170521383979e+00 -4.109687085155526276e+00
2.527602450600762829e+00 -3.223334517208965799e+00
-3.969287633081421518e+00 5.779047600138055962e+00
-8.160368160672836879e+00 9.101694419409076531e+00
-4.270510297171393077e+00 3.594010200496626339e+00
-5.440136631330624972e+00 3.883423818519826209e+00
1.541371772822553332e+00 -1.064100824780293486e+01
1.506062434950046658e+00 -7.545113473177996077e+00
-6.515663432492016405e+00 9.941536079461949171e+00
4.517226231981190665e+00 -1.024954290198062523e+01
3.811857709101495129e+00 -1.237547138792223400e+01
-4.199892069962821495e+00 5.039309295113677756e+00
-6.603720653047601807e+00 8.945305009295578813e+00
-2.498056589440941444e+00 -2.089736322371004373e+00
5.444516761365330915e+00 -2.298554226923786636e+00
-4.350515837174167899e+00 -4.505541104943405983e+00
3.510228187002638833e+00 -3.013736743857953648e+00
-2.102041587688225910e-01 -3.628575015894097699e+00
2.619459713876258089e+00 -7.264851931638834692e+00
5.553345191642193868e+00 -5.825707358741644804e+00
-2.249056138785570980e+00 7.695250559686301450e+00
5.305347508817101598e+00 -5.286023559208543610e+00
-2.223493600654064206e+00 4.473858158474779856e+00
7.371129243222085403e-01 -5.456292541802868712e+00
-5.243105909075116422e+00 1.005957056272722561e+01
-5.907424771136987829e+00 3.455075047907288255e+00
-8.465279862968337454e+00 -2.532173115796235052e+00
-3.562254761744162224e+00 -6.134095030271764948e+00
6.850701703172912715e+00 -5.740318291256683025e+00
6.801118605587268107e+00 3.038460052251486410e+00
-3.338841526585313080e+00 -4.556128530092517614e+00
6.187387103781087028e+00 -6.480654264162608591e+00
-4.357848406086133330e+00 4.857975808956569885e+00
3.933301953166693288e+00 -9.397591757144349245e+00
4.070803438001335373e+00 -5.529888840489498136e+00
-5.792329428946656478e+00 -5.764223708273610747e+00
3.741561914932061583e+00 1.213836342637150789e+00
8.447300929402166147e+00 -6.006486103916889085e+00
-7.705643554848247589e+00 -1.133418645467678010e+00
1.501609839226792920e+00 -7.642581940004415486e+00
-1.027352432871151189e+00 -5.227520658425080846e+00
5.199635371995066535e+00 1.975148093386798642e+00
-1.938985260735244909e+00 4.470900855853690459e+00
8.553986331181672398e+00 -7.165213722073649372e+00
-7.773709636284501734e+00 9.765285600965635027e+00
-7.635346355643170213e+00 9.480731133789701559e+00
-1.793695801234413967e+00 -5.651263195741833556e+00
6.425754452090583158e+00 2.484002579138775424e+00
-3.161580682413840382e+00 4.663799273955061331e+00
-2.069830561696232252e+00 -5.427495350962386667e+00
3.004825629760695005e+00 -9.591630146401904256e+00
-2.523191165033752625e+00 -4.369497632382514318e+00
-7.252210631577328925e+00 9.886030828940977955e+00
5.830258871018720868e+00 6.240961063288233968e-01
6.148462106496123347e+00 2.584096054183963265e+00
3.326547035850358380e+00 -5.262005058998408202e+00
6.574213413713591692e+00 -9.745193320910370272e-01
5.004414827537798871e+00 -8.255869754053689391e+00
-3.232781107189163450e+00 -2.965890997218273650e+00
3.892100207997821748e+00 -5.585462763438069800e+00
-9.269652358793262437e+00 -1.954113271596004564e+00
-3.381292357520050196e+00 3.859401215550897657e+00
-3.984456400064661175e+00 4.179380488321895903e+00
-6.685997278175667802e+00 1.034080843795582894e+01
3.294901932561467461e+00 6.260838500131666873e-01
5.480814776814699307e+00 -1.060747553632771734e+01
7.828350483185172237e+00 -6.031261295753854057e+00
-4.107932900063457460e+00 6.895189822251298395e+00
-5.286837666013282977e+00 5.915494376602270066e+00
-9.160489220061059257e+00 -1.785028837715301187e+00
7.739442473602355932e+00 -6.720576593861930625e+00
-2.694208195518094762e+00 -4.125294461509670718e+00
-6.274731199214674149e+00 9.332091663751779009e+00
6.497945005768682059e+00 -1.399574118282417956e+00
-1.672944225363858006e+00 -6.362381967037467945e+00
-6.848290293463281664e+00 1.056642468170516302e+01
6.531013673226521377e+00 -1.886250097950263882e-01
6.958898723891794980e+00 1.107616484000388146e+00
6.375509675507600171e+00 1.229295063170820601e+00
4.920711484313868844e+00 -4.015900971172025713e+00
7.298960025672403873e+00 2.514655951630633268e-01
-5.844880190685766586e+00 2.927453438384392648e+00
7.177959884429017556e+00 8.926593096105166492e-01
-3.902291934491923797e-01 -2.007373122744180005e+00
-4.088967606935566934e+00 5.938641448391373423e+00
-7.674925901111666171e+00 -2.754848048414571871e+00
4.037646098372557724e+00 -9.075410037765687221e+00
-7.514487071960838094e+00 -5.590154725730448249e+00
2.836917276031026613e+00 -7.375564352291222647e+00
-6.285329918154981321e+00 -5.590524567985314164e+00
6.799271875372904228e-01 -4.177661763306711684e+00
-4.990776984606579703e+00 8.678531880444678492e+00
-6.440001890576531274e+00 7.604470488543313422e+00
-7.818104121832958775e+00 -3.321419025872943909e+00
4.416863892676010650e+00 5.729987143846753117e-01
-2.529122496820477739e+00 -3.787723648784367736e+00
-5.623417935549134050e+00 4.222899468212482077e+00
5.630826343038106252e+00 -7.010331833002794610e+00
3.436555183019470050e+00 -6.232275929531957637e+00
