-1.822284275740769788e+00 -3.634738780121923973e+00
1.903190435216632670e+00 -2.570642073136531813e+00
5.681571228098836635e+00 2.744019530312136190e-02
-3.214272566195790493e+00 7.429276509852409838e+00
-8.893074260171418999e+00 1.010881225189251431e+01
-8.582045492544203569e+00 8.640079536865961529e+00
-4.979362503868787648e+00 3.755138870769758164e+00
1.814050905351147991e+00 -3.650950683910358929e+00
8.672341697173001407e+00 7.260846955896375077e-01
-5.183260451752389919e+00 3.116066897620628939e+00
-5.096476019169532634e+00 -4.452271716608716901e+00
-3.728609470009728533e+00 8.045357356034241292e+00
-4.225881004324879342e+00 5.610321424264946621e+00
-7.819404753701684641e+00 8.896598051817178998e+00
-4.282704615581529595e+00 -6.656968842630383243e+00
-8.512354202965063621e+00 -3.390591791345798356e-02
9.929372343893013708e-01 -8.171507481201313539e+00
-2.778875319668399069e-01 5.407603020580926234e+00
4.837319507317590528e+00 -4.565587564564724588e+00
2.549707872017894061e+00 -4.715986129909237157e+00
-2.391548757103342027e+00 5.849149233501941048e+00
2.639987696644662041e+00 -1.023114733751359040e+01
-2.052047126721116221e+00 -4.604616557926883402e+00
-7.534704529467105338e+00 1.236584720061475018e+00
7.143524882369208129e+00 1.084126631888638892e+00
-7.234451351244032935e+00 -4.097070462423855197e+00
3.493767445250247849e+00 -1.080001168321906313e+01
7.033716171546503304e+00 -5.507316876027966046e+00
7.504778598290916314e+00 8.733210165182385687e-01
-7.632498724625431663e+00 -2.789009787700977849e+00
-4.333891037320043438e+00 2.256587759368120949e+00
6.804331860186310976e+00 2.651643375462585883e+00
6.573851311117587137e+00 -5.689131334333153989e-01
-4.130241395170141772e+00 -6.540545388051526743e+00
4.172820222150948055e+00 5.282422863651072831e-01
-4.053223018213268247e+00 -2.323036416982328767e+00
-2.231313972699912274e+00 -3.325152550394796069e+00
-3.501273979287926164e+00 6.788798994157189348e+00
1.538587154711145599e+00 -8.579739780902373880e+00
2.133972577172760232e-02 -5.052299576315368412e+00
-5.214198868689888577e+00 -3.848671039242124614e+00
-4.608074457185319162e+00 4.700714899187484974e+00
3.362771924914506272e+00 -9.546125017205319807e+00
2.930718005093200240e+00 -7.401954171012517847e+00
-3.073718228666169505e+00 -4.497457835681938576e+00
-4.119072551458833331e+00 5.876749105529097683e+00
5.774216207602562712e+00 -6.383927642256790769e+00
3.429844895449573272e+00 -7.696490002903670913e-01
-4.671150433684245762e+00 -4.605925931676554619e+00
-1.598243980713378587e+00 4.322350151682566199e+00
-6.270981389365195113e+00 -5.364095152777657027e-01
7.671844924042943603e+00 2.983094440850863061e-01
-2.352284124045020963e+00 -4.075076311593599954e+00
4.771189867490734038e+00 -9.913753335400627975e+00
1.663561461067873504e+00 -5.729205194472898555e+00
-6.648143350514915895e+00 8.675636536468250171e+00
-6.225798010224173673e+00 -1.925697063971494094e+00
-3.912972538456837235e+00 3.001939547207417291e+00
2.403649254014427861e+00 -7.857973209673278170e+00
-2.110272443874359638e+00 4.202323257813718627e+00
-4.154902694078568715e+00 5.051438466846271069e+00
1.624327822601205895e+00 -1.007546207111863090e+01
3.811573374895956601e+00 -4.913847518548833726e+00
6.272871298515983796e+00 3.011189592849150110e+00
4.304412098107537332e+00 -1.093136441263414227e+01
-2.734830636481734523e+00 -2.140252127910736046e+00
-9.828973197125923988e+00 -1.249557739076725404e+00
-1.800402274237169475e+00 -4.369786042464927966e+00
6.194250601097134101e+00 -9.068859278848513839e+00
-3.766658986095345885e+00 -3.262281611587813934e+00
-4.331624321309529790e+00 -5.710744959012937549e+00
4.010817506626975337e+00 -7.020686167091883867e+00
-8.244761291991986596e+00 1.097139646622347087e+01
3.817378260501647524e+00 1.727394433440327948e-01
-7.737850916342878804e+00 -1.995258102286557200e+00
2.105093041642862151e+00 -7.685579987231252019e+00
-3.224960968037919429e+00 -6.055861738030541730e+00
3.586694021950235456e+00 -7.801166293295326959e+00
6.881860456992621167e+00 -1.981457009811981695e+00
3.226747837643522132e+00 -7.494969904526404214e+00
-2.665151035309916150e+00 -4.035707670201524877e+00
5.832588668339433902e+00 2.795678772253904043e+00
-3.810511320208325614e+00 -5.454631388865027297e+00
4.411196588574601840e+00 -5.816042483730044843e+00
4.482295015019156281e+00 -5.173659149376677036e+00
-2.438912831158111416e+00 8.368744693839225590e+00
-1.475911712178356705e+00 4.463523268967579227e+00
-2.224506385628632010e+00 -6.813682742393590175e+00
-9.358573950081894299e-01 -3.652426937264245943e+00
-6.914296354876146022e-01 -3.634311275985014689e+00
-4.368034783477387606e+00 -3.201164026426873477e+00
3.871144218230326395e+00 -5.291230815651783104e+00
-4.364878370573803679e+00 3.251175888264136393e+00
-3.526006911211635675e+00 -4.644375078709368054e+00
5.464116327234870063e+00 -1.466881292922079139e+00
6.367022275040707946e+00 -6.756995842701676303e+00
-4.115859124980811856e+00 -2.084685418786627942e+00
4.923805582686545002e+00 -4.126034738959654113e+00
-5.767413310537907734e+00 6.593403946202546884e+00
3.676165844334652988e+00 -4.469891334893903334e+00
-7.268114953805485889e+00 -3.611724711242865649e+00
-2.645332041235579190e+00 7.650833800230477877e+00
-1.724849243468795645e+00 -6.006981279515422933e+00
2.435661171834906380e+00 -7.567217974751213383e+00
3.817473587389557110e-01 -2.397665420003871617e+00
7.018587866791838437e+00 -6.118262398961632265e+00
-6.871798818530070463e-01 -6.310400348978122409e+00
-5.153654650539360560e+00 1.913139324779684181e+00
-3.094273031688749676e+00 -6.981361654534699035e+00
5.635743830403871613e+00 -3.143754943568985105e+00
-3.969807220211119425e+00 4.931566397816027347e+00
-3.649798800475059668e+00 -4.329078832119454212e+00
3.221808858613955273e+00 -1.031336498189626028e+01
-5.221616679342547584e+00 -3.427892418937968699e+00
-3.398471341959336200e+00 -4.807672081831248612e+00
9.947939078574713490e-01 -3.375511697569840930e+00
5.917246435855902043e+00 -6.544129432259145673e+00
-5.137553407020996943e+00 -4.864716241625297144e+00
7.839272000575974175e+00 1.447801977188713840e+00
-6.602045238399753657e+00 -4.417293393737501184e+00
4.056182966963344683e+00 -7.429748081848607910e+00
-3.312711761892544349e+00 6.546705087409705470e+00
-5.002555150289544450e+00 4.934554814105645448e+00
-2.543177557156468094e+00 -3.751981697939605898e+00
6.448872317868674209e+00 -3.904721365336945915e+00
-5.579747608002914916e+00 7.760424103119924588e+00
-4.247146030778473857e+00 4.278924152663005742e+00
-5.996007747072827243e+00 3.350591376659064480e+00
-3.853560664655028667e+00 6.491391824962695623e+00
-6.404584575816643088e+00 8.798599905557743739e+00
4.455150996778186823e+00 -5.920942685366151537e+00
4.440935732446884110e+00 1.153404306166033733e-01
-3.750534222203808277e+00 -3.703994118358311827e+00
-4.030888021494950735e+00 -5.139652803678652404e+00
-7.208835229241958409e+00 1.070788938221455489e+01
3.384325457637964440e+00 -7.082273444168351695e+00
6.925991385813923262e-01 -6.788621180803887434e+00
-3.339123468769113146e+00 8.177618415510920613e+00
-8.540079211702522599e+00 8.729508560566832998e+00
-2.578039547156361078e+00 -6.976557620372494384e+00
-6.681540937240946221e+00 1.017713794529849203e+01
-4.658991789963835117e+00 -4.560940611705205150e+00
3.437776979998534266e+00 -5.082288144138795261e+00
-7.169102733213629897e+00 9.418553762370539317e+00
4.659758462232185927e+00 -1.565068042072593757e-01
-6.514745756080846384e+00 9.583445131888675306e+00
-5.363497976315014348e+00 -1.720194303346138875e+00
6.592476758304041340e+00 8.686235027781479268e-01
7.978848112512496371e+00 2.275203450738561006e+00
4.374045495026252617e+00 8.576696715138654170e-02
1.806205393702639661e+00 -5.508751282412958084e+00
-5.355563170281468999e+00 2.673568777635555449e+00
-5.417631553295197300e+00 -6.064160868859122644e+00
3.525332363535122582e+00 -7.438200005561443895e-01
-3.659503356866666390e+00 -2.143549148482465583e+00
-2.540828682395630533e+00 -5.296877781378602990e+00
-7.810326445176720256e+00 1.014026274943831751e+01
-8.001900537540457492e+00 -5.542600438645611582e+00
2.775273396581433349e+00 -1.393935863773164252e+00
-6.602075613524207576e+00 -3.444945580962573750e+00
-5.585054655355799369e+00 5.075371891201444718e+00
4.802145613528745471e+00 1.165081370956025708e+00
-8.783302256905233918e+00 -4.130802549415787617e+00
-6.436536329861044514e-01 -5.541818620698898634e+00
-3.575464981064256698e+00 -3.589002055829336513e+00
-4.657408584406568686e+00 5.538395280779853991e+00
-8.746811135408913529e+00 8.905391560220179414e+00
5.104380247150475114e-01 -5.081898337646813424e+00
5.900139721652005953e+00 -3.987218378143586595e-01
-7.798381768879488973e+00 -3.967606621076189999e+00
1.283958412740082711e-01 -8.816187662583734763e+00
-2.986803681061046767e+00 -3.488800074599898160e+00
-4.973712017981578803e+00 1.149251017616784587e+01
4.917220326774765837e+00 -2.479455189536116322e+00
-1.398899698394355129e+00 -4.876675132127440193e+00
-5.684693352069536409e+00 9.382014686057589259e+00
-1.060390916220513180e+00 6.160618638893353705e+00
-6.618026082509159025e+00 3.117214386990358577e+00
-2.867825910656540689e+00 -4.526644712511478374e+00
5.146479963111011635e+00 -1.012880194135505452e+00
2.436525593909729892e+00 -9.106437254763800837e+00
8.084768984395946934e-01 -8.827622267726512817e+00
-2.338461926816666647e+00 -6.795529468447101706e+00
5.848829080087022625e+00 7.201668330839239296e-03
-1.631141454570613769e+00 5.316293975069673827e+00
2.254861730333942216e+00 -9.169569543460101002e+00
-1.990926482592487057e+00 5.793895003578863445e+00
-6.806654577900949299e+00 -4.316071129907670390e+00
-3.770520265133084692e+00 5.069669496619859217e+00
4.040318112047775578e+00 -5.121981291045299756e+00
-3.270889744681781508e+00 -4.328620380260681522e+00
-4.516528226038714955e+00 4.418641965532702720e+00
5.158617201584222656e+00 3.747882565477058225e+00
-3.718743163095273196e+00 -3.739107465868200642e+00
-3.533727926057684154e+00 -5.195778003716198690e+00
-4.842564713325089087e+00 3.675029072801891061e+00
-6.471458322933283380e-01 -5.097818661893217751e+00
-4.720038493545676950e+00 4.195553624128674386e+00
4.880093603426936433e+00 -8.703049685614567821e-01
4.849756040871841201e+00 1.377186658179140322e-01
3.432622444136366191e+00 -9.136178566280079849e+00
-8.670403338161071005e+00 -3.670600436850592896e-01
-7.780620385736650491e+00 1.002686610973410630e+01
1.498783204711979344e+00 -8.377852249010159014e+00
2.122024604926647573e+00 -6.786203068639448333e+00
-5.722451053392985543e+00 -4.028088220431539135e+00
-2.631089986261551328e+00 -3.545379355412084266e+00
-3.952725046235193496e+00 -3.225456702751739346e+00
8.223971263599678672e-01 -8.175507293440848144e+00
6.224282417220545760e+00 -1.779236911646785213e+00
7.286725138986538397e+00 2.754428538429539941e+00
1.552102769709969854e-01 -3.744228241848033267e+00
6.022295263758538297e+00 2.554759942499336578e+00
-3.549961314766259868e+00 -4.350067975603781889e+00
-5.934509215612065347e+00 -1.093682502616524888e+00
-2.090492484472692869e+00 -4.622920019838255179e+00
2.064621257151391553e+00 -3.551050925651168644e+00
3.548117237182221384e+00 -1.018613499962351732e+01
4.134833626975933818e+00 -4.066822362535783775e+00
9.129834293438408022e-01 -3.219705359974936343e+00
-3.816591994193792026e-01 -4.039142960673306249e+00
2.726510382928299947e+00 -2.245898490060425523e+00
6.749194516405761846e+00 1.658877024553733426e+00
7.674234534941347441e+00 -5.614028229968615946e+00
-2.760261312015107826e+00 5.151956279983621378e+00
-4.809808184563193478e+00 3.938698773507900430e+00
-7.539167758959856691e+00 -4.169060450939184648e+00
4.192628377623418778e+00 -9.766632792970989740e+00
1.968749676533193105e+00 -7.820183173426417333e+00
3.973738829979442944e+00 -7.473753143197090054e+00
-5.024610820038343917e+00 6.655180229774540379e+00
1.056854559170049335e+00 -7.417987611482045551e+00
-4.266457166072957996e+00 4.736824984250166182e+00
8.001009503084262064e+00 7.002922336303440964e-01
5.974708806775729464e+00 -4.262226617580195054e+00
-1.459561055385241168e+00 -5.946402597572764570e+00
-3.244850662964633869e+00 5.659536338490550378e+00
-7.701557140361721565e+00 -1.266122171769314964e-01
4.173893265713465084e+00 -8.081770061708843045e+00
-2.384294820953292593e+00 4.470419996506247884e+00
2.062725494840224716e+00 -7.843245568313559346e+00
8.667428062744528816e-01 -8.421012250469429361e+00
-7.548190780147331580e+00 7.809001126064574194e+00
8.287319181842677907e+00 5.092193937725449926e-01
-3.049342496792857293e+00 3.081017783318682035e+00
-8.217220410796263863e+00 -1.882387607128229501e+00
8.342402899711693465e+00 -5.880302566017292065e+00
-6.973354217344446049e+00 9.279828303927541100e+00
3.438620973431667505e+00 -9.878062678445083122e+00
-3.689565402419894724e+00 -3.687226847761080784e+00
-3.916544481285967549e+00 -3.837937941933200037e+00
6.633782906243194333e+00 -5.531489991983296939e+00
2.438163080913749781e+00 -8.737568959262935309e+00
1.499799620257415977e-01 -7.550060479711246941e+00
-7.498476306471273389e+00 -3.589032290611963383e+00
7.200696191504921906e+00 -3.914058387682453510e+00
-4.036730785815104916e+00 5.515563841908181608e+00
7.446383491110776909e+00 3.197884031686750728e-01
-7.824212181133011867e+00 8.851886769370544528e+00
3.350931552928720691e+00 -9.232915371728093845e+00
1.279824736574660005e+00 -6.424998793852512158e-01
-6.915881226793459291e+00 -2.748391180017838664e+00
6.227278498248920435e+00 5.351974976515408988e-01
-6.876164295932876591e+00 -9.815511639899419105e-01
-8.376804631033091253e-01 4.776779456956300685e+00
-5.164655403188495697e+00 5.561488485251131486e+00
-3.833189630483839316e+00 -1.448575120435049879e+00
-4.167638310094353926e+00 5.543142419568081181e+00
6.666883596417600977e+00 -1.019865301107207856e+01
1.718370511392293132e-01 -5.153878518513284490e+00
2.307966906376624827e+00 -9.493514735358900225e+00
-6.785595018441035187e+00 9.469429577273464460e+00
-2.555407773940340910e+00 -3.718340615001739735e+00
7.904354725814307869e+00 9.739385787111717319e-01
8.041414960269081647e+00 1.449371629832978847e+00
-4.846057342546079560e+00 5.023018808822661718e+00
5.699662199189979184e+00 -4.501574220523150593e+00
-3.161270713278026001e+00 5.311924209386950757e+00
-6.816426637427296598e+00 9.423711317013154343e+00
5.341523120696814786e+00 1.619565868414206466e+00
-5.435096032005500177e+00 -2.715635403723399843e+00
1.201265468361313093e+00 -4.089272439475999832e+00
-2.498307528904858632e+00 5.149063304548533893e+00
-5.144265383718733986e+00 -2.123375677263460215e+00
7.309083727820169685e+00 7.207841414903592980e-01
5.591023823203315146e+00 -4.277456051034678630e+00
-3.109908382197796417e+00 7.379777002742435421e+00
-4.813230360122721763e+00 -4.198673240331185497e+00
-7.618869715636474638e+00 -2.201422105514507344e+00
4.111102632602398721e+00 -6.925306047556929023e+00
3.920009235975263628e+00 -2.178088127290830567e+00
1.399359554156404783e+00 -3.895923494178338053e+00
-3.814485227969525161e-01 -1.352839095195375041e+00
-6.071402115896725959e+00 5.086685384703847568e+00
-2.259679786509052768e+00 -4.019571522793214058e+00
5.356988151048600599e+00 -5.564368531442360322e+00
5.267042581605640983e-02 -8.613879646821299474e+00
1.999644228140198265e+00 -8.876469239116518750e+00
-7.406108730387166439e+00 1.157688867434811808e-01
-1.372415643456844414e+00 -6.253474293029425368e+00
-3.106275762763661241e+00 -3.214581887739896615e+00
-3.095250104019664938e+00 5.785635375055401930e+00
-3.636077988108380232e+00 -1.994561321978561619e+00
-2.807533655587178156e+00 -6.123893448603535461e+00
-3.021775779549834784e+00 7.772171162765932451e+00
-3.523018716839759978e+00 5.251326727231559133e+00
-5.992341639105998929e+00 -2.073138002708316385e+00
4.107940732276475160e+00 -1.052149701753067212e+00
-6.025352779552573423e+00 2.463775881425076530e+00
4.104106372383276025e+00 -5.239559138600308197e-02
-6.172271624099234799e+00 -9.262508446123042249e-01
-1.161773988096940879e+00 -7.599861083947651252e+00
-4.393532631672682598e+00 4.996487104107162125e+00
6.454806115446552361e+00 2.229026278292836949e+00
-2.065793101076331517e+00 7.045911775789337028e+00
-2.911410846151733622e+00 5.502048822753065060e+00
-2.690404892162628236e+00 6.149295248313761064e+00
-7.974773208280525605e-01 6.509976437193189192e+00
5.482601449543553329e+00 9.882239865372008936e-01
-8.122516828637232678e+00 4.403778532319935657e+00
-6.564179139600631707e+00 5.213185038110655256e+00
4.265348028420911319e+00 -4.006982373063217473e+00
-5.628429277724502633e+00 7.572092287365046914e+00
6.818494005186058970e+00 3.759915155774793849e+00
3.335568573267393866e+00 -9.139304993806062427e+00
7.340065333731604635e-03 -3.994480838685752211e+00
7.021036640814505070e+00 -6.589330115102161045e+00
5.353981409989231111e+00 -8.546841237358220766e+00
2.170605251978134920e+00 3.732433636534497889e+00
-5.433208717110895591e+00 -7.159795493327815841e+00
-1.784556217252889265e+00 -3.577626843589242434e+00
-2.358160105728750011e+00 5.255774022534823509e+00
-3.762271252746517192e+00 -5.316575817210456911e+00
5.330446684487281317e+00 -8.149919764262393285e-01
3.782684978195306691e+00 -2.901481205063371593e+00
-7.614183537027319204e+00 1.022842190532990259e+01
5.444725232992844610e+00 -9.049018189582125338e-02
-2.899531540687472653e+00 -3.112040585575582607e+00
-6.361264075014187114e+00 1.127449534870448922e+01
3.611476307141941788e+00 -9.072652779383483690e+00
-2.008793667336971289e+00 -4.834574277953502808e+00
-3.293357052097228177e+00 -6.140876313806899134e+00
5.373359421259872981e+00 1.325718581615860314e+00
6.033376197829187326e+00 -4.976762612282467302e+00
3.707542995620834780e+00 8.849520497058600554e-01
5.116032526865156527e+00 -5.399140091242496942e-01
6.580324057604775234e+00 1.552999509023562208e+00
4.547519003904692880e+00 -9.418280848410438111e+00
-3.915926901342784205e+00 -3.168722418216549208e+00
3.776681521865671520e+00 -5.242040571036381991e+00
-1.855310168341044008e+00 -1.299919384333607653e+00
-6.625475511129586437e+00 -1.465938549467859620e+00
-5.516819964019378908e+00 -4.220670034053807029e+00
-5.084107509112897993e+00 5.591163953754696436e+00
-3.793057843177591870e+00 -5.778376519327418137e+00
6.012762573634480745e+00 -6.283216690682629668e+00
-2.081598742433348193e+00 7.809763526525649091e+00
5.450345939593219668e+00 1.254889125250731485e+00
-3.174199429382957849e+00 5.158393068539579573e+00
-5.053124100271579877e+00 -5.530156799423127101e-01
-1.959484563047819927e+00 6.807337154366288168e+00
4.990082783521216037e+00 7.081622804569298602e-01
3.755582872254326077e-01 4.350473012785378124e+00
4.952153860285172904e+00 -8.628567391831420963e+00
-2.046065399243239824e+00 9.155631469445705051e+00
5.855489488404154841e+00 -1.489890347021508132e+00
4.591079634548760779e+00 -6.271629055964183408e+00
-2.431869383011312280e+00 5.074879895849091049e+00
5.269958213579967854e+00 -5.201138040660265638e+00
6.543821356143638468e+00 -6.690725036193795106e+00
4.687495333128246955e+00 -8.767097208722995916e-01
6.948352227228816957e+00 2.071122594578871823e+00
3.801022956409060072e+00 7.486865229097794394e-02
-2.613268427041814057e+00 -5.786742127298838412e+00
1.816887704097952749e+00 -5.231165294574573466e+00
-5.747603614353413271e+00 -1.436842168683795329e+00
-1.464722379793371054e+00 6.196564015493644106e+00
6.068442467116190286e+00 2.171137806248629509e+00
-5.309348979749841213e+00 9.020699242020009834e+00
-9.302296968315996395e+00 9.526539496714347521e+00
-2.699723336111423233e+00 -2.480021680003047457e+00
6.730548246547202185e-01 -4.206228053692887769e+00
-6.889851860839161901e+00 9.619691008832070622e+00
6.753297148806847616e+00 -4.769730282650284536e+00
4.931023683705730853e+00 -3.182199495518644561e+00
5.833170547965909059e+00 -5.817042276706355430e+00
4.808382204592956732e+00 2.655563143573338003e+00
-1.334756053146316512e+00 -2.594628562776492231e+00
-5.291712558318947046e+00 6.884611272650310809e+00
-2.244624146397607767e+00 3.990939192939984004e+00
-6.373231248758663092e+00 7.853185784191373031e+00
8.083067520138936146e+00 -7.558215980921223043e+00
-9.049784562605433180e+00 9.350807689330849826e+00
-2.426248772270943377e+00 -4.460605067860397455e+00
-1.356077717765960644e+00 3.025495949120456274e+00
5.338290691121051701e+00 -7.594900831286613752e+00
-4.152396839225231950e+00 4.393141294147701714e+00
-3.200693069383582667e+00 5.394389070787514839e+00
3.222875695955132347e+00 -4.898336201975987514e+00
4.570117827523255905e+00 -4.123135567829582016e+00
5.138515407120663347e+00 -5.042545321629346766e+00
2.922823036239727390e+00 -6.535646233976775576e+00
6.035781269227218360e+00 -6.475538077998604258e+00
-1.364078527131994401e+00 -4.206097012835284588e+00
8.170282963740161719e+00 -7.578230413203431937e+00
-2.066769991851372001e+00 5.054246730295922418e+00
1.294546556909071500e+00 -3.743705951607109839e+00
-1.824278097952878319e+00 4.903976096916830230e+00
5.657601193232429715e+00 -7.162032031094525131e+00
5.975321997839065702e+00 -6.744179663165725813e+00
5.467347256493444441e+00 2.531451559777191385e+00
-7.466529802417518624e+00 -2.292693823082838200e+00
5.749128510234338130e+00 -3.626481411968689450e+00
4.459248118620425805e-01 -3.656965345444767035e+00
1.981211091622070875e+00 -8.772082990700473815e+00
4.001190437947107270e+00 -9.049587453640668855e+00
1.883482106798374467e+00 -1.015608918780295511e+01
6.435227641245730545e+00 7.868355552773993455e-01
-2.070640195975446129e+00 2.187613768739846254e+00
4.369966110095091949e+00 1.720094470542608001e+00
-4.931779583607799999e+00 5.224596654029868503e+00
-2.455958667647445637e+00 4.446683384564489749e+00
3.176513243618668825e-01 -3.051220799418550733e+00
-1.252416476562610015e+00 -4.557101260740933135e+00
-3.726836637787139139e+00 -3.958683993681439528e+00
-7.685975229937843878e+00 -5.975962217942390353e+00
-6.103992128568275888e+00 -1.677512376833979468e+00
-8.329932522619381885e+00 -4.788116728094935048e+00
4.388018445244280308e+00 -1.212128576113398104e+01
-6.790073963748097796e+00 3.850188749175885938e+00
5.744634944643659757e+00 -5.627393352249665526e+00
-3.543822351412884153e+00 -1.404156094014117340e-01
4.526767474515608569e+00 -9.379730701287821049e+00
-4.254734594708367013e-01 -5.511160771196228048e+00
-7.288274984519620858e+00 8.936728673536434187e+00
-2.648018752244661211e+00 -6.144431545851004373e+00
7.126887203428289297e+00 1.049298656636336258e+00
-4.929215843166416811e+00 -2.899308965952045014e+00
-7.514100035154933188e+00 9.578827963872633688e+00
4.812647285275909459e-01 -4.775625686696582051e+00
6.868634868407466065e+00 1.449718788230647037e+00
-6.889447395646493000e-01 -2.536247767979000756e+00
-6.648545460267015983e+00 9.560608521719206720e+00
8.319242281336675759e+00 2.564281718107216168e+00
-5.221177180139017437e+00 -5.109007013547386400e+00
6.711600823135255744e+00 -4.453128241066497406e-01
-2.585404083755078020e+00 4.879761152076035557e+00
-7.178492887175288217e+00 -3.627574325795722920e+00
5.176371064816737366e+00 -3.660122526751766969e+00
-1.458321191984435217e+00 6.213442113891784579e+00
-5.748785622526926709e+00 -4.368674542261264726e+00
4.738851469989707077e+00 -1.081334710446363623e+01
7.766840286645263269e+00 2.373001459801115764e+00
1.036596709682616080e+00 -2.715792326850327676e+00
8.049771192489089344e+00 -1.574458282563224731e+00
2.719213765853099041e+00 -8.471803371216628520e+00
8.772956287461076696e-01 -3.711121306578274215e+00
-4.114681685643845732e+00 -5.524092925013558641e+00
-5.567252771600200489e+00 -3.301330899085642478e+00
-1.740434728980527979e+00 -3.155362744902430183e+00
-4.657273275248859257e+00 1.565714129422634215e+00
2.167310084111130131e+00 -4.066181641069793073e+00
2.188390456681437612e+00 -9.411788687013828536e+00
-2.396111900619421142e+00 5.095656714887598859e+00
2.988371766157061238e+00 -9.030387620519697123e+00
-5.979043198714598439e+00 2.987137048698278896e+00
7.372276430566816252e+00 8.215094830445782703e-01
1.724003674879420078e+00 -7.441061937824174244e+00
-6.906456964548755018e+00 -4.249314502330050480e+00
-7.093740011595479622e+00 -3.285668300442404544e+00
-3.225292532442521898e-01 -3.075430815870991985e+00
7.351058455030779371e+00 4.069456598150139603e-01
-5.952774734733595530e+00 4.394757908448378103e+00
-4.455984255578473441e-01 3.185855084131668402e+00
-5.195461468598641552e+00 4.075312373152652157e+00
5.748642538023299942e+00 -3.942600269655407885e+00
1.794928176769727823e+00 -1.172107322176945843e+01
7.906987891495031562e+00 -9.081924942279728796e+00
-3.482300130743404942e+00 -6.378190644665848730e+00
6.010690513857048778e+00 -7.885173895342074246e+00
-5.221554647084447609e+00 9.893057625385313969e+00
-8.037964463109023683e+00 9.933309161969793522e+00
5.646839035811679786e+00 -5.983677728454368072e+00
-6.704880946494994554e+00 7.427434974846716997e+00
7.539671389597276452e+00 -6.331957597917631908e+00
-6.350723760750641489e+00 3.229091989871895052e-01
3.207723543704166236e+00 -9.685888822078084104e+00
2.443821831440817771e+00 -8.552997121879323927e+00
4.740711333714331843e+00 -1.116654845623146741e+01
6.932973251198970566e+00 -8.752096334240134112e+00
5.296803303539369345e+00 -1.131287721337970353e+01
-5.535454086555693820e+00 -1.582140192758604513e+00
7.907987704592029488e+00 -7.844918724368787899e-01
-2.895330801876561555e+00 -6.013397525723026327e+00
6.804061824343864195e+00 -6.405606765589243246e+00
1.165388905756822302e+00 -3.419717269656067149e+00
5.654385138480576778e+00 -8.910364998328766939e-01
7.182051574021421914e+00 2.464223576222971168e+00
-7.390905107596781320e+00 1.000932161129593112e+01
4.632620650834695653e+00 1.494338288978829921e+00
-3.730686559162124105e+00 -6.375733530832872198e+00
-3.072089277557041420e+00 -3.199059038633562224e+00
3.474448837258365064e+00 -3.965139943977987080e+00
-5.826389330438596303e+00 3.073978593428084327e+00
-7.378630056928201064e+00 -4.042362694208502027e+00
-9.861184611783746501e-01 4.269810519189935150e+00
4.225288403562566408e+00 -7.230670679110548171e+00
3.614667709302878951e+00 -5.699938606870976088e+00
6.260402858025375661e-01 -3.460484182085631133e+00
-6.698912060208948915e+00 1.003766962928372131e+01
-3.287492645868267171e+00 7.348263426001055088e+00
6.098188886279589660e+00 1.807991331705618432e+00
4.916306820366376229e+00 -4.989869289786190265e+00
5.962122595564449234e+00 -9.890828660178934584e+00
-3.413954374680405301e+00 -6.269325288257896034e+00
3.946716738708314853e+00 -4.793006632032014380e+00
5.780879607946988408e+00 2.733857103666223587e+00
-5.761838812646766783e+00 3.899826405786495975e+00
5.675285473988314067e+00 -1.055320390563260879e+00
9.001739328625493641e+00 2.142872118213956512e+00
-5.703636441118129952e+00 4.708216909180903187e+00
-7.900679776127211618e+00 -3.435358213700331120e+00
-6.856981557118429826e+00 -2.570069486637499345e+00
-6.720842268114199491e+00 8.826350079787024683e+00
4.434609915926782442e+00 -4.326670422127121829e-01
5.782853481565381593e+00 -9.342426007799353727e-02
-8.990527993261197892e+00 -1.274908847979695059e+00
-6.468538562742954134e+00 -5.625153478136794227e+00
6.234880657903144829e+00 -5.757631240516253968e+00
-3.131376610659380777e+00 5.943159637831288755e+00
4.433310264584159555e+00 1.517162055648856311e+00
-4.941300907260417929e+00 2.039454239343398090e+00
-1.730083096329682268e+00 -6.866378964760247783e+00
-3.677391056551797099e+00 5.520622752877718753e+00
-2.102690702589880445e+00 7.257326022881038341e+00
8.767542588086918443e+00 -6.187437425888242970e+00
1.144115577611272805e+00 4.466125911866571485e+00
5.757418944448342124e+00 -5.922509516831772736e+00
-4.549893255581996421e+00 4.562621168974517971e+00
-1.168593964593732659e+00 -3.009034897164051259e+00
-7.494248110509757588e+00 1.112258491413104800e+01
-1.443123988547173608e+00 5.209424020608460992e+00
-7.229920140937239559e+00 3.290819570429378782e+00
-1.649678025340499898e+00 -2.160160492197118476e+00
2.968534395381496438e+00 -9.753412313358325036e+00
2.752946619377491189e+00 -8.141485276343178867e+00
3.553167109835138948e+00 -9.868930771643289468e-01
6.333186912608566033e+00 -2.104218040383192267e+00
7.164582691163309036e+00 -5.093610187513914589e+00
2.061729648773936940e+00 -9.794276932703152028e+00
6.313062927366025257e+00 -5.466066009057008124e+00
-4.322070739342138701e+00 4.970939302464082665e+00
2.864980629715593974e+00 -8.495074378610491195e+00
7.940718686721019104e+00 2.202974352279154058e+00
1.597689559805482773e+00 -9.034934705787819098e+00
-6.795108000471643983e+00 -1.939877020288868215e+00
-6.194497658165992959e+00 -1.570277851766657795e+00
6.055093973602888369e+00 -6.713001347981463418e+00
6.695656993192197426e+00 -5.177538314723421742e+00
-3.824842386665027849e+00 7.118327004656924473e+00
1.284886398759861992e+00 -8.179624120323614633e+00
4.002580287775391987e+00 -1.061420234070765822e+01
3.781500080952056031e+00 -1.075304927530669552e+01
-9.089999486535534245e+00 -3.006337328175048285e+00
-4.879785969631224241e+00 4.347335304382134780e+00
-4.602704983117480886e+00 -5.300993119542818377e+00
-3.777790110297381432e+00 3.139387290506309824e+00
-1.250838963174583540e+00 -3.950098236190529022e+00
-4.702284234656080031e-01 -2.371062702048581272e+00
-8.496236270058542317e+00 -1.631574987373412888e+00
-6.200832358921403831e+00 -2.097292105665065520e+00
-7.073349923122042249e+00 -3.637134130562908574e+00
5.560617481253461669e+00 -2.944522175803974129e-01
5.984974163513775203e+00 -3.336802600301123078e-01
2.746478276563836474e+00 -2.322292528933826539e+00
1.097080917981863912e+00 -2.916421033910940874e+00
1.153190399045477932e+00 -7.288716772156799806e+00
1.775841448097196462e+00 -8.458754082513647576e-01
-4.459303290492226068e+00 -4.024010497437536138e+00
5.274487487464313951e+00 6.249901535755209014e-01
-4.793077179490196293e+00 4.273995556903575910e+00
6.097805241408745580e+00 -1.903357213349915478e+00
-1.879489270775121401e+00 -3.563604751773983281e+00
-6.867710879979958882e+00 3.208962193296048593e+00
5.294257093097226807e+00 -1.369219813682823084e+00
3.969860169555126994e+00 -5.986726818320998511e+00
-2.316369447802324011e+00 3.326409112587790595e+00
-2.624423033414702733e+00 5.894761107255360955e+00
-3.640825378190976291e+00 -4.884952880696096678e+00
-1.261897492743537130e+00 4.739852400276768130e+00
-2.106538756739009699e+00 -4.236981727235346717e+00
-7.425283546805660606e+00 -2.615380684731416050e+00
2.634506272218112954e+00 -9.667280383075203432e+00
-1.181806158073797741e+00 3.292728448533929875e+00
4.764509372556661404e+00 1.280621965609408663e+00
5.127261417131562915e+00 -9.947264128737391964e-01
-5.208615583768310131e+00 -8.017579991175027843e-02
6.754312979320187260e+00 2.042151977026756882e+00
5.001452963571293431e+00 -9.896177711164586555e+00
-7.080017783571765477e+00 -6.255624881153587502e-01
6.324027228199895490e+00 1.761280693060079283e+00
-8.256165585114626282e+00 -6.364461292465578568e-01
-3.467163349048298038e+00 4.436213949790925426e+00
4.826897670971337817e+00 -7.697623584841315036e+00
-2.133384380799893343e+00 -4.845588467756537732e+00
-8.751077811938712259e+00 -5.036729511873772935e+00
6.128876592926120637e+00 -3.707202030139606030e+00
-5.324431633481973236e+00 3.532811427947675664e+00
-6.061284001095497587e+00 -1.548263836934352433e+00
3.976947115056702842e+00 -9.199296733139041837e-01
5.372106613363325955e+00 -6.318625345317329334e+00
-3.932058307605439396e+00 -7.024125395989975651e+00
-6.006023469310938445e+00 5.583212297313730588e+00
4.066644011359169752e+00 -5.506944679301113865e+00
-5.641402903793913737e+00 -1.860682892119343013e+00
6.165078913456868648e+00 -3.761790774830518824e+00
4.321109921493111017e+00 -2.171680769974776659e+00
-7.737940259495154294e+00 8.078131727387189542e+00
7.067962932252236374e-01 -1.059375417848987766e+01
1.047706061254808807e+00 -4.873714847530467686e+00
-7.219800734540362974e+00 -2.633875988164689375e+00
-5.782095580657596656e+00 -1.101138481220673260e+00
5.111878388925048533e-01 -1.550710777983271615e+00
-4.622766125242296908e-01 -5.154936576339919085e+00
-5.804153619653606988e+00 -1.009366256755812152e+00
-7.975281473868655269e+00 1.062682031448705544e+01
4.247347238516811174e+00 -9.702929029370015002e+00
-6.046109625787543962e+00 9.925679887600740159e+00
1.525421630272342455e+00 -7.225626319752683102e+00
8.273814580546702047e+00 -5.837424764797560783e+00
-4.392303727818293702e+00 -7.428103717175348564e+00
-4.675689106463580380e+00 6.755724017722159580e+00
-4.346239675822539894e+00 6.418152630122076374e+00
2.837643746361426356e+00 -1.180105591205162163e+01
-1.638147312963709190e+00 -4.604926238411809258e+00
2.623215838026405233e+00 -1.874739153414838877e-01
5.420866325380183426e+00 -9.443307166243068096e+00
-2.310021875624212129e+00 3.516646723317217837e+00
-6.351292939571683505e+00 8.644635777364976903e+00
6.265899584715941550e+00 -5.043406233723766618e+00
-5.129360817747134149e+00 2.406673840785128249e+00
4.963927558747837310e+00 -5.909590165607187195e+00
-2.349634313283689213e+00 -4.819528151648153624e+00
7.354800633804121190e+00 -6.965391063088137713e+00
-5.802201369095522310e+00 3.785074302386897127e+00
-6.498196875896185887e+00 2.456974410701771916e+00
-4.556123641924323842e+00 4.081570302043735943e+00
3.091153416016021449e+00 -4.867448846645398675e+00
-6.398133716846941432e+00 3.435942547731380081e+00
-2.266593036066411493e+00 7.057232623038467878e+00
7.471823618281743684e+00 -3.473241938485465141e-01
-8.773044968502852203e-01 3.753687790586047957e+00
-6.968533443330156452e+00 3.889267595728899352e+00
-5.849888396180526584e+00 -3.755040645007752254e-01
-5.601166318499318564e+00 5.011785308864786792e+00
-7.260540402118957459e+00 -3.601828282533498182e+00
5.607398584357680349e+00 3.123989308762996409e+00
5.069117305968632081e+00 -1.211013262000884616e+01
5.297647733144186688e+00 2.245154410430879599e-01
5.853674092508548199e+00 -6.306923500919021208e+00
4.683285939820379440e+00 -4.950068600567879784e+00
4.855290875735890133e+00 1.973407136965366071e-01
-8.309192892187224899e+00 1.041429313942566992e+01
-3.554908459896014339e+00 6.085859565262003557e+00
2.908266835677801865e+00 -9.782390783463604578e+00
-2.250921775961661098e+00 -3.799108443209795016e+00
-1.458366423134192402e+00 5.287750461902362531e+00
6.776326333068578123e+00 -8.821581270374223571e-01
-5.749317694097627829e+00 -3.028187958390802237e+00
-5.167615305404984483e+00 6.115909359232433395e+00
3.837823802094104231e+00 -5.507274841095746609e+00
-2.430623458086364153e+00 4.758007303045153513e+00
6.834451722458762646e+00 -3.955737577579523823e+00
4.111440153246054940e+00 -1.202113526185021186e+01
7.438099937733182010e+00 -1.148258348885131230e+00
-7.007893336961342534e+00 -4.431656670032195766e-01
-6.668977893625600117e+00 9.482611832945153196e+00
4.809399290473912458e+00 -1.167243177990470571e+01
3.953622804110881184e+00 5.380797909022032588e-01
-4.969824416170512293e+00 -2.696529548986199565e+00
3.261556126112080900e+00 1.534449508707979248e+00
8.761882725400534255e+00 -4.719392294577270164e+00
-6.698335461954778580e+00 -4.804032649506877029e+00
3.334927325798958897e+00 -7.482134842952715914e+00
-9.615754725885161669e-03 -3.280198371621211528e+00
-7.697717651487078427e+00 1.021338314771735867e+00
-3.425503333615558699e+00 5.825765334861911171e+00
1.880033591179700148e+00 -7.893877288939084913e+00
7.046313386050737648e+00 -1.975396473402387110e-01
-2.135503091681747456e+00 6.539252596876689694e+00
5.323798938789023438e+00 -5.474449153633409004e+00
-2.191250692969461067e+00 5.968938222247810899e+00
-3.428053713381133960e+00 -4.998876282646495639e+00
6.413282121212344755e+00 2.313504921452117280e+00
6.162896047347311779e+00 8.709196465730792980e-01
5.863899745856174128e+00 -6.153055997678628763e+00
-6.907072204450582120e+00 9.197720992725226807e+00
-4.003891710893594080e+00 5.265635396309826355e+00
-6.853290448900913212e+00 5.953218911500540500e+00
-8.804198262641558248e-01 -5.138777925671711877e+00
-6.992126648716741499e+00 -4.416475556622676990e+00
5.975429712779337876e+00 1.189914719477268790e+00
1.192341326856652728e+00 6.172383531069371543e+00
-2.174686710315777649e+00 3.888097732661636385e+00
3.801908308374126744e+00 -9.177045257096214215e+00
6.813027464109704390e+00 -5.854946250743088498e+00
-8.371444172731353106e+00 -1.768549868604109232e+00
-2.543732074034230628e+00 -6.453323180233679679e+00
1.911513457325951570e+00 -4.223548868267072542e+00
-3.772783549689262550e-02 -8.019330876196280045e+00
6.007610406495077271e+00 -1.130689534158077869e+01
-7.418829918177745064e+00 2.532695959241806349e-01
8.368923473801118673e-01 -5.152898082435806160e+00
2.285829295837905395e+00 -8.388257300106696235e+00
