4.583184287233935450e+00 -7.308808439778612609e+00 1.411982740845233231e+00 6.601513357100222024e+00
2.040766527435059707e+00 7.048263765660281344e+00 -4.877415595558094452e+00 5.237914018248721604e+00
-5.269747909547890519e-01 3.118390177524676954e+00 4.834105608767350404e+00 6.212183387291778658e+00
3.762135042824168885e+00 6.306364078066913237e+00 -6.628668222528700582e+00 6.256685592929263073e+00
6.599008630172217948e+00 8.053385433363919432e+00 -8.758410953201474669e+00 4.896285325282979883e+00
3.127998145239938577e+00 8.420774979520487591e+00 -1.041286131926395697e+01 3.393223758910512089e+00
3.955260558562214257e+00 9.522824940990100018e+00 -6.817378758163823882e+00 -1.315729789322872545e-01
5.370992718959515244e-01 -5.486075708219397384e+00 6.740740942307154704e+00 5.268120360658833157e+00
2.693982090353388870e+00 8.421100734659665576e+00 -7.634319995548652926e+00 3.433658945846039146e+00
-1.967220614966024739e+00 9.886874295274877822e-01 5.157941981755374883e+00 -6.047573405550521031e+00
4.498221452164232304e+00 4.716815947449247481e+00 -5.517510503465161698e+00 4.111138955895948577e+00
5.400732773099385042e+00 1.128038392448792848e+01 -9.391305510902377307e+00 1.264464462209579754e+00
5.575862227164263274e+00 3.947533377359611073e+00 -6.544085494317206653e+00 4.902767775364615943e+00
8.425033335574601878e+00 -1.017838387575247694e+00 8.471585028543598739e+00 -4.709724162868848651e+00
1.824275082404630322e+00 1.117343453431000810e+01 -8.809321743775774038e+00 1.895547818835418452e+00
-2.336044872806470885e-01 8.526951068758272356e+00 -8.243306716561065173e+00 3.354496315352025526e+00
8.335743913897434965e+00 7.143204813828543109e-01 -4.766982515960354050e+00 -3.908086286486353700e+00
7.357748491591734386e+00 -7.924864791267907105e-01 -3.938276260593874589e+00 -2.325367629133171299e+00
-1.417764080448673525e-01 2.615977051697159883e+00 6.142330345317880358e+00 -2.025575118443077915e+00
6.742843302043366904e+00 -5.372600731904523030e+00 1.436685478365392843e+00 7.134163672773311760e+00
6.968599405192547280e+00 -1.191757368693245223e+00 1.025980007719782705e+01 -6.133170238987248446e+00
7.467289820906042763e+00 -6.915548342280386507e-02 9.699665196824369673e+00 -4.573642309026121566e+00
-1.062940716410375019e+00 -3.592975464413474818e+00 7.544710775043676598e+00 5.277223419503393131e+00
8.283205364845953156e+00 -6.974067163236596478e+00 5.514434073867702235e-01 5.092882029544023581e+00
5.712023686438924663e+00 3.200224907883228997e-01 6.462724222413086750e+00 -4.823241620032464816e+00
5.755675162994918992e+00 5.507481788521539912e-02 6.395570955382199330e+00 -3.408075725719320381e+00
6.044379504879619169e+00 -1.750002670027738239e+00 8.206270406820928898e+00 -4.724049163537014984e+00
8.315095023685607600e+00 -5.550006550583727716e+00 2.637555989133812062e+00 6.060789605134035973e+00
-1.967760393509030203e+00 2.558764046779870238e+00 6.199452338325178502e+00 8.211311104431684882e+00
-2.018879448031837498e+00 -6.741992346954177151e+00 8.252699076603544626e+00 5.682868827940581902e+00
2.079144676830106508e+00 9.879332915735774989e+00 -1.122036678639957330e+01 2.135065905823062771e+00
6.225241538878611536e+00 -5.363910273797549699e+00 2.060342398341002301e+00 5.160110161769369874e+00
9.726243861765604848e+00 -2.920565262830645992e+00 4.349001440832722665e+00 -4.168552773166614323e+00
9.393422435883838517e+00 -7.452348049781283734e+00 3.134844316871192582e+00 4.970742486166082053e+00
2.674455538905045060e+00 9.874341755506716112e+00 -9.940163331366147048e+00 1.281555764770232919e+00
-1.135175877546042322e+00 -4.678537955880167409e+00 7.293914580183542107e+00 2.717585509770399366e+00
5.793558738427917909e+00 -3.279459374078841805e+00 7.804275206123716835e+00 -5.455992302263086735e+00
9.166584283789807941e+00 -6.487722387671529312e+00 2.521206491017105034e-01 6.226747730839230499e+00
7.113060036632417038e+00 8.277874439684527630e+00 -6.075865860099867177e+00 3.527759716625683328e+00
4.802370875965898733e+00 -7.736693342332812584e+00 -1.316291078176733631e+00 7.265159059241920403e+00
-2.228040776035877357e+00 1.098494359951938115e+00 6.280434371317057618e+00 -5.199720155795295007e+00
-4.481862935283187355e-02 7.357913819819918988e-01 4.708116706424828379e+00 -4.626383338365398501e+00
-7.641742748481266112e-01 7.734524666989040398e+00 -8.704919145421410320e+00 1.473417939649512842e-01
7.377024432596142489e+00 -7.860878351949185827e+00 3.081790084514621775e-01 5.794494152027521494e+00
7.745130522224911829e+00 3.824236795948410816e-01 -4.271096362264862556e+00 -3.835269336126958972e+00
7.683374951113684403e+00 1.789841064252220892e+00 -4.600272639851720413e+00 -1.158959450338580055e+00
-3.660663670456534291e-01 1.910137471742423543e+00 4.112226048732110506e+00 -2.656804703691982183e+00
7.413131561167237926e+00 -6.572603092407941716e+00 1.019037521331889629e+00 6.767440491823478510e+00
6.997633993689965415e+00 -7.597974191002226263e+00 -4.103728826171546551e-01 6.030866043855857228e+00
6.203951657603326453e+00 -8.442299394520972555e+00 1.245490411356632521e+00 5.035406597678092844e+00
4.257343754867131125e+00 1.003118216724870670e+01 -8.547449171131031420e+00 2.570237749231636837e+00
-7.924588477806884246e-01 -7.429162703672361090e+00 8.994528114253018458e+00 5.385042588474872716e+00
-1.055865903119986626e+00 -3.829292029323991819e+00 5.375796659469600058e+00 5.676165482540890928e+00
8.344953776118233080e+00 -8.751442590774802355e+00 2.559865723120742675e+00 6.006569427757463941e+00
8.820101039155943567e+00 -6.520893332323906222e+00 2.069821898210442157e+00 5.504076637673099626e+00
2.406317915218496584e-01 3.310197970142148449e+00 7.881201076500998326e+00 7.497122029026796142e+00
-2.207743108749780969e+00 2.507910314739116409e+00 5.821188987384554814e+00 -3.432536416231028564e+00
1.878894109679691393e+00 1.151569624525226843e+01 -9.974779856921900389e+00 2.100567031609836821e+00
5.589756220946235032e+00 -7.224676926809058486e+00 2.906849451738280798e+00 6.792761246717184953e+00
4.999007716460161177e+00 6.536769896712780081e+00 -5.232494919618875251e+00 6.925084915088433490e+00
2.137774702044657804e+00 1.046944618582310760e+01 -8.690839487346122993e+00 1.157048116433634366e-01
-1.367066641987943143e+00 2.179895752604472658e-01 4.190879743107754685e+00 -4.600889407624136673e+00
8.805713449078613309e+00 -4.888551432162652866e+00 3.636520061857605235e+00 7.220569186777567872e+00
2.591308774019770222e+00 8.922490807038515825e+00 -8.492717880215984394e+00 1.466331596266319259e+00
1.414230387079098872e+00 -6.788825830713227205e+00 8.706015575521394823e+00 6.138698023861167030e+00
-2.248344318175365064e+00 1.796529699607111175e+00 7.941766149079733772e+00 -1.918136201203065827e+00
-3.191556081203216211e-01 2.903837465637953308e+00 4.696649681740882265e+00 9.093614106744356107e+00
1.568205551569204159e+00 9.449994128044266972e+00 -8.416557250348695618e+00 1.610151332333345175e+00
2.111523801125134714e+00 8.060482869916931747e+00 -8.276111415916831859e+00 -8.913720663550579459e-01
7.551235696388218344e+00 -1.193140594824056766e+00 7.642255906907994500e+00 -4.777746168581551878e+00
-3.489569388493355184e+00 7.051140504251002250e-01 6.076204962797495668e+00 -2.720771655217221863e+00
3.264977290174749580e+00 8.204320271606801995e+00 -9.660536396473231591e+00 8.862408395126706306e-01
-1.533592737990570942e+00 5.268568864835816434e-01 5.446028281143370009e+00 -4.810852116876683127e+00
-1.672086089779230678e+00 -4.014728484823814725e+00 7.643152356779051360e+00 4.341385694775675042e+00
2.779276158719725665e-01 3.088626005805342967e+00 5.027541201738106480e+00 -3.952770036327621916e+00
-1.991141920822776301e+00 4.657677341608029487e+00 5.244498127287066325e+00 8.037375996436768588e+00
4.245303184550068831e-01 4.134559622938302148e+00 6.027983854811648001e+00 8.261978400369139663e+00
-1.775366623301260827e+00 3.032243676162680313e+00 6.518172051126431832e+00 7.961837110695343611e+00
5.545735437919432798e+00 -2.145006195332651799e+00 8.336863604791235005e+00 -4.954868948416677910e+00
-1.059973422301772272e+00 -4.756194346981295951e+00 6.640336798330539914e+00 3.744592559897653494e+00
1.007392528776776075e+01 2.086114442517676970e+00 -2.903650676341896109e+00 -2.942975631605911691e+00
5.112476252898575879e+00 -8.190081101841855116e+00 1.649712696482427798e+00 6.448010445412950098e+00
6.932656733455391240e+00 5.216593561177568006e+00 -4.058733046904421826e+00 6.249428565703773586e+00
6.857575544513218269e+00 2.220633061370947292e+00 -5.903049275624131731e+00 -2.805170761225664222e+00
-7.264758502438325438e-01 -4.947735037969446026e+00 6.881302673127900782e+00 5.085766706631294376e+00
7.101334002348788310e+00 -3.632078005042094215e+00 7.248411854008325328e+00 -9.557767670015784311e-01
1.046793865381512667e+01 2.024575670848544284e+00 -4.585716058664575989e+00 -3.944390354100832496e+00
8.627945369916822926e+00 -3.836235377796016088e+00 1.070727581374318893e+00 6.588738163936580960e+00
-2.384801569693548728e+00 3.484994376502693836e+00 6.089371391243604492e+00 6.894018971428713449e+00
2.952697103994647687e+00 9.348019399232047277e+00 -9.605289064158323953e+00 2.175219924574152586e+00
-5.801146085589665713e-01 2.023727818336557682e+00 5.833134259894289464e+00 8.287763831211998777e+00
7.974452520259265320e+00 -3.638883407956070570e-01 5.977052619364581432e+00 -4.613480911047878052e+00
1.637653761323243362e+00 1.237815633840998331e+01 -7.796481370056571158e+00 2.504842740503270271e-01
6.312608453582704726e+00 3.283065937964667391e+00 -5.191552826330939396e+00 6.198994755515615296e+00
5.831162919412256507e+00 4.864915818804879777e+00 -6.776613114819377337e+00 4.491314360044348142e+00
-1.264097133820784258e+00 2.814662674154759792e+00 6.572391384162305172e+00 8.878903414305556296e+00
-8.082863915753923933e-01 -4.813662324189732722e+00 7.951568578150157052e+00 5.221519952127985142e+00
-1.281021903949129959e+00 2.792912208117808159e+00 6.580716103956610219e+00 7.639507624436516764e+00
8.494125203921445433e+00 -7.515966035136046663e+00 2.362130436427182012e+00 9.144590918131804358e+00
5.336946851222699184e-01 3.218376487323878710e+00 6.392640879657819575e+00 7.552059632106462139e+00
5.404423341290771177e+00 -7.596972943283448743e+00 1.210493244369750698e+00 6.796492953821561045e+00
-2.078915970022464865e+00 1.639902192079043530e+00 4.916844779494537576e+00 -2.491483297506710493e+00
5.997481660537430592e+00 -1.097419643210351126e+00 8.107659922800984020e+00 -6.024845483758981324e+00
7.575808375225656199e+00 -7.733018705486083277e+00 2.108893769097836657e+00 6.695045731458298732e+00
5.148525074115431366e+00 -1.954390540619869165e+00 7.841453991082763864e+00 -3.898310661959722090e+00
4.562996980359661947e+00 9.071631007595851059e+00 -1.044162332832937778e+01 1.480458430822700455e+00
7.925269786185221932e+00 5.543572848594382485e+00 -4.567605864874624721e+00 1.608194283280161674e+00
4.242744427148798181e+00 7.089442762568609169e+00 -5.458921989502233174e+00 3.181663979336329717e+00
-1.983428129380164551e+00 -6.138984743240960995e+00 1.014158421825850098e+01 4.514880682548732871e+00
9.627228348221228416e+00 6.936952036340519046e-01 -3.206574592893239650e+00 -2.227663683799949723e+00
1.817158206297714740e+00 9.117256302800116785e+00 -9.465940200068978072e+00 2.062376938457056053e+00
-1.165062054737291630e+00 1.872711896233242745e+00 4.228270638958384176e+00 8.021176469494704975e+00
-2.741379099666385599e-01 3.444456885138467594e+00 4.148896476790179477e+00 -4.429692009240517869e+00
-2.976283568350299280e+00 5.233475441357185787e+00 5.556290775835308615e+00 6.907731729466451753e+00
-2.354946343086627092e+00 -3.073603832335890296e+00 8.024211543867629359e+00 6.366377627764950198e+00
-9.728844539934019542e-01 5.650724378103259227e+00 6.086766725885113694e+00 4.702628312319037107e+00
6.193996852140866594e+00 7.283700322364569324e+00 -5.737380187909892015e+00 4.350870103181038395e+00
-2.760400871637148867e+00 -4.600573205536729660e+00 7.414093314783584354e+00 3.675878460087432131e+00
6.631754682813816970e+00 6.303600629594718008e+00 -5.584953240928674845e+00 4.479089325071968553e+00
7.100965504220619451e+00 -5.876722022977359572e+00 2.414331445074263893e+00 6.164947254715990255e+00
4.129051764973990402e+00 -1.862828303697104948e+00 6.913429272836668638e+00 -4.641494349386229956e+00
5.243809819775400172e+00 5.626968606167456421e+00 -4.738637366961559572e+00 5.417617874470780137e+00
-8.107630309283805348e-01 3.690431423750116124e+00 6.343998779311578851e+00 8.669590490246463332e+00
-2.623376871881686778e+00 2.469306481012629728e+00 5.362589791200569778e+00 8.192214719232618236e+00
8.513124998734287630e+00 1.748450553779969496e+00 -4.483412351007642016e+00 -6.339371274930641675e+00
7.283803352897495031e+00 -5.365438882870502413e-01 1.031604970185666303e+01 -4.938026739134468102e+00
7.762014577628074896e+00 -6.831144243778705771e+00 9.691763799862311846e-01 8.346112860688810642e+00
3.164778523451445391e+00 7.847437613257032041e+00 -5.901762410273494019e+00 2.841750780429728618e+00
8.147307784866887559e+00 1.965752371506195306e-01 8.311298277587553684e+00 -5.733219363589224571e+00
2.815294191034304117e+00 8.155768989020053539e+00 -8.069802683616094541e+00 3.334887870027427592e-01
1.656043758138905808e+00 1.002049451213958342e+01 -9.786007685932858635e+00 3.162427081386872452e+00
-2.155646360815302032e+00 -5.605034734072203761e+00 6.328735795216307025e+00 6.300625085747117105e+00
-3.457980583161860633e+00 2.247787966606920040e-01 3.625132788372509740e+00 -3.902585395658102474e+00
2.262847951235825050e+00 1.085342309996590870e+01 -6.703229107611391235e+00 3.450086359037374706e+00
6.300418079790095938e+00 -4.313377089888901228e-01 8.968798666945831499e+00 -5.156120832674637278e+00
-2.198098035131761829e+00 1.961027877858502855e+00 5.982244669142081861e+00 -3.761270147860475088e+00
1.243708477494558373e-01 3.726574645781945083e+00 6.603464804228394769e+00 8.081640594345984141e+00
6.348978684555924623e+00 6.304156158221227990e+00 -6.159866330916867305e+00 5.701916876957392688e+00
2.458561474859114249e+00 4.056064840763964341e+00 6.005352406408283272e+00 8.184251488278061260e+00
7.261778335712882892e+00 -6.045396240385097819e+00 2.767873552507240653e-01 9.008669156634486086e+00
1.035030287865127896e+01 1.575613819686415118e+00 -3.930475413078261315e+00 -1.699908812327177277e+00
-2.196763014298281025e+00 -6.883174134554565171e+00 6.864891668621299736e+00 6.455673296964843821e+00
3.247443919328109718e+00 8.933508671609173390e+00 -6.596596258292889203e+00 3.205374492301926281e+00
3.811612442366410392e+00 6.927927496107008309e+00 -6.640837428935035369e+00 5.153606003842186922e+00
-1.470590887992611728e+00 -5.761872652152316476e+00 5.591452684045401966e+00 3.646928367479217670e+00
6.438710167659504435e+00 5.788397885830397271e+00 -5.768250001524572568e+00 5.462172293336523765e+00
-2.311384720839599893e+00 -5.258016407866605846e+00 5.450002619645430535e+00 3.178192686717285831e+00
-2.338167259969357925e+00 1.361116324768321117e+00 4.703306933176309101e+00 -4.368829735350526100e+00
9.259595857214369730e+00 7.259820452416960723e-01 -5.385241265246730080e+00 -3.808070661738545137e+00
5.612194999770312442e+00 -2.894720254703635032e+00 6.710717945931648387e+00 -4.650111649877539222e+00
-1.434958944063100761e+00 -2.719308865020091392e-01 3.880907576481043009e+00 -4.174931281098834823e+00
1.005672931019868432e+00 9.707160512813768349e+00 -9.452531751475049759e+00 2.196932848024383933e+00
-2.517205870864959838e+00 -4.339027704770441751e-01 4.457654066442808372e+00 -1.629414587650307666e+00
-1.156418256587167903e+00 -5.114941569396362908e-01 4.957911447547240336e+00 -4.680926463400965076e+00
-1.883748266887189438e+00 -5.113493063414812134e+00 6.621875740397666021e+00 6.259697656085854156e+00
-4.180837592179178941e+00 -1.433806579507006518e+00 5.351945744692496731e+00 -3.237961815371068752e+00
4.808469475170920049e+00 7.482552292962084906e+00 -7.694484917515304723e+00 5.148260004804805945e+00
5.936024276140951628e+00 5.032094384609099080e+00 -5.337153105315119106e+00 3.764566228510783485e+00
6.935933737700523238e+00 -3.691308373571803081e+00 7.143996594755525287e+00 -2.935765453296224514e+00
-3.952530353699465593e+00 2.124819242078309856e+00 6.248370098279730556e+00 -5.236933045944492271e+00
7.135212199893364193e+00 -9.069164566914530434e-01 7.456621011945319566e+00 -5.799124606902092971e+00
6.428581393006462363e+00 -1.144832230966899234e+00 8.359317436153366643e+00 -3.894731955569283421e+00
6.151039560634852243e+00 -7.072166456157511050e+00 7.081621564184035211e-01 7.962024674297000892e+00
9.193361624036558766e+00 2.230358467298350966e+00 -6.779753584960898749e+00 -3.727698273216928371e+00
5.654150255066646480e+00 -1.849122605262557784e+00 9.196596147879516181e+00 -4.727728015543866569e+00
5.501724914372019271e+00 4.881647763087620717e+00 -6.118853943218713454e+00 2.847572944830774944e+00
3.858753872245070937e-01 2.412767075398138505e+00 8.184662618877009521e+00 7.577987295809412771e+00
1.075841515878055965e+01 -7.450952050796919579e-01 -5.083564803001979548e+00 -3.187120273965069028e+00
9.628221693727745389e-02 2.486683536224748803e+00 7.435581270173664770e+00 8.654192649819256289e+00
2.056101013398518251e+00 8.852154102645409139e+00 -7.876612200707086231e+00 2.184983314225127593e+00
-3.682257223393901491e+00 1.005466059876204188e+00 6.101127099795839115e+00 -5.108805511595292614e+00
8.283689702597257565e+00 3.252811143671192617e-01 -4.689263970047370833e+00 -5.656420445708224776e+00
5.663415231285324758e-01 -5.433673354847305959e+00 7.408821832982105171e+00 4.034470636100314422e+00
3.767542079828329893e+00 5.688299070441997785e+00 -7.039904842896966386e+00 3.928729455477856458e+00
7.752236474414130107e+00 1.154635085070712108e-01 7.409286149199486360e+00 -3.292808718268843027e+00
2.042137265911833310e+00 8.541407232492863599e+00 -8.843182488919913098e+00 1.172339692943947131e+00
9.309679355917213073e+00 9.609162858240055671e-01 -3.837878764020879352e+00 -4.516249345909573165e+00
6.284171027658079112e+00 5.432851588216527361e+00 -5.910379115060187871e+00 4.925015539385192653e+00
-1.705059258363770258e+00 2.603274275561564099e+00 7.429455130519560413e+00 7.538436306377144014e+00
5.229408032826512454e+00 -4.044333113703789451e+00 1.148958694796252011e+00 5.422307955058705886e+00
7.898437023853828620e+00 -6.065632402088033004e+00 2.671841226514851453e+00 7.842669028280878862e+00
8.013863434201445202e+00 -9.313372557773065274e-01 -5.690641555849781597e+00 -2.482474253983117052e+00
-2.651561801373303329e-02 3.373096191129625776e+00 5.325707889303559206e+00 7.123490585025995969e+00
8.852733345779292051e+00 1.173991198651354040e+00 -5.712505729743863725e+00 -1.883624068848043009e+00
4.434083928073301095e+00 -7.819303914508194175e+00 3.436475291454026859e+00 7.594196756425688477e+00
6.430491303803225200e+00 3.923470768086844807e+00 -5.327167360398544993e+00 3.003866209762455330e+00
5.955288066050711926e+00 -6.718882151635864552e+00 2.927028665176868216e+00 8.024949722944992203e+00
9.801381673825944052e-01 1.072364119567231810e+01 -8.340698085289901087e+00 -4.289931810385017030e-01
3.561634759578613085e+00 4.849293975242884081e+00 -5.397083662090178535e+00 3.558214010037934916e+00
8.194475769744745008e+00 -9.489515886218083951e-01 7.589935268415774594e+00 -4.908402779006972416e+00
7.384177822525392898e+00 -2.344555522384679680e+00 8.547699535440534291e+00 -4.556667617835868711e+00
8.524712962106253400e+00 -1.160934846312488222e+00 -4.349665788258163523e+00 -4.645831919138808885e+00
8.598915422878658177e+00 -2.450754983341875359e+00 8.246882810461235280e+00 -3.074652901000046512e+00
-1.000975573241515315e+00 4.215541514830399628e+00 6.638363811754344646e+00 1.021733494499146744e+01
-1.860963757770282667e+00 3.532648130022300492e+00 4.231649553120211849e+00 -3.647794822001678927e+00
-1.132805463238880650e+00 -3.214191694049728376e+00 6.843947269932625588e+00 4.996438836882171941e+00
-6.254622151498254734e-01 2.758551242162325057e+00 3.657043695078781465e+00 -3.106817946240493455e+00
4.490548080804056319e+00 6.748736761614307689e+00 -6.268490726713360495e+00 2.991814393884496770e+00
-5.581947915958025419e-01 3.991582377285044281e+00 5.502248397115902634e+00 8.706773797777529467e+00
4.339443403073922845e+00 5.591015329947115475e+00 -5.220944872104086976e+00 4.133774000252826930e+00
6.290441229601422712e+00 -2.853324823174974156e+00 7.144397449601228800e+00 -2.544661913480462001e+00
8.179357512584340739e+00 -9.596790997031295900e-01 6.917209448948685058e+00 -4.201899370457483407e+00
-2.457935523271570499e-01 1.387869294200886117e+00 3.792540142110259360e+00 -1.853648014185742543e+00
5.412562064930918737e+00 -6.415804809595850422e+00 2.151675533350000169e+00 6.495217556216513088e+00
7.697767220183923342e+00 -3.253844232083498156e+00 7.148559430576675311e+00 -4.376648023968156664e+00
9.297661596568994824e+00 -6.563629626384219762e-01 -4.790137155678522163e+00 -1.275122817723828517e+00
-3.005456275914870190e+00 3.191380718043869802e+00 5.777436581247652470e+00 8.764971788789104323e+00
5.925924813900628862e+00 -7.795630988012812068e+00 2.304819844470177959e+00 6.049726747799471838e+00
7.018572484327397554e+00 -7.817547879283837098e-02 4.805129255262917454e+00 -5.438122278219715611e+00
3.993674959535519875e+00 1.073376009471098591e+01 -7.399817035028693368e+00 1.751371414303615648e+00
1.007541259126979405e+01 1.549234635227445533e+00 -4.659399820152438920e+00 -2.971693693436900041e+00
7.781242486183376883e+00 -1.441953760304409915e+00 8.937468820106735379e+00 -3.294960262463794365e+00
8.425479234886863011e+00 1.536112446555286670e-01 -3.102037720011910249e+00 -4.144163006583082343e+00
9.102121734373568529e+00 1.260578628073497631e+00 -6.558745120401745510e+00 -1.738777398570792165e+00
8.064824795817445491e+00 -7.148353977067522180e+00 3.416766991741021720e+00 6.560506291810201951e+00
-1.950851638065051574e+00 1.773738969069392546e+00 5.383319396629498321e+00 -3.315117645174264549e+00
8.214864348726507615e+00 6.249463416402319949e-01 -3.719667093826214188e+00 -3.469389947838997124e+00
8.611310301809167456e+00 -1.921762243537110226e+00 -3.328899979301651157e+00 -2.709974516825675916e+00
-1.323048699386967009e+00 2.881919548386854046e+00 5.388996164276233181e+00 -3.060529721375529366e+00
6.108778328601796481e+00 4.393631357866352616e+00 -5.962395200113209448e+00 4.262370328350204574e+00
3.980391909357548386e+00 9.910264963654995540e+00 -9.623153712104866031e+00 2.482082305982744153e+00
5.265333241586258595e+00 5.780954294091491086e+00 -7.773484971413836320e+00 3.760112966086873065e+00
-3.618457977496638556e-01 2.935596974823750926e+00 4.918803020103565515e+00 7.533558548761240203e+00
1.155114824595749212e+00 3.333704251209440805e+00 5.875569561047594647e+00 7.059906045499372951e+00
1.174725635494347387e+00 3.593163192101084036e+00 6.276923163134235928e+00 8.309213549970037249e+00
-3.207895548871035896e-01 1.248098147073802844e+00 4.635826125386288687e+00 -5.187323215358333073e+00
5.161830560391695855e+00 5.622464560696942115e+00 -4.508049767734066293e+00 6.059168915001480471e+00
2.363825404095942773e+00 9.901226650194995926e+00 -7.843081220361749928e+00 3.264738173673014998e+00
1.549340906980277932e+00 9.111476032089770527e+00 -9.531377854048926679e+00 1.179863410572542293e+00
9.017431468053823451e+00 -6.818067277467084963e+00 4.170554984441809943e+00 9.150736696059032838e+00
4.671166524649284391e+00 8.388414035252511169e+00 -4.306635044743734042e+00 4.935027928152686094e+00
-3.677631517315065324e-01 -5.495554825528650156e+00 8.796777067503665393e+00 3.672513359431197166e+00
8.228739512619764440e+00 -2.543455851871450513e+00 6.891747338651321719e+00 -4.433242056001356346e+00
-1.658041151517015477e+00 -5.863841599189710152e+00 8.942197366721735818e+00 5.318842818879955026e+00
5.155504242084115951e+00 5.152302386689560088e+00 -5.870837583855046837e+00 3.120608500741042235e+00
-2.531196531401508132e+00 -4.433785679880375419e+00 6.994693779144165902e+00 5.105619044871349210e+00
1.055313620123837026e+01 1.511345370621265616e+00 -5.293672088147236998e+00 -2.837156840317484274e+00
1.134007883434214659e+00 8.253004565047534768e+00 -7.379857695434283826e+00 6.827257370058936736e-01
9.555687500239468335e+00 1.839023467352662866e-02 -4.927554121064982695e+00 -4.702631245109172298e-01
-1.297570815737660421e+00 -5.457792108409930343e+00 7.414332808369469063e+00 7.035762905200153128e+00
5.286739933783035639e+00 7.875208793819604480e+00 -5.322743580500349125e+00 2.869255507373969394e+00
7.871811967599541937e+00 -6.492610174163645498e-01 5.310868493641548227e+00 -5.256059463400578835e+00
1.469116206460907126e+00 -3.019983382193366150e+00 5.789437130536890130e+00 6.652019881949027713e+00
-1.215728811125922348e+00 1.355602906112961303e+00 4.818271546114567094e+00 -5.051844597626542033e+00
-1.846798984342923333e-04 2.838436116307457180e+00 4.524834394422896366e+00 9.845175910327094826e+00
2.372281445746596162e+00 1.168449570530536619e+01 -7.121076043708896464e+00 1.682032772585881464e+00
-4.040963196593942985e-01 2.469266625845700336e+00 5.529885189334031281e+00 1.068087256266795215e+01
5.371292804819015387e+00 7.986216046648413780e+00 -6.075204560872946580e+00 3.435347881675204107e+00
-2.002280477822909965e+00 5.787943765477874258e-01 3.939960010026730242e+00 -3.690684338871288439e+00
-2.007833248731544451e+00 -5.870546004376477889e-01 6.426729519190620188e+00 -5.478149326571843503e+00
9.259663651816932628e+00 -6.102391371068656589e+00 4.066433263946068521e+00 4.284716012966818255e+00
5.010124332737146524e+00 6.587351646337366695e+00 -6.730481859604495298e+00 4.055836022639197402e+00
9.814425808351376901e+00 2.860013991121992838e+00 -4.635246546978648574e+00 -2.764452074963004158e+00
4.380733906662248600e+00 9.572115352345583972e+00 -4.730907525964334503e+00 5.411394949018593081e+00
5.660369710800834397e+00 -4.951479338879179792e+00 3.036909612147453696e+00 6.126794130592984722e+00
-2.454136519152200435e+00 1.937977207211349029e+00 4.046948532782459473e+00 7.124089246555589838e+00
-4.121808874795584998e-01 -3.838404861282525449e+00 5.096176717893535546e+00 4.779895442390529325e+00
5.179710383973612053e+00 3.876816021395415479e+00 -4.846572811288398341e+00 3.112066742786654849e+00
4.393296989013562026e-01 3.231313406931294985e+00 7.514788192376890663e+00 8.959043022401273149e+00
-2.893760125738823685e+00 2.547435787410229580e+00 4.666916450450091958e+00 -4.821484904120476145e+00
8.189652096724286068e+00 6.906893686185374470e+00 -1.009677149069954183e+01 5.409859951936597078e+00
-2.874940151157807655e+00 2.748688132345030954e+00 5.032354423461121051e+00 -3.489077966434846800e+00
3.311204144292844376e+00 8.290027098715762932e+00 -8.319469306213463256e+00 4.144733471126242463e+00
1.102367360661614981e+01 -9.010288860221982166e-02 -4.542967905980502152e+00 -3.081074600447711642e+00
6.013422885302824206e+00 7.495443758552070790e+00 -8.281905674861203437e+00 4.085570134900494921e+00
-9.080438968446223891e-01 9.515282062041533484e-01 3.276791152176047994e+00 -5.429232115950541449e+00
-7.813889020131773444e-01 -5.969197617852912252e+00 6.463706644289882064e+00 3.909802694624091579e+00
6.158265616402130327e+00 -2.332558403202881880e+00 7.859206368054634240e+00 -3.183073261269321108e+00
-1.883802965079637293e+00 -4.345011289381914388e+00 6.303694175071898442e+00 6.475168932707743963e+00
8.531238830266758555e+00 1.681708295694970268e+00 -4.187938593864749315e+00 -3.014183516340087632e+00
-3.165182329115649118e+00 2.505692373392621963e+00 4.043725802355437438e+00 -5.568620263043823293e+00
6.026297858231151494e+00 -4.877844434074170010e+00 2.532284192605828377e+00 6.079455405060776307e+00
-1.208440160930235097e+00 1.878086477365966456e+00 5.539237373209870974e+00 8.126658655857200486e+00
-2.648061727733205029e+00 -3.264460942403247579e+00 7.850119861109248198e+00 4.853943783775763521e+00
5.272015537712354316e+00 6.237016219973175346e+00 -5.026364529551206495e+00 4.762125990258928354e+00
4.225213219324266412e-01 2.101128496726358819e+00 5.168850507657404059e+00 -4.035834825261757963e+00
-1.699543586325188871e+00 1.968834630163191379e+00 6.334403291402573188e+00 -3.634242533163625666e+00
-1.517766632038585861e+00 5.055758004950241968e+00 6.555338875047358904e+00 8.551242849210874297e+00
-1.486949306838173168e+00 -7.799972404068001630e+00 5.315800503548398837e+00 4.823131474990580259e+00
2.301708693724928256e+00 8.706623929366710257e+00 -9.352551662479319461e+00 2.601006134744884513e+00
3.050083915792197509e+00 7.830785255386640387e+00 -5.838506383927129839e+00 2.287543188559053142e+00
8.339088759183566069e+00 -6.434863766568320820e+00 1.456063251817737436e+00 5.286678866068646343e+00
-7.602552346690973906e-01 -3.662448359035956891e+00 6.793222490314436257e+00 6.837099999392098226e+00
1.708933747180306106e+00 1.042726117817753639e+01 -9.080637713273866041e+00 2.565138835501542758e+00
4.735232705091169336e+00 -5.677519184007556063e+00 3.184570132945648169e+00 6.213357318623651260e+00
6.404745826984272306e+00 -2.583290753602555334e+00 6.085397205512919072e+00 -5.500915447114048007e+00
-1.910690668139820803e+00 2.811111732593315704e+00 5.075251721677828343e+00 9.617172757577142406e+00
2.110037137521704853e+00 1.003954184077730538e+01 -7.593867232522963917e+00 2.304831883534437242e-01
-1.622176854669279855e+00 -5.341258369834813280e+00 7.614039114122522101e+00 4.436309468991367133e+00
7.499477565343775964e+00 -6.691033134720484554e+00 4.972894682378117270e-01 9.143598334904782021e+00
6.877737888306891811e-01 8.367024889284483180e+00 -9.862877770840352554e+00 2.449687221526643199e+00
1.557824033699837241e+00 1.181204936382195925e+01 -7.923691366316226947e+00 2.036517027098815102e+00
2.697114829707483175e-01 4.823431088097791530e+00 6.567293611710502965e+00 1.019742541461189234e+01
6.055877555029680614e+00 -9.217477274071143034e-01 8.469967029620779186e+00 -2.857556037731859622e+00
5.790002584597829127e+00 -2.235634985407171982e+00 8.400288869094616473e+00 -3.505826449994027705e+00
-1.090550294224430061e+00 1.710883861543332163e+00 6.041866580823502808e+00 7.749849249996375811e+00
-1.450698936862658162e+00 5.070937823116850929e+00 5.776473459080548878e+00 8.682216047952586280e+00
5.327824720250349699e+00 -7.072235575148531517e+00 1.875342674685392286e+00 5.981986557185551945e+00
-1.929649112936999478e+00 -6.490108459536417129e+00 7.942382432350795440e+00 3.860689838472413982e+00
3.575780407117431281e+00 6.992080564118522190e+00 -5.195830449617578672e+00 3.115291539520347541e+00
1.462980265876531405e+00 9.801554351584853109e+00 -8.457091124281305383e+00 2.498641721971823770e-01
8.613507320638142062e+00 -5.921216716584837059e+00 2.617016524081306805e+00 8.840996262904548431e+00
3.736123352116170970e+00 1.149151203385931197e+01 -9.512923645845242859e+00 3.860060835039803795e+00
8.843497721405325862e+00 3.564951367302006124e-01 -2.232722870173988294e+00 -3.504374000985587934e+00
8.128239476758951199e+00 -3.089673841391778364e+00 1.096904764902385487e+01 -4.562064818072632200e+00
6.089710694068347863e+00 -6.701569480582600935e-01 5.584917522431689818e+00 -4.651491877562501820e+00
2.757776218710234151e+00 8.679197944480272042e+00 -7.557457409138416793e+00 2.750493894205040757e+00
-6.268080141489322799e-01 3.957375308679067505e+00 7.198188797012537776e+00 9.034147844926456727e+00
2.105279648279984261e+00 8.924568327668136902e+00 -8.219477348605028766e+00 4.577062515868421499e+00
6.127885220467634397e+00 -7.044308571821850329e+00 3.323611320258734292e+00 6.811440025499419626e+00
-1.504697071181146040e+00 1.606523657004527372e+00 3.721820798344031456e+00 -5.664568781941089703e+00
-7.796965954214237771e-01 3.194596341935768802e+00 8.667289831899289254e+00 7.628030267062344549e+00
-2.905549785680504371e+00 2.192243366077571309e+00 4.429588355538948363e+00 -3.739834116857533530e+00
7.226045224423272018e+00 -1.764479836936367674e+00 6.712796725029308575e+00 -4.380476300701587000e+00
7.103263275556716216e+00 3.590798667158947577e-01 -3.128536500218104255e+00 -4.413485271239202312e+00
2.540678169635432138e+00 1.122844991264158665e+01 -1.040321538671995860e+01 2.793332996096104193e+00
7.169874833059864727e+00 -4.503289085144362325e+00 4.390544324683509636e+00 6.206561119485048295e+00
7.930654465185341451e+00 -5.723842384193958743e+00 2.755820143715249415e+00 6.250148199956709227e+00
1.011145313984917671e+01 2.605964040778138369e+00 -5.518983905101380927e+00 -2.399145852229036979e+00
4.586372825618180826e+00 -6.971931850124335028e+00 4.222144356098016527e-01 7.922269289861060493e+00
1.335616503645653985e+00 9.966111364303900544e+00 -1.062795283332926033e+01 3.586758555566434303e+00
7.827841263478370060e+00 -6.774448533527913874e+00 8.217656775229902344e-01 4.516214438072321258e+00
1.470100489048138837e+00 8.505822114442866955e-01 6.588307593095275472e+00 7.453427209013558041e+00
-1.210086440781992234e+00 1.872371898486163699e+00 6.224899766255725275e+00 9.276471421180096044e+00
5.677152241039832958e+00 -7.391344406202542849e+00 3.130272682384781291e+00 6.746646498738202880e+00
1.521964708760195961e+00 8.865833445451052341e+00 -7.924723731686947659e+00 3.633491278882871711e+00
5.299689757045547012e-01 1.696929692565265935e+00 3.732356081310383544e+00 -3.741186469837437745e+00
3.525187849339869839e+00 9.314554750387372906e+00 -7.048366938386843472e+00 1.450643769946820205e+00
7.539228159952970465e+00 -2.253864588601878438e+00 9.461370634720832840e+00 -2.295579411872746611e+00
1.880094422830790535e+00 1.039505866699780334e+01 -9.024086582973566806e+00 1.078887710691512458e+00
4.909879045192938385e+00 5.461794691057225037e+00 -4.208441677165725814e+00 5.314565709846004182e+00
7.644232929441433733e+00 -3.942391318467747929e+00 2.319025682246242503e+00 7.317550597998388362e+00
1.226777628361286565e+00 9.558294584433470575e+00 -8.534793802061503953e+00 1.368391203854267602e+00
-6.669031532343334678e-01 2.965980307493495172e+00 6.200300557077918384e+00 7.148442823033206217e+00
7.999221605547274017e+00 -5.929317430315207638e+00 5.465911731457029354e-01 5.997119979420364899e+00
3.270336112197546274e+00 1.079975072547745008e+01 -8.274946522328951559e+00 1.203381498529905835e+00
1.866128542924526901e+00 4.647361533582277993e+00 7.366598901026270241e+00 8.073795804627662775e+00
6.587433687086496015e+00 -6.185591176417760018e+00 2.377344166632501921e+00 5.652658607218707054e+00
5.721779733027513082e+00 7.005770362557737663e+00 -5.158312847471797191e+00 2.808019138870555764e+00
-1.713516927941356016e+00 4.098808916755099396e+00 7.024680247317576232e+00 1.010995350058556141e+01
2.269602988510913910e+00 1.085031869895303025e+01 -7.526075861225423935e+00 9.006546014823405555e-01
4.502252370104105061e-01 8.634938385902433566e+00 -1.185104803570690812e+01 2.584335715067454409e+00
6.729221041056240971e+00 -4.783989822620466903e+00 -1.832954058113913653e-01 5.753055187402448034e+00
-4.354023853848913994e-01 1.604289135658770737e+00 3.409564292577567990e+00 -2.845457956256917775e+00
-1.263010142924418933e+00 4.265116572510282644e+00 5.592449902973974041e+00 5.819506949941766649e+00
6.610596448006315740e+00 2.748772089330853152e-01 -2.055120652808219539e+00 -3.669810163253883317e+00
9.793634712831131850e-01 1.654841059237694312e+00 6.174354516256626013e+00 -4.775227092309073385e+00
8.222041791038989800e+00 -2.316709915345152027e+00 5.375961357179750877e+00 -4.635936300220343753e+00
-3.114143286973229952e+00 -3.438964808678973917e+00 5.400155816951517807e+00 5.146153426678376164e+00
-2.396174547462111004e-01 -4.164390148449771623e+00 5.884181610190263534e+00 6.212912247781386732e+00
8.323941916771294913e+00 -1.943480055373456583e-01 -4.969540382915977439e+00 -2.377435461308615494e+00
-1.026439800910738942e+00 -3.752691948810829903e+00 6.392367972282454680e+00 5.858347681840011312e+00
-9.498843223066703034e-01 -3.170528213298472231e+00 6.823384887285848244e+00 4.574567903345544195e+00
2.185729494940822804e+00 9.851909456190039549e+00 -8.687104059458581773e+00 2.466751834704988156e+00
-7.407526976258745899e-01 3.053620684762133664e+00 4.065413913942087731e+00 -4.378598398640144218e+00
6.590067399369246459e+00 -5.046422055377620675e-01 8.032300091885643312e+00 -5.678427702739876182e+00
-2.395150571091129610e+00 -4.711734709190711357e+00 5.903467266928920765e+00 5.232771500254279395e+00
-3.041236938675738521e+00 2.620225116899216555e+00 4.309448943019391187e+00 -5.059671574089986024e+00
-2.523408357969872728e+00 1.464932633558669650e+00 3.702727754000651572e+00 -5.718003353034281311e+00
-1.268613844975396976e+00 1.460516588874123389e+00 3.055739012434064872e+00 7.500318607878102561e+00
-2.996669690806845310e+00 -6.525089027598921732e+00 5.978000780204747677e+00 3.899919612069973951e+00
7.003590909788902863e+00 4.174036201654132583e+00 -5.553686390637711412e+00 5.486341022791112465e+00
7.042233828028108711e+00 -6.023553734511335911e+00 4.425786472922964343e+00 6.376656555377407720e+00
2.009114669884230153e+00 9.099764423474825392e+00 -7.682132260620315733e+00 8.152422819173470447e-01
-1.617267591215673539e+00 -3.527350921038808096e+00 8.499745074251125132e+00 4.952952194805325448e+00
-2.097986086342573664e+00 3.313381145534403327e+00 5.500272395273538173e+00 6.912438150479008669e+00
5.182857150269014390e+00 -1.655113228702469241e+00 8.149472475847385766e+00 -3.743020203645166077e+00
5.160660924377773462e-01 -5.506339962334989124e+00 6.423843876226966287e+00 4.855160913756409791e+00
-1.203997018481308467e+00 1.710668140080299437e+00 5.647446775083085235e+00 -4.286541791509048238e+00
3.070299319625931389e+00 7.855890035966295315e+00 -7.587885274687450554e+00 1.162975480050258748e+00
-1.374379834611248352e+00 -4.656974349506184829e+00 5.788589724801489922e+00 6.853200769223807498e+00
-1.924466908512609820e+00 8.840900055249427680e+00 -9.668109943394222583e+00 -8.964884905281196303e-01
7.831384692320232155e+00 -1.915982297578900706e+00 7.216030367105653376e+00 -4.527448904027126630e+00
4.250671466825505007e+00 4.306944315026525416e+00 -8.357207964802761069e+00 3.556563842491941685e+00
8.629460924498028263e+00 2.172212315107230118e+00 -4.498498067608708517e+00 -3.870810209532530077e+00
-1.921503596744333908e+00 1.270419665834996437e+00 6.118942974674777879e+00 -4.092563408957124338e+00
5.875298530192494262e-01 9.573807482151737602e+00 -1.119327155121492190e+01 -6.456875671325881250e-01
7.659972252776920065e+00 -6.286715658292744813e+00 2.020880907802953708e+00 6.692880623961525721e+00
-4.217831599084618688e+00 1.693797297435821525e+00 5.762914582287929299e+00 -3.749454612603435155e+00
7.649365723017717222e+00 -6.272142606045938429e+00 1.766447741428345264e+00 5.916138263297081146e+00
6.290488778313970464e+00 3.920912874845947194e+00 -8.762004562504486671e+00 4.071450719174281474e+00
-2.813132568119895982e-01 3.085236988473476938e+00 5.052307324507810726e+00 9.187695749563541625e+00
5.508581784392189817e+00 -1.027401931674139401e+00 7.713937657304018813e+00 -4.855638953612328557e+00
7.427924834913254060e+00 7.092218632215166352e+00 -6.497251291078065094e+00 5.891877941386523432e+00
5.275050215789158337e+00 4.774272139489993627e+00 -8.664602776869850587e+00 3.191759121612903538e+00
-3.861708764816746964e+00 1.446218861294785940e+00 4.606640782353260022e+00 -4.986040341973189349e+00
5.723382526984374330e+00 -1.728008240013584107e+00 4.844729385633728569e+00 -3.340570321345832205e+00
-1.476828391013506048e+00 -4.078379266664451386e+00 7.789691571130459735e+00 7.048333315523110265e+00
-4.037381316737622683e+00 4.781201983413712497e+00 7.250836598453241244e+00 7.177295737461265368e+00
-1.728658736567106446e+00 2.223355404173640970e+00 5.460655130113623912e+00 -3.662821594531156855e+00
5.234276215261459697e+00 5.801699479032459195e+00 -8.420408507733906589e+00 3.974420042060821778e+00
5.569464358842562746e+00 -6.215683803597691792e+00 1.619395759983965455e+00 8.498561532239596872e+00
3.120647731283425319e+00 9.021073789891975281e+00 -9.231640159574959981e+00 1.596222044699442844e+00
-2.908410816626596507e+00 8.171648335426614507e-01 3.492787961921407280e+00 -4.583531013358787654e+00
5.340402868402506442e+00 -7.337632806939080155e+00 1.320729593159449156e+00 7.213575729880928655e+00
-1.566283712345768020e+00 -5.770448071703641268e+00 5.996081542894221350e+00 5.305428067200216979e+00
4.749465171858422430e+00 -3.164871741875661115e-01 7.858666073022707366e+00 -4.777465215736540927e+00
-1.361916523481760066e+00 2.732697433671712695e+00 4.730470575253939103e+00 7.586029493125958645e+00
4.797486164096929073e+00 2.889329446089676789e-01 8.016790230143692852e+00 -4.231288743017955767e+00
1.399028520620679839e-01 3.505198638509331666e+00 7.527917712871798450e+00 7.700811938831720660e+00
8.884136381551485329e+00 1.628005066195272743e+00 -3.280772958185953492e+00 -3.147946178942045314e+00
6.722091327899878621e+00 -4.589419417571990456e-01 8.161672088124030111e+00 -3.739123380706422139e+00
2.759234151133381552e+00 5.240774631293149355e+00 -6.052704532545026161e+00 1.865915826294256785e+00
4.261473052082166646e+00 6.999402744830832468e+00 -4.683773034409016489e+00 5.996769356304984200e+00
8.818578203084591394e+00 5.668622507817966394e+00 -7.474798586675559520e+00 5.548329553969582051e+00
-3.058718163334956497e+00 1.981988873053714739e+00 9.448765685934416680e+00 7.180803646334649848e+00
1.712221923345825347e+00 9.607303620273814460e+00 -1.127091076412891368e+01 1.409516180717834022e+00
-4.412286834657268564e-01 -3.503138948926285412e+00 6.256399545933188477e+00 5.076207009924583957e+00
-1.411528741396021802e+00 -4.424266788362022140e+00 6.490027121257634590e+00 2.928297655670240918e+00
5.358116764055522729e+00 -1.107130799588109449e+00 7.213960513866940261e+00 -3.594290330998932692e+00
2.737639208753269937e+00 9.418287819604891808e+00 -7.817827770374505825e+00 1.145499198218866255e+00
1.834978234022737187e+00 7.796839693410041683e+00 -9.368483325924605865e+00 3.447085864877981187e+00
9.434526903806382592e+00 -4.615785571884583049e-01 -3.924449304699240582e+00 -1.369677001204838929e+00
2.204271063718731050e+00 1.011441330267279071e+01 -7.680532268007395302e+00 3.311134590542449629e+00
5.366455953599182038e+00 6.950816939094812241e+00 -7.813779994848820465e+00 1.379539317260180198e+00
-1.581716486767007712e+00 5.508247234464427322e+00 5.301551734694322171e+00 7.312678377192160184e+00
7.738783526850000705e+00 -9.795832702437368145e-01 7.291924403047296721e+00 -6.592822310122485874e+00
7.602449313238122564e+00 -4.845675672935358946e+00 6.932622370440285842e+00 -5.471862775433875115e+00
2.881782540410695592e+00 5.813863188120014236e+00 -3.397282248876396515e+00 4.472425521613926591e+00
-7.761280197574057516e-01 3.895940917832137362e+00 4.046529681810614676e+00 8.137920034641126676e+00
-8.762735090231689172e-01 2.956436730494024889e+00 3.702938291323569775e+00 7.472302513964351078e+00
2.166484375297064169e-01 -4.618082118372075939e+00 6.344578701143184674e+00 3.671932381556542779e+00
-2.026760119253125048e+00 3.937023733299015671e+00 7.458891632794562909e+00 9.208005776901714512e+00
-4.002974262598577582e-01 -3.489901262554067518e+00 6.238688054051507947e+00 3.505689464213168627e+00
-7.382672691813251253e-01 -1.162736540773591454e+00 4.910470718315120386e+00 -4.434709385642031876e+00
9.280406915225118070e+00 2.174500800374726595e+00 -4.494586962434927280e+00 -4.051216967218649323e+00
8.022486862895760851e+00 1.542875945678926719e+00 -3.879281235476363499e+00 -2.996924405142541659e+00
3.482424750344503828e+00 1.162651506930724388e+01 -7.364492570715544417e+00 1.889920618605560598e+00
-1.327882699339620665e+00 8.944547143891247165e-01 3.832806048309736369e+00 -4.947868231321901789e+00
