6.296813554164272908e+00 -8.757587092453888999e+00 2.858302257875097840e+00 5.890043239948531628e+00
9.006255763418462568e-01 8.466501579243033149e+00 -1.017599994418341147e+01 2.068709917224734962e+00
-1.018807894353065624e+00 -2.700939950499143816e+00 6.377789898583738015e+00 5.743229453439134602e+00
1.105127896675384580e+00 -5.758731080637803146e+00 8.314166899456351345e+00 5.519799034760668910e+00
6.832372058678815918e+00 5.403406675919331548e+00 -6.404847566539359605e+00 3.064041067870391544e+00
-1.558278672593842007e+00 2.808144051479070313e+00 4.163550125013436798e+00 -2.161877145883774887e+00
1.076302309920451616e+00 4.114389561567888265e+00 7.268727655237423591e+00 9.297893545090550660e+00
-1.496530484646631409e+00 6.346491572401091741e-01 4.383921104637645172e+00 -4.015295495620683219e+00
-2.485685264752038659e+00 1.635774415783554092e+00 4.979767020767761565e+00 6.807519027714688420e+00
9.644278921918003178e+00 2.595255569496374148e-01 -4.328594202220121367e+00 -3.095255312678974580e+00
-5.594932505270067136e-01 3.803808220063458201e+00 3.546413074113298425e+00 -3.902570745566875665e+00
3.429346679459868152e+00 7.131400901948874882e+00 -8.035778665534934362e+00 3.008245227658902454e+00
2.074480605580039327e+00 9.934599479485557438e+00 -8.909409002616051509e+00 9.616839319967660504e-01
-2.100116787311288480e+00 3.047969788382496326e-01 6.525999181245115466e+00 -4.585503259048647529e+00
-3.290024931978340561e+00 4.142481770820435116e+00 4.369187790236638058e+00 -4.936561787524224698e+00
6.033023722637257613e+00 -9.811554378014727407e-01 5.614241941812818659e+00 -3.463240623479148184e+00
6.360543037443031622e-01 5.423928759772240760e-01 6.535834005797403812e+00 8.715046431876077193e+00
9.062864397876529310e+00 1.838584230385806428e+00 -3.654064528135932743e+00 -4.195786214239308087e+00
8.416226818329667125e+00 1.462430896447055151e+00 -3.333468507641248912e+00 -3.183734290264711220e+00
4.677015868147442745e+00 6.203807090567845073e+00 -6.700643035271463432e+00 5.159412367552555168e+00
4.152790024178416139e+00 5.350853316275357763e+00 -7.524662238186374807e+00 3.051187238332159879e+00
4.724654915509413300e+00 6.723599647610356556e+00 -6.946276001452822868e+00 4.509554862418929666e+00
-6.187001696180101096e-01 -3.118259705899077971e+00 5.945579609271672616e+00 4.880454325565371398e+00
7.915727446406926049e+00 -5.749283687110144037e+00 1.686126174774747799e+00 7.570824185846911192e+00
-2.658483335981234319e+00 2.636335490158232542e-01 5.209440924180222865e+00 -2.112148754037936893e+00
-4.521850249394832044e-02 3.296974005926627260e+00 6.381357789221151933e+00 6.911572590806374095e+00
5.330783201197169419e+00 6.088833799269310454e+00 -3.203910699435716491e+00 1.911886819600447929e+00
-3.118755762817054134e+00 -2.713112583666609456e+00 8.733086171761371475e+00 5.403134031965260320e+00
-1.874179606755709715e+00 -6.443567346863634526e+00 5.047927397784807368e+00 7.086068451911329724e+00
7.212743312722974309e+00 -5.306535789261912051e+00 2.001790514799467680e+00 8.908911807815741213e+00
-2.641751833583427800e-01 1.616566991812209420e+00 4.909175435567982859e+00 -4.748276114162401029e+00
9.076643282752336006e+00 -2.092987116146717286e-01 -5.999726414238625516e+00 -3.411351314816955416e+00
7.039830385289301162e+00 -7.891129981866191301e+00 2.113396608054802783e+00 7.463939195047503361e+00
6.728751481858477490e+00 -7.793174888399831524e+00 1.045789541155588642e+00 8.352379671640044023e+00
6.938656500793310755e+00 -5.809122365217643136e+00 6.368342727093134759e-01 8.684010350056549754e+00
3.008109668666536507e-02 3.401727588941057423e+00 7.899103859952875339e+00 8.691342227019866584e+00
7.569795558192581986e+00 5.136098629599303855e-01 8.552983995394235706e+00 -4.584449430256780644e+00
-1.389172747871796787e+00 1.480939558562843539e+00 3.935205023434587446e+00 -4.484224840685776314e+00
7.793020308148172148e+00 -6.751317641203261610e-01 8.944706789799765190e+00 -5.050833394957991551e+00
8.756649649876971253e+00 2.193030094652909323e+00 -3.958078445821607172e+00 -2.509347608446215183e+00
7.218140652786142475e-01 -3.170751512332178557e+00 3.914025191374413293e+00 2.871676248785580920e+00
7.735714819955129329e+00 -5.095124721218313724e+00 7.954728345309876048e-01 4.366684349620401306e+00
-9.101046251932072284e-01 -5.408220398190176859e+00 6.522276780557762166e+00 6.252412905823287126e+00
-8.057381166668812211e-01 -6.214980694224839119e+00 7.405473735340360797e+00 5.528936328124073540e+00
3.519410781402030786e+00 7.552052683723979420e+00 -6.565949521676533784e+00 4.060063775904539263e+00
7.390847118964479101e+00 -8.739088500776912127e+00 9.358045525217910665e-01 8.186309632718097973e+00
-1.325429809959978167e-01 4.449199960732944881e+00 6.071284192464027285e+00 6.840891955414640790e+00
2.028746452941414091e+00 9.939510549836892750e+00 -8.157871172450727570e+00 3.184371718360293535e+00
-2.877928915248696651e+00 2.475192550784013790e+00 3.456974534507764929e+00 -2.426186978333087829e+00
-1.947467116322636249e+00 -3.715913562186404562e+00 7.118080374879545147e+00 5.771961002713785760e+00
-2.980865790597107434e+00 2.581532802002352689e+00 4.937050935958510856e+00 -4.788245064973580156e+00
-2.569154035848781881e+00 -1.447757452684025559e+00 5.733681406912662482e+00 -4.461891569643064770e+00
7.570431209901134828e+00 -3.807036904855476411e-01 -5.408765955154863470e+00 -5.012028624763265050e+00
6.738445894108204826e+00 1.289402714999547728e+00 -6.386860117336205178e+00 -1.535781506881130021e+00
5.759721082003159687e+00 4.875900443710253995e+00 -6.038026144711454712e+00 3.754181874428579757e+00
9.188380692355469392e+00 -2.090583568794119884e+00 -3.434592864450768168e+00 -2.844993839042639028e+00
7.380647759364290295e+00 -4.755829340550794981e+00 4.739304019254060307e+00 7.365968478922608753e+00
-6.528517428081599405e-01 1.853364997299463246e+00 3.932030115045717977e+00 -5.495566403244128928e+00
9.539929569974079371e+00 1.694804825346597488e+00 -5.062348717603013526e+00 -4.135371058738087413e+00
6.029718807698010163e-01 9.400739900134691851e+00 -8.680181449394231308e+00 2.893571349883386823e+00
1.548376174739731326e+00 1.115611319015980563e+01 -8.096014381189490905e+00 2.737104655152001520e+00
9.335084727637894542e-01 9.357315791048320008e+00 -9.966184541542920883e+00 1.650227344820879738e+00
5.360183674490625272e+00 7.373983842257247900e+00 -7.534899097780978217e+00 3.663313048952963058e+00
-1.353663330957697308e-01 2.410680917828939229e+00 6.979057578557569919e+00 7.348185763525007630e+00
-1.209511736149277983e+00 4.110831997774594626e+00 3.942254436273866514e+00 9.831887540844650886e+00
8.217303234880558804e+00 2.433464388737409667e-01 -4.187853997649715332e+00 -2.815542098872396259e+00
8.713148575783407068e+00 -6.852596873322014837e+00 1.327790847067161994e+00 5.331777504700554005e+00
-2.203739980421784317e+00 -4.331211684928258698e+00 7.561166560739827958e+00 4.422041601818341050e+00
4.413707489883895718e-01 2.693670155245867726e+00 6.976450635117883436e+00 9.756007894286831572e+00
-1.026440322890171952e+00 3.552947018263645784e+00 4.884798086069588763e+00 -3.069717220455777440e+00
7.982164577558379825e+00 -9.245590221635809902e-01 7.228226339556002245e+00 -5.719924103252234104e+00
2.853042920273284544e+00 9.449025272651153884e+00 -8.843615357459347237e+00 2.983327490766984003e+00
-4.044404474978675168e+00 1.870457967507531016e+00 3.763909392412978061e+00 -3.943269412666361440e+00
5.573748136999685521e+00 8.218006291343460390e+00 -5.281503171361210391e+00 3.082597292021467705e+00
9.656696862504365875e-01 2.445856228405373312e+00 4.967402153302060697e+00 7.452065106419900609e+00
-5.277613874139182037e-01 3.464839132604257799e+00 4.126255896169833015e+00 -3.405337666598954538e+00
-5.957131288144903447e-01 5.364915124202299879e+00 7.139795886668407476e+00 7.203411312307052228e+00
1.201977912345766342e-01 9.736086035856592602e+00 -1.136602060676226955e+01 7.022814628940795556e-01
-2.621884263725062780e+00 2.818075707353866477e+00 6.751808274529476073e+00 -4.798776291671299710e+00
-1.831514903236667546e+00 4.733242859343689268e-01 6.056469870822138724e+00 -4.717448684370615375e+00
2.788227183031270151e+00 7.527343910051270015e+00 -1.032163411695582234e+01 2.189920177206448493e+00
7.593095771075272893e+00 1.206867678621373674e+00 -4.480604475855129110e+00 -3.323036937640588384e+00
7.663660011324317622e+00 4.222832633370167343e+00 -7.185279759929559695e+00 3.464809061459956041e+00
5.857105018464166868e+00 -7.058860743127361559e+00 1.639995243050862861e+00 8.418151705597205492e+00
8.584302303504014020e+00 -4.720304804966797718e+00 3.790057168698691026e+00 8.048359913572586066e+00
-5.421314813529962695e-01 3.973849306623451927e+00 6.302567377035604324e+00 8.312892962171654077e+00
-1.005132615855977463e+00 8.100280410930218444e-01 4.153710265682594382e+00 -4.578241397521270351e+00
8.194431653182379094e+00 1.412855927819798740e+00 -4.814279742502042936e+00 -2.124345572841124685e+00
1.557859253650228482e+00 7.875972831528335938e+00 -7.794879015267730082e+00 2.498926396443291509e+00
-2.584782714433720763e+00 -4.627378197432642004e+00 5.732848420959503422e+00 4.171635228829035924e+00
7.386124667501412056e+00 -7.376512132348594264e+00 -8.930153419909601098e-01 4.974894004537294023e+00
7.667393012431515942e+00 6.276367004871294952e-01 7.880994901382328166e+00 -6.178032975489623269e+00
-8.272893832939809400e-02 -5.912559537076363725e+00 6.044290153873653537e+00 4.357014671381876703e+00
-1.914831341084273220e+00 -3.675059598308054731e+00 7.188092346925225584e+00 4.533961696280063514e+00
5.693394848449635504e+00 -2.083783728578909145e+00 7.288827972581500170e+00 -4.725102266293343511e+00
7.306902319667866408e+00 -7.374869241297154154e+00 1.517119542463236881e+00 4.950994406577000184e+00
2.024881392201700603e-01 -3.925391683186525427e+00 7.125536317088692506e+00 4.461512025384412716e+00
-2.336137971865013263e+00 3.550458569486523164e+00 5.924810293100514436e+00 1.018956729954909690e+01
5.920941306677443450e+00 -1.835328473088786216e+00 8.804457749956528190e+00 -4.406223335061923763e+00
-8.949946843812518482e-01 2.197226661622532440e+00 4.127295023807659113e+00 -5.793604350559757421e+00
4.325151778054688201e+00 7.020195273936830738e+00 -3.897019817259506080e+00 4.172564188350974312e+00
3.275685690277847062e+00 8.863255630162285570e+00 -8.593972311537285691e+00 -6.462161520128795189e-02
7.571746196405684692e+00 -7.041661190667778847e+00 1.795199878183515452e+00 7.637485420442774675e+00
5.147432917926903606e+00 -4.724328119791548986e+00 3.365014229283878056e+00 4.363624216340987516e+00
9.435915522254312293e+00 -2.256161269184924212e-01 8.585849711281310803e+00 -6.023976868912954252e+00
1.931871045980441570e+00 9.609556490176208499e+00 -8.843045527649831428e+00 2.815371033942904333e+00
4.535082316168725036e+00 6.026957529124683077e+00 -5.165633999112860586e+00 4.722956217814910929e+00
6.849087530092535125e+00 -4.743871498655642505e+00 1.900532772624760947e+00 6.871489910299832360e+00
5.819554903253663092e+00 -2.341101974083112047e+00 6.755455805111083123e+00 -5.235163577837768756e+00
8.425793377556685115e+00 -1.174896490240331381e-01 -3.249775011355420684e+00 -3.843111232008434186e+00
-2.697808290441827239e+00 -6.049173740370762609e+00 7.341237156495528104e+00 4.985614745623992761e+00
-1.526477768104084420e+00 -5.804954498242705263e+00 5.915727832778012285e+00 4.692784974512679952e+00
-3.591083814307627797e+00 2.147724184340593645e+00 6.061625945713606356e+00 -2.282005856290635570e+00
-2.289919808700739079e+00 3.007220271510911314e+00 6.159500773500273141e+00 1.074833112202625607e+01
6.861599891353121095e+00 7.721832202685221525e+00 -5.451841193606399294e+00 1.723128407962930986e+00
5.927307517757521182e+00 6.105723103873814672e-01 7.868189874396621875e+00 -3.650459973225391064e+00
-1.076172650250574847e+00 5.026280672265107441e+00 5.991064239628690835e+00 1.105165733859355193e+01
6.611365194344721807e+00 5.204110460806794514e-01 -5.366071626289825147e+00 -4.743209039789842763e+00
6.635519579416797598e+00 -7.764145788451092933e+00 2.248694001029866829e+00 7.398412353762958027e+00
6.904901505887981461e-01 4.296190831585506409e+00 6.396683488431959219e+00 6.384336061154742836e+00
-3.537302209510236217e+00 1.256588525824271052e+00 5.789314623429405948e+00 -5.250226772134277020e+00
-2.389482446393973891e+00 -3.603764947391263185e+00 7.898986983630205572e+00 4.607744755974310102e+00
7.990902578085780306e+00 -7.400692097556126114e+00 2.770633535808444403e+00 6.168492981390451213e+00
6.137940921273509431e+00 -2.115341403959900557e+00 8.283187965529087649e+00 -7.140437411974745352e+00
-1.415797595300446909e+00 -3.834005072959500104e+00 6.242560908193141245e+00 7.579818630859743500e+00
2.868074820113102774e+00 1.015130627901376847e+01 -8.992380987522176738e+00 3.672717705845742753e-01
1.303407779313053405e+00 1.051293541361368078e+01 -6.181869415933213929e+00 1.961293072082799682e+00
9.774155825621390292e+00 1.357868212966150789e+00 -3.049150675077226147e+00 -2.935656640353578872e+00
7.671387600400792373e+00 -7.218798264810243559e+00 1.625634221766607546e+00 5.610522084919828956e+00
7.178519116099270292e+00 -7.280350717457803711e+00 2.900614781445122858e+00 8.945431866738136506e+00
-2.083102317270195236e+00 1.854379743875688380e+00 5.342371462938189097e+00 -5.751703674340427064e+00
7.137456153675009851e+00 -5.348514634644892851e+00 1.964445889157641734e+00 5.973480111747979215e+00
-2.736276438045185166e+00 -5.288855638752615995e+00 7.057903626212727488e+00 4.479105448323747574e+00
1.744855509534100513e+00 1.214541628975735499e+01 -8.798161366102180025e+00 2.325262854201053386e+00
7.661313251932254431e+00 -2.114550193309670867e+00 8.981526635647432144e+00 -3.705652448584368486e+00
3.792832130945631874e+00 7.465827958056349800e+00 -6.375060704567917291e+00 2.243671938004895949e+00
-1.012689311171613760e+00 -6.201333405305191171e+00 7.001908751555744104e+00 5.208954093268444829e+00
8.036164664716377359e+00 2.134372180872611935e+00 -4.956517748176773708e+00 -4.021392178610661894e+00
2.180601426013050403e+00 8.217638648050069605e+00 -8.953258529334380711e+00 6.715085488291041571e-01
5.010718391916748615e+00 1.039955843711704375e+01 -8.711474711244912683e+00 -9.402682812528291301e-01
1.052755711880424094e+01 -5.011945829914177253e-02 -5.967786114657107177e+00 -3.708724839086839253e+00
-2.605180984249135356e+00 3.198570596330919891e+00 5.767341713340311316e+00 -2.609461288923622391e+00
7.753067042950712029e-02 1.318865264379214919e+00 3.438367488582691145e+00 -4.166546093780599591e+00
8.154479454221558399e+00 -2.711895227729886670e+00 8.290464881930930119e+00 -4.162583391743318373e+00
-1.947060110536680710e+00 4.068484954159913514e+00 5.478058659975648226e+00 8.958393716868014778e+00
6.471060276266690892e+00 -8.273164001992064698e+00 1.630893773587755335e+00 3.809548893334306019e+00
9.284766246685999036e+00 1.442033965258335160e+00 -3.256068799778045975e+00 -3.003432102079955257e+00
-2.166353424394895200e+00 9.222159760468242595e-01 5.977587683973679233e+00 -3.565666096119644912e+00
6.755340015009214660e+00 -2.184942921099326085e+00 8.749496973250801446e+00 -3.768194517069578531e+00
5.173490837967801070e+00 7.384335134318745553e+00 -4.975984152320754639e+00 4.898867607010404690e+00
-2.092289806792896112e+00 1.254346122353327653e+00 4.489234824056524076e+00 -5.262895864810603896e+00
9.098046514400449425e+00 4.422753029643057832e-01 -6.262491032779403000e+00 -4.638445325003971220e+00
-6.909262406647750376e-01 4.753789905371601066e+00 7.255304409163275459e+00 9.073936452052869583e+00
4.572727296808013264e+00 6.339661714831787975e+00 -4.320293308850107650e+00 3.970608501518464450e+00
-3.002880781609666982e+00 -3.923220450681184523e+00 7.915950512907919290e+00 5.265734916819169165e+00
6.422226225985915526e+00 -4.193176050262817256e+00 9.587616514871180051e-01 8.331774927396383035e+00
-8.250814202218904603e-01 2.666987894407911064e+00 5.554012755112093913e+00 9.487087969216659644e+00
-2.869645985664994292e+00 -7.241658863464599527e+00 6.917490075432477958e+00 4.092538878874677266e+00
-2.257139174910560708e+00 -4.465750660078788847e+00 5.767619273079843012e+00 5.236322677656423785e+00
-6.520741158584257846e-01 2.131787792766346890e+00 3.936783776436215465e+00 8.017154983106763666e+00
8.671789646827422260e+00 1.476629246580269506e+00 -4.043419755184763709e+00 -3.050248698890894783e+00
2.453206000943096932e+00 6.742119167369766686e+00 -8.181507796119294795e+00 -2.135457412225127971e-01
6.994719555056234661e+00 -7.811093614742515179e+00 3.390228428034653518e+00 6.393156809818766106e+00
-1.136794045686656762e+00 9.045571777424603610e-01 5.824304399917844322e+00 -4.633560620634176175e+00
8.724217514340239177e+00 1.689923471406934663e+00 -4.455011039492915437e+00 -2.288244673106122562e+00
6.414213190900577288e+00 7.081694209654115113e+00 -5.706233921125513753e+00 3.473442121399899385e+00
1.323833774228669213e+00 3.515386004391079844e+00 5.017810004732080387e+00 9.298037429394881315e+00
-1.795722345013474497e+00 2.162857741723995808e+00 5.538419745243221115e+00 -4.785808147076428654e+00
-1.239397647664116642e+00 -5.108872820137888127e+00 7.217617459848642447e+00 4.576452065862082641e+00
1.175008404430055009e+01 1.627881456397038740e+00 -4.795991316673723581e+00 -1.697898981894108816e+00
7.125680610186367225e+00 -1.240862351677623376e+00 7.475251303572767014e+00 -5.699260734641424797e+00
7.117662101670478414e+00 -6.477446455341780762e+00 4.580937287723387819e-01 4.434002422549227163e+00
1.067490970275673057e+01 -4.775057597556047195e-01 -4.076237664369417146e+00 -1.385407926853368554e+00
-4.809693063375285460e-01 4.371707729121035335e+00 7.711002177412481728e+00 8.565974088132339404e+00
-1.285362003048495350e+00 4.920769994900615174e+00 6.821939605935986251e+00 8.460255540458259560e+00
-9.882177067963949790e-01 3.538503528763313533e+00 5.876058443152335720e+00 8.541580757517744260e+00
-1.605457723999402786e-01 2.211490237581283935e+00 5.373221157847440033e+00 7.629051854080703521e+00
-8.944521511862945085e-01 -4.537782432284390488e+00 5.763701021948589798e+00 4.060061091548198497e+00
6.181558180524149293e+00 5.874464605421549024e+00 -6.115910816637899927e+00 3.181645486338488649e+00
-9.807724162962423442e-01 1.213336413792036161e+00 4.046095489721004412e+00 -4.229159762314180782e+00
6.853960860779750419e+00 -4.881034677593264703e+00 1.850086107192906670e+00 7.247381388838571858e+00
5.554811027635000009e+00 4.418710635820815469e+00 -3.969999861897865578e+00 3.962241877024572201e+00
-1.862199058597873158e+00 3.900951176629368078e+00 6.374151278536726473e+00 8.158081308787556551e+00
7.684578872778129011e+00 -5.710691630039781863e+00 4.926704546520288552e-01 7.193357860110152657e+00
-1.025384723362681605e+00 -6.390568150689440508e+00 9.333440149647115547e+00 1.088512770859697554e+00
-1.702760626324926196e+00 1.294065798970229775e+00 4.059099091853464181e+00 -3.603655321814930979e+00
-1.109993137925580964e+00 -5.298173492115296312e+00 5.613844032803338990e+00 5.692534161484209321e+00
7.186353589317574730e+00 5.518203445143694097e+00 -5.527019284287101542e+00 5.928532610751922505e+00
5.146742683040494981e-01 8.212392051819369598e+00 -9.072082388977573686e+00 1.646972542106819759e+00
3.886512549325566113e+00 9.979365824031402710e+00 -6.938356233580359245e+00 5.278131402347556733e-01
5.715623631764048085e+00 -4.179786868140881850e+00 5.559537562738904981e+00 -4.068725659165814967e+00
7.964622968710484585e+00 -1.037302604180301957e+00 -3.761400337243371528e+00 -3.705042698477766905e+00
1.382586963060998819e+00 3.019600274485895852e+00 7.037286117811182962e+00 1.034235748962834478e+01
-2.745415159859330156e-01 -6.481888875683512907e+00 6.344227372224247041e+00 6.046994690134987138e+00
6.391916947336449439e+00 6.067613124185762707e+00 -6.058660184529835568e+00 2.780730984631368141e+00
3.699526379333122339e-01 1.203003228840156869e+00 5.253241757897423980e+00 7.804187955084712414e+00
8.471819182837261764e+00 -1.124631265878108799e+00 -5.402091025615885833e+00 -2.909748588357430776e+00
6.189756251099759687e+00 6.028455953226766084e+00 -8.552518078395909384e+00 4.050672376667750818e+00
4.699708692386335152e+00 7.105783154598430684e+00 -5.939092529185908020e+00 3.351650736644837369e+00
5.865008217327066120e+00 -6.400233628069169178e+00 2.288842668185991247e+00 4.731994906883343788e+00
2.467897088590667032e+00 9.107315452935887734e+00 -9.989534642609623205e+00 9.747693369087228055e-01
4.721061498044456073e+00 -6.229374750177279374e+00 2.359869714846278832e+00 8.446247131233414862e+00
-1.787884360546436291e+00 -5.520685479093213388e+00 7.299542877786096895e+00 5.262535103063262554e+00
7.730506689898809292e+00 -8.058979189783467945e+00 1.432466158483802765e+00 4.090025533525722068e+00
6.160679461066809637e+00 -8.732629643917128703e+00 9.027438996528109882e-01 6.584437010577257610e+00
1.595196087987954314e+00 9.144291947817370314e+00 -9.294196503547498267e+00 1.319898580676875266e+00
6.287528117726049359e+00 1.416867773064850233e+00 -3.609542730410058020e+00 -3.234845295733318249e+00
-1.512125895811157417e+00 2.768706086338112549e+00 4.498917942151900995e+00 7.500155475646564263e+00
6.318952197408572502e+00 -8.132684012140608543e-01 8.428665881181348851e+00 -3.518314812278536152e+00
6.535917273015554585e+00 -1.311937673137407501e+00 5.854086564359431755e+00 -3.473408175606240711e+00
9.177527836025811681e+00 1.743943200160948948e+00 -5.134021036307352404e+00 -2.929836475969600507e+00
-1.968083383632081018e+00 -4.869273118797583955e+00 7.088082386701702653e+00 6.164478950761644427e+00
7.795250546178593254e+00 -7.388485193599422240e-01 8.911795636377535246e+00 -3.044025469980669918e+00
2.143526314720430204e+00 8.090739241477010069e+00 -8.426738976781669166e+00 4.466100149264184971e-01
2.855820936227104756e+00 1.237198913351379126e+01 -8.762823109520747167e+00 2.774226931430550103e-01
9.498029628800724211e+00 -1.660606588032095043e+00 7.220664562958055477e+00 -5.032702054492398602e+00
-2.972594383759597392e+00 2.089820428457589419e-01 4.356061200614838924e+00 -4.207166858371576446e+00
-1.470298959744782419e+00 2.165445791036192169e+00 4.841732324206703630e+00 3.433952103523365551e+00
7.875718073129235108e+00 -3.446888393625529901e+00 8.150276487041145046e+00 -4.041853067886138184e+00
1.045341638561255060e+00 7.340742428264617203e+00 -8.790945666969246730e+00 2.461047246041464298e+00
-3.354039649226097097e-01 1.902857874262341209e+00 5.638950848730150511e+00 -2.360114089331045051e+00
-9.790798992898580577e-01 -3.101114471186448007e-01 6.751217099155924828e+00 -3.489331982070425830e+00
-2.774451000157563740e+00 1.725686769712794222e+00 4.461319417145055866e+00 7.631945495887848985e+00
1.046553663129942890e+01 1.601293138639939162e+00 -5.568700793833949447e+00 -2.587994849687625276e+00
-1.144924800103830353e-01 4.053859995556744700e+00 5.784078408192978138e+00 7.691458418956652388e+00
8.305911451563989800e+00 -5.296033271667726972e+00 -3.761409930662340528e-02 7.118404722820823594e+00
3.676009110318743556e+00 6.332298781327428294e+00 -4.591051711259947155e+00 6.326887532245756063e+00
6.358837354817588050e+00 9.620915904833234888e-01 -2.574598008481349787e+00 -2.206542286563994537e+00
7.488520691502349447e-01 9.402090762178280769e+00 -1.064952745635823916e+01 1.626027245505361485e+00
7.609915765728443304e-01 8.792562187826014508e+00 -7.758907212039151347e+00 1.274848594988173156e+00
3.279898009099875722e+00 4.794414778583115933e+00 -6.707752657912412708e+00 3.251329776902902147e+00
-2.486502246377016778e+00 3.182435907892414040e+00 5.288088428351467307e+00 -5.835303685088469194e+00
5.552475604622509664e+00 7.425851571174724164e-02 7.083239606417667034e+00 -5.901156774159853846e+00
-1.734240709972684868e+00 -5.339728133997521553e+00 6.176227818480654719e+00 4.291906254004024923e+00
6.246729169653951530e+00 1.683870399218204916e+00 -3.857816514179316147e+00 -5.217054853742556730e+00
5.967556863578446169e+00 -3.412740225133068517e+00 3.164974499525749607e+00 6.942883121755850873e+00
-1.573942854146365811e+00 6.332527213244401043e-01 5.610957033198083366e+00 -2.382644625836712216e+00
6.573208674577792010e+00 -5.541685322845162354e+00 2.349705614459884018e+00 5.486562570505304492e+00
7.597812796569345828e+00 -6.992571502040640929e+00 3.251272915264431074e+00 8.472925795859284293e+00
8.283358084507447927e+00 -3.396188771772570725e+00 7.222494359897061678e+00 -4.491415215523753446e+00
1.037206369454570520e+01 -2.970787976219277926e-01 -1.610290058794761059e+00 -2.615849883879437066e+00
-7.975182284401022281e-01 1.636523465735291838e+00 4.471398397378790968e+00 -3.644821766237231753e+00
-6.714900721146921381e-02 2.595754335094795806e+00 6.190260343948789767e+00 5.365335827303489680e+00
3.859184281484912216e+00 5.185224264327807475e+00 -8.355042025210744683e+00 4.192652398120355173e+00
6.291939946003231476e+00 4.780179379269208439e+00 -6.241699512742108880e+00 1.939990317440696055e+00
6.633888509005300804e+00 -6.198666792146228843e+00 5.195952925644894194e+00 6.441798718775045174e+00
-1.027129677051640488e+00 1.612414624244863148e+00 5.379574166250689515e+00 9.048925961100357185e+00
2.120317847163959435e+00 9.025591126115585894e+00 -8.828422273900114803e+00 2.196995816122613299e+00
3.034794763389709438e+00 9.076410698765286611e+00 -7.569506720906601593e+00 1.365019036634982363e+00
7.474265306427782640e+00 -1.077418866411725462e+00 7.440547793909186858e+00 -6.270882676674273348e+00
2.215279442951928690e+00 8.756160900988456675e+00 -8.028140677612830345e+00 -8.835017187712606024e-01
6.013421867926710185e+00 -4.228918918443954844e+00 2.399521824797484548e+00 5.263193020989417548e+00
8.983371363436750912e+00 -1.711605104851454673e+00 7.179940264317369092e+00 -4.738358737776680485e+00
-2.441296970342220263e+00 -4.337597428381839926e+00 7.715862596827484765e+00 5.096848096195219391e+00
4.218261928164545260e+00 8.247014143527582775e+00 -1.123894357959179757e+01 2.503612981021428485e+00
6.416162690272387614e+00 6.807583074182324445e+00 -6.039693471370277678e+00 4.909415611962977266e+00
7.909340438697340048e+00 7.747483138417834425e-01 -5.347064367659219997e+00 -3.420210895139501606e+00
3.897832496759455090e+00 1.164134022150405201e+01 -7.630597708620399544e+00 1.414837746273377439e+00
1.894119695802588987e+00 8.212315320018690912e+00 -9.098793559626139782e+00 1.243523057921187114e+00
7.323589588817572604e+00 8.492248397513472158e-01 -3.409748304266310370e+00 -1.149241013862690508e+00
-1.918028020419638047e+00 1.923201034321242453e+00 4.620958878970959027e+00 7.763621830723804074e+00
8.844340192672053291e+00 1.594877251872261370e+00 -4.966494626603140006e+00 -2.536816040937282857e+00
7.191888152046800542e+00 7.947005460813148403e+00 -7.530849357045267922e+00 1.032475588267537159e+00
9.060099632775376222e+00 9.606236909603507179e-01 -5.518710527227821849e+00 -4.188689724250634683e+00
7.052528718688227727e+00 -3.084282039565391376e-01 -4.365212676919055568e+00 -1.515071738389276224e+00
6.233687459324813496e+00 6.648156328933577441e+00 -5.648305499617220171e+00 4.935147192589381504e+00
5.622420291008381810e+00 -5.967867163022736676e+00 1.175994086378842063e-01 7.977338496309076987e+00
1.032457979488768629e+01 6.836072511037912802e-01 -4.621401313025966573e+00 -2.733878458922793353e+00
-1.421520740264514693e-01 -4.374486790693977056e+00 7.344245677219450208e+00 6.637975400518675073e+00
7.969346135819113996e+00 -7.860555025401942952e-01 -4.262254270929239475e+00 -1.488717433253963218e+00
-8.112058669842784342e-01 2.045865406940505338e+00 3.513527187439082766e+00 -4.799934548150101676e+00
4.590252982644354773e+00 8.017594567683033802e+00 -4.732013378232509559e+00 3.428982385740624306e+00
8.521868457706482047e+00 -7.912121918446159086e+00 2.904015032254763096e-01 6.175381571610822462e+00
-2.425774649134819327e+00 5.664148544875540203e-01 3.784025392938586307e+00 -5.853063881747610608e+00
-6.449187491408091555e-01 -5.567449857499178201e+00 6.390399144335070503e+00 6.008574609814862910e+00
5.482802878095789367e-01 -4.249522887444777908e+00 6.775458252136826509e+00 6.432533450605149028e+00
8.598907561126351240e+00 -2.517949051563887153e+00 8.281308548057101149e+00 -4.931062943186260483e+00
-2.459856836234577404e-01 -5.025894843940858614e+00 5.273778725908206511e+00 5.806257668147202899e+00
5.996158774112934076e+00 -7.845346056087805664e+00 3.029166999948047057e+00 4.978303520575953378e+00
4.825317199520554823e+00 -5.482733356041231687e+00 2.765339119159099024e+00 8.262668676360005904e+00
8.625948691902509680e+00 -2.269690212116375339e+00 5.727894572922211047e+00 -7.412762180460239492e+00
7.075630277405574375e+00 1.280154322391101607e+00 -3.605544919894514422e+00 -4.279402226457531988e+00
3.072698067418951240e+00 8.239164310369888611e+00 -9.235535328852948922e+00 3.717280869324536940e+00
3.058773383465552609e+00 1.038311988301105337e+01 -9.267195012118939701e+00 2.375728466205529799e+00
9.433765351660051479e+00 2.282999613001487127e+00 -3.484577593152464292e+00 -1.824369262971666794e+00
5.011273925621069214e-01 3.612660124724630606e+00 5.588614329831810501e+00 7.433705353087630918e+00
9.453949117393041224e-01 9.006892688240514033e+00 -8.074893458935592960e+00 3.171341122715349847e+00
3.305768712164183221e-01 3.630012641636225723e+00 5.339618144004099065e+00 7.063477531864609915e+00
5.215552384650699480e+00 -1.267616584828190618e+00 7.962929308285136898e+00 -5.233815148870314182e+00
5.659541621349172047e+00 -6.817476900596676215e-01 6.951211432151757741e+00 -6.426056478922936854e+00
7.791009808917780610e+00 1.223817066630644934e+00 -6.912051080072188824e+00 -2.708128210283605508e+00
4.940795554703263370e+00 -1.595514647842788403e+00 7.193360709488595184e+00 -5.895078443707197025e+00
-7.187065065493247751e-02 3.280833602685810924e+00 5.832169835349220399e+00 7.613340526934613273e+00
6.247111476960576226e-01 8.468787334900511610e+00 -8.387336556005152488e+00 1.917367755362497039e+00
8.202789130261995965e+00 -5.909515119112358938e+00 1.036790476363734115e+00 8.741217315816333766e+00
-9.688510097215777828e-01 2.698645843018842250e+00 5.329896620097117399e+00 -3.810509216575013625e+00
7.439506156497672329e+00 5.562070053541923187e-04 -6.059291345632072279e+00 -3.506912773519476723e+00
-2.439398011439148473e+00 1.085139879610149016e+00 4.560816882815131201e+00 -6.079045991692400008e+00
-7.005934890228042722e-01 2.208420909517240460e+00 3.436593966144387835e+00 -4.991604038058426340e+00
-9.655605432109192199e-01 3.991732839085457840e+00 7.996670556050182732e+00 8.008443084638184217e+00
8.563811704272266567e+00 -2.515403800404167889e-01 -4.060825959342625247e+00 -3.807042798463114774e+00
1.888689077521511717e+00 9.893803143917924814e+00 -9.206919947637926427e+00 1.245781105468183103e+00
6.441926754093623586e+00 7.497172562443081389e+00 -5.182270217486248498e+00 4.654408526557110903e+00
8.240829713007965296e+00 2.748813911634286899e+00 -2.008930392250811714e+00 -3.052692748953114155e+00
-1.245713336359185242e+00 3.195971272836407362e+00 6.474985722397772925e+00 9.321394234364023035e+00
3.541992976988297848e+00 1.186749279869966323e+01 -6.885200524757979501e+00 2.710216619369719027e+00
7.114693184277378180e+00 -6.270127630630602411e+00 2.886845390286733704e+00 7.089780443114408470e+00
7.697612753662815166e+00 -4.486000965051360367e+00 2.256986746075566597e+00 5.616980646238781461e+00
7.172984054077576666e+00 -5.588925667609789372e+00 1.176016135450628219e+00 6.532450467394963489e+00
1.398225472964235605e+00 8.235915183204289391e+00 -9.400971179213456708e+00 1.402807301342634538e+00
6.892662726897558656e+00 -1.256708586139966943e+00 8.874053492472880222e+00 -3.943320868727660855e+00
-2.557964051409319373e-01 3.701555078624310990e+00 6.796652869930317920e+00 7.800426378972659336e+00
3.088583477096378260e+00 9.841948601128860830e+00 -7.574024188913688782e+00 4.549871971741881183e-01
8.160645549203659144e+00 -5.738941626240632310e-01 -5.125774262317242425e+00 -1.976548212911583446e+00
9.277550152382660897e+00 -1.757191762297143356e+00 -3.232709877268348464e+00 -2.840769168434092329e+00
6.954802067986960878e+00 -7.611519418899347356e-01 6.880377495625682016e+00 -5.482188068328537334e+00
2.688046596687830192e+00 8.266096448535469321e+00 -7.559941040928572775e+00 -6.412016589994640192e-02
9.241890160101212004e+00 -6.265969890854709234e+00 4.779293331538315925e+00 3.312805622054752597e+00
6.826010861432259880e+00 -6.326971243010934387e+00 1.607017828192965014e+00 8.476586376148066648e+00
5.382247841446589298e+00 6.003475948402786422e+00 -5.382057302442289526e+00 3.356342539936204350e+00
-1.994350585901401018e+00 3.639030611608493171e+00 5.973577860144685836e+00 6.800066188041097526e+00
8.168057104578723582e+00 -3.073617566012034619e+00 8.357239486788593297e+00 -5.000257443429950932e+00
9.749111674512601411e+00 1.782691286964497301e+00 -3.885542076217141094e+00 -1.289913107818302818e+00
1.467587489319952532e+00 9.934607406079312142e+00 -7.099377030270222377e+00 2.466542359685211405e+00
-3.230371537902237300e+00 5.258044987513159629e-01 6.188132793179757840e+00 -4.527450750380437761e+00
-2.919651722573135544e-03 2.131371976895934051e+00 4.009101247577238070e+00 -4.945372476979811083e+00
5.931542949411752197e+00 -6.362725966843070236e-01 6.444099790675313244e+00 -4.110364025506219932e+00
-3.558603060374423865e+00 8.938109793839907891e-01 5.212847941793103068e+00 -5.998370811533782820e+00
4.969340931949116857e+00 4.716936348274781032e+00 -5.875589346131391721e+00 4.797463403302615781e+00
7.251689238038165897e+00 -5.734963414008409366e-01 -2.520183246933163979e+00 -3.700189165965720228e+00
4.332235307051632844e+00 1.038819557873464916e+01 -8.399970197132390126e+00 1.489018750183179973e+00
-2.638042338868437753e+00 4.732027630454832767e+00 5.331193313069676698e+00 -4.154327702121266341e+00
1.007473238810669613e+01 9.936040517016768714e-01 -3.306177213364177803e+00 -2.984328886668673686e+00
7.713608795900828596e+00 -7.890349621850996975e+00 2.105326115615973048e+00 6.053344302234477503e+00
-2.343610293360052221e+00 -4.822799331203956541e+00 8.955450462041685711e+00 4.790300801435236622e+00
9.436160766254019450e+00 -4.168978990167673260e+00 2.578668014477624837e+00 7.876364934327765077e+00
2.271886714519377737e-01 1.148151892936992269e+00 6.857221933205078557e+00 -2.429862952438170076e+00
6.609137083390713485e+00 5.135423364246042510e+00 -5.249664604525713152e+00 1.893787424962846799e+00
8.798972259032352028e+00 1.437938188742986068e+00 -6.121513217989361877e+00 -3.923884543649630352e+00
8.223629967173916810e+00 -9.974721444284562200e-01 7.858683845004244439e+00 -4.285174673224839914e+00
9.520743495401401191e+00 6.031582282990555210e-01 -4.700203850280333384e+00 -2.836611491853381573e+00
6.196624760559997114e+00 -3.843672361471299759e-01 8.838771721571639262e+00 -5.080048011238899264e+00
7.950857705914181395e+00 -1.837081318957086040e+00 6.610619720229962581e+00 -3.888817899502116759e+00
-2.273748235473691093e+00 3.395279320965666869e+00 4.750578085877007695e+00 -4.945846399946836947e+00
5.621465129403702576e+00 -7.366126126163847765e+00 2.203796077743836346e+00 6.445355642715504096e+00
2.336698751895261772e+00 1.073291997482704474e+01 -9.883342390007982203e+00 7.460535186706694910e-01
8.913864420889373363e+00 -1.054742220983802170e+01 4.336583824967378042e+00 9.405742098443292676e+00
-1.975867046103787494e-01 1.521301328506960537e+00 6.186108071072908388e+00 -5.399830318912004934e+00
9.353245006007016471e+00 2.068530117384993261e+00 -3.658570618611548309e+00 -4.093960699980209839e+00
9.727359667450889980e-01 1.011117982333303544e+01 -9.363703504762399987e+00 6.202411980650692769e-01
7.222245203591277196e+00 -4.593787055454812140e-01 7.348930522338678273e+00 -4.982437250543997109e+00
9.607892853873689631e-01 8.827110350698440300e+00 -9.169385035587394484e+00 6.126471485622766444e-01
9.483642906471303036e+00 2.278429327867657506e+00 -4.724365379599260173e+00 -6.025369342717397103e+00
-1.157867100524062165e+00 -5.315547783084701550e+00 6.402767700991282673e+00 5.213899088715454155e+00
5.596663551655868041e+00 6.617190398436068932e+00 -6.813832000447987980e+00 4.090393002456381488e+00
2.114498713625111659e+00 6.849213391617865021e+00 -7.132561491065883885e+00 8.610171863951955329e-01
5.248453713443898216e+00 5.405492923832991181e+00 -5.114236792420301825e+00 3.478913412061495070e+00
4.348965442765196698e+00 9.832979939304303585e+00 -8.251556145006709642e+00 2.858162170858884465e+00
6.491395078603607871e+00 -1.591932527103716133e+00 7.884615058351794659e+00 -6.122246197296700387e+00
-1.576096919592261614e+00 3.379934815687720029e+00 5.422000242185301744e+00 7.300848179367861235e+00
-1.788484100021034973e-01 2.664700886486790488e+00 5.330411384330052016e+00 -3.811366757536339467e+00
7.937395341494748457e+00 4.387354878328621477e-01 -4.702990108888308818e+00 -3.255466481720823868e+00
-7.776633472056820873e-01 4.236914326319400459e+00 5.593779707257828804e+00 9.013245349218411917e+00
4.972578815067216773e-01 9.540369662667216311e-01 5.846551629971039610e+00 -2.888646181056554241e+00
-2.616217972807094228e+00 2.267593748474354243e+00 4.935586345813486098e+00 -4.036374791018071839e+00
4.772368581035991930e+00 7.344939302581133589e+00 -1.111063572359756613e+00 5.663551998339371174e+00
5.159546234315297575e+00 7.313356791492812370e+00 -9.151000946183419416e+00 6.238482834789703446e+00
8.793821335677854734e+00 -1.574162641860794576e+00 7.628892248024847333e+00 -5.598905848937476115e+00
3.909604526482749698e+00 -6.916013347549855972e+00 4.008944678460713895e+00 6.877630208633507714e+00
8.393770075414844101e+00 3.798945293657471356e-01 -6.013669552027291587e+00 -3.140061856679370322e+00
4.029168607521133261e+00 4.821695550484726311e+00 -5.439764971357979206e+00 4.952802827725169443e+00
9.097121728866241597e+00 -6.738745311179061837e-02 -3.780326631177042707e+00 -4.549572077930328362e+00
4.962988985786592977e+00 5.560112356383343446e+00 -6.520181225705155903e+00 4.285553078052260823e+00
7.503924691897651655e+00 -6.368808281892436973e+00 1.064483533881715349e+00 7.317327456975780464e+00
2.104698094990226309e+00 9.198332583538492813e+00 -8.695869334223058189e+00 1.938446742778996645e+00
3.109909533723925978e+00 9.179154683428381034e+00 -8.480630183560194268e+00 -1.859800225661532025e-01
7.625406487204253736e+00 8.704899942990002026e-01 -5.026194887632731145e+00 -3.216605868391891665e+00
-3.438871797842081968e+00 4.491207823930229104e+00 7.217316223553480015e+00 7.685771530994189860e+00
3.159082433977555837e-01 1.295111681566512551e+01 -9.103204320150684481e+00 2.701199800838307130e+00
-1.280403943444316628e+00 4.323172499035972116e+00 5.108429832727272135e+00 9.620263944554892532e+00
5.541669473807626645e+00 -7.311229293978106725e+00 3.713685565754985873e+00 6.920475182724618257e+00
3.861524069641856016e+00 5.192866630573533371e+00 -8.421690378610609429e+00 5.820433780714564520e+00
2.138181407427507175e+00 8.150488484862949079e+00 -8.517741524318516610e+00 1.978923800550396184e+00
6.232653911497862076e+00 -3.052959737691193887e+00 9.507515564020426524e+00 -6.960055984166427123e+00
7.597315416429486490e+00 1.347815803367295340e+00 -5.448036453725254802e+00 -3.432292185493479142e+00
6.960680967537450137e+00 -6.152534915372614321e+00 3.135652001617171170e+00 6.173728471551997110e+00
8.342391226179055153e+00 4.655252423245245241e-01 -4.473124964371891110e+00 -5.018818116994905765e+00
4.515288392985748800e+00 7.083347762945032322e+00 -4.346507166658225785e+00 4.217720664847551149e+00
4.635754130526960282e+00 6.016867261493464625e+00 -6.786900384160963640e+00 5.769564942163523114e+00
6.986695995114308388e+00 -1.545988337004449376e+00 6.725166224117216984e+00 -5.512456766732986679e+00
6.831389366767609772e+00 -8.523487625303245441e-01 7.329601475315487669e+00 -3.474364652276039855e+00
-1.464269091085946828e+00 -4.274442703426913681e+00 6.707304592229323958e+00 3.045002088477080537e+00
5.942519258451450348e+00 -5.585255143954214851e+00 3.469110400343021094e+00 5.643963110048207277e+00
-1.103789292462378002e+00 -7.483380306048957209e+00 7.045542575328373580e+00 4.739713681498839648e+00
1.016752314460753936e+01 4.967225923481540240e-01 -5.606027561159258710e+00 -3.259738937789062874e+00
9.017814354899407192e+00 -8.833610956213435728e-01 -3.831945816027731322e+00 -3.450763354465700150e+00
-2.161240924142907582e-01 4.596588751853152743e+00 9.061289743000591201e+00 7.442483499795048196e+00
4.948405589029138518e+00 6.096880205847080347e+00 -6.681855948956539670e+00 4.111062134235467624e+00
5.655525213148806962e+00 5.231065944799585310e+00 -4.389207230253672876e+00 3.927978067676975993e+00
5.490363245269426429e+00 7.078291797498299509e+00 -2.942640141821076138e+00 2.528586329340158478e+00
6.952420421049829713e+00 -5.142116629853408227e+00 -5.714459526126605127e-01 8.330040650700256677e+00
5.383656278430782649e+00 7.441010285536783897e+00 -5.914468367746479771e+00 4.632249794787423269e+00
-3.853240861443636867e+00 -7.119408277090897741e+00 7.649475266474398794e+00 7.236230091977828849e+00
2.320714491537689828e-01 1.937492889037264909e+00 3.089824470499312969e+00 8.988740242660769653e+00
5.226853250454738031e+00 5.958634910865193923e+00 -5.466673461501208031e+00 3.493136423648986355e+00
1.105201738489491348e+01 9.672565889688278240e-02 -6.545204534836848609e+00 -3.260585363693401462e+00
5.477234581266202440e+00 -2.163784840031921952e+00 7.456746121986044251e+00 -2.582059494078491113e+00
5.015710114056775026e+00 -5.711110527369859469e+00 1.448271350042874328e+00 6.908251189406130699e+00
8.156915511264162255e-02 3.509101335435967250e+00 7.953516307943415242e+00 7.612462331168026175e+00
4.948033396839649711e+00 6.305904152076842628e+00 -6.897561784859805201e+00 2.381533018949575364e+00
1.207622011430472320e+00 9.555214106417661668e+00 -7.601692723841491528e+00 2.224989369363381542e+00
8.843046332631708140e+00 -2.793263092216793364e+00 8.100365076448259316e+00 -4.052496092376306258e+00
1.282766975849158442e+00 7.924143292917119830e+00 -7.955748805887056463e+00 1.734827976105193903e+00
-1.221824397115687466e+00 -6.268565042609933968e+00 7.533479967618531781e+00 7.619805736437706756e+00
5.061804097723801910e+00 -4.277785853067189947e+00 3.263121146299730491e+00 5.438759490796853946e+00
-1.608235536836404744e+00 4.646619554169514998e+00 5.127177252545148001e+00 6.566579543235227412e+00
6.646964408103198885e+00 5.789817533744530564e+00 -5.543282132918952776e+00 4.066420201712767302e+00
-1.738814720250837276e+00 -6.789576225369839513e+00 5.291823474819759454e+00 6.104556581435915064e+00
8.513658416809066765e+00 -6.905894448344493952e+00 3.237680166184840225e+00 6.333460002908581465e+00
7.311111982127254549e+00 -8.775749455489151529e+00 1.997311430477511696e+00 6.347404580986637512e+00
6.111774509670735434e+00 -1.717203543442700653e+00 6.208113159606444498e+00 -5.338088718659673049e+00
-2.887392704604778260e+00 3.052373460669490335e+00 5.679721009343312588e+00 7.440100059718977477e+00
6.741600034312717149e+00 -7.307964077183697782e+00 1.707817084071989289e+00 7.630071063676217236e+00
2.662973629459411296e+00 1.013648163242524092e+01 -8.447906136217005368e+00 3.282983674631815063e+00
-6.261426173274509122e-02 1.463453269183178751e+00 6.478572624320598550e+00 7.952543916829508674e+00
-3.926746935085145829e+00 2.826014016551646080e+00 4.193839175407896747e+00 -3.029438179712190760e+00
-8.287982961824413852e-01 3.271780719406886639e+00 6.619997200437476081e+00 6.051749037522501595e+00
8.206076507367214834e-01 9.696773281340544060e+00 -8.839361226204607291e+00 1.991917196284075819e+00
7.373525080529743647e+00 -4.534292504980034222e-01 8.124636377164801360e+00 -3.408006824003546154e+00
-1.197371893035537926e+00 5.182593255538359145e+00 6.608831228541869329e+00 8.380920139412136649e+00
