-1.190227289649522291e+00 -4.514450304834802807e+00 8.361053628339886856e+00 7.359263777542772722e+00
-2.748271592040958833e+00 -3.562610388729984479e+00 7.493688427293017540e+00 4.202707774768489557e+00
-1.363775397413335977e-01 8.258955269283738687e-01 2.927320303566077087e+00 -3.793494996808935760e+00
7.992083725956222295e+00 1.506783150320454956e+00 -3.313003747708255897e+00 -3.219939247577759289e+00
5.698052056211595051e+00 5.598355813500761613e+00 -4.842138681202985850e+00 3.880392057192734168e+00
-1.302084238916723979e+00 2.814215265333121607e+00 6.712187877872555219e+00 8.776911612102679783e+00
-2.576344294436884841e+00 2.632792023544468840e+00 5.604229582450900082e+00 -4.819178691545547899e+00
2.977097447892724347e+00 8.709824355703201348e+00 -8.570804144596337437e+00 3.100963477952084268e+00
-1.235650548833337137e+00 -4.265831304862363282e+00 8.105078428405626312e+00 6.835596440183766553e+00
-1.360186467854435755e+00 -4.480261291075476215e+00 9.032998107774458774e+00 2.918645961163601310e+00
7.209930763216590321e+00 8.382888772393631838e-01 -5.168302016900174323e+00 -1.359160048411812260e+00
-4.177942763648259117e-01 2.369899256631007312e+00 4.243684052584790756e+00 -2.229465291727354526e+00
-1.279090287690845873e+00 2.442153193485253837e+00 4.690165753864142140e+00 -4.554452689819278532e+00
-8.253979250572552884e-01 -3.835362237169037680e+00 4.866130389644958143e+00 4.777732858228676882e+00
8.296399550181270399e+00 -7.507961304778127065e+00 3.487697274022410809e+00 8.726229783811175977e+00
8.861952270229050299e+00 -5.142362635403520343e+00 3.699554764239697757e+00 6.286973656174971836e+00
-3.396219413712232793e+00 -4.734074754745965841e+00 8.671303613776501606e+00 4.078298518102171144e+00
-1.003500790168683210e+00 -5.239794386700512341e+00 8.478214683382313765e+00 5.115622447996371669e+00
-1.582359796782017325e+00 2.649570025704257148e+00 5.934507175003617796e+00 -3.652494222857875616e+00
7.534663474266260152e+00 6.050577097964730200e+00 -5.151515633708397601e+00 3.688522111413544469e+00
1.042148641741276016e+01 -3.873809677546706798e-01 -4.296456553291760905e+00 -1.749199687137816595e+00
7.464879333815773066e+00 -2.887518519221034197e+00 7.757520805964594146e+00 -5.085784514499469999e+00
7.444287758094510821e+00 -6.542178923843477101e+00 7.662187463837251133e-01 5.162590836409644446e+00
-1.915150936369637513e+00 1.342828923238568839e+00 6.539584734700772728e+00 -4.215556430726799420e+00
1.296185539764253880e+00 1.154663938292992853e+01 -8.225109131068002455e+00 1.546462331368588572e+00
3.305080658308630959e+00 8.068836702069974720e+00 -9.087615046684209830e+00 -1.510702294176951010e-01
-1.134525979734517964e+00 4.477393189085951519e+00 4.068179055380599429e+00 -4.815243478632186935e+00
-1.601976013378682895e+00 -4.537285248856508524e+00 7.558437707874673173e+00 3.978034754540763718e+00
-2.508123399583478630e+00 2.364399209865699181e+00 4.860456656108220308e+00 8.640220809099432131e+00
4.606186532907571518e+00 -1.943482499042846534e+00 9.300498833570141954e+00 -3.478863856037098579e+00
-8.202181163291156762e-01 1.748976986957554436e+00 7.131309057814335439e+00 7.350060073326649679e+00
8.699439263428576652e+00 -2.361427976825147823e-02 -4.728063919461029663e+00 -2.953164648867332875e+00
-1.135877529455526780e+00 1.520031881166878929e+00 5.412254439346351198e+00 9.570219464077245775e+00
-7.755305606693053688e-01 -3.120760524831207583e+00 7.019859680026538484e+00 4.072609560488623437e+00
8.831007021459186035e+00 -2.678845740473700943e-02 -3.533885881636803727e+00 -4.494173356161050847e+00
3.766222742100731935e+00 5.916783840754261448e+00 -3.862590364106563534e+00 4.594480918654023860e+00
6.499449086210806747e+00 4.181194979759403019e+00 -4.867887393062286350e+00 3.262237679661994516e+00
8.182928492578312785e+00 -6.859747628282900855e+00 1.390289094329327124e+00 7.651030956953951190e+00
9.335230402150955342e+00 1.486813334836891487e+00 -5.124914775761722829e+00 -2.976195879953707379e+00
-1.274111363348416681e+00 3.264456393333143414e+00 4.623243206361897784e+00 7.575287600786901443e+00
5.988775080052471722e+00 5.706180733669906857e+00 -5.961398572880497682e+00 4.730938994596907143e+00
9.597955750853603973e+00 -1.499889061769116072e+00 -4.250941063299820577e+00 -3.049555612316314335e+00
-4.565975864299784970e-01 -5.356066451859022415e+00 7.329668844188671706e+00 3.148428922067291857e+00
8.496680319496515921e+00 2.031256624556590396e+00 -2.266585696377184433e+00 -1.830490992411766493e+00
4.327733998821551964e+00 6.758743223774072995e+00 -5.155839021624733398e+00 1.962622653187463317e+00
-1.132417784483988443e+00 2.424839601839527514e+00 7.079559335126044850e+00 8.324734582332224520e+00
2.395806734071173061e+00 6.690580778825095720e+00 -7.740270836316183178e+00 3.768785252534629926e-01
7.150159912566850906e+00 -8.970022529307437154e+00 1.768854101395772815e+00 6.703743806407782557e+00
9.172836493589359819e+00 -4.472458328307267195e+00 1.156753879275422836e+00 7.203997655551036772e+00
5.942682545979931064e+00 -2.200505977784128042e+00 6.824061589428129793e+00 -7.570856044191856427e+00
8.645913693578114234e+00 1.791817447409156605e+00 -4.224118812831095582e+00 -2.752131011660972959e+00
4.427237319862817877e+00 -4.829924249756473387e+00 3.286484224068227711e+00 8.432847314166018293e+00
8.762938898484851080e+00 -7.022793744162452612e+00 -1.407762174648386377e+00 5.905597742486310864e+00
-1.178652504643086019e+00 -6.629810366180704406e+00 5.600149664979092279e+00 6.211540158516304366e+00
-2.974642536104171731e-01 3.426743197504773963e+00 4.119196229544717092e+00 6.958995053038135481e+00
-2.080109768612829590e+00 1.488821670256238683e+00 6.587702722932160526e+00 7.613173456665811578e+00
8.189761112439802204e+00 1.158197973404528458e+00 -2.825272533090871008e+00 -2.866890959182698762e+00
6.240272760968948340e+00 -2.344192019555601192e+00 7.965505065443335475e+00 -4.206717731626322454e+00
5.324105157853646908e+00 7.540868715381750853e+00 -6.320774579602971066e+00 3.377304711871618181e+00
-1.135958952157603008e+00 4.162080640958976119e+00 4.093431574279644103e+00 9.843659856803803621e+00
-2.111297056718842935e+00 2.567516109792967516e+00 3.863089235262404220e+00 -5.236508309011864704e+00
9.681389454814997464e+00 1.810175685376826493e+00 -1.774158440476740317e+00 -4.862244264275226158e+00
-7.734932307301423116e-01 1.062849765945259328e+01 -9.569703500039066668e+00 1.879232062027738737e+00
-4.286204126658981650e+00 2.028304508796455963e+00 4.122887200115131989e+00 -5.346352375394674894e+00
-1.677764572406341692e+00 2.766380250620802173e+00 6.530084571179591180e+00 -2.556919053884853632e+00
4.545205908162314401e+00 -3.913039961521499688e+00 8.169977164852983975e+00 -3.518404512269434736e+00
4.140202968894655111e-01 8.258336362130412667e+00 -1.063581232227643625e+01 2.885769569025279591e+00
8.823435503588280326e+00 -6.971604572199314731e-01 -4.989041823392257768e+00 -3.436827805451265760e+00
8.080040496696730301e+00 -6.923515925516623426e+00 2.640895955259479955e+00 4.939738086572355691e+00
1.025258488562309367e+01 1.002190175334771727e+00 -3.240623127908110135e+00 -4.400399006913256805e+00
-6.227702691378551592e-01 1.195818225913320099e+00 5.657389360178290971e+00 -5.123161224427600580e+00
-3.669680258399934392e-01 2.389247232889819550e+00 6.553509612866805334e+00 -3.928478015996764050e+00
4.839610634064248629e+00 7.994295005529370890e+00 -1.007720070921278754e+01 -9.742237967890226003e-01
-3.832016437424296651e+00 -4.371873334918196186e+00 7.722720302340178478e+00 4.209738927268594111e+00
1.064503686552759021e+01 1.919538604348506317e+00 -3.548382523554678869e+00 -3.192293410319684277e+00
-2.315115363596374376e+00 -5.947253922875781917e+00 7.730593784832903381e+00 4.642653500412224687e+00
4.747647888530885929e+00 -6.915668443595683890e+00 1.913782645467947852e+00 5.454518507679173567e+00
-2.879114660248129454e+00 -1.236303673522762825e-01 4.527057691588079358e+00 -4.120222650710498868e+00
4.693542784828607317e+00 6.633687822402713152e+00 -5.728258473254133065e+00 4.986968614694267998e+00
3.008209781489341594e+00 9.425974498671029878e+00 -9.210158137093122477e+00 2.427609758059195322e+00
-2.579344055672193825e+00 1.985152683921114658e+00 2.999888192651020802e+00 -4.886095919971893409e+00
7.802152037807463358e+00 -6.932621661140267122e+00 3.424760506980729424e+00 7.026298048927616335e+00
3.519072541374598018e+00 3.239016504138824359e+00 -4.262214709005471391e+00 4.018311777404708351e+00
1.797928365201153289e+00 1.201112853606864661e+01 -8.445446026981638710e+00 2.594383879452395014e+00
8.680146281252465457e+00 4.465571946786277557e-01 -4.975805230718250982e+00 -5.076327102297303107e+00
6.499673812297485753e+00 4.855408303132863423e+00 -6.233800049169480495e+00 2.826284461152247740e+00
4.877852941547762278e+00 -3.308296681641235359e+00 7.346629774643847810e+00 -3.212737826453936130e+00
5.337687795767411814e+00 7.679433972420366850e+00 -8.173689462199503097e+00 1.971593030852277328e+00
-1.422474757665210143e+00 4.746305217562587941e+00 8.852487420077965297e+00 7.960608929584906512e+00
2.524788799197978939e-01 1.442910190126500680e+00 4.298625601419781006e+00 -6.831521533217586040e+00
8.099503248323207671e-01 2.895541262391430948e+00 4.914567603346437608e+00 -4.326343428939213531e+00
-2.347484264274017907e+00 -5.914281336700076608e+00 6.485689530896989297e+00 7.677315643007929680e+00
3.664315218159603482e+00 8.333704161536873656e+00 -3.633474907025600942e+00 5.049968430664637076e+00
3.649378286358226919e+00 9.993680236923333737e+00 -1.025197732940636364e+01 8.912948662911038822e-01
-1.261430145080467247e+00 2.732126797945209518e+00 5.221852704133042700e+00 -4.233823071610432365e+00
5.966030640034282406e+00 6.983976343666962627e+00 -4.212451438485134148e+00 4.659731313766552141e+00
-2.363016322426656490e-01 -3.381371168708585451e+00 6.879301047781934741e+00 3.427693958232904237e+00
6.934696591670341803e+00 -1.395086851115473481e+00 9.551787023289106671e+00 -4.213564311144391006e+00
7.225495866585808891e+00 1.950455987982399275e+00 -6.477174887532741288e+00 -2.275358728113950235e+00
8.492487008477750621e+00 1.528163706615115469e+00 -4.998844328273751358e+00 -1.779564242815493413e+00
7.000147707277054820e+00 -2.138863968574093111e+00 5.356353080989319615e+00 -4.287415451581651382e+00
8.719653545680962736e+00 -2.099047941363507697e+00 7.768819462401297393e+00 -3.736294672779837178e+00
1.199974803088172948e+00 8.814308257202693397e+00 -8.455201979923153033e+00 8.899228189008482337e-01
7.992591795535037846e+00 -5.266976327441271977e+00 3.757504354743955055e+00 5.494632429219937109e+00
2.505537814576954680e-01 2.240169559401908650e+00 5.369687282035283893e+00 8.051838471233656591e+00
-1.992018284860490596e-01 2.215046431109392699e+00 5.413672758999869217e+00 -3.083789827892663205e+00
-1.690174555404654999e+00 3.617442461673722853e+00 5.192984523073838510e+00 7.645159097800587666e+00
-1.484228762878279095e+00 4.015759116375613225e+00 3.922300714038907454e+00 -4.526883390482440817e+00
-1.365768407283836527e+00 5.549272573647568763e+00 5.378698467857542020e+00 7.928960201416574982e+00
2.206930893014236617e+00 7.756889286185834287e+00 -6.934369244910078223e+00 -2.312815553387297385e-01
2.217428788853290644e-01 -4.925195483100427651e+00 7.989745592470021585e+00 6.040905369183857232e+00
-2.476636527120115616e+00 -7.347959846009390894e+00 9.771231573840486462e+00 5.467435728171357034e+00
3.758661218163653395e+00 7.094886606034661369e+00 -4.948803433765974980e+00 3.336984810028311266e+00
-1.482239960179397409e+00 2.998613930464263611e+00 3.802483654436129346e+00 -1.107787359611682287e+00
7.150714342286680569e+00 -7.552098109245484636e+00 2.290143322026509498e+00 6.473032872692962236e+00
8.002199605567403395e+00 2.995610524450374790e+00 -3.671000043377219413e+00 -2.104700997483543556e+00
-1.117759965331039940e+00 -5.595668821921092828e+00 7.411138423445533085e+00 6.076573162750012358e+00
-1.357451813364670912e+00 3.410457112314714045e+00 4.185850134025625557e+00 6.184253900308730678e+00
6.760440616782029899e+00 9.166502966126440555e+00 -8.015653833105087500e+00 2.905050644282512806e+00
-9.551154316884532536e-01 1.129875346445304851e+00 5.303266404431962400e+00 -3.749000746069789614e+00
3.319743149905671764e-01 -6.001353660077099583e+00 6.779292702503656010e+00 6.037968136227304328e+00
-2.982785188272570887e-01 2.857697897498240991e+00 6.008245508266574220e+00 6.497975421595636014e+00
-1.094557482233019741e+00 -6.040178709720606776e+00 5.984452216016495463e+00 5.532104624729845987e+00
8.344911633407960938e-01 2.351813242226034273e+00 4.719369014042356092e+00 7.904511191278866811e+00
2.751922812767259696e+00 8.751488722696691980e+00 -6.629104070365882784e+00 4.045423511931542926e+00
8.272960763482210211e+00 -6.425517116600841128e+00 1.418605048344931063e+00 7.321798217824843746e+00
5.212200089667201830e+00 7.443475595360986574e+00 -5.527399229616616338e+00 5.404638602287720417e+00
8.585399426451043592e-01 9.157602217517311516e+00 -8.465948202465201078e+00 3.888611083276926728e+00
8.482195363755279161e+00 -3.027906657244652244e-01 8.234088308712923521e+00 -5.404561869612004799e+00
7.110166485428968564e+00 -2.304583239903716940e+00 7.052215037584171675e+00 -6.080218494717810174e+00
6.802987901619397704e+00 -1.452547397751944747e+00 8.795498505533508649e+00 -5.260461464471164028e+00
5.241471172326088279e+00 7.448307343018536031e+00 -4.216251875103964153e+00 4.594742947988472714e+00
1.380972210584567428e+00 8.670053312450345828e+00 -8.814675913858820877e+00 2.000072696286996798e+00
7.824168192799100474e+00 -2.610995082928057265e+00 8.822042125055268968e+00 -4.335330408302981553e+00
5.839277177160998811e+00 -8.044661017464795449e+00 2.332375643241502594e+00 5.865222528786922851e+00
-7.750646719012609376e-01 3.372768850716326483e+00 4.881414628844680692e+00 -3.227173422145873882e+00
-1.243637889841668231e+00 1.854587700361737479e+00 4.658213787281506590e+00 -2.869423230247762469e+00
-2.887411760433865604e-01 3.944642325903678248e+00 5.189005502955271965e+00 6.140115628207270859e+00
4.453372859691398844e+00 1.106310175725664280e+01 -7.812891447694762626e+00 3.409011189740366987e+00
6.264540752243305199e+00 -5.069098239803522254e-01 7.253258094729353900e+00 -3.758925181773903113e+00
4.235492923631153594e+00 8.137538830640118626e-01 7.169287019418646878e+00 -5.284518627205042840e+00
-1.608753431449304161e+00 2.723175727310299887e+00 6.985483052076773447e+00 -2.365495350245588213e+00
4.216276720532846412e+00 9.983612282384877190e+00 -7.608857349370275358e+00 -1.083686834637696883e+00
3.562246437632827778e+00 9.456068629940826753e+00 -7.865750040693106016e+00 3.835769757138197011e+00
3.564876585189455049e+00 5.057371865340133610e+00 -4.913962124647603069e+00 4.297325676431984931e+00
4.007772283111179057e+00 6.601461364900623074e+00 -7.750414511040410126e+00 3.762772501772631006e+00
5.180672736982626425e+00 -2.439996199980269953e+00 8.308943372116992521e+00 -5.398106002876155607e+00
-1.308175525098776326e+00 1.152954513502965739e+00 6.329485202094390139e+00 7.566056561613399900e+00
9.598434802950428946e+00 1.640516912821809115e+00 -5.148739728577140795e+00 -4.018098083152694677e+00
-1.321242934543287451e+00 -4.216896999274318603e+00 7.120266259611645054e+00 5.194786085621598382e+00
-2.665034233097931970e+00 -4.892799541286119158e+00 7.488007374091613322e+00 4.667872246852929230e+00
9.876452354933006106e+00 4.612129204564210383e+00 -1.857525631680922995e+00 -2.309242058383149665e+00
2.635503746766757249e+00 9.167188179420234562e+00 -8.348127642927815728e+00 5.618042088212358287e-01
-1.447359333926813818e+00 2.286251350356385714e+00 3.581799453414379109e+00 -4.727538946958206090e+00
7.013661722615943894e+00 -9.133683167521502000e+00 -7.778566538564386512e-01 7.824115701088995678e+00
9.394379507341446001e+00 -1.173913651692372495e+00 -4.134287814560646090e+00 -4.941201387748643370e+00
6.095664167248617815e+00 8.081412228437873102e-01 -4.232566473160201070e+00 -2.695157856487199854e+00
1.731052119536542033e+00 9.228005041539216080e+00 -8.023852952255499105e+00 7.825836338409342119e-02
5.222380642419959251e+00 5.871373877786750128e+00 -5.320738317770386416e+00 4.170530265873256148e+00
6.808316138973278697e+00 7.392608852646747941e+00 -5.038496818902970631e+00 5.221629397603431144e+00
6.077623651114453907e+00 -4.872515371927130801e+00 8.562529594153585055e-01 6.853624516981147607e+00
-1.385158166797993085e+00 -4.946496947234915176e+00 9.169853145030078423e+00 5.546210862579320278e+00
3.233617049997130621e-01 9.361207451904009602e+00 -8.191564975208354582e+00 3.405484762252620978e+00
8.719444633162670044e+00 1.724404929639063777e+00 -1.582150562010016248e+00 -3.664738279587132830e+00
8.737110739623402011e+00 -2.835921863046504399e+00 -3.472326593503881842e+00 -2.705134160127832921e+00
9.414344756988096918e+00 8.278041550934956971e-01 -2.600972377760975895e+00 -3.833138127232741166e+00
-1.169778700911275227e+00 -3.844109994047628653e+00 7.807887057575255696e+00 5.512702525174344892e+00
1.474284610370750315e+00 -4.593272072504116288e+00 7.595699310913694546e+00 2.197354921517933324e+00
-2.438815289667020103e+00 1.708977652654013468e-01 5.093955342251488716e+00 -4.564881908224034390e+00
6.519372740906955066e+00 -6.882420151431555055e+00 3.656652615946714757e+00 6.546132787729481706e+00
6.570570986763154764e+00 -2.254790189178685011e+00 6.898777621212857980e+00 -5.160477896611816107e+00
-8.311068752319420438e-01 3.798225470551249483e+00 5.886111875764534318e+00 7.644893068559977856e+00
7.034822417650280713e+00 5.710507426777721385e+00 -7.132082480562966786e+00 6.657450238779636820e+00
9.825769870145160567e+00 1.525351924484202648e+00 -2.248380944420733663e+00 -1.932115006553201120e+00
-1.210894377891796214e+00 2.651551788446963709e+00 4.037132298486970861e+00 -6.396546624071495657e+00
7.197157085626151307e+00 -7.606620572943466385e+00 2.209892566791088697e+00 7.176114125615468353e+00
8.573899983085244259e+00 -3.863599052505675591e+00 8.674970102715034770e+00 -4.393640389077819286e+00
6.248375994482594287e+00 -1.660069253913288856e+00 7.073940280151409965e+00 -2.518939645290819040e+00
7.753311569513382295e+00 -6.361219554810003673e-01 6.594069152272847845e+00 -7.752058066659309077e+00
5.767080358500455084e+00 5.354005411261713032e-01 8.047272803820220588e+00 -3.821900927111602897e+00
4.499461137425690538e+00 6.193709486596547187e+00 -6.120542557744546919e+00 2.998467694643210280e+00
7.859407598019723551e+00 -5.491027192934030410e+00 2.276719421115055653e+00 5.474035309511737779e+00
-6.003576543299160573e-01 3.410756710457650165e+00 7.120506120096611546e+00 7.730970282010133587e+00
6.500332677138198179e+00 -1.520340242330243452e+00 7.479990824938172800e+00 -4.206869953835415288e+00
-2.474843558458473591e+00 -6.029857252532137224e+00 6.457584156944144560e+00 3.660491578938721347e+00
5.839413705351842232e+00 5.432217051209174308e+00 -6.088586704258101889e+00 5.569875258606344914e+00
7.669612517067839974e+00 2.166657169124054150e+00 -3.613844766923436147e+00 -5.022775595245185798e+00
8.728349449708609598e+00 6.629647132785190244e-01 6.623123361450190316e+00 -5.607905042918289951e+00
-1.170389253184418665e+00 9.050804110942396452e-01 6.154902391006532802e+00 -4.634508409511542304e+00
-4.024595579082751229e+00 -4.309286040566913556e+00 7.197119195721646712e+00 4.376492695193653581e+00
6.177037237154547888e+00 -1.912885301401690441e+00 6.962236768499661110e+00 -4.625121346220553598e+00
-1.021683896596224495e+00 3.040221361668114852e+00 3.009557967587145555e+00 -2.730433280553477893e+00
-3.758656528374832995e-01 -7.232835729264030178e+00 6.169539784139960403e+00 5.868782129483227195e+00
-3.787628954249468993e-01 2.601849991090166014e+00 5.836455628914463567e+00 -5.532127685931559569e+00
-1.349070194766505359e+00 -1.242341092639883460e+00 5.077011358213199266e+00 -4.217341152906106672e+00
-1.132274139850704575e+00 5.536228643634844460e+00 6.890402168109856618e+00 5.947186381745748207e+00
3.141150068402408735e+00 1.129211848024131726e+01 -9.971113372431915423e+00 1.110518829495489967e+00
2.805221336433064927e+00 1.096193428994031471e+01 -8.853619977351062431e+00 1.613106435434607411e+00
4.614857823533100589e-01 1.158144895372695871e+01 -6.941868983900668866e+00 2.258430262643577713e+00
-1.270422836253568555e+00 3.894173712741977766e+00 6.092119109280615952e+00 6.014666095998573603e+00
9.116859342655880383e+00 7.004790650813319530e-02 -3.901675148390234771e+00 -4.291767726051635812e+00
6.337663048370138164e+00 -2.809505145358068834e+00 7.960616732046734256e+00 -4.200834332739513677e+00
1.864743987612988985e+00 2.884100763644685816e+00 4.277134272465636045e+00 9.128187152127663850e+00
9.120250936785661011e+00 3.732075966763072628e-01 -4.529707120700575018e+00 -2.558462765768063640e+00
-1.619183769269533002e+00 1.847531542888478651e+00 4.394101789204875708e+00 -4.543931642889887712e+00
5.737855302898565490e+00 6.438726343020788612e+00 -7.955437261314223463e+00 4.608384960675184772e+00
2.023150200701561374e+00 1.040762930173607259e+01 -9.219365604945352288e+00 2.560301592642054924e+00
6.755613881667095200e+00 -6.149161637989904783e+00 -7.200762131859410609e-01 8.938557314597614933e+00
-1.751273058730187460e+00 -4.009377794884785295e+00 5.836103394807435230e+00 4.434805380697674160e+00
7.213146886317407969e+00 -3.944868126233393557e+00 1.513402770781313134e+00 6.338173002987065097e+00
6.924601673085900799e+00 -3.746370026353088800e+00 7.714544101538338694e+00 -3.578605998661464227e+00
-3.346492193075017330e+00 -5.636995081806410290e+00 5.324201855079941481e+00 4.297103469319792701e+00
8.261407452917630678e+00 -3.571573280563027364e+00 9.820155342831185408e+00 -6.730209052478802079e+00
5.348138914080105000e-01 2.039609492661355716e+00 4.091233066417174769e+00 8.906690708052591887e+00
3.378281821667179052e+00 7.892992936123051528e+00 -6.434968199385949106e+00 3.940630213740698995e+00
-2.371958171375210700e+00 1.059404628484612143e+00 4.717181856797875383e+00 -4.141335857981228941e+00
-2.268909447678106872e+00 -2.141270389856277045e+00 6.041747494329357870e+00 4.189377458715610736e+00
5.936266587497438962e+00 -1.266263084972876873e+00 8.283983847302863524e+00 -5.084623698732857910e+00
-4.863981026741834857e-01 -5.857315762681281512e+00 7.764866204530715521e+00 4.800324564255086912e+00
1.525022855349187800e+00 8.143309334222571749e+00 -7.491448893950045651e+00 2.437300106632206642e+00
3.133026381690673379e+00 7.863932931242366031e+00 -1.082575181625793803e+01 4.104502367708019683e+00
1.044326506368644658e-01 -5.938080034569761523e+00 6.359035243033006601e+00 4.341337117856788552e+00
6.970219689159998566e+00 5.220670363865154151e+00 -7.196926218172071898e+00 5.337839102023981042e+00
-1.247416262720184577e+00 3.245884411340268283e+00 6.410289473473017807e+00 9.931503889053461265e+00
7.799544035089861715e+00 -4.077957637178214689e+00 9.125329269897974882e+00 -5.148773747206149665e+00
8.799134895383327049e+00 -4.802594588037856216e-01 -4.665969275959855445e+00 -4.014433976092447232e+00
2.057900158517024014e+00 8.813592584181646927e+00 -8.637954010588932974e+00 -1.532172662926738482e-01
-2.328284997339749030e+00 -5.956359859020655456e+00 7.840892452651983646e+00 5.232863415562547971e+00
4.479225208983544704e+00 -8.983274133087878255e+00 1.361493440620211715e+00 6.303571762159200453e+00
3.796106748024596467e+00 8.062665326095382667e+00 -6.321182424747765261e+00 3.516747836746312750e+00
6.351347715208112810e+00 7.067072583181595036e+00 -7.320123943765441510e+00 4.884925053992171584e+00
5.533890403256874535e+00 5.477635100222331133e+00 -5.323091691254479230e+00 3.646269992501327994e+00
4.281805641313762401e+00 -6.601796526840642443e+00 2.559203446422114059e+00 8.218628329040903679e+00
6.945021536436746246e+00 -8.615287255177246806e+00 2.796806734444123421e+00 8.341202300131685732e+00
6.488108845149207937e+00 -4.655807268789312836e+00 1.706821990559110880e-01 6.641105428716338466e+00
-2.133906860019465945e+00 -4.787625437487502467e+00 7.615078863057203051e+00 4.714606827517358489e+00
5.667446151365480134e+00 -2.413099069969014909e+00 8.918797313793547232e+00 -6.968632706880208971e+00
4.117970919169382071e+00 -7.209335824487618005e+00 -1.592772717869039845e-01 6.518262417225038519e+00
3.566072197649003961e+00 9.166380097540184124e+00 -7.589576380570279390e+00 9.828274074890288592e-01
6.186374344023114702e+00 -6.858347001776067264e-01 7.666895912434714688e+00 -3.379339427191877299e+00
2.605000807154004949e+00 9.320245767854437702e+00 -7.506830288831220166e+00 1.581927921180450891e+00
-8.062132831824094792e-01 1.885043300009880518e+00 6.896280596073108171e+00 -6.890460511912688268e+00
-2.039276590476474027e+00 9.645087887356134093e-01 4.701108732098030707e+00 -5.688531387530993300e+00
-1.730094519613305737e+00 -5.061448727155818617e+00 6.946018883080787631e+00 4.146304244099224157e+00
7.942737410585565261e-01 1.109633603990074846e+01 -9.239077320269275972e+00 1.470554783796296228e+00
4.192466720997439111e+00 7.799558736702095096e+00 -7.122163841254267602e+00 4.348748598660302278e+00
5.199284830032439686e+00 -7.963658662810527034e+00 2.748868147787953298e+00 6.943344390734499605e+00
9.761732055811032538e+00 1.438980667431170701e+00 -5.353448273591315143e+00 -2.941726919993084000e+00
9.654815315467688563e+00 1.020881491954338527e-01 -4.998699400452193409e+00 -1.260300934143731455e+00
7.128024932559605453e+00 -5.446120894306795357e+00 4.272289221146470695e+00 7.100672653594277683e+00
-1.667935976653145413e+00 3.142327886215301902e+00 4.610222146326572457e+00 6.561134911895343258e+00
-2.175492856171685307e+00 -6.631049221217733880e+00 8.734087787042772888e+00 5.856204813724304792e+00
6.611359203006430540e+00 5.302733013913025317e+00 -6.232674858937409468e+00 4.928407325059378508e+00
9.367838177272657774e+00 7.918188841779892906e-01 -4.454019577097526827e+00 -4.427279978202824928e+00
1.199178505771671066e+00 7.934505286591448048e+00 -8.366420117440199533e+00 2.119834098821232971e+00
3.041448764101755131e+00 8.321543338688160318e+00 -8.676958724775925447e+00 -1.049851966982170204e+00
1.198765255651262684e+00 8.774405505730385357e+00 -8.405288745468117995e+00 2.684509780449101157e+00
-7.885725070726153918e-01 -5.852406944631701968e+00 7.438411522878664250e+00 5.446836268513579604e+00
-1.143914080897338037e-01 2.867300331013046488e+00 6.030530235303947606e+00 7.747994614494841059e+00
6.713201869307116709e+00 -2.081955876415753082e+00 7.443869602107067607e+00 -2.569879962360589687e+00
3.775641720577390004e+00 1.056551781471082663e+01 -9.111933389326345889e+00 3.039170940730580028e+00
7.857528140155974228e+00 -6.082288423739947714e-01 -2.887624426620486684e+00 -4.566071510655788757e+00
7.415934774895394099e+00 3.071809061757529324e+00 -4.911371773948456365e+00 -4.221180675148518802e+00
-3.108476151263966258e+00 -2.850270066258953072e+00 7.603198137836036707e+00 5.533052889045224632e+00
-2.401653731606186781e+00 5.778648454968138282e-02 5.915739763383629501e+00 -3.420929314939742394e+00
-1.164201200779529488e+00 6.471148873567602600e-01 4.885098048234525869e+00 -4.839352481174752363e+00
-1.737682360399595449e+00 -6.480974811698148486e+00 7.249163782555569924e+00 4.531279130363682128e+00
4.383269548013083217e+00 8.259338890717375037e+00 -5.327153683579425092e+00 2.221867486355633137e+00
1.122704003233907510e-01 -3.587035354196603798e+00 6.919745363386399895e+00 6.389551125359757222e+00
4.626196747151893440e+00 8.097648091408689908e+00 -3.954310330015992747e+00 3.109052909788919905e+00
7.243342264079669413e+00 -2.114642077580128010e+00 7.993443406786448158e+00 -7.893325675114009954e+00
-3.093103089750046664e-01 -4.202111907851366013e+00 7.133300318093456660e+00 3.613182354002455021e+00
-3.009142450946385328e+00 -5.872904587374892849e+00 8.273252282500623167e+00 7.158757487192132452e+00
7.923314371525009392e+00 1.490527599520341973e+00 6.104596813122374677e+00 -4.743048350382564671e+00
7.235671929999573315e+00 -2.833978602771316524e+00 2.329975108242934301e+00 5.456964800367837043e+00
7.248660372799262674e+00 5.534570444882726648e+00 -6.505495068632352051e+00 2.228472652213520977e+00
7.268388034067094772e+00 -1.538073703035425677e+00 8.000980865171642975e+00 -5.976194878698373181e+00
-1.279245174492395165e+00 -7.715112827959920594e+00 7.562641867992113909e+00 6.939300157155608773e+00
1.005832027481084978e+01 1.336900960128897253e+00 -2.051297563721429906e+00 -3.930922729415447847e+00
5.847658861647367701e+00 5.829468147400132416e+00 -5.316893942081105884e+00 2.951557217655274012e+00
5.970756965331102784e+00 -7.423953093785605972e+00 1.383163303741615779e+00 6.426449810542882446e+00
7.937919052014231980e+00 6.501460451846741151e-03 -4.635920030099286215e+00 -4.312316663132356176e+00
7.295977081357142069e+00 -7.518240823046126842e+00 1.197081444357053881e+00 7.375150054322655357e+00
-1.185655161166973448e+00 -4.801624859932908329e+00 5.497326069099335299e+00 3.476360088366329038e+00
6.128900809387192616e+00 -7.516232068505778408e+00 2.989037319212123123e+00 4.914731790177114590e+00
2.931232455849763330e+00 1.115797260665295276e+01 -9.216772122932216149e+00 -1.140721282102751477e+00
6.073247413265565164e+00 -1.102715289796784237e+00 7.093800136463607409e+00 -5.122310585860541110e+00
-8.622104730101283199e-01 8.622864763360051921e-01 5.371661993295470339e+00 -3.904396167112818006e+00
6.995795604309178017e+00 -4.580752189534051055e+00 4.070815392822408008e+00 6.109657106865038934e+00
6.638083874726607547e+00 -5.242471562177952737e-02 -3.294588402411222638e+00 -2.821121187184173262e+00
4.877700942857044808e+00 6.979194580030877226e+00 -7.513260414543477594e+00 3.155764778952865335e+00
-2.493081972484211484e+00 -4.933106073404468717e+00 4.480623572633898988e+00 5.084111165919783737e+00
1.274261818519984324e+00 1.239569289366558458e+01 -8.737823124182186874e+00 2.581823180276359153e+00
-1.947574400250135174e+00 4.083342165004363977e+00 4.248842113969030443e+00 -2.833266998617987031e+00
7.512592786974965797e+00 -5.962350565112717327e-01 -4.738998138947320804e+00 -2.183635300207917407e+00
-3.371322048989562337e+00 2.739684489676319501e+00 5.026677515472186109e+00 -3.929813489463484188e+00
-2.910219688539715799e-01 2.628388277875846057e+00 4.018475765386289922e+00 7.669790203259672978e+00
6.413247720335391477e+00 -7.409996836971472156e+00 3.211825125694325767e+00 8.159514513829043025e+00
7.664634438321668242e+00 -6.067917069003722297e+00 -3.326487089597573998e-01 7.541622975546080632e+00
5.036075724235063333e+00 -5.833549063502434961e+00 3.729767036217038090e+00 6.731500699074286942e+00
-1.542460011502264638e+00 -5.117278479871242070e+00 5.510632164196865190e+00 3.122425804662531057e+00
-6.315187513542377395e-01 1.871087211424214081e+00 4.787025831184214653e+00 -3.292210375510799203e+00
1.563014386092404617e+00 1.920517957020218880e+00 5.993341227840796925e+00 8.086339238725512857e+00
6.340104398283061826e+00 7.049314502275245253e+00 -5.988607345514271429e+00 2.160352896241892307e+00
3.831906546850187389e+00 5.320593787269324970e+00 -5.876467963380408221e+00 4.785838375734918770e+00
-2.737112556808422248e+00 2.215245563465157552e+00 4.359796819243272559e+00 -3.965717944818689666e+00
9.976693971567536678e+00 2.055357650364408872e+00 -5.606306928607391882e+00 -4.250496084186339729e+00
-9.350375440335125798e-01 2.659486929703090752e+00 5.419912763208804662e+00 -5.280336202118785849e+00
-3.642694625211777115e+00 -5.356976400694906992e+00 7.702761461393824227e+00 6.393123507454451016e+00
-1.681130256116150301e+00 1.419260662688422103e+00 5.888475957243326953e+00 -3.859186360172178976e+00
-5.191424472732661943e-01 4.365628509737284446e+00 6.994079872258632591e+00 9.767525106027479254e+00
5.275156312242494039e+00 6.190827208691690231e+00 -4.660496446308306950e+00 2.869507508598600154e+00
6.861819492514265484e+00 2.627157770185749586e-01 -4.482336051535305010e+00 -4.230284571127514326e+00
6.413423099659036453e+00 8.361519245137742473e+00 -5.346860900411885886e+00 1.198256131817481140e+00
1.444341310995201688e+00 8.650256060366153577e+00 -9.089718897601242631e+00 3.870781227200570385e+00
5.970218790273120746e+00 -1.894528684496749271e+00 7.360148875167164206e+00 -3.623792516451387336e+00
-1.399833752355134742e+00 1.867686385324023757e+00 4.837012724160077326e+00 -4.626005947188269296e+00
-1.466017561585555296e+00 -2.625647335183248110e+00 6.877651678851997019e+00 5.188364909088999610e+00
4.113212753508513231e+00 4.092267184070032648e+00 -7.670872514566261735e+00 6.147185790536422445e+00
-2.060564948989014766e+00 -5.197199698294412862e+00 7.267141542211872363e+00 6.277153525686349766e+00
6.791602037440086725e+00 -2.071918212035116280e+00 8.385741817995398861e+00 -4.450945584936958355e+00
-2.110999009714362273e+00 -5.642112062290673968e+00 6.910486437999512788e+00 4.607490619894528905e+00
6.247182794828048280e+00 -7.422852963262782211e+00 2.756549772635597417e+00 5.294709094737221733e+00
-6.211394040206604794e-01 1.115199594790634130e+00 3.234035905287945489e+00 8.375139374426636252e+00
8.699074010894747744e+00 -1.631210278308279804e+00 7.026449079310543411e+00 -2.975662488077388090e+00
2.636555193932506480e+00 8.049860624061345504e+00 -5.292054112697443635e+00 8.998617597380870192e-01
4.148233596524391942e+00 1.011648471314421371e+01 -9.221768471206573281e+00 2.586700435690407751e+00
5.709393472194968844e+00 5.019732043770358310e+00 -5.926858071197449895e+00 4.449748750551671073e+00
-1.581303158711516055e+00 2.430866073106820568e+00 6.935118213909626128e+00 9.149793593188984886e+00
-5.529526627511620607e-01 2.739673382511285560e+00 5.143586536700536449e+00 -3.575477950128029825e+00
6.782944615292135992e+00 3.446209804264555032e+00 -5.955681829968922258e+00 3.438028405164702317e+00
-9.580247144497917589e-01 -5.855706098964009954e+00 8.057137370421537881e+00 6.681325318135380442e+00
5.190618114637355340e+00 5.797359276875971190e+00 -6.197969902892145555e+00 4.108341351817670350e+00
8.172925408039430906e+00 -1.748838042114837066e+00 7.562234068947470966e+00 -5.627747387235705112e+00
-8.341801808904072413e-01 -5.823467531956223908e+00 8.003240130280932618e+00 2.511443534928844645e+00
6.994477009710182713e+00 -5.960172936163275814e+00 2.916319526768647030e-01 6.634694578100938323e+00
1.434642519909616443e+00 1.040135088439982347e+01 -8.720533948525710954e+00 1.163674509885062935e+00
7.449698826334402391e+00 9.835271434120662626e-02 7.465443059497919087e+00 -4.502763491722757472e+00
1.087202712897157308e+00 4.048726005066131783e+00 7.499693939545190702e+00 9.032613631997833181e+00
4.832817065556932690e+00 7.255088329270394709e+00 -3.184083409903040618e+00 2.409683305426372879e+00
-1.531654499299184291e+00 -4.313752824287225174e+00 7.439494792359042208e+00 5.299629163168082968e+00
3.705909343990709814e+00 1.053349305961054760e+01 -7.283141445080687504e+00 4.214272099743812117e-01
5.486964101895630996e+00 5.892972006944190433e+00 -7.274150645190000652e+00 3.851158833963842287e+00
-1.579246786431760974e+00 2.985996747589047207e+00 7.741072561473963276e+00 9.335420079620998735e+00
3.244294983245872288e+00 9.808153630002058421e+00 -1.028531725988576184e+01 1.730191944564074102e+00
3.224824935210325982e+00 8.658326696339726070e+00 -8.918631316860000879e+00 1.304181882535020653e+00
6.455619445983776572e+00 -6.329437858537050765e+00 2.566454029387732483e+00 7.907241026133424278e+00
2.333963793343884596e+00 8.728326559328341006e+00 -9.535442285091143333e+00 1.711988169597934428e+00
2.255692014957214386e+00 9.882026828114529593e+00 -8.477131400967365948e+00 3.240841693803197643e+00
-1.593142837841385218e+00 2.193144004221437626e+00 5.555268940581949089e+00 -6.709292182185745190e+00
4.929435336666204037e+00 4.466101405151265524e+00 -5.228042013043921798e+00 4.639567413032470888e+00
-4.271684967233095875e-01 4.572289622225456096e-01 4.904397612274944862e+00 -3.973620988522312825e+00
9.771366602465640927e-01 1.083305701576842139e+01 -7.106625005285491348e+00 4.020656026483915291e-02
-4.749674840082209748e-01 -2.337351700449302516e+00 8.770937565913982326e+00 4.950119670425932483e+00
9.862854833139277133e+00 4.582481846367130740e-01 -5.126867622288337145e+00 -4.078010266650038851e+00
-5.373810036374480070e-01 -1.409830079781126955e-02 6.525818574030186170e+00 -2.820244607334553066e+00
-2.293699456594893160e+00 2.125845375326742115e+00 4.484780417660021001e+00 -3.521342436722126212e+00
-7.949113473566375987e-01 5.070270443857477716e+00 6.738045145414387704e+00 9.340108236307759881e+00
8.083274425564344057e+00 4.629795291139447433e-01 -2.722434036162766802e+00 -1.961013485649252708e+00
8.510815998834562635e+00 -6.211663095956575731e+00 -4.403171287853200333e-01 6.090055183931897709e+00
-1.719090575309656810e+00 -4.915241373516081147e+00 7.247426610315394591e+00 4.842125619795232261e+00
-1.873363377064759971e+00 -4.671869364404441782e+00 4.849635285504447779e+00 3.954270855548307928e+00
-7.561311958547290990e-01 -5.685383302209228162e+00 9.349104594084753472e+00 6.259465822992709150e+00
-1.052118304220872602e+00 3.120643371934399557e+00 6.105728592387146492e+00 8.744751181742607571e+00
5.374913019427064675e+00 6.131607362501587666e+00 -6.717931857987237798e+00 4.245760618532312236e+00
9.394208236446964122e+00 -5.649336095485479881e+00 2.646381171530046039e+00 7.969833665625261077e+00
-1.963554851086901643e-01 7.550419435399767565e+00 -1.050699399302719428e+01 3.624720114810335403e+00
-1.582909795717022394e+00 4.533178539011877284e-01 9.004541289266965620e+00 7.350721718520757619e+00
-5.753928557501610808e-01 -3.542626980483402299e+00 7.146400211651825707e+00 5.894615236554647808e+00
-1.155932412791426334e+00 -4.744522624468086036e+00 8.391172333093486202e+00 4.283629536713006836e+00
-2.793676079883685714e-01 3.956672010533629713e+00 5.780819876864574880e+00 7.708572529565612008e+00
6.549336409870014641e+00 -5.172804024121147926e+00 2.876074804726650669e+00 6.223979201368641689e+00
8.848074645008328076e+00 8.761777464481450561e-01 -2.032827841555612469e+00 -3.427884927100679047e+00
3.828854899247688515e+00 7.148788827385196498e+00 -4.452258563935743041e+00 5.117474871549914539e+00
-1.714279380618828785e+00 3.374153699849587795e+00 7.681305988580902522e+00 9.158905094432832072e+00
8.521429297236668532e+00 -6.057546251907304224e-01 -5.470413327366636658e+00 -2.892864834872600710e+00
2.612709492298622482e+00 8.294288863008718593e+00 -8.784558175368005095e+00 4.494356231023106218e+00
-2.353540760137030619e-01 2.325878043699650455e+00 5.204819821961745419e+00 7.931924341102838838e+00
8.175310153760415588e+00 -3.238778573473506395e-01 -4.609822958896225842e+00 -2.412141954737422989e+00
-3.782387735949443552e+00 3.342176935768714330e+00 5.730147421055362678e+00 -7.098443107948220643e+00
5.498472318120282587e+00 7.785817552914433115e+00 -4.564563725768381985e+00 4.040045307985901779e+00
3.867520017725842862e-01 8.283836104518487176e+00 -7.804147240218994419e+00 3.043383968212376445e+00
2.827594733096605584e+00 7.883283924812998222e+00 -4.988322436570307161e+00 2.480551514174390348e+00
4.248238562171144928e+00 7.465527368623904536e+00 -5.443265567697728180e+00 2.362383314512897403e+00
7.020895431510076889e+00 5.867087994298900711e+00 -4.896721482758484179e+00 4.508519531910855527e+00
3.020765504101199816e+00 8.655522025413839415e+00 -8.749175145512241514e+00 2.025218166364715078e+00
9.754539760134623094e+00 1.379966787500807479e+00 -5.446339418289293022e+00 -3.091565799993174934e+00
4.946846029584368587e+00 -1.859001059609296513e+00 6.533206553367748803e+00 -5.431365914125946048e+00
5.892641105075149710e+00 -5.286578642833448249e+00 2.703278306073764181e-01 6.304352425442762531e+00
8.388142895947851230e+00 -7.740289510862649047e-01 8.907301332098855440e+00 -5.050010101208201263e+00
5.701830735184381105e+00 7.269593222563034196e+00 -5.590097469392225626e+00 2.953024000695406048e+00
-7.333066060361133065e-01 -5.858535177211745548e+00 7.991935649014784815e+00 4.266662711414863196e+00
-1.878139492895485985e+00 -2.746639311641190240e-01 5.011069567704021566e+00 -6.839131407058452794e+00
-1.658136121438567478e+00 3.098809106567752103e+00 3.605968066685627971e+00 -3.147869268238686402e+00
-2.148522244936987846e+00 1.779982738583217650e+00 4.167097257090277118e+00 -3.217097775705424656e+00
-1.989522035773765740e+00 -5.186428619276945540e+00 5.646202489231745503e+00 5.119703469642943539e+00
6.863722593973644592e+00 7.389553213313337920e+00 -6.791203434934407923e+00 2.895637708196712179e+00
-1.098796641474041103e+00 3.019426548049821690e+00 5.716239907080156613e+00 -1.933996263954399275e+00
-1.712959483091899937e+00 -4.181257459824585077e+00 7.796963436703083339e+00 1.978764010817691155e+00
-2.366998252893894872e+00 4.657386383568130839e+00 6.760472005568233023e+00 9.495899680860414804e+00
3.852749536955682785e+00 9.824935201575138777e+00 -7.485300667347274839e+00 4.382425074844189528e-01
7.819178994539180749e+00 -1.451727144015025450e+00 8.970329396023227986e+00 -4.198837140501518128e+00
9.750331142119222250e+00 -3.029296396271710101e-01 -5.052106351243143223e+00 -4.023609844295086724e+00
-2.673297897476565321e+00 1.901718607977938236e+00 4.657199972857768877e+00 -5.624615196015989582e+00
8.485515957304659906e+00 -5.039674581219826255e-01 8.250272473687775943e+00 -3.935237327893146286e+00
-3.269920089551350273e+00 2.800328079914921275e+00 4.918136637889188201e+00 8.540294164359131912e+00
2.333672898591765410e+00 8.609412470860029032e+00 -8.942769544213840405e+00 3.207414490812046104e+00
3.532189250266466463e+00 9.980564133477967559e+00 -9.051722276802742329e+00 7.283856904556484935e-02
7.555977871512762345e-01 7.778437730950584772e+00 -9.954638969355608324e+00 1.175855021312723014e+00
7.015199996302620811e+00 -7.549760269271021507e+00 5.362760970044181619e+00 6.860943443387506058e+00
7.115562929516283219e+00 6.628299956099252377e+00 -4.247562250686770291e+00 5.295863540325966845e+00
5.951353987695078729e+00 6.933571710600647364e+00 -4.822333124521772874e+00 3.990723017443302822e+00
-2.649608143299572394e+00 1.505909144302048253e+00 5.501272995964072265e+00 -4.121906839742456974e+00
8.706529690751412254e-01 3.993691157562997862e+00 3.483879130157705450e+00 8.453682031025977039e+00
2.118789410995250755e+00 8.969319875801843978e+00 -9.740685806613026188e+00 1.435765914689946188e+00
5.984107408647867388e+00 -5.948416352505056182e+00 2.227826957207687641e+00 5.017669184168035201e+00
2.885549184008138646e+00 9.545048884285469271e+00 -8.848462413278062044e+00 1.580374611099488513e+00
1.507212102653896046e+00 8.395538313915613671e+00 -8.966453377895920340e+00 2.032292136705370567e+00
8.307039773712755704e+00 7.008495710550023405e-01 -4.850920633311512020e+00 -3.448570800370733824e+00
4.475983403798207139e-01 3.507969427051834010e+00 7.752995176739823968e+00 7.640907274784952463e+00
-6.258635331190710582e-01 5.621338682097565709e+00 6.501266534652613061e+00 8.235537219245040674e+00
-1.652246217916102600e+00 1.172503460925891305e+00 4.616621174061560140e+00 -3.547494137092477740e+00
7.365111016661288978e+00 9.190908400661275124e-01 -7.189145779589154017e+00 -3.205890304635138577e+00
1.016051161519582280e+01 1.085126675209070690e+00 -7.218371630669178529e+00 -2.667777621635845087e+00
4.795336269109706784e-01 -5.280843598868620425e+00 6.885371095549658094e+00 5.187705223213627370e+00
5.940443872384549628e+00 -5.779821272615613736e+00 1.957386531532993246e+00 8.758777093506221689e+00
1.294784318442733007e+00 9.381217672382890171e+00 -9.018427076212750748e+00 2.861603652456066182e+00
-2.477336472299840331e+00 2.627702259046337474e+00 7.964115997425995630e+00 -2.900044909375325553e+00
-1.720390662133977067e+00 -1.001299204429409340e+00 4.086833176112596000e+00 -2.650187548948081506e+00
