4.208945996875208095e+00 9.131686074787683793e+00 -9.953031611747988450e+00 1.186426583186358297e+00
6.761571246457488193e+00 1.112027431399146504e+00 6.694957783423198805e+00 -2.086928100676668230e+00
-3.226956271619512595e+00 1.116906929398967740e+00 4.234878539138141385e+00 -3.556903502739199308e+00
6.333559461826791193e+00 2.290878642552595323e+00 -5.637180407663445969e+00 -2.610643944028837815e+00
7.000656018853982587e+00 -4.368102549560489933e+00 4.985954413996146251e+00 9.555489249961489406e+00
-2.060801339094159967e+00 -6.556247081401316734e+00 6.885014766252971263e+00 3.251639955130535942e+00
1.707102099141737384e-01 8.983611033506845089e+00 -9.804421030513228885e+00 4.515378684372739926e+00
-1.391180178631603814e+00 2.864386420707492498e+00 6.761374980962989945e+00 6.974982903578817783e+00
6.735735278072342069e+00 -3.635634759795354221e-01 7.065312998082517559e+00 -3.828381117849651627e+00
7.807222248157475342e+00 1.364211523648126700e+00 -5.009298781695115110e+00 -1.298854909039998340e+00
-4.094319588429362611e+00 -5.721330494039197134e+00 7.422317900714346273e+00 4.528271845293891928e+00
6.286642517097062566e+00 -6.281104113385245213e+00 1.702064328010360894e+00 6.416469450946356012e+00
-1.862998823485864097e+00 -4.871393973063360860e+00 8.810361965895657121e+00 5.334872608143566453e+00
3.668693168616677713e+00 1.024982755820283131e+01 -6.863353269428517756e+00 1.945909039592727874e+00
-1.215889965817997354e+00 4.328721073588134516e+00 7.750571967742034829e+00 8.445802261055161964e+00
-9.715650294561672951e-02 -3.632745208279699600e+00 8.701473805476588552e+00 3.453309691896242484e+00
6.995239139477034129e+00 2.513669980748907573e+00 -5.847157825851394541e+00 -2.248365709405663715e+00
7.550572196076899445e+00 -7.996339995989621308e+00 2.169905846653296777e+00 6.528445595091940667e+00
-2.172909341519566162e+00 3.531639057968848583e+00 4.269381446751480347e+00 -4.664862818285203439e+00
3.705667146686979940e+00 1.081362504179566386e+01 -6.746242865529885613e+00 -1.097332169293715243e+00
-2.226919670243557192e+00 2.050027893408443713e+00 3.899523413488108048e+00 -5.372694111417914087e+00
-2.896538994854732429e+00 -5.094490978683879234e+00 6.057071733203811092e+00 3.442471236315668648e+00
6.467108785402082560e+00 7.537814226500562320e+00 -8.191582131606455874e+00 6.409024958577637321e+00
9.129740122726676788e+00 1.517479864621506636e+00 -4.806729625359678515e+00 -3.585587618818513178e+00
7.883838911299735130e+00 -7.154201884738292883e+00 2.629599254663910646e+00 6.423123105282905421e+00
5.622211321011812757e+00 4.541442921499012186e+00 -5.026305654150601043e+00 3.630677934457912315e+00
-3.943006294568593972e-01 1.506161865833686164e+00 4.459221050202681447e+00 -5.783661887308378269e+00
-3.307278370169552950e+00 2.337595272987772255e+00 6.487622894400352003e+00 5.168415975474561108e+00
7.005668924954558285e+00 -4.706320720102532107e+00 1.912339739973295760e+00 7.732982613708241360e+00
3.951497387278301687e+00 5.382108694134807969e+00 -6.108959621749455948e+00 2.891647019966136156e+00
9.031957495748647702e+00 -4.297307753708556888e-01 -4.754336819312947604e+00 -2.415221168477433178e+00
4.381888782794552739e+00 1.288933416871282844e+01 -7.019269401089583305e+00 7.248860922979065702e-01
2.803665957292619915e+00 5.356846253866660135e+00 -6.866282103995111186e+00 3.512600255766639368e+00
-2.022684531614138859e+00 -5.125251860175208840e+00 4.861594484371922320e+00 4.325159978592242993e+00
6.514091737978020547e+00 -6.599577738719406561e+00 2.621868892430479381e+00 6.396469094631214602e+00
5.462716254908086544e-01 9.875166169449437703e+00 -9.667098194570121095e+00 2.168866521173936857e+00
2.962357580365833520e+00 9.620795205914586035e+00 -9.459670065232954173e+00 -2.361707646497273050e-01
6.689326291236347366e+00 -5.726119241382687797e+00 1.765292529956016709e+00 6.331675717967192085e+00
1.564224120341834556e+00 3.044201600622491455e+00 4.585129323262610690e+00 -2.392341922097021456e+00
-5.222891810836602922e-01 2.006574187717030888e+00 5.823181243130922446e+00 9.016142143907460493e+00
7.083901513960771723e+00 -1.189132987787325346e+00 9.327457036075610830e+00 -5.131500482807306085e+00
6.686372088236086419e+00 3.477824535009228502e-01 8.416645516773407110e+00 -3.308856305624630956e+00
6.825647909480251130e+00 -7.393429509826705548e+00 2.095046624112776090e+00 5.666283035261511003e+00
-1.975824534121562337e+00 5.153059920817000261e-01 4.789091824323565838e+00 -5.749227690599722607e+00
5.649310364077177127e+00 -7.436880701749143618e+00 -1.494285711689673946e+00 5.905772140137717230e+00
-2.594412288814904599e+00 4.759049640208200316e+00 5.322145218273902856e+00 9.353099332316812564e+00
-9.433741292953929936e-01 2.710650587244339160e+00 4.860592552752299511e+00 8.975634765228306833e+00
-1.962832452439147612e+00 1.259182712269413251e-02 4.443876394075523706e+00 -3.670078104558899934e+00
4.765623686428525296e+00 -4.096624204674849778e+00 8.408385497899930172e+00 -5.291396098506731427e+00
-1.933367218452874514e+00 -2.819923490907955799e+00 7.338100798492571464e+00 4.325340652388739215e+00
-2.651405854395174622e+00 2.928317158344311277e-01 5.317758945986936325e+00 -4.397347139892787027e+00
-2.642433253095237689e+00 4.797839601636385787e+00 6.602987396656749830e+00 6.168103374979986064e+00
-1.092131207373365775e-01 2.256995951774997344e+00 4.433476744050981466e+00 7.765509173359789408e+00
2.411803187908609480e+00 1.129426369275054576e+01 -8.085112200078137690e+00 -1.747677292741622868e-01
6.547903695329569729e+00 -6.130772463955865170e+00 2.279097183700583784e+00 6.732804932152113508e+00
7.770118813080120646e+00 1.918594618115627926e+00 -2.999895819023177701e+00 -4.888259326098418178e+00
5.941508578549737685e+00 -6.783643478090849221e+00 -1.591691564723074492e-01 7.024264538202419139e+00
-1.834586092392263668e+00 -5.273368493265248702e+00 9.727630349222440742e+00 4.772199410259235108e+00
-6.990275861490371501e-01 2.952623306789883273e+00 6.452091935940654999e+00 7.285192576925489050e+00
-1.830600063387776588e+00 -5.890173527191154612e+00 7.273072661946018869e+00 6.318508467274384088e+00
-7.263457850484053013e-01 1.084266890543998940e+00 4.928607191221492378e+00 -3.549703690295824554e+00
4.917359817601618666e-01 -4.480959083760732042e+00 6.261026999135713922e+00 6.666605673338569460e+00
8.096392575940274838e+00 -4.380563554810418481e+00 2.650787487117174379e-01 6.595402710929302970e+00
9.864438875019908792e+00 1.482781200593330073e+00 -5.979026649546730354e+00 -3.850417427687493621e+00
1.682423701218172862e+00 8.452898094068316937e+00 -8.200100586408355596e+00 1.551976366511652605e+00
4.496850687151585646e-01 -4.350024332423533480e+00 7.961415846517386541e+00 6.171474250717285059e+00
9.004837592142859393e+00 -6.961199207808321354e+00 2.967044873294176099e+00 7.281057279520060987e+00
-1.862867296995039501e+00 -3.370075311418241348e+00 7.456512181916107984e+00 4.001204955568807620e+00
2.959064638392319146e+00 9.445725937861022103e+00 -8.413252931502993803e+00 3.763534442540157787e+00
7.324610493926648758e+00 -4.557039494232445476e-01 7.461111117165854623e+00 -4.727320064577190450e+00
6.078775882129371588e+00 -2.881107836069384476e+00 7.755434648145263843e+00 -4.900681538054111108e+00
6.743640115480394215e+00 -2.763396819157550865e+00 8.530895545702126270e+00 -6.277938917780989669e+00
-1.909031600797208572e-01 -4.847158515554468750e+00 7.399303734849470793e+00 5.207713014461231360e+00
6.144555343329232144e+00 6.053010177493780120e+00 -5.535733718166106598e+00 2.093345791350934348e+00
8.703822465944329068e+00 -6.561775304147349885e+00 2.056693531988813994e+00 6.876434604727139188e+00
7.317632829681263829e+00 -6.738463035368047471e+00 2.879305901754677155e+00 7.418035963263931443e+00
-4.547044396110120346e-01 -3.479263467852965697e+00 6.720042588598674982e+00 4.090640821058669552e+00
6.502824281699091102e+00 -6.698401432544208944e+00 3.799355245203470233e+00 5.592764365572316265e+00
4.379976371495770682e-01 2.938572144008868570e+00 9.453354103347072268e+00 9.690917630703111740e+00
-4.499751090566670442e+00 -4.637872390417272506e+00 7.271481020452342570e+00 4.338715806285906140e+00
7.222179722907369204e+00 -5.294323843372849225e+00 2.231068594825632800e+00 6.619908184605812984e+00
3.765864203641588581e+00 9.716329409637124215e+00 -7.324065582815687314e+00 2.485349556966119255e+00
7.677629780885361299e+00 8.840792034790571075e-01 -3.328183783857214806e+00 -4.692762118898020418e+00
-6.260520984737198980e-01 2.678803768788625916e+00 2.899213393821669982e+00 -3.344054113450233956e+00
-1.363684992503138682e+00 2.414689579263550545e+00 3.082492483134414929e+00 -4.890044258126572174e+00
5.921476174608422127e+00 5.596854623138696638e+00 -4.459486669492555677e+00 5.171141321016592407e+00
5.372753701619338962e+00 -2.218319049368947748e+00 8.302627685766729826e+00 -4.475863821968787626e+00
-1.817044773082740372e+00 -5.775600522319765950e-01 5.935520162375202524e+00 -3.477624625855957774e+00
-4.604750835886239901e-01 2.322886425281058376e+00 6.235129647399251240e+00 8.180258548876475189e+00
5.491329641917475080e-01 2.607483972294169394e+00 4.366356164475996948e+00 7.051715169258830684e+00
-1.788399092346977248e-01 -4.991105512323942506e+00 5.958520430142875135e+00 5.246509028096948413e+00
4.521550107749822800e+00 8.584838316174527861e+00 -4.989978995319074073e+00 5.739746507972141920e+00
8.048766898543037840e+00 1.149194739621838490e+00 8.961071377872125154e+00 -3.850275018766475377e+00
-2.347483871775858155e+00 2.403230082183269722e+00 3.624232347117673392e+00 7.886842604217827457e+00
5.371524276820229815e+00 2.378753466782133064e-01 7.250316569451898729e+00 -5.195312400396278285e+00
2.779437321298164676e+00 1.194728859157780931e+01 -7.625790507294078147e+00 -5.773710956115407633e-02
6.010623823463910220e+00 -4.705843074392880965e+00 3.537064370558036241e-01 7.278518627100875271e+00
5.857504192600223369e+00 -2.102841190947366101e+00 8.339178354621152423e+00 -5.874564969992447594e+00
8.633015683294212650e+00 2.151642010000383909e+00 -2.634479984306998812e+00 -3.224133591099826557e+00
2.138130552836200238e+00 9.317201623263139609e+00 -9.340155581117119965e+00 3.256377744261115481e+00
7.685164787359886951e+00 -2.610699358125241787e+00 8.436215271842861796e+00 -3.107129261368505091e+00
-3.481758966932606558e+00 1.654158260463941543e+00 3.008823990651712244e+00 -4.628749814821946806e+00
6.916409247024152052e+00 -1.389959417580220347e+00 -4.704806436573206518e+00 -3.520208042314536545e+00
-1.635897293242343675e+00 1.148617713364216808e+00 5.305008913775378865e+00 -3.910049646467788520e+00
-2.331912382211291490e+00 -5.369376514188762606e+00 7.852891808013126251e+00 2.651942377264842943e+00
-7.785152409640939686e-01 -6.247176403406585976e+00 6.996578853664499498e+00 6.338969832094402790e+00
-1.414923795361506809e+00 -3.833053071433539571e+00 7.005812825440556502e+00 4.626425647818217968e+00
2.380020125845685008e+00 8.611008119450668019e+00 -8.415491161829594446e+00 2.627414677543836063e+00
6.373226607394163246e+00 6.214133823586343475e+00 -7.590220194978890333e+00 5.530697619491872885e+00
8.224018010856951832e+00 -9.794887697691695427e-01 7.412867578916454647e+00 -4.785451075775091212e+00
-3.490353304319503636e+00 3.070907038426996749e+00 4.974797798449104747e+00 -4.668819404173476961e+00
1.009426432308592325e+01 1.346857636597215357e+00 -4.717831845835472215e+00 -3.801117505499123972e+00
3.292303008406724629e+00 8.968270533192219673e+00 -7.985183517474923498e+00 2.227556362424001790e+00
-1.295605535209196635e+00 -2.093123278812943688e+00 7.126443245258405668e+00 3.802116719053800331e+00
6.604604829766587137e+00 -5.442314036349854334e+00 8.780445601976862857e-01 4.977948873085003001e+00
7.144140326670964214e+00 -1.998149892823257723e+00 7.631130857721052152e+00 -5.513740377150276650e+00
4.682345077415828172e-01 -4.566738361874115526e+00 7.275976971217754219e+00 6.792260906769548967e+00
3.361067956512483690e+00 9.690301080516157128e+00 -7.338785711526424116e+00 1.694044639765772242e+00
5.363524225940258461e+00 -3.831009984530762136e-01 7.322604278210674167e+00 -4.896134638899452440e+00
4.766906996233658766e+00 5.037041151554224605e+00 -3.087941020603802933e+00 1.070639691235193425e+00
6.594744426136778692e+00 -8.679394741659307577e-02 6.664494574521892645e+00 -5.630997916395004133e+00
1.129119689975029850e+01 9.551449071699648075e-01 -4.965352875599692517e+00 -3.944766430273703772e+00
5.440262078255726941e+00 6.424361771335720839e+00 -4.915855357120512359e+00 3.797479123681931856e+00
-1.594759068189327778e+00 -4.717001684503301817e+00 6.277603646472946330e+00 6.518214952589015176e+00
7.336594255862727287e+00 1.277259435444113578e-01 7.840228294937071851e+00 -4.253080355150077096e+00
6.692580912959696704e+00 -1.166544588962135087e-01 8.488021990782662840e+00 -3.457618938107914097e+00
6.612670377485148521e+00 -1.279337665664580515e+00 5.853008886461381621e+00 -6.115743671914387392e+00
-1.983783788446453311e+00 7.443124972497554559e-01 3.120817469951686185e+00 -4.987647295921013857e+00
2.932428427693224648e+00 1.106977127469528810e+01 -7.773434213337709231e+00 1.664512993431004562e+00
-4.582558892938599193e+00 2.167207108241603120e+00 5.324757129805903766e+00 9.865265097468892463e+00
8.862929781503858351e+00 -3.509420058040134460e+00 2.777108810875971834e+00 4.371929531766509669e+00
2.365502533784249461e-01 2.406413950064866913e+00 5.250938281279258213e+00 6.413883588674443637e+00
4.443205630387665472e+00 6.269729950191984535e+00 -6.379880903680133386e+00 4.661054509083165875e+00
-7.137183154143998953e-01 2.958415634407615791e+00 7.140531592858441634e+00 7.404927556663109200e+00
1.006235187626547933e+01 -9.639487491334899349e-01 -3.732956138270972613e+00 -2.831181155617209289e+00
-2.604744284521690822e+00 2.724753300882322815e+00 3.123363644715830389e+00 -5.792036403692616631e+00
-2.222140968366933755e+00 -4.752012631292458877e+00 5.770356250909733475e+00 5.568284839973551392e+00
8.156723729969121095e+00 -5.365992863836096305e+00 8.273431537544728709e-01 6.525116859746225906e+00
7.406945237945767424e+00 -5.315716515238797513e+00 3.032833124680897274e+00 6.217193808441020764e+00
8.235277567388965991e+00 8.910414686176789667e-01 -7.775193391083332628e+00 -3.261192336914672474e+00
8.052912955282359064e+00 -2.542756905226632114e+00 6.611405297402804138e+00 -4.003061056089338265e+00
4.150568369844233274e+00 7.444299447798613301e+00 -5.783410955464584724e+00 5.673413062792962869e+00
9.550505659015646742e+00 1.236215619664025267e+00 -4.101554220362952030e+00 -2.115964643961900649e+00
2.682139562943814504e+00 8.763332709778268281e+00 -7.865104350959257751e+00 3.194083097401446913e+00
6.613063749746450171e+00 -1.860051431508662256e+00 7.912298496306088502e+00 -5.797417682980485765e+00
6.359140945184988958e+00 -1.434974510238739231e+00 9.042627518432110989e+00 -3.506583539916706904e+00
6.766126780899188731e+00 -9.360955401435527845e-01 8.260113071364610704e+00 -6.859211050346935679e+00
7.546152367906845626e+00 2.200763377919983554e+00 -4.126834680781036546e+00 -3.776400148923228617e+00
1.645583961204823531e+00 9.963749932122983211e+00 -1.008227303953132648e+01 1.112793048744412872e+00
5.912508538798717517e-01 2.635236288829276852e+00 4.912053279428298502e+00 1.015848950176938104e+01
-1.859450814430911425e+00 -4.111098077920736671e+00 7.698931916455869384e+00 4.480446739484473362e+00
8.596014251634098713e+00 -2.221678631758616795e-01 -4.554650884765966801e+00 -3.393171188558600448e+00
-6.258868487626980670e-01 -4.187886554108381176e+00 7.266359690276026129e+00 6.728005233496785920e+00
7.017766897291163986e+00 5.857895894679857385e+00 -7.856811690369834622e+00 5.283069110739814001e+00
7.572948819535914033e+00 -7.227197433460106346e+00 1.808831727962441072e-01 7.453007737589010695e+00
6.706170491967976766e+00 -2.829484380192333060e-01 -4.795542540205865123e+00 -2.795432786445943840e+00
7.536492086965758119e+00 8.033239887330994478e+00 -4.144947267451883022e+00 3.207407322957789741e+00
6.614277736034980038e+00 -5.966725339632420244e+00 4.292578710465326353e+00 6.299158040589349916e+00
-1.270362591535186603e+00 2.157340925856340519e+00 7.146992656400575683e+00 5.345186412643381679e+00
-4.242747972930017930e+00 -5.389005331766218099e+00 7.323050725542424644e+00 5.673776154122787574e+00
4.270062960220988302e+00 6.962645989306048833e+00 -7.537023303967173682e+00 3.417329436512954732e+00
-2.260911454188687664e+00 1.103841459324712915e+01 -9.986908784106189430e+00 2.026950344258162673e+00
-2.287461844456556648e+00 2.000802695550627064e+00 7.852794386027042606e+00 -4.005134500594715874e+00
-2.080508466386199018e+00 4.036237845966100579e+00 6.332328407888045518e+00 9.437172169536609090e+00
7.414006088809250272e+00 2.144238817357019045e+00 -2.815915944730660314e+00 -5.484688671111206837e+00
-9.097861525266112137e-01 -6.121492878581731745e+00 7.103477041387602497e+00 6.478049846138803858e+00
3.030811643785486176e+00 6.214692369462186505e+00 -5.699696467133939848e+00 6.032488109365129247e+00
-1.312240871601916270e+00 3.663220596361578707e+00 6.631448714015087731e+00 1.076940124224481465e+01
9.201210056670493742e+00 1.188936731583982720e-01 -3.850422121603019221e+00 -3.166698482376835155e+00
-1.577741133246000071e-01 3.174731285418076698e+00 6.420041000214960825e+00 9.668213372979181486e+00
8.043473286964417213e+00 7.519433331652335406e-01 -4.055878594395153414e+00 -2.941501918622192679e+00
7.272483452208666321e+00 -6.489555371368677328e+00 2.915475002350270906e+00 7.632774810318471381e+00
6.564363839780750887e+00 -7.843800695467762374e+00 4.163307477181774630e+00 7.620219377396640681e+00
6.630650183394544150e+00 9.284861228227507368e+00 -4.912720259673886147e+00 3.058720385876244841e+00
5.213855371364562785e+00 -6.666699855956337295e+00 3.429195246243262218e+00 5.250925394783856781e+00
-4.267509618639112823e+00 1.780998740569814220e+00 5.479484473076779771e+00 -3.437193045088761778e+00
4.382238845296585694e+00 5.670726676897713148e+00 -6.916841939726626975e+00 5.258695043323956320e+00
5.785133539819019788e+00 7.050880320675822155e+00 -6.172816553177178811e+00 3.306921666474396115e+00
-3.314667642779312029e+00 2.920421029612218611e+00 3.982098812887878037e+00 7.962936759952042642e+00
5.864403037970217447e+00 -6.530325607119396913e+00 2.462664868978400978e+00 5.788615637620546650e+00
5.618896868309968262e+00 8.209288128817263441e+00 -5.195398530567800321e+00 5.994295563969672891e+00
6.749088941174077760e+00 -7.161713579529484619e+00 1.057091430733891890e+00 7.273101674117049775e+00
-2.001631584169023093e+00 -5.591553417954867378e+00 8.305522754634125704e+00 4.514679124014752354e+00
5.906433664200486433e+00 4.292795157360152380e+00 -4.474835189770125510e+00 3.350134915805600855e+00
-2.558101973554144593e+00 1.242546922819303346e+00 4.197177898029295307e+00 -4.291835633611936984e+00
-1.824146529007947493e+00 1.317495643616112266e+00 5.682572534631288086e+00 -2.914662289727255384e+00
2.485898104977013023e+00 9.705277534867942535e+00 -8.734019696621780682e+00 1.192840840089500754e+00
3.208084172292525516e+00 9.669744605391921155e+00 -9.083292171479730115e+00 6.361966942850350026e-01
6.580903786263929689e+00 -6.102747164182877881e+00 3.594078222329034844e+00 6.099847574351223045e+00
8.819610243230521007e+00 1.369985861884954081e+00 -4.013290756742375009e+00 -2.327767382915353345e+00
-2.082826544659976076e+00 -6.650539214545471367e+00 6.803208948653963972e+00 5.845614652021500213e+00
-3.163880258768851927e+00 1.609919556302651378e+00 5.632814689744376047e+00 -4.125859396469985008e+00
4.531558761875698060e+00 6.334294407882701705e+00 -6.492967667100149498e+00 5.581828415107468189e+00
-2.477724403188613422e+00 -4.225409607768509268e+00 6.387601900638413710e+00 4.053925086836142277e+00
5.362246816425798812e+00 -6.730938879847053746e-01 6.046215262687193892e+00 -5.361487305397428571e+00
6.572866855843010114e+00 -1.952601889082143494e+00 3.289992997060247504e+00 -3.815050546584823454e+00
2.062236503300204138e+00 9.956382150812082443e+00 -8.004509946720430591e+00 1.066310680031816283e+00
6.880729867299144153e+00 -8.911319175456378083e-02 6.478175847793959719e+00 -3.582958342880080416e+00
-1.995117513661119224e+00 -3.773856392333481580e+00 5.344740916900416750e+00 4.806535252768654232e+00
7.366476902549489836e+00 1.625568257656071491e+00 -5.235114429449126305e+00 -4.315694467948350876e+00
2.787732848572137101e+00 6.597567865724715652e+00 -4.847261738556094102e+00 4.555513741325302846e+00
8.446261798183870795e+00 7.470818239514616543e+00 -6.144871476109114106e+00 3.921371530091176005e+00
6.198200822555517853e+00 -7.261472622069210736e+00 2.263432917280451484e+00 7.680677446828332755e+00
-4.967657757935665330e+00 -5.146599417468226356e+00 6.361107915518598332e+00 4.163305552318914415e+00
7.448291439824330951e+00 -2.845144240556007897e-01 8.662629494066436564e+00 -4.596347953870445480e+00
6.771954191663934530e+00 -1.237928194216185496e+00 6.660567100821243258e+00 -6.924200036041412432e+00
1.006108479627365959e+01 4.884890953873896047e-01 -6.237947935138179467e+00 -6.483861558873064368e+00
-3.082281930259922476e+00 5.976194053132013462e-01 3.486743746763188323e+00 -2.702650176458457842e+00
-2.330265536038315766e+00 2.690864575547313287e+00 4.913374521054443278e+00 -3.623160241430593231e+00
-1.631527030832539582e+00 8.718535199873520547e-01 4.987424794454408783e+00 -5.537460022289883987e+00
2.026577816550945599e+00 3.747239270182067816e+00 6.633138681689819904e+00 8.253230173622776888e+00
9.816351129091122729e+00 -5.486773340656596609e-01 -5.644622240793408352e+00 -2.971388531028673174e+00
-2.329081790856293299e+00 3.145602612186722880e+00 4.620872320596095761e+00 -4.711336243221436071e+00
-1.399967440925917961e+00 -4.230004774976759307e+00 7.725579449288772160e+00 4.958772411329849028e+00
-3.547492086017040247e+00 2.381075680062291422e+00 4.243554856374302631e+00 -3.638118430468627817e+00
7.957648609100139936e+00 1.192737235611650348e+00 -3.165340099358632031e+00 -3.006909582367578881e+00
3.396658132615909320e+00 8.849499540674315767e+00 -8.235111333571142112e+00 3.929938057782552008e+00
5.938297852726181603e+00 -3.144418209758048643e+00 6.945879071054910980e+00 -8.964340858946937551e-01
7.615709495395722506e+00 -2.052115906351308361e+00 7.979030049324994600e+00 -3.277873325971130125e+00
4.926116363313357560e+00 5.806243208317311222e+00 -7.074361844579629022e+00 5.648501801123513744e+00
-1.215664289955625144e+00 3.342148502630447382e+00 5.463427880872837150e+00 -3.633592976529084861e+00
8.079434433712981090e+00 -6.879693555282573314e+00 1.563989261143215792e+00 5.185708479007359983e+00
-1.377207178631045137e+00 1.696913394672343589e+00 5.206297316674483255e+00 -5.000173823412618290e+00
5.226362178390743907e+00 6.090655042300326727e+00 -3.897935398441164434e+00 3.968994854132210204e+00
9.398695908320519266e+00 -4.498896807342811499e+00 7.189510975232584755e+00 -3.076406371922665528e+00
2.834433660033041757e+00 8.019775704457105192e+00 -7.977472079587892395e+00 1.053691981873084105e+00
-2.494772732688966155e+00 2.302271599457304418e+00 4.275672861254428803e+00 -3.120163701611249341e+00
-1.626622530339467243e+00 7.096787034705658304e-01 4.069881449187761291e+00 -2.906291663462353014e+00
-5.614808397391756190e-01 -6.344972827487035616e+00 7.844200959012582963e+00 8.046660924799832415e+00
-3.657225995732876100e+00 -2.794063808395799153e+00 7.015977576210068456e+00 6.664162144453471548e+00
2.161489607003131752e+00 9.509703444030231267e+00 -7.940681577497683108e+00 1.082196369364164301e+00
7.626934564045860121e+00 5.274222074186893927e+00 -5.799047942974429048e+00 2.834358770713392595e+00
-1.359316795179886572e+00 3.362403727070887083e+00 5.336984588063363510e+00 -4.317061859215855613e+00
-4.502513325610042472e-01 1.342091210034354276e+00 4.664505447777374414e+00 -6.447180404641053464e+00
-8.780841393574221332e-01 4.258677070348760196e+00 3.776096042021976018e+00 6.404502070249442625e+00
3.484490253773652846e+00 7.661933720182925178e+00 -5.764967647639978487e+00 1.464990701139763818e+00
7.732238296750754358e+00 -1.149612734314336970e+00 6.834341674067753836e+00 -3.029132871730451981e+00
6.991964878397824101e+00 -1.292086202686920871e+00 9.045095519865945732e+00 -4.996526218812999964e+00
6.390609319675403910e+00 4.450947626238281885e+00 -6.478464204873740862e+00 6.546358608000107715e+00
6.080811498425644501e+00 7.895856844321734513e+00 -5.888836693252835985e+00 6.049544499699308631e+00
-1.044349460706916588e+00 2.968628138408856643e+00 4.896350553274274375e+00 -4.291045449775631404e+00
9.108163402412333909e+00 -5.445709283083650654e-01 -3.705533141503716266e+00 -2.312243416271634544e+00
-1.398282959603082132e+00 3.882776581039925734e+00 5.443701177984255679e+00 5.787040560626069308e+00
1.051177372140578381e+00 3.149569821883213105e+00 5.329622194943807401e+00 7.933551572585867184e+00
2.076282221233614944e+00 1.068905027630700744e+01 -9.047542117649504334e+00 1.733390093767556150e+00
-1.800683305002796164e+00 2.252046960917490459e+00 5.213087266495577410e+00 -3.763349432128050509e+00
5.806419954872434452e+00 -8.244539734855797164e+00 2.469553126393416509e+00 6.584625356962240161e+00
-1.132583788299794891e+00 4.934517710419643599e+00 5.534419062769143416e+00 8.355659293692617950e+00
4.625139487362589286e+00 5.826705274530399770e+00 -7.576113487533474355e+00 5.379134514922815136e+00
8.223156586847316873e+00 -6.669097006008954942e+00 2.911710865882329635e+00 5.442869522316795994e+00
-1.453332247786484288e+00 2.878108682810258223e+00 7.762971537103419806e+00 6.602739928839649330e+00
-2.916882779596645214e+00 2.424038949286710931e+00 5.014217749545668568e+00 -4.915945727267096999e+00
8.093971638966502624e+00 8.256392148226808780e-01 -5.032654140747951033e+00 -2.901557369400935116e+00
4.897693032281242864e+00 6.835429220662287975e+00 -7.053651332202016455e+00 4.008905021149876902e+00
6.559374339234399720e+00 -1.442382521108385163e+00 8.432896328167318600e+00 -6.515441999910368764e+00
7.220209716685052292e+00 -5.032721907470671940e-01 7.698335089674531062e+00 -2.995629620836002260e+00
7.377681192846520020e+00 -2.355538839570628706e+00 7.919333724343250225e+00 -6.019346005538725564e+00
-1.670831024007806587e+00 4.201395088189396887e+00 4.811657945090415112e+00 8.582312271282425797e+00
8.450383403467107257e+00 -9.904609779804691705e-01 7.553922133636116421e+00 -7.141604825043474492e+00
8.674485479422664014e+00 -6.852413644660750869e+00 1.828289841403094584e+00 5.846733822248049606e+00
-2.287170413150483750e+00 1.292744811005833494e+00 6.144420047889498804e+00 -4.452007557544339633e+00
-9.981301184323539966e-01 -3.724453126051062490e+00 6.008871215161382118e+00 1.667638226690394188e+00
1.052576783329663002e+01 2.083176619301628563e+00 -4.688852421586589436e+00 -3.214285368883249117e+00
-1.244561992551720842e+00 1.634679591119292619e+00 3.435379087672134624e+00 -5.010240400385338688e+00
1.753927413932959922e+00 9.875931501593948170e+00 -8.743708991234054650e+00 1.226480370242341245e+00
6.959595981786196539e+00 4.531489862701477023e+00 -7.434689837958945446e+00 5.375863135607851895e+00
5.971682138695246778e+00 -6.228032813230293563e+00 2.858399476257782013e+00 8.105048682762369339e+00
5.610770335228836281e+00 1.068669371984299410e+01 -5.434524467530483349e+00 2.946575785105669532e+00
6.635607956974330257e+00 -6.639302422714045138e-01 7.811677045119465035e+00 -5.053758416264728659e+00
2.676638763833701251e+00 1.049308659297051527e+01 -6.040138091221119332e+00 2.886884346957431013e+00
6.634967992705475659e+00 -1.527248197823813047e+00 8.940580120247204832e+00 -2.554457830321080092e+00
2.585739099517228912e+00 7.939263472557966494e+00 -6.863973760457314555e+00 1.934619221362753105e+00
1.046589081120149523e+01 2.379784073634038100e-01 -4.845626930393783560e+00 -2.307322369912992333e+00
3.449278737267736705e+00 1.167309632721062584e+01 -1.013864812855604924e+01 1.646688603001009721e+00
7.444629328873359597e+00 -2.483738747611882403e+00 7.181246623482164360e+00 -5.389153062889939783e+00
-1.000668779859841262e+00 2.080795382293677775e+00 7.940280269564420124e+00 7.608728549759177895e+00
5.848714601627809095e+00 -9.129460877801354179e-02 8.758224099897896409e+00 -4.685865257665408734e+00
-4.268228054437398278e+00 3.112293824162350120e+00 5.322928090954481384e+00 7.576555361175449477e+00
8.851623701555766388e+00 6.312098729244919326e-02 9.571922656098886151e+00 -2.251269373222440695e+00
5.059267492181735548e+00 -6.977080626578969103e+00 2.231468010204456398e+00 5.441610583538080803e+00
7.562176932437664867e+00 6.711464987675919147e-01 7.418932547597831828e+00 -4.641129218524907785e+00
5.797975560005133033e+00 -8.284632797788486158e+00 2.875702177479566579e+00 9.146326393406535971e+00
2.206712688078676710e+00 8.776899444503611036e+00 -7.750933471538807851e+00 7.305826760934865938e-01
6.825600402729365968e+00 -7.978444610020597239e+00 1.018167253295752417e+00 7.369014363561420922e+00
-1.303970140276062395e+00 2.916850720634515781e+00 4.542234860506357386e+00 7.711860529358557592e+00
6.710637078784760234e+00 -1.585204515199212905e+00 6.283225938123659482e+00 -4.103399435230979719e+00
-4.160454506532127894e+00 -5.388285074856982604e+00 8.097416596867001104e+00 6.051217852487265070e+00
8.596126360738201910e+00 4.003548384474814315e-01 -3.569783127272921242e+00 -4.134512474754264311e+00
-1.800310822266566024e+00 1.753136911635817752e+00 3.172126976273256016e+00 -6.310099671624023188e+00
9.002991992435433133e+00 6.788196675592570450e-01 -5.548819807142817417e+00 -3.178171761840247189e+00
5.823471038610515293e+00 -7.975112788683191845e+00 2.599829588920590684e+00 7.838052190222065896e+00
6.448902966921009394e+00 8.059063656216638449e+00 -6.607500094452657180e+00 4.869490771111121497e+00
6.903316400862236080e+00 4.177556474918227458e+00 -4.026662903036115182e+00 3.265283549217875780e+00
-9.898705227093156367e-01 3.156353828555690022e+00 7.875943217773222926e+00 8.687071944194817874e+00
6.986212875643701636e+00 -8.530481335570701873e+00 2.858792136978367981e+00 6.422282396343621080e+00
-5.436974462772898864e-01 -5.297564587349114618e+00 7.140961383551164054e+00 5.574837006105150650e+00
4.408759049610023517e+00 6.064127756561808802e+00 -4.641625290597079179e+00 3.605483008482945007e+00
5.951477536734312679e+00 -5.456506035358806628e+00 1.008264708902437912e+00 6.422301739141009769e+00
7.740698815849486714e+00 -2.265545012150332660e+00 8.836942420238239393e+00 -6.019283795226367140e+00
-1.785977621763733758e+00 4.300532102187024641e+00 6.059584758211798317e+00 8.761014315341849823e+00
6.972985861550635711e+00 -1.660483880087848529e+00 7.787943047523437912e+00 -5.373320860217106087e+00
-2.850288770993059551e+00 4.971759405227451634e-01 4.144352602927231288e+00 -4.759911903398553967e+00
-1.791647642181009470e+00 -3.450178714182364104e+00 7.519162795417301481e+00 3.432665715658616890e+00
2.555988881418479686e+00 8.927101192029541110e+00 -9.904429966065690039e+00 1.499031347557287175e+00
4.929870048655729420e+00 7.952471838500371426e+00 -5.385138259045792353e+00 4.553947381292079655e+00
4.848802467348880540e+00 6.993131065111946043e+00 -3.834330094953877222e+00 4.276451222504940475e+00
5.923509973358848768e+00 1.223793713752352907e+00 5.981698137713106433e+00 -4.971801108860581131e+00
6.794452053592205942e+00 -1.996413645639839363e+00 7.511501449665784591e+00 -4.331338676523121656e+00
7.174984642337008722e+00 7.126372938261084755e+00 -5.308141865221076117e+00 4.584484500512443717e+00
7.962292473150379024e+00 -7.970353475655845621e+00 -2.069648938328230159e-01 6.973727095397189935e+00
5.936825000271941377e+00 -6.647931738119368994e+00 3.117693547527247144e+00 7.559417826460746781e+00
-1.212907176092779205e+00 2.381368553314568093e+00 7.467976438193979050e+00 8.477407872764608499e+00
3.345184049011565186e+00 9.630184224684979810e+00 -8.841447709849365566e+00 3.489409488961838779e-01
6.289965258607769449e+00 -5.391137720507589215e+00 2.517115213240761928e+00 5.998003922900434937e+00
-3.236015986312929194e+00 -5.766249696371604117e+00 7.509540978508741915e+00 5.438386217963752323e+00
-3.800938809794402573e+00 -3.437206562419557798e+00 6.792967004124786712e+00 4.587168971535033890e+00
1.604641796822369626e+00 9.460062160694295841e+00 -9.013042865905275036e+00 2.511701231185067051e+00
5.573518772733421223e+00 3.666809324319586505e+00 -4.620466550377452464e+00 4.471768314813049372e+00
7.715485100330035095e+00 -2.307396850348244488e-01 -4.674819309803226908e+00 -4.217806932902774975e+00
-2.439856145078689753e+00 2.478006695697823059e+00 2.903109007416042608e+00 -5.097791376203383074e+00
-1.914484168065584413e+00 -5.376945150515638261e+00 5.255919616170698028e+00 5.519506417662847220e+00
-4.165415409245665224e-02 -4.348524096390334215e+00 5.397869568467829282e+00 6.267866900468494151e+00
2.931057270574672469e+00 1.065607706786350128e+01 -7.902364183856238178e+00 1.337519795225391217e+00
2.931871780245129067e+00 7.159979902194239187e+00 -7.487024317100443582e+00 3.720724227550362695e+00
1.291137551765899616e+00 8.086770708964225562e+00 -7.341198880198963828e+00 5.154571334888102818e-02
7.288254075279550825e+00 -2.484985972358047412e+00 6.745774488331216290e+00 -2.356968419821089178e+00
7.459104414297403451e+00 4.749034104062356931e+00 -5.980380596999419929e+00 2.938173090317240721e+00
5.918877993441165941e+00 9.657506816771974645e-01 -4.007476242654425036e+00 -3.447542535070912795e+00
8.321022917044724743e-01 3.493523934728945513e+00 5.010268071784269139e+00 7.143491955854321063e+00
3.273204486387906176e-01 3.470014929633240097e+00 5.358087795328320802e+00 1.059149319120981048e+01
8.478627230888080568e-02 -5.411904976274952261e+00 6.671010843598311979e+00 5.157364938554865219e+00
6.555012483911450083e+00 -4.867883039727678884e+00 2.527563518547452315e+00 7.868169044961669911e+00
-4.738404884968579478e-01 2.819152450794309317e+00 8.272675878180926645e+00 8.546191429323236832e+00
8.033055957017760651e-01 2.342505235766288330e+00 5.545315488732859066e+00 6.953502986983547629e+00
9.005358252143539133e+00 3.096196033633003886e+00 -3.764515645293912360e+00 -3.394786181273061310e+00
-3.860816313067976235e-01 3.765953850441198902e+00 7.331051467175241143e+00 9.304612351518533941e+00
-6.938221708005571919e-01 2.235556214247700346e+00 4.330806967440584465e+00 -5.967813542980233699e+00
-2.769735952990160399e+00 -4.103759652500964528e+00 6.922995284873747934e+00 6.285984910861088792e+00
6.153307050887319107e+00 -4.939682267161177975e+00 2.464925523974319077e+00 7.163598921462115854e+00
-2.645155996202690485e-01 -3.439218018211291472e+00 6.926400615873665956e+00 4.987044951825756023e+00
6.336638232394694370e+00 -5.011672734223949988e+00 2.564058350258298979e+00 8.629378921615350251e+00
5.998154315978490914e+00 7.098703228413006272e+00 -5.835926607592634596e+00 3.279755628585469207e+00
-1.930306110927999086e+00 -2.760019698895931572e+00 7.478707336569071273e+00 5.712564605213439783e+00
1.980526140141809499e-01 1.004806865878562050e+01 -9.042235999142864245e+00 1.681861568628661097e+00
7.396798169827848213e+00 1.436949072010662354e+00 -5.412020858217704955e+00 -5.774825213970902205e-01
3.205361096021884570e+00 9.671287748668580875e+00 -7.701472308742326689e+00 1.205228681482551689e+00
-1.810931225149611912e+00 1.132728546905965672e+01 -1.240929414684316789e+01 3.342616258530993534e+00
8.731769536361253969e+00 9.453813640013434272e-01 -4.520284005494604074e+00 -3.774508092294734496e+00
6.477744868395714839e+00 -2.615141287704044082e+00 1.013971850183103385e+01 -4.757968534520309767e+00
-1.128513256392073005e+00 -2.545563085551176385e+00 8.630989446259443199e+00 5.745553175216953967e+00
-2.719869485653060970e+00 -6.306336052607979248e+00 7.381473734183288116e+00 4.068719077418454511e+00
-3.863970121992836848e-01 -2.446007149962002636e+00 5.529808932176843328e+00 5.089495831905409773e+00
5.720967015751707407e+00 -2.975296736462280656e+00 1.025784294568139998e+01 -2.315935005873698049e+00
-1.668392264577753137e+00 -5.851412511343279554e+00 9.453955516700997208e+00 5.591426535119178531e+00
-1.837640829431401501e+00 1.050047901324056010e+00 4.451359536674225126e+00 -3.173260004888506902e+00
4.202753061114286481e+00 -2.947362719726007718e-01 7.920886849623683723e+00 -4.799010292003679012e+00
6.552686618879628000e+00 7.249369364060060938e+00 -5.243181435970551973e+00 5.271217821870543219e+00
9.141670309783506809e+00 7.215161787433485685e+00 -5.415725940425224039e+00 2.333116414177841769e+00
-2.746863896799047744e-01 8.986544689932417285e+00 -8.744703646847460377e+00 2.425911104125324513e+00
4.682882024784993824e+00 5.757261159071164869e+00 -6.589586411902739194e+00 4.272214733270645937e+00
-1.395342601259785376e+00 7.471921908672825019e-01 2.566308609987860034e+00 -3.015145756237385566e+00
-1.611837405444903837e+00 -4.619017027056584901e+00 6.537538270487178949e+00 5.061058490555020661e+00
6.696882675805983176e+00 -4.348137167241259426e+00 9.360135732708854128e-01 6.261413886089159497e+00
-2.830891408435842749e+00 1.455039996990376672e+00 5.504889167871610312e+00 -4.681317818211462090e+00
6.236233096212075111e+00 2.953047116601152933e-01 5.559205049312156532e+00 -2.708395272477900573e+00
5.251480154568580971e+00 -6.846399368680853748e+00 1.294863063600212971e+00 8.091513199938898282e+00
1.117495207058833984e-01 3.054569592993265914e+00 5.453551020744514588e+00 6.803663797348629139e+00
4.353193550180376015e+00 -6.739419621480545963e+00 1.993224317311266258e+00 6.487962549247682453e+00
9.391874901637734752e+00 8.754367304975756436e-01 -5.138452713932390559e+00 -5.098687771385044698e+00
-2.589373981675362479e+00 2.494385965496056734e+00 6.193607741452334281e+00 -2.899476446465415691e+00
8.603662092105823334e+00 -1.655600276284857397e+00 8.132730517064144848e+00 -5.938932556064125734e+00
7.682804229189923007e+00 1.542120915523600200e+00 -4.502818097677243614e+00 -4.688479847778122434e+00
-1.138950943162344354e+00 2.310144316227778383e+00 5.048478789712268266e+00 7.985324932414840760e+00
1.050939952405803846e+00 9.055102461863926422e+00 -1.100854748445309639e+01 1.310415045469176309e+00
7.108733883310926593e+00 -2.419298825274045495e-01 -5.031582284678325578e+00 -3.183619749087673423e+00
2.057699731680987298e+00 9.888882398385836936e+00 -6.776974718744622983e+00 -1.133511268452112031e-01
-1.372492914717160950e+00 -4.573013548779500503e+00 7.081923862347188958e+00 3.730399101638982806e+00
-2.971781398434922394e+00 2.051991767361482033e+00 5.777715579596742757e+00 -3.499372287167827889e+00
-1.508620359478550998e+00 5.163686029202547711e-01 3.787821468177389406e+00 -3.284539633811115245e+00
3.013179003674575362e+00 1.047520718527806061e+01 -8.750969296106470452e+00 3.063474911426014913e+00
3.214756901843156545e-01 2.490405925083114536e+00 5.966540105708177499e+00 5.362721423806732446e+00
3.812116748845224556e+00 7.977202519830973060e+00 -4.585181730786884735e+00 6.198423065961643275e+00
9.354519343579815072e+00 -5.310945690485495696e-01 -3.491601881239797311e+00 -1.816377060950435496e+00
7.549566182123029989e+00 -3.197499475658367452e+00 7.063384001080063257e+00 -2.231480504198448234e+00
-2.920256604036612025e+00 2.529386376316257401e+00 5.955891370776394744e+00 8.726712740094189513e+00
5.518713298373194576e+00 7.491119685818663498e+00 -4.167477290773383913e+00 7.008889346512597207e+00
9.553640276534780540e-01 9.213703347925980225e+00 -9.851459482295014780e+00 9.613936565370810872e-01
4.091928630065599926e-01 3.566002470834664706e+00 6.382171464093659985e+00 1.076874098169834326e+01
-1.965139074052403734e+00 -5.964604340574108932e+00 5.716409761039623838e+00 2.889155510040693375e+00
7.102667867774110633e+00 -6.019151360263438555e+00 4.624384563507169865e+00 7.722782025387849636e+00
8.270624017340347578e+00 -3.122732793367968274e-01 -5.213982123538077218e+00 -2.753840345631595188e+00
7.622616189238378581e+00 7.376027144069667862e-01 -3.759229783246994305e+00 -5.012728448580038076e+00
6.191052273979368969e+00 -8.247785815038987778e+00 3.744085593539870249e+00 5.713760717496779939e+00
-2.556319052467037167e+00 1.574561913813669722e+00 4.728342883390010520e+00 -3.669468600099668354e+00
5.726877704654158130e+00 5.777379582343538544e+00 -5.734743203975311232e+00 5.784954387956430466e+00
-3.216221063270799263e+00 -4.853381387681814374e+00 6.776664320706432321e+00 4.308311267586949711e+00
7.383146200035461071e+00 -6.949654702322156652e+00 2.323064255898088071e+00 5.448543441380663488e+00
7.187233687995590259e+00 1.010865760548722569e+00 7.453744226806282569e+00 -4.037427741997986708e+00
9.043792108216582193e+00 2.620989044866829376e-01 -3.923625650731529468e+00 -6.319739511465748194e+00
8.294714649816237184e-01 1.018086980605126080e+01 -1.046480926895119445e+01 4.001083924818825466e+00
2.187418716075730352e+00 1.169264378377298819e+01 -6.951662815571310716e+00 1.918321708155476646e+00
8.200490952109474208e+00 7.795671680972553474e-01 -6.885190376111680166e+00 -2.833761797035965202e+00
8.837392510665178502e-01 1.000739588337951957e+01 -1.017346221216224578e+01 4.475699431878934487e-01
8.054219437485132360e+00 -6.141449654470497954e+00 1.247221343677224370e+00 7.262667100193865188e+00
-2.362469581298340948e-01 -7.954393961659933510e-02 3.833946297245188095e+00 -3.586984827190050407e+00
-2.606477495973833491e+00 -4.846324199476495842e+00 6.590338200741492791e+00 5.959336880144314286e+00
-1.759760921321192884e+00 2.754603936665730224e+00 6.242321212846571044e+00 -4.234913530948727356e+00
7.018578891843686662e+00 1.082074915862992981e+00 8.420355385391188108e+00 -4.252323858973966253e+00
5.146011085244269090e+00 -5.007858998680542406e+00 3.482408353141010604e+00 6.142704985934679840e+00
5.128839300362115772e+00 6.388205937682682745e+00 -7.004808680298999946e+00 5.556196324515449092e+00
-4.639250479836257157e-01 2.362525952020552378e+00 4.913588950539447886e+00 7.004663187357635934e+00
1.235086545018774018e+00 9.138474606693703706e+00 -8.400126746800825828e+00 1.430559459615577511e+00
6.799882259549860031e+00 -2.643635089871625432e+00 6.666797237406558274e+00 -3.689354278895971007e+00
3.249333942678467757e+00 8.829504096957673909e+00 -8.649175068038646330e+00 1.169822430812079705e-01
-1.410982417675871847e+00 -3.818941818265175314e+00 8.434575345049816875e+00 5.947096524226137326e+00
7.281140832797104778e+00 -6.824757034349759444e+00 1.473086559706882515e+00 6.697387691523488229e+00
6.108217693509039314e+00 -8.834469473446860732e+00 2.737880500213750512e+00 8.146420534116098011e+00
7.592194627077699209e+00 -5.298989313375472854e+00 2.625856746362197569e+00 7.021965003818610107e+00
9.395987583399639576e+00 1.985300574865849654e+00 -4.151560456781797193e+00 -3.547072616149283153e+00
4.471625175894845761e+00 5.234020504407517649e+00 -7.624805528430762536e+00 2.923907782444614245e+00
1.177592291973910354e+00 9.315497713344688790e+00 -1.002902001404294907e+01 3.041636233831018554e+00
-3.931970980443118879e+00 2.394917383649112885e+00 5.831830836924970285e+00 7.748589611231899710e+00
-5.846166395331025001e-01 3.811384204610422710e+00 8.331492884665610887e+00 8.479189941072348802e+00
3.896804396818124960e+00 5.478341822202035694e+00 -8.681737846454742780e+00 3.152447773689667887e+00
2.634129618399660089e+00 9.800090379052402767e+00 -8.032822132352919198e+00 2.802359465652741299e+00
-2.710135522769077099e+00 -4.191687578778885204e+00 6.138118084002505803e+00 5.428780196258576218e+00
-5.267157960907440373e-01 3.030872105614867973e-01 5.538746187150215050e+00 -2.518561505593961414e+00
7.291760810352436728e+00 -8.889977449495871653e+00 3.517369594967354018e+00 5.446657142520750838e+00
