2.942856645325286014e+00 1.058863057136940178e+01 -7.101633889291051105e+00 1.957172601269277834e+00
3.562208421065552244e+00 8.149926890561765447e+00 -9.641339679297075804e+00 2.546291765801042217e+00
5.413262091744746485e+00 5.232139777530075975e+00 -6.107176957232043790e+00 3.579749160816761755e+00
-4.452118226414231827e+00 3.947692900778275504e+00 5.823315520593776995e+00 -5.719783419077241859e+00
7.865948775492039857e+00 5.998590547759567571e+00 -7.173121290573974740e+00 5.029383470714670956e+00
5.654234003419963628e+00 6.586168720304935498e+00 -3.847651866133808607e+00 5.256753610219206507e+00
-1.777354392923537585e+00 4.164802534409737689e+00 6.291979822151364310e+00 7.752175754041602751e+00
-1.537608561509254512e+00 5.792435018111059541e-01 5.705935055814291168e+00 -3.613879071644553242e+00
-1.107398567191211658e+00 -4.867786396283288575e+00 8.067293053271693992e+00 5.965872309799836515e+00
6.090826839499074552e+00 1.002711186318925751e+00 7.967347816930236526e+00 -4.915672401331736552e+00
2.675481674306354751e+00 8.989911985783587411e+00 -9.894962341579136123e+00 1.027148898439059099e+00
6.747379343202216440e+00 -9.879164503978299372e-03 -5.316961044969695571e+00 -2.586466095316030334e+00
-1.136297895803475511e+00 -5.530923946010196879e+00 8.400356615679402950e+00 5.069186664957296529e+00
7.138900297629275471e+00 -1.198373309558671274e+00 7.845343902763144861e+00 -4.853069846846710611e+00
3.520760946491449772e+00 7.948314399240155481e+00 -5.479602473084757008e+00 2.828575390962726477e+00
6.844031750461599728e+00 7.939369776214636687e+00 -4.366085504583015364e+00 2.708567821172086276e+00
7.712905790375778281e+00 -1.523149417630823343e+00 7.626714911846304901e+00 -3.733288574886527655e+00
8.049904677711627876e-01 4.075246500057939869e+00 6.903390942258214480e+00 6.466955554657655370e+00
2.031721757192330724e+00 1.025467563910952506e+01 -1.046702620767069547e+01 3.407883727826916065e+00
7.928074027338833929e-01 -6.051097683969691943e+00 8.390160323730317060e+00 4.928227874422956845e+00
-2.335945572663630010e+00 -4.264287081471080931e+00 6.591737727290324145e+00 5.189172674444747280e+00
-2.444246776620381034e+00 3.607270124570304937e+00 4.939373292938348037e+00 6.060651990646150011e+00
6.779907483782944055e+00 5.982997357088295942e+00 -5.123325258993673081e+00 3.798551407031518057e+00
5.754126355711370877e+00 7.890002646655762675e-01 7.670444025013296141e+00 -3.569743224407504467e+00
-1.750920851715868531e+00 -5.130488622810204014e+00 9.192620973694483055e+00 7.787123794950717937e+00
2.119273644988971306e+00 9.550717564549403349e+00 -7.305808065091053294e+00 2.323052027311621526e+00
9.218869976125041887e+00 -7.341091406081650561e+00 4.889494144266086195e+00 6.259641989462968681e+00
7.009789787907565461e+00 -1.267366872897486729e+00 7.413585111890230728e+00 -5.061116568216975864e+00
-2.165614257835018819e+00 1.972730737859585304e+00 4.343373364673347226e+00 -3.729483189503123519e+00
2.197069108360302003e+00 8.771037530376496250e+00 -8.649827898062730114e+00 1.805212952895594913e+00
1.169249429253873540e-01 5.156031293483644973e+00 6.123205969184462027e+00 8.630107443799445832e+00
-1.683710873085455084e+00 2.336261638427031606e+00 4.030417043252086273e+00 -4.883231380184509085e+00
3.622433757199005733e+00 1.153905368971443224e+01 -7.581542596013539637e+00 3.150626402517198166e+00
7.569801623569539117e+00 1.242940651627826298e+00 -3.193856215617301153e+00 -1.015096902814335955e+00
5.907672951696167907e+00 4.831156303586987555e+00 -6.124240240390775192e+00 4.525522936458251877e+00
2.506779098833495478e+00 1.009387470705656398e+01 -8.796947899502882251e+00 2.783868907100841561e+00
8.502360653334088525e+00 1.232815838752232551e-03 -5.003720553367964285e+00 -2.169583153223484828e+00
-1.167961990447308418e+00 -4.616508041198010837e+00 7.250886839385489502e+00 5.938507338205547548e+00
6.422507147074295375e+00 -6.427056060028782269e+00 1.550958348941759324e+00 5.924184321296567468e+00
6.144794875568055925e-01 2.076394678753659129e+00 6.342956901385325530e+00 1.071103357237137033e+01
-2.716479506411962674e+00 3.034620780347032643e+00 5.402289658266798966e+00 8.578456449191961042e+00
6.762639762777268082e+00 -8.306349918448180603e+00 3.818141777460291486e+00 6.236605765682623925e+00
-2.109421041508027894e+00 -4.508158224465321773e+00 7.651847166142767165e+00 5.117085415753421351e+00
2.239542501839086874e-01 5.897406822640243185e-01 4.476395196179045577e+00 9.645436842001165800e+00
4.567667634044834557e+00 5.364044045630854463e+00 -4.987966410873855949e+00 4.707240666688577768e+00
7.670301465350626735e+00 -6.880242406755237461e+00 4.125096709034114184e+00 4.858138568463292728e+00
5.155289348705640151e+00 6.908524346934652449e+00 -4.240925139991562176e+00 4.692661911693424948e+00
-7.626541397014471313e-01 -8.179960828406299456e+00 4.551260826395876258e+00 5.693987593265105396e+00
7.354213333214544512e+00 -7.166740022478860439e+00 4.670310123832385862e+00 7.860103073351993430e+00
6.670001041160070088e+00 -1.417179656573024360e+00 6.727205185871485860e+00 -4.277344254901160880e+00
6.929971008406922373e+00 -1.500036671782484010e+00 5.641032002068080864e+00 -3.263207243508758459e+00
-1.634715326156759962e+00 -3.272762083556798096e+00 7.990618908488621663e+00 4.269377298824977629e+00
3.216633774966310089e+00 9.132852862913109604e+00 -9.325617379687757946e+00 1.580116540817882331e+00
-1.250135058621727691e+00 2.283735080323081590e+00 5.244789252613427877e+00 -4.283140959620545196e+00
6.215312085726822033e+00 -6.521431148881340345e-01 7.665588178223405436e+00 -4.179939409882342360e+00
7.054269277443046882e+00 5.859630281991354828e+00 -3.329102883567621074e+00 2.038305186531050417e+00
1.230187870764340108e+00 8.464553419434018622e+00 -9.790523303645432662e+00 2.399627121187868362e+00
9.931338664363362767e+00 5.974553623416051229e-01 -2.980705999621965585e+00 -5.442059829379085834e+00
5.813378284065249701e+00 -1.581838315906252790e+00 7.031483013522462855e+00 -2.561713804249108772e+00
-4.137454089275416358e+00 -7.212168032588914812e+00 9.347215531438795466e+00 4.990058445947739507e+00
1.480180304403975189e+00 6.840121010239025523e+00 -6.081898489276050590e+00 4.451586064486703798e+00
8.796414859002545938e+00 -1.332071216256049961e-01 6.904581283791497270e+00 -7.063953238841053306e+00
1.363935359411605486e-01 5.066976503426108280e+00 3.866647265215594764e+00 1.035358027302490491e+01
7.491959049140583637e+00 -6.255628718961150359e-01 -3.542731865300623451e+00 -8.825431431288119910e-01
4.522333921279071411e+00 -5.210943849856601418e+00 3.709827789403598253e+00 7.685011492855032600e+00
-1.310424590217317720e+00 2.791682747811695009e+00 6.193213148225202858e+00 -5.451280800160009044e+00
-1.226103010951609784e+00 4.097366785019371349e+00 4.380056058508595029e+00 -5.274786580355722343e+00
-2.042036793125725502e+00 -5.468978508930089966e+00 6.861325528991683242e+00 4.900433218326743834e+00
-1.821563841729486377e+00 -2.416400617533868811e+00 8.551963363721966971e+00 5.301713802088446670e+00
4.272865556711478163e+00 7.440853995941584920e+00 -6.143778403352018636e+00 4.834138316600482099e+00
-3.020364389278268114e+00 1.864507545917196474e+00 3.647782358406320480e+00 -4.346492323104584443e+00
9.346226700534945309e+00 -3.207075857246683981e-01 -4.308453415486703797e+00 -4.932735018697164797e+00
-1.069599732516177459e+00 1.869279369455212336e-01 5.853784470083410518e+00 -5.652548313733591456e+00
3.214218980718912100e+00 8.601251418016403250e+00 -6.812189820048999422e+00 1.504235761203393640e+00
-1.936889891382131967e-01 -5.665141155147487950e+00 9.321601829900712843e+00 5.398679391844325437e+00
-2.749593294988242675e+00 2.719179443207353941e+00 4.773428749218407319e+00 -2.882559904337602674e+00
4.954574336156104764e+00 8.131016252634918118e+00 -6.769703988903133407e+00 5.940475530549166550e+00
8.807837836975682677e+00 1.296510297319052984e+00 -3.589820821837348408e+00 -1.901048475011717809e+00
6.546013486973254025e+00 -3.254456446239339940e+00 7.949174384486815903e+00 -2.570353976666780227e+00
-1.169256411828649922e+00 4.148066058400412537e+00 6.444923868677155276e+00 7.517640737400904882e+00
-2.586810734488329544e+00 -2.898141709940058597e-01 3.983156228913771635e+00 -7.069452075574101713e+00
1.329533246369694055e-01 3.347358260573248145e+00 6.220502814571435835e+00 9.007530747715090769e+00
8.428344414407971996e+00 7.260751024559292111e-01 -3.670363777910153225e+00 -4.088398997480182651e+00
-1.150031771423813520e+00 4.252424120555027720e+00 6.056445316932972389e+00 1.059655792167369448e+01
5.765621633007563140e+00 -1.372330015221439270e+00 6.993184532239347106e+00 -3.266995964919904072e+00
5.236278431783199849e+00 5.705954306253462782e+00 -4.395547975104191707e+00 4.503907045711003754e+00
2.950411851955527354e+00 6.517143856503005317e+00 -4.495127006835841321e+00 2.632456691451731334e+00
1.021959592078684587e+00 2.440485231189619686e+00 5.984619356588321892e+00 8.923105118285764803e+00
8.569461530781707026e+00 -3.528493125155157006e+00 5.334782029919200141e+00 -4.994112391210911994e+00
6.212839668122097869e+00 -2.270995417744797074e+00 8.795693124984767408e+00 -1.486249382056715973e+00
-7.729774934593537372e-01 3.171578980064261977e+00 4.946622446586064648e+00 -4.063756065341760149e+00
8.509737645702141862e+00 -5.889920124827733083e+00 2.227352377966999697e+00 7.369580144564513269e+00
-4.421013926485466428e-01 1.678238233863881712e+00 5.625248726948050226e+00 -4.438409163692473847e+00
-4.775084718462427880e-01 1.042621986251553334e+00 5.236298969812071213e+00 -4.622569372321810199e+00
-1.533197815565073396e+00 -3.557936742395502172e+00 7.187704960724683012e+00 3.844196905593050939e+00
2.589666655150399066e+00 9.500070557669284099e+00 -9.614479747098529927e+00 -1.261853989879786031e+00
2.604020424271621170e+00 9.336148184058686184e+00 -6.655727233057335823e+00 3.933980146919862975e+00
7.144115805297220234e+00 2.028538451898245221e+00 -5.470490922948345158e+00 -4.374804939487892952e+00
4.616359710262774918e+00 7.535985267984358416e+00 -7.761751842373699972e+00 1.540926500485827688e+00
5.205319648790733389e+00 6.253169828897757299e+00 -5.862178986194251706e+00 2.027535028948189932e+00
-3.803148820117344897e+00 1.466142695417917752e+00 4.265720049760816757e+00 -3.612131210741535092e+00
2.769651323063002657e+00 9.342134303581527632e+00 -5.787721155262279815e+00 2.403702077683053773e+00
7.871729735907617709e+00 1.183523598457020265e-01 -3.740589779960756367e+00 -1.549201257490898209e+00
-1.262288020065708949e+00 -4.598237251190861130e+00 5.153454288748338996e+00 6.102912430196680837e+00
6.704225980070335211e+00 1.636804188842539309e+00 -5.376043694722245192e+00 -3.795713725311760989e+00
-2.544747987220563168e+00 -4.273166786099860559e+00 7.664115492176686750e+00 6.112539448413972565e+00
1.188141964052262800e-01 1.026896888496950844e+01 -9.516666698389759205e+00 2.717069647844048141e+00
-1.925040816902809038e+00 5.051593728636818437e-01 5.231050679818294746e+00 -3.699858364894003326e+00
7.663834293283251498e+00 1.606827777446603989e+00 6.177418977125242350e+00 -5.858322081133978010e+00
-1.436601135642291416e-01 4.642794068446592703e+00 6.476310059503194161e+00 7.913023460239611673e+00
1.887188735721509136e+00 6.573282191705560606e-01 6.062848781102698759e+00 8.025003934230749536e+00
5.863855143252301616e+00 -7.240771343722523845e+00 2.319584962582555754e+00 6.419153258957313035e+00
5.839151673116216301e+00 7.441978183229584154e+00 -5.482257124064077836e+00 5.210143083872993408e+00
3.408974886269373172e+00 7.628294557057906822e+00 -4.513418732453176041e+00 2.887912057294098389e+00
-2.485692088809265954e+00 1.795992215820628068e+00 5.933498891134776798e+00 6.527407504326590448e+00
4.741872467615799280e+00 -5.280972117555123191e+00 3.252719030722285964e+00 8.419303466825034832e+00
5.897105273144750193e+00 -6.067380095991963707e+00 1.155044158960815803e+00 6.296474186924933214e+00
8.668635289110390829e+00 7.317829881299109385e-02 -3.630265060614390915e+00 -4.805868888124602556e-01
7.596988251067847919e+00 -2.246333240128661757e-02 -5.019085039110321667e+00 -3.061455540313121837e+00
7.618810823797779186e+00 -7.044587749968076018e+00 4.969544115113921912e-01 6.593379871616668275e+00
6.720533903619826610e+00 -1.142685411036798104e+00 7.801438832861420813e+00 -3.484128941029561055e+00
6.155462571394281213e+00 -6.293638483879992584e+00 3.203846366292443903e+00 8.071793100256074993e+00
-1.409564658383127167e+00 -5.451507842832032935e+00 6.904209616473359290e+00 5.181160967028577424e+00
-1.583918717485456984e+00 -4.401553932558347704e+00 5.705372665485325179e+00 5.388343302589417405e+00
-2.836221098279799957e+00 2.101928442465419433e+00 4.411843846891138732e+00 -3.982058155144200917e+00
1.385044758183361591e+00 3.618531785929680389e+00 6.077294614119460370e+00 7.939588455632317299e+00
8.069060937400037048e+00 -6.241560583534639051e+00 2.912339609663695761e+00 4.676108578960615603e+00
2.687329749497705755e+00 8.633874935312467969e+00 -8.008792374535090630e+00 2.959920395811104221e-01
5.364463968910931690e+00 -5.972585366015939812e+00 1.254348418106890684e+00 7.242843102605620587e+00
-3.455208573050895016e+00 2.722601276276946258e+00 5.016729257973596923e+00 9.286252384123351078e+00
-2.303135805561028260e+00 4.108463250628875407e+00 5.127979631578250874e+00 -2.934876601427460763e+00
4.367245675121223414e+00 -7.260506993756083993e+00 1.584468459183184796e+00 9.178774280216625669e+00
5.319367992701677927e+00 6.196730906837294661e+00 -5.714765063508098208e+00 4.293989782043533765e+00
7.482554969312125159e+00 -6.792931318113677008e+00 3.408558327368149676e+00 5.678292498655283183e+00
-1.239199615819566391e+00 1.629001207260186712e+00 5.670269810692727397e+00 -3.830470221524372221e+00
5.457558162198367313e+00 -4.590492832653483291e+00 2.039492275754597017e+00 5.603291678495254224e+00
2.542744593158108302e-01 9.400109667386159273e+00 -6.690234085144435738e+00 1.366922039960007940e+00
-1.888612930893222908e+00 8.264679837537668439e-01 5.172734842996534077e+00 -4.073568449863297580e+00
8.953580421435988868e+00 7.290126541083885581e-02 -3.480218361203991861e+00 -4.367169113032963956e+00
-1.491059349234136411e+00 3.856096495403904978e+00 2.761718427712637869e+00 7.697490572589249069e+00
-9.084173700584226019e-01 2.866018282395555339e+00 7.833596441814909994e+00 8.483594491076612343e+00
9.405943526294995749e+00 2.356852901732997552e-01 -5.571972189391040331e+00 -3.409025369151191143e+00
7.490040918908968059e+00 -4.828695867267907005e-02 8.485938802514221280e+00 -4.471991438000620711e+00
7.070863067088944298e+00 -4.647697426783494734e+00 1.609324759986377806e+00 8.007689983615769336e+00
-1.224083097379174756e+00 -6.289609261559187203e+00 8.403443149312769478e+00 6.228721402984064959e+00
-2.730280701409030453e+00 -4.069501636245966836e-01 3.236310437807447649e+00 -3.061671396850623061e+00
8.216823157920931209e+00 -6.792876788541641453e+00 -3.612737600805431271e-01 7.845504143399354646e+00
8.855195585178128326e+00 2.086312964241490597e+00 -3.348435370311253489e+00 -2.488522301311609120e+00
7.765166164910802138e+00 -2.286270153366736224e+00 7.472912085485986289e+00 -5.912935211963491255e+00
2.796903075093584601e+00 9.219219804986956035e+00 -8.966456047955746911e+00 2.511397761834312181e+00
2.568605963013645521e+00 9.208379696331643771e+00 -7.969149983098335888e+00 2.135204201286148518e+00
-2.679185995196508685e+00 -6.027640706052442177e+00 4.234546277808445502e+00 4.686387911677236673e+00
4.402267536355694233e+00 1.037633041043025273e+01 -6.756236104006952736e+00 3.716044045260506135e+00
9.137062051243709959e+00 7.667048757415828586e-02 -2.635353796275088811e+00 -2.576705881314659052e+00
-1.582524021752820698e+00 4.482322589970772597e+00 4.449120411390806495e+00 -2.959863960831974339e+00
4.626986345956391133e+00 -3.353699993251995082e+00 7.186510460795543231e+00 -7.236047026034792218e+00
-2.912524799450393331e-01 -4.661405128947251342e+00 8.809884228906099679e+00 3.602434417607623729e+00
-2.028411461590619691e+00 2.274470993986565936e+00 4.409462171002052955e+00 -2.771977404676887691e+00
-1.212306209415428215e+00 -4.114872069262829335e+00 6.336572913785611938e+00 4.606062427133990944e+00
-1.537718511953551026e+00 3.666564431229964782e+00 6.277899513112881635e+00 7.534344356584695035e+00
1.176330708246561940e+00 3.511251087456172204e+00 5.847448673338226932e+00 6.891228927901067891e+00
9.155779563485642925e+00 1.929103383802850846e+00 -3.009175745455280548e+00 -4.010954631051840913e+00
2.247278084819462229e+00 8.938566430486570624e+00 -8.052414281874360924e+00 7.258087309837917278e-01
8.061339078508961364e+00 -2.584478571212553533e+00 6.137839383755957279e+00 -3.510796403615292771e+00
6.121968677153041050e+00 -1.023776391256747242e+00 8.638362142801492283e+00 -3.876108235803801705e+00
7.181147151134337214e-01 1.271932769115041051e+00 4.838497308341517922e+00 9.562608161816029906e+00
7.736720290265871824e+00 6.381858615331647000e-01 -2.448949739950792903e+00 -4.401411547699646931e+00
8.076448907839257174e+00 -6.137675332404444184e+00 1.529443347034773915e+00 4.389435916028439522e+00
7.515975526693708275e+00 -6.570450640971762013e+00 1.249330964841279368e+00 7.912378779721170652e+00
-1.967506815610544635e-01 -4.776695874961156107e+00 6.393377951923551628e+00 4.877442959283424528e+00
1.729865864705025569e+00 9.617221335682650363e+00 -9.772383287166526600e+00 1.904965684349131605e+00
4.910410900733157114e+00 5.202931613583150927e+00 -6.571819580023866791e+00 4.861081009109211593e+00
7.938094288439327073e+00 7.004552293571661981e-01 -4.987822755497165694e+00 -9.634721091095115320e-01
7.447135811342928235e+00 -4.139409347751370483e-01 8.574714945162252633e+00 -5.413970386080920072e+00
-2.649440550575442366e+00 3.577687495177919175e+00 5.477179097226226645e+00 -5.971869802246622783e+00
6.844783602158105218e+00 5.357938240595227164e+00 -4.435099741627497316e+00 1.565753332387254115e+00
4.030483891400286289e+00 7.611707398937054059e+00 -5.426467085514496524e+00 6.847411104274756966e+00
8.008746436670881153e+00 -1.378195352516009553e+00 -2.906321912039941502e+00 -2.884994896508076057e+00
5.917898007764335944e+00 7.192806193296446438e+00 -5.914916871825447231e+00 3.483650208357558675e+00
2.366369747657629752e+00 1.055900740639484958e+01 -7.985546331255639174e+00 1.358967433750885467e+00
5.835140250235373305e-01 9.755965851780237230e+00 -7.158403369362020818e+00 1.184111117554229375e+00
7.978645023723219154e+00 1.818731878656591805e+00 -5.565058772799580389e+00 -3.577429558465859749e+00
6.614792712244117467e-01 3.612490868242982156e+00 5.314889370532394075e+00 9.431421943161947041e+00
7.863166052372292825e+00 -2.206218478635034064e+00 8.696132896680760282e+00 -3.113613689782209093e+00
-2.849525183841254972e+00 9.086935593070275541e-01 6.434781910094197421e+00 -5.158275336148495427e+00
8.885388322253287896e+00 -2.097000746001129734e-01 7.971994391235133648e+00 -3.342851236868917386e+00
-6.317724777846273065e-01 1.942011597527104394e+00 7.490340611008008409e+00 7.860648735720394242e+00
9.097287846980908199e+00 -6.721014809111347965e+00 3.743558654025174626e+00 7.969040195466816634e+00
7.149897235149963670e+00 -7.695985316636466678e+00 1.257399683508404031e+00 4.464074601211954096e+00
6.403639754416154961e-01 8.681463054864778428e+00 -8.263221093551491592e+00 1.511153617195583942e+00
-3.627006253885652898e-01 2.879534021245953035e+00 6.769556085046990468e+00 7.276690838801665784e+00
3.880053890649349135e+00 7.810587318643533727e+00 -8.593181828914438825e+00 2.071989390815844878e+00
-2.694629775065380706e+00 2.147043210967758853e+00 5.756711302385782325e+00 8.051412219153892380e+00
-1.842040753032214706e-01 -4.972352449637125638e+00 5.969149439828483672e+00 6.356603196439373882e+00
1.946849888097383463e+00 1.082961989149537985e+01 -9.391310842671066084e+00 5.223220470529004178e-01
6.264410014432345797e+00 -5.961968315301120924e+00 2.875011509658673248e+00 3.403177198885701582e+00
-2.593404354923158461e+00 1.982122813170428044e+00 5.306827862520828276e+00 -3.435102761525846038e+00
1.391876546138545834e+00 4.385099470786154363e+00 7.417836702023988593e+00 6.215450748722795460e+00
1.407246171202367169e+00 1.053762104866530436e+01 -9.862065795929634504e+00 1.009686700306058338e-01
1.855083447250718276e+00 7.514688313828341570e+00 -9.648462974944568060e+00 2.055743622472958609e+00
8.834061134803402382e+00 -9.529706619813044455e+00 1.635937093117471708e+00 7.175673595974137342e+00
7.235580478419048056e+00 -1.894915916321604055e+00 6.416451183445772699e+00 -3.893948603769703531e+00
5.874101854947124224e+00 -1.467812014850079949e+00 7.804214476719234739e+00 -6.532677853748280583e+00
4.645413136749333205e+00 -6.688855597892520599e+00 1.593562526032471727e+00 6.617369671446817314e+00
8.038566963131327014e+00 2.752456179262895652e+00 -5.132586234206383935e+00 -2.803179300888098080e+00
6.168446738747706881e+00 -9.133732288721898573e-01 5.697498809827139077e+00 -5.156579805202653688e+00
-1.415007642621424644e+00 -3.487584600866272311e+00 5.905538060781673870e+00 4.590004840172271727e+00
6.280370412852939843e+00 -6.437630759210785314e+00 3.584275557093187459e+00 7.267754795307681093e+00
4.365167852264535853e+00 -2.680452296224248077e+00 7.536276373706463971e+00 -6.624805400641884390e+00
1.109874645003617744e+01 5.274342062304817613e-01 -4.728466862535816162e+00 -4.192794178690471441e+00
8.260515695609949915e+00 -5.650207088658779853e+00 2.038431688536386233e+00 8.115584261532720944e+00
-1.318454376708579678e+00 9.738269652725319858e-01 5.483544749469021262e+00 -3.165836955030544964e+00
2.233984619070914945e+00 1.028442981575167892e+01 -7.167730519822567814e+00 2.385548358268123170e+00
-5.572467843433066115e+00 -4.433516300924441822e+00 7.147214267936683463e+00 6.605853794357162911e+00
5.878801824238301776e+00 6.068324185945062510e+00 -4.779661194672359059e+00 5.493304674487142769e+00
9.221599124134511882e+00 1.993388694264987437e+00 -3.948268050903802173e+00 -1.864619678328961694e+00
6.133472583845781756e+00 -1.403177834281104541e+00 5.553611155468930249e+00 -5.239764283920925081e+00
-2.694785586253613641e+00 1.232302930626449466e+00 4.069330962980549415e+00 -4.843946235751335649e+00
3.460433203624738496e+00 5.013347797244586346e+00 -5.522629788504596071e+00 2.769928896750560199e+00
-3.176438187324875706e+00 -4.446677198369129336e+00 5.345790580374179868e+00 3.912254769775159957e+00
6.203393035631780350e+00 3.922460302463094184e+00 -4.152538931997280969e+00 4.382800618468497333e+00
7.637772201321961774e+00 8.158732007843768619e-01 -5.026602919023583027e+00 -2.226107225822945068e+00
-2.079350338354317707e+00 5.404198311933803289e+00 5.342250461341667034e+00 8.800465631463895377e+00
6.457969104488423540e+00 6.395173765612808481e+00 -4.107926063646987203e+00 3.906107065163697101e+00
8.723224597770906641e-01 2.547344110414405893e+00 3.574526165558153501e+00 -2.828098569120978123e+00
1.569416437253010610e-01 2.446440668512583017e+00 8.925084871174412626e+00 1.162455636349892352e+01
-1.233463100040781635e+00 3.805423224876835597e+00 4.853320360826202773e+00 8.900797046575362970e+00
7.108561634019043396e+00 -2.273035146210769408e+00 7.461449504212048112e+00 -5.636313464115019656e+00
6.968438664240821367e+00 7.392141182580326486e+00 -6.458770330280506400e+00 5.423425014520301346e+00
-1.241822581721893526e+00 2.785715604743902230e+00 5.648754635422353232e+00 -2.236809941644035682e+00
8.655603544340497280e+00 1.459081155266977126e+00 -5.383089560049939770e+00 -1.694016657164403306e+00
-8.404913779733937940e-01 1.858217482725211367e+00 6.865329220886591699e+00 8.421574341874629610e+00
6.960183347835624090e+00 -5.561916918038249946e+00 1.937200849349462795e+00 5.452129675785824858e+00
8.578573966197962974e+00 -5.651325087196235053e-02 -2.814821578834335813e+00 -3.282386411908679857e+00
6.234764379362571773e+00 -3.183185200195627562e+00 8.073599663492169398e+00 -3.041249908440049943e+00
2.913849646685688022e+00 9.245557280326110572e+00 -8.383105013329734234e+00 1.454143209166176121e+00
8.396241922796825463e+00 -4.375383240123931206e-01 -3.702902132244580535e+00 -2.468291233170469390e+00
3.134315343631007167e+00 9.877242923630973337e+00 -9.040474446822607035e+00 -1.501753107686145672e-01
-2.325041404866707850e+00 -4.437129520577890673e+00 7.389902295991540804e+00 5.945225854775152641e+00
-2.282495681713848645e-01 5.801570635656707609e+00 6.451413145445011210e+00 8.068899115361061192e+00
7.421283158717095318e+00 1.846143921661200782e-01 6.626706260802423643e+00 -5.346623662774398156e+00
3.372445319259009811e-01 5.464570214730952280e+00 7.197407130139441556e+00 7.980330217155595207e+00
-1.393188015186153317e+00 3.752625795388472074e+00 5.442161964256898798e+00 6.780345680962691191e+00
-1.245835003326591250e+00 4.151132842502518017e+00 6.757361800954564401e+00 7.802078633925598972e+00
3.849494963602388520e+00 6.721592538311778497e+00 -3.175615826579886392e+00 5.370540048498703811e+00
1.465602521418271076e+00 9.703368215208902470e+00 -1.023298658087377078e+01 1.209522912937268657e+00
6.710040847620915017e+00 -5.954628747649583609e+00 1.413678509549999962e+00 9.301763919004805814e+00
7.092951453668840500e+00 -4.835920885880360842e+00 3.498614940118890182e+00 5.779026218149788008e+00
7.233060893467361474e+00 1.774303296459537771e+00 -3.950640642772376587e+00 -3.416442345486566889e+00
4.409238596637770513e+00 7.169904177716154514e+00 -4.587105903791558248e+00 5.065373762976718375e+00
1.253515707086607200e+00 -3.571740386260118694e+00 8.613776737727347310e+00 5.483114507305074881e+00
-5.922445567474512451e-01 1.124660884778583725e+00 4.963146250321784692e+00 -1.722845437256931511e+00
8.742187997750823669e+00 2.251635711787589145e+00 -3.208195939809292518e+00 -2.402009067659898633e+00
-2.877505928042621619e+00 2.321187899722133796e+00 5.610674938042638615e+00 -3.711717228867459362e+00
8.023002207465586011e+00 6.929524131011088883e-01 9.373593939284807774e+00 -4.205548477504054361e+00
8.704275228528668862e+00 8.837378208020729708e-02 -4.556502606566776414e+00 -1.868233204112434542e+00
5.280578962370858775e+00 -4.890883263906714795e+00 2.886251973532763859e+00 8.078351239373526838e+00
8.061916259280931030e+00 -5.750830815204891699e+00 4.466332583588004113e-01 7.183499745639783995e+00
8.102333420505647865e+00 -5.476325076533012037e+00 2.361929691268371378e+00 6.159000129951523128e+00
5.971694287289492920e+00 5.342801364245171492e+00 -5.687452449098828744e+00 2.428659433297545078e+00
-5.584742487552938339e-01 -5.555821603510844753e+00 7.090417729915726497e+00 5.092226294380516549e+00
-2.803618862758983088e-01 -4.845417375944101934e+00 5.781811252245194765e+00 4.638432652089549357e+00
3.243656894349286723e+00 9.664644875843817928e+00 -8.749410835685281995e+00 3.211210263000495502e+00
-2.461743988852715503e+00 3.374517959584800941e+00 5.256319831988986557e+00 -3.501827757780599182e+00
8.776007895175707674e+00 3.351446140927927253e-01 -5.269491641303899243e+00 -3.730274823494236891e+00
5.976548250388921346e+00 -5.524601107011523071e-01 6.468572724990290013e+00 -3.806358579617809212e+00
-8.219730240124308862e-01 -4.063542016607628149e+00 6.227008580959799033e+00 6.654289015872159929e+00
8.029641911185240843e+00 -5.487761442367860454e+00 2.726658316261913129e+00 8.695439981076889424e+00
-1.573829735731066437e+00 3.758990606787662170e-01 4.167348152282897900e+00 -4.798988943748179636e+00
-1.610765659571730568e+00 -4.260360408044916447e+00 8.135544283374082752e+00 4.186115078027615510e+00
9.229666271412710898e+00 1.477227686702417220e+00 -3.945120480631684412e+00 -3.176353881374549104e+00
7.405214745931679055e+00 -8.429113064483848561e-01 8.016615382126081712e+00 -6.145005111116212504e+00
5.454842552241991882e+00 -8.754863043361778452e+00 7.670919530666451269e-01 6.204758816308892477e+00
4.430833546607310325e+00 6.908879194158075165e+00 -6.614187157979837473e+00 4.352629475944299386e+00
2.494597865359962530e+00 4.538479568532468811e+00 -5.003697154726156171e+00 2.795683238214067501e+00
-9.695890544975915848e-01 2.520231464632230356e+00 6.260394739323531965e+00 -4.833515265858370213e+00
7.655801457178112557e+00 5.634232835976775711e-01 8.330220788133214427e+00 -3.731773989909896283e+00
5.457528535728476626e+00 -2.137592541480096031e+00 9.763469939546840948e+00 -4.957334731980262532e+00
2.459350554231572339e+00 9.258278640940897475e+00 -9.042283066649435597e+00 2.946874255301285217e+00
2.072858198551271069e+00 9.980089323804566703e+00 -8.722935155902110438e+00 1.071632099643054170e+00
6.175127858092556821e+00 2.248726033951675696e-02 9.418022313190981265e+00 -2.783348406200619074e+00
7.889355187528519942e+00 1.049261240874133527e+00 -3.991283713925336318e+00 -2.460508384872352572e+00
-3.475152065785941158e+00 2.910669715399198054e+00 4.842048512961348194e+00 -1.935354065831992099e+00
-1.781032199911791736e+00 1.871928663153460182e+00 5.979805611898134643e+00 -4.928724488863611697e+00
-1.310667247429357918e+00 -5.525614203301078220e+00 1.002573931937427787e+01 4.087109681088959334e+00
6.647446344130011120e+00 4.670411099495908047e+00 -6.128307876880774607e+00 4.559930511988765645e+00
-5.379502428187283858e-01 3.648694815964197868e+00 5.598608722543955807e+00 6.780663834277302016e+00
-2.811489892085559994e+00 -3.456176418766205849e+00 9.363815492524325990e+00 6.358065242502531689e+00
7.629502032402687206e+00 1.497778147236436208e+00 -4.337897478090732228e+00 -2.483680678386212204e+00
-4.971373069501016317e+00 -4.426521720022468465e+00 7.373907187727702706e+00 4.872219888760633388e+00
-2.011163650039388351e+00 1.703898734513550339e+00 4.952944138627358939e+00 7.464996285639317719e+00
8.866100902098581926e+00 1.793226415982884792e-01 -4.707861981789196015e+00 -3.129034960196081183e+00
5.620787358038192849e-02 -4.259198644353674901e+00 7.676698031558692570e+00 6.049372097075193189e+00
4.079298973464582367e-01 3.595596539641452871e+00 4.986778979080633611e+00 8.587154414676200886e+00
3.570632582246968667e+00 7.159136803860277176e+00 -6.262696443304691662e+00 4.929394852133658134e+00
-2.011074659377523055e-01 -6.497218827804547736e+00 6.280646899241270731e+00 3.741527004097460640e+00
5.452949229660563724e+00 5.290243145211260156e+00 -4.708912867183562945e+00 2.868466027523422834e+00
8.021016565596672976e+00 -9.403074091698367942e-01 6.979770743051156856e+00 -5.751459659572669914e+00
3.313592682411919732e+00 1.043030307948317059e+01 -7.362021474367960394e+00 1.791073760184452413e+00
8.086933899328311526e+00 -3.716563845882897343e+00 6.395912699815619717e+00 -5.245901814686656728e+00
6.855063081411943315e+00 4.018658863735351527e-01 6.590299516108515832e+00 -3.099677028145429780e+00
5.421474730761272731e+00 -2.463260054634474283e+00 7.513949625947387467e+00 -5.468050309668658571e+00
-1.866101677707111550e+00 2.480393103785515141e+00 4.144798744345283836e+00 -3.847367084061116937e+00
-1.806016879659836594e+00 -3.644027718095473212e+00 6.819669223318680196e+00 5.843839068080445287e+00
7.806316194385091833e+00 9.613371664145402562e-01 -5.676050774161708112e+00 -1.992223768943763851e+00
1.216202713327803053e+00 9.136309336897696198e+00 -9.098641132679441412e+00 7.032943900449684094e-01
-1.211843295900980610e+00 4.806133200151301743e+00 7.822768789551146185e+00 5.569172846564296009e+00
-1.854361395113868216e-01 -3.568615089500003723e+00 8.612706713289528082e+00 6.203139127373525241e+00
1.579647841248319473e+00 4.594808938080451988e+00 7.488006472196096830e+00 7.442280241662453832e+00
7.881747078910772863e+00 1.728250302933193039e-01 -5.656490566052710278e+00 -4.209610584432801339e+00
2.769648558713218911e+00 8.487438644743136251e+00 -9.419958859587977074e+00 3.006731991511382596e+00
1.359841440855807715e+00 1.154694085667971848e+01 -8.343195411910945936e+00 1.004668772012263567e+00
4.089615423257964899e+00 3.650112232664740830e+00 -4.806058131398668110e+00 3.820237063673262767e+00
7.699994200261585320e+00 -3.242068899674153570e+00 6.550745595913131325e+00 -5.728889703681787182e+00
-1.413582951386431752e+00 -6.395319384686390940e+00 7.472955529499370364e+00 3.805678662075853147e+00
3.019658814085405929e+00 1.047759794482019124e+01 -8.547619113257100665e+00 2.387826611310779334e+00
8.267310213595009394e-01 2.372354656442391629e+00 5.829002511653764707e+00 -5.410926724118322539e+00
5.413544892353133520e+00 -5.305602683170885792e-01 6.072779206571972566e+00 -4.607980700831454612e+00
-1.231128956115295381e+00 -5.736238892834309766e+00 6.776566037802542297e+00 6.239454617365761457e+00
-2.641057305282463297e+00 -7.512592946379919034e-01 4.847252600078027385e+00 -2.246743103209226433e+00
6.332779749134833658e+00 -6.685437085505643751e+00 2.285536986458226671e+00 8.213234804155183255e+00
-3.181326607185829936e+00 1.974175458720857979e+00 6.201810667633890439e+00 8.406995701376271057e+00
7.511867794518733099e+00 -7.656652465017395492e+00 3.794263108947903973e-01 6.932232848084161958e+00
6.127361637353372359e+00 -2.608702229346032020e+00 1.012035156379483070e+01 -1.352817384034058268e+00
3.971796186287714914e-01 3.694649520701271506e+00 6.701685240924724951e+00 9.726973148803464753e+00
9.326824117349911347e+00 2.822007208700175962e+00 -5.061417866696888979e+00 -2.538078538902642123e+00
1.476380313050409399e-01 3.810185074255186155e+00 6.449192987971480662e+00 9.865867969820442340e+00
7.775990401105652872e+00 -7.483170718745923544e+00 4.223860645139769332e+00 8.231998631176761450e+00
9.455867623699203861e+00 -6.979989884338028361e+00 1.876329464591764085e+00 5.970321236486201499e+00
-1.706522776696991928e+00 3.943628795581455293e+00 4.529887855128135854e+00 7.800065824523181313e+00
-1.893625000405292136e+00 1.241937505922071416e+00 4.112918439253857805e+00 -7.414828572221350278e-01
-1.956369104938761927e+00 1.615669215853520635e+00 4.826212606565878360e+00 -3.623544745923927390e+00
6.574608982184869888e+00 8.816807039472006835e+00 -2.949587422096574763e+00 3.745368018904510432e+00
1.014423840363152252e+01 2.191716171309634920e+00 -4.147836662333234337e+00 -3.719375248026965952e+00
2.258038017263028774e+00 8.961689381459969184e+00 -9.364728821319335594e+00 1.801810214104392349e+00
6.764141033373567424e+00 -6.841064511544013627e+00 2.684489871291654950e+00 3.385388418743675576e+00
-2.691493041405199182e+00 -4.612396297766411024e+00 8.871530145435782444e+00 5.466905426179736516e+00
-6.112682864165313035e-01 -4.221183939511777616e+00 8.885351580547094841e+00 3.536760414172370304e+00
-2.634631504454099105e+00 9.729577434081440046e-01 6.034875063663719175e+00 -3.939205802899726994e+00
4.085655475864520270e-01 1.067988243715943675e+01 -9.055652494886228254e+00 1.814297419437838510e+00
3.990907894461637184e+00 9.763927425634804536e+00 -9.903394649427786689e+00 3.128001107339120956e+00
-5.227626169663275313e-01 -5.199624254336500329e+00 7.521149333594130404e+00 4.057057943621096285e+00
6.239329663312575214e+00 1.062872562753334416e+00 -5.281445514285262099e+00 -2.163155351936045356e+00
-1.293791319974713749e+00 2.769238759435173947e+00 5.889904512447408536e+00 -2.978999538575769712e+00
-1.579968758576451471e+00 3.710009919279086965e+00 2.314338047397737963e+00 -5.608338015900226736e+00
4.905015231285458022e+00 6.035338179062700981e+00 -5.133174141678578550e+00 3.186674080166257639e+00
6.723983029897969033e+00 -1.435153694428134008e+00 8.320581032554807521e+00 -3.026032634755939199e+00
5.997831161492571894e+00 -4.697122681108869990e+00 3.971430101507381849e+00 6.506102331800233785e+00
-3.185623173997829127e+00 1.354392634098635861e+00 3.257680129841557193e+00 -3.086740620450036054e+00
-9.349263537036800464e-01 1.077401417609839651e+00 4.618695315495112474e+00 -3.791849860729083588e+00
3.848852646211113004e+00 1.066147017844762424e+01 -8.335606284643633401e+00 -4.631458218698236706e-02
5.929316883564881735e+00 -7.470669608852886334e+00 2.329420494554960808e+00 9.288730926767284402e+00
6.212809501001212098e+00 4.251732938044945342e-01 7.383636655342638022e+00 -4.046867367481759459e+00
7.474194436034285793e+00 -5.571853295257265692e+00 7.161808105112236866e+00 -2.811352971927847832e+00
4.031036774486720375e-01 -5.531935093430865535e+00 7.776293153675014835e+00 5.848841834006275775e+00
6.239532662417088815e+00 -5.748388218478063472e+00 6.139304493963215759e-01 6.582400396684382038e+00
4.987245749536986850e+00 -5.879149075163101479e+00 2.024456486623174456e+00 6.180666504644993786e+00
1.197191086842729746e+01 -2.415195029194354692e-01 -5.714132622393226058e+00 -3.327572536572952711e+00
7.470507207528873650e+00 -1.735524709461496728e+00 7.750111382762174372e+00 -5.167647833145501579e+00
1.023867779952839463e+01 1.962430990862319646e+00 -3.313100976899541195e+00 -2.605159002406774782e+00
-9.822535446928647440e-01 -4.557819054224069966e+00 6.725042928234278961e+00 3.632425465465293435e+00
-1.948330559044582522e+00 -5.405601607991430413e+00 6.509133664815138332e+00 6.988880760264569503e+00
8.396711035049058580e+00 -2.469110047517984352e+00 7.568696998563317457e+00 -6.064921135332454583e+00
9.097762953717825951e+00 -5.357266169597759031e+00 1.433315287236142321e+00 5.432572129618941759e+00
7.792725036530063321e+00 -6.179749234526425106e+00 2.636263170288903890e+00 5.564844675872910429e+00
8.854211505778778246e+00 -5.334536032302878539e+00 5.120978130848614640e+00 8.520111825931703464e+00
-1.193329305972609777e+00 -5.106345590698440517e+00 8.009214588900047005e+00 5.353390207104195220e+00
8.526988044523120536e+00 6.894610084300878405e-02 -3.283973273606506371e+00 -3.516495056818536913e+00
8.355745392622816681e+00 2.303605261589288133e+00 -4.809068838021688386e+00 -3.526732834565310171e+00
5.350676404303527534e+00 -7.838420337162143037e-01 6.517995142073935710e+00 -6.560080592930687793e+00
6.037226004160373805e+00 -2.220485309562143517e+00 8.136025398869604075e+00 -4.215806931862399409e+00
4.541173087033917533e+00 6.958765198477481206e+00 -6.349873094710414279e+00 5.521993718479792257e+00
3.274535084958790865e+00 7.035890650229886134e+00 -5.357228312328674136e+00 3.498897048521088848e+00
7.450063419348617266e+00 -8.325844460884788134e+00 3.095676411154548724e-01 7.261302820135129288e+00
1.127985717810754185e+00 -7.327941152108561340e+00 7.043639780621634650e+00 3.900634512073502869e+00
-1.897101616699667925e+00 -7.426035469176150983e-02 7.075731130789853829e+00 6.720920415599356268e+00
3.701979998668447625e-01 8.161033088530029289e+00 -8.593576757148817080e+00 1.918258961876024404e+00
-3.208220887390731413e-01 1.032515970441335007e+01 -8.025924559549626025e+00 2.820389274012584657e+00
9.770414211263185322e+00 -8.644813028557027934e+00 2.941242930911379894e+00 6.939197690636366822e+00
-1.792354566326832099e+00 -5.048319519704303815e+00 8.784579098467107272e+00 3.600177781553344669e+00
5.933432507631492214e+00 7.940073919054650098e+00 -6.624453817066328298e+00 3.655322736749500478e+00
-2.117172525418689943e+00 2.117679169509719461e+00 5.029334208062213207e+00 -2.915367491974255820e+00
-3.796252278861774077e+00 1.962171406956643160e+00 3.992381854991239098e+00 -6.407506397334131520e+00
4.663469338101622341e+00 -6.043874926775510303e+00 2.122521542417990847e+00 5.322620426745100275e+00
6.074234028686603892e+00 -7.448666218403551476e+00 2.351167296391589723e+00 7.626331125157815194e+00
3.117541199011099717e+00 1.020705542303783275e+01 -7.880515434635415595e+00 -1.339821995754779671e-01
5.856391790578835632e+00 7.414416070468533349e+00 -6.040049758919409761e+00 2.902294430468862263e+00
2.322244930165070276e+00 6.421433796183270815e+00 -8.789867009006846033e+00 3.304674388761652537e+00
-6.338728321326514425e-02 4.779053794788497456e+00 4.930761420630721759e+00 6.434902284767564318e+00
6.675924159728250373e+00 -6.658761922234944564e+00 3.041324566901250748e+00 9.462346250957288873e+00
8.036725481947392780e+00 -1.712353333800884725e+00 8.833255498419452678e+00 -4.473688520710333627e+00
-1.087781084101127060e+00 2.520426782764887630e+00 4.805583990714277220e+00 7.287498435236378747e+00
1.019283202419082102e+01 1.449222035869966785e+00 -3.505782690626201070e+00 -3.130315971515280182e+00
5.465855070920333958e+00 6.091584152696321475e+00 -3.904746172426896145e+00 3.028989246737900487e+00
-2.769519626245007249e+00 1.912615496373915702e+00 5.317913604199370425e+00 8.624032551878327624e+00
2.497106572980344108e+00 9.857022574635392331e+00 -7.204816614246145612e+00 3.943634556033552840e-01
1.002133410672036185e+01 -5.433101896024199462e-01 -4.991071816984575804e+00 -3.457817254517433270e+00
7.374532237493948372e+00 -5.450939525979511480e+00 2.811096238082501753e+00 6.513697901108908894e+00
3.866450766120746785e+00 8.111253957062997344e+00 -9.802751237644573123e+00 2.094510064512955072e+00
3.487641119825737768e+00 5.213693516438556053e+00 -5.165977525581800123e+00 5.361344469619011122e+00
1.156697522058978578e+00 -5.473017721521335588e+00 4.389473390594989866e+00 6.802748074412225066e+00
-2.532678519006549056e+00 1.416918624800520554e+00 5.835754501253266113e+00 -5.003661373221754971e+00
-1.418741339033499527e+00 1.671273994956099962e+00 4.259588240014672067e+00 -5.608899547558801046e+00
5.413167112754877053e+00 -6.380163207300722839e+00 4.511484648011025556e+00 5.957407438690453638e+00
1.917257470530785213e+00 8.693041214678565609e+00 -9.255147730078395085e+00 4.541209294205686753e+00
8.913059935013725621e+00 -6.874590992872251505e+00 2.217243238827329765e+00 7.326167429811426324e+00
-1.319737425576396062e+00 3.092017298362955913e+00 6.299226370307579259e+00 7.147547671834947991e+00
9.008380002364248185e+00 6.571106048290089596e+00 -6.468290531391708065e+00 1.413860910957555728e+00
6.096921023410899920e+00 1.339990415915752742e-01 8.852170509169656754e+00 -4.140293125541569808e+00
5.875764637656618383e+00 7.028062602601504061e+00 -6.852391891054828932e+00 4.057281365081713886e+00
5.925407308051884314e-01 4.949370157761905809e+00 7.302246886711351692e+00 9.259699724802720411e+00
8.104624494129076595e+00 -1.095247328656148378e+00 6.638993519878512828e+00 -5.027412123480558215e+00
9.041393320042706350e+00 1.126339173182422160e+00 -2.972168153283572423e+00 -3.895571157768359161e+00
-1.135379757113156973e+00 2.438459132980393740e+00 2.983258101607994206e+00 -3.661799193819943454e+00
4.881564916723481140e+00 6.626268074200076796e+00 -7.102628819379779301e+00 4.549085671544381704e+00
1.851942565548810204e+00 8.328475092351123266e+00 -5.864550556802122117e+00 1.026112663238911704e-01
-1.380547960753215841e+00 1.586630452211379660e+00 4.364120933377867217e+00 9.872967191137130172e+00
9.653202029241036541e+00 2.753024599158332197e+00 -4.088838499169713536e+00 -4.326397603841205530e+00
-3.288034826772623376e+00 2.842752781713802968e+00 4.692593942674410101e+00 -2.220685710402939606e+00
5.394616644594553811e+00 4.582080451945501842e+00 -4.404976759037486644e+00 5.487251585009236265e+00
1.101723926282802779e+01 9.892300383252632390e-01 -4.114963954010154801e+00 -3.748096460250530448e+00
9.684776084157162845e-01 8.284615688998950844e+00 -9.311622497904837203e+00 3.420508044931449554e+00
7.719754968811955997e+00 -8.537634701181506802e-02 -4.182966066573146513e+00 -3.929856508630076295e+00
8.804287657400760025e+00 -6.675168478415111295e+00 1.713709690489473525e+00 2.881034795261246284e+00
-2.101621498666132570e+00 -4.570167522560886653e+00 7.764223691717659470e+00 5.357687177816502277e+00
6.548482937203580434e+00 4.372257646228808525e+00 -4.814140942343723140e+00 3.232267795614832462e+00
-1.526256130454801241e+00 1.918230528928376755e+00 3.785084976717314476e+00 -2.637872798606045066e+00
2.998201703921484107e+00 1.026505021657566274e+01 -9.995228092638813067e+00 3.365356814630330096e+00
