8.482456109156366608e+00 -5.704309322951299777e-01 -3.982944002092281721e+00 -3.731743714731739381e+00
3.973920327390713325e+00 6.310018520487143512e+00 -8.148462719161360113e+00 1.187843668859812629e+00
5.937619917915113454e+00 5.847946902183069007e+00 -8.853809451841023304e+00 3.831932324598105843e+00
-7.392414637478305073e-01 3.919266567279389601e+00 6.014885392258253027e+00 7.880697987928308557e+00
7.787616897074247646e+00 2.683681412357117324e+00 7.485040593595203795e+00 -3.639952973635985245e+00
6.185154625936874595e+00 6.263626047246848572e-01 6.924925908938011965e+00 -2.707063605618446722e+00
4.911699548741101928e+00 5.118121045618113207e+00 -4.106578200759845032e+00 5.912533854638605035e+00
3.767887226931655675e+00 9.557253167275570505e+00 -8.238373599317004192e+00 7.266781088392612054e-01
-7.829356913319204248e-01 -6.127274058286947600e+00 6.809416353373422659e+00 6.124692386837290670e+00
5.382776031018043916e-02 3.607840807782568326e+00 5.984139393046559618e+00 8.352388329150519652e+00
-7.871164597582341882e-01 1.794921946361567100e+00 5.717873772678941258e+00 -2.845691942651010109e+00
-3.280159569601705627e+00 3.117475496638852483e+00 6.782269156325568815e+00 -4.817060220357173961e+00
-2.081967405891260725e+00 -5.075353910326968254e+00 5.907990928153266097e+00 6.122626664466757518e+00
-1.323178127751468924e+00 1.696654490937149706e+00 4.196079052740682158e+00 -5.193137726511938723e+00
-1.839091456685140846e+00 2.155088936386000409e+00 3.709077378038474038e+00 -5.724209661770475854e+00
8.611702770884381408e+00 -1.049484486860753574e+00 8.799798011231434458e+00 -4.074404298540867941e+00
5.762680539234393606e+00 -1.522298993979412263e+00 8.488564359288314876e+00 -3.294514073883529015e+00
-3.224459571124703938e+00 2.331412458279599864e+00 3.938660488446046770e+00 -3.610446528030831992e+00
9.731938815208174276e-01 5.020829526115909935e+00 6.498949534406997408e+00 1.012713986786932630e+01
5.790190717640993689e+00 -5.726219653648350061e+00 4.358217131925178123e+00 6.200429468134348809e+00
-4.688248644709049895e-01 3.694714861215637747e+00 7.454465862608818938e+00 8.261002205222231609e+00
6.744391512175248238e+00 -1.702518386549223717e+00 7.742092734457272307e+00 -5.329720360087085496e+00
6.276365603767201762e+00 1.749259434091365861e-01 -3.363966160648406145e+00 -3.173790466206109606e+00
6.016871316863763752e+00 8.093271322832020331e+00 -6.874168635296026508e+00 4.616102085565645829e+00
9.150773701031244656e+00 -6.161179893692301235e+00 4.262440588711408296e+00 4.835479348365842256e+00
-1.406587358948096389e+00 1.484376770359513209e+00 4.888672213553753032e+00 -4.759289943479243057e+00
4.146932371490352764e+00 5.231746119312234100e+00 -7.859157737302935764e+00 3.432797490272091245e+00
1.180822205999970675e+00 9.736285462611004249e+00 -9.253191084103194797e+00 6.277272468490628921e-01
6.528379262143515049e+00 -2.607376002629444578e-01 6.467402887202288397e+00 -5.682721584302051099e+00
1.083402174245036242e+01 -1.288088299713587848e-01 -3.022581570564439879e+00 -3.027208364034833288e+00
9.000203335119962844e+00 7.955122788382795740e-01 -2.334861312720192927e+00 -3.701145875542327879e+00
-1.017844708011925725e+00 2.309196968197935185e+00 5.409960136379122098e+00 8.574074363703214630e+00
5.743419705329753988e+00 -5.322659034110800214e+00 2.198168485892776136e+00 9.179306741129590108e+00
7.867432276967833538e+00 2.523250383636099770e+00 -2.991793818808307748e+00 -2.087027820225287211e+00
2.383087630543467839e+00 9.028370937985936706e+00 -2.621288374975887958e+00 3.385832710948113000e+00
4.993769999455459185e+00 9.303495442336942034e+00 -3.640747735948566266e+00 3.048302879131539189e+00
-1.711419554511638852e+00 5.005624265342131451e+00 3.502990818354862146e+00 -3.824673036546154758e+00
8.825487388202533978e+00 2.191285083068564177e+00 -3.096620072241065280e+00 -3.234078397048600007e+00
-8.289254185379922868e-01 5.051600019195022995e+00 6.887757754258041487e+00 6.811190733554980170e+00
-3.121206311868510497e+00 -4.752647501409420272e+00 9.050961271692811394e+00 4.864136136403664601e+00
-2.338135004803025829e-01 6.293348846630482996e+00 -9.851279420593222369e+00 2.146180571441832274e+00
4.348950931658841057e+00 3.890753561408414996e+00 -5.499494563365755262e+00 3.094909907345006594e+00
-8.274332202018094273e-01 -5.280801183193022830e+00 8.675848301782977501e+00 4.127596418245574661e+00
2.899793533396710643e-01 7.705079936180849742e+00 -8.736191109135159394e+00 2.489692817145254811e+00
7.085089498663014851e+00 9.364236763552600262e-01 -4.298782333201322636e+00 -1.411565893595031485e+00
9.282439626288288892e+00 1.704970367124387653e+00 -5.589355643619787095e+00 -2.456622548706161702e+00
-3.905102016234636597e+00 -2.172125275528282273e+00 6.273741308134139771e+00 5.905448937641697427e+00
-2.259467086847499750e-02 2.802078195248461689e+00 5.221790908471785286e+00 9.124958631501678852e+00
-5.122352657433060230e-01 1.602106270222234619e+00 4.384322672854850111e+00 7.793144140923891072e+00
-1.951928571329421214e+00 2.548333276373262901e+00 6.896139088834559949e+00 9.631180329033377063e+00
-5.309913627699567318e-01 -4.622486334263178342e+00 7.091428184217308583e+00 6.460815430002108783e+00
-1.885623538251573805e+00 3.751677428916118551e+00 5.338278874516128703e+00 -5.202055678548587636e+00
-1.186623798941571550e+00 2.985970380644242805e+00 7.171348040881786901e+00 8.182933247130751653e+00
1.151418533447654013e+01 1.662921819894978892e+00 -4.870831544479861996e+00 -3.715582117532790996e+00
-6.601726070719177164e-01 -4.229325735876884096e+00 7.376602127873304049e+00 5.443345834821323947e+00
5.169909411543815558e+00 6.586472866954518501e+00 -5.934172281287308337e+00 3.299600612764226337e+00
-1.281097831570181089e+00 4.998952872448769291e+00 7.686035888790599735e+00 6.312621617357406123e+00
-3.991241393508728752e+00 3.812145514087732945e+00 4.786023552728950747e+00 9.201908886986199576e+00
9.574190508471047689e-01 8.488784778846021339e+00 -7.734344072057407260e+00 1.178559585606429039e+00
-2.607539396066754556e+00 -5.522962528244749869e+00 7.540883829182059017e+00 4.137053453772319145e+00
6.712791172029955789e+00 2.747045811167070362e-01 -3.180043849363038078e+00 -4.025593592560134049e+00
6.172328111684921126e+00 -4.254747876223925473e+00 4.407072657382565595e+00 7.672602247372480200e+00
-1.124738656849637586e+00 3.589059289126613539e+00 7.048536555902198408e+00 8.272738160958411413e+00
8.455873421590187178e+00 -8.357847641697658148e+00 4.083122442522148177e+00 6.486278143417930409e+00
-7.511784635453061520e-01 2.040798631444482591e+00 6.507139860475682269e+00 -6.391729800770299619e+00
4.754701665139914546e+00 6.366929580931832255e+00 -5.458047902902839255e+00 5.104750332405789237e+00
-1.956025123725435133e+00 3.446367649177166204e+00 6.879592984339370609e+00 7.831513115445797091e+00
5.706819035051111655e+00 -7.318881608657655136e+00 3.096940398854146181e+00 7.870282822943997836e+00
-9.604087561477885338e-01 -4.140767073236534479e+00 6.381903741851949974e+00 5.481239559776067694e+00
3.771074378678319849e+00 -8.063904523984266604e+00 2.793286860077364153e+00 7.188716902041538681e+00
8.979819241186174139e+00 1.220453158953434647e+00 -3.791666955875109934e+00 -2.394096991420290532e+00
7.439230134147346796e+00 9.358752323845359600e-01 -4.611853443280055309e+00 -1.428308119901638973e+00
6.885204896684465226e+00 -3.066962276438256474e+00 8.332789300149959999e+00 -5.084611535979803421e+00
2.994200909900635921e+00 8.650372340184491193e+00 -7.842706837524847430e+00 1.623283679181729555e+00
-2.059923240601387651e+00 3.104747676100497955e+00 6.885487094304242106e+00 9.010238870729367022e+00
-1.589736226490777060e+00 -4.901923720260934481e+00 4.713058196665186550e+00 5.974362945395781388e+00
6.948341374401495685e+00 2.126612999687789163e-01 8.281205881613015407e+00 -3.360032668889271434e+00
2.804347331444505542e+00 8.115515028349364002e+00 -8.164756505939283926e+00 3.672440812103467067e+00
7.679118968295060021e+00 -5.827023645905101468e+00 1.291105602687621090e+00 7.988305571075082767e+00
-2.171958745896460208e+00 -7.900988552945468868e+00 7.321932331422871698e+00 6.253293543371272634e+00
8.595068927619783139e+00 -6.245002156659416048e-01 -2.605913954922971065e+00 -3.430839079436162731e+00
4.802963046858130802e-01 3.099333134855033034e+00 2.591992664271177471e+00 8.925181975689364222e+00
-2.433536890220183935e+00 1.616745056326520880e+00 5.358947682077647379e+00 8.173298639493490114e+00
-2.257470148690335243e+00 4.687940182354974894e-01 6.440321475539734664e+00 -4.604825105877700331e+00
4.946659178924727840e+00 6.278698233855689814e+00 -6.854835827616800437e+00 3.975893780928096977e+00
6.047882926183960173e+00 6.944683821407137359e+00 -5.119496910769115949e+00 4.116094648145920409e+00
9.882613803011553344e+00 8.977279043961450267e-01 -5.679772254125200703e+00 -1.978421204993600968e+00
3.477044852859385138e+00 5.313341902107608483e+00 -6.742549732880871893e+00 2.806357227554088229e+00
8.120615985664549896e+00 -7.542485912923472036e+00 2.335251799651714144e-01 7.427217325327276853e+00
6.057133596448849300e-01 9.247584792161168465e+00 -9.302180890641738031e+00 -6.709029125679273342e-01
-2.948322456785603674e+00 -2.911279891928391983e+00 7.412224050166648759e+00 4.542271559116390911e+00
-3.418058623034152976e+00 2.886087028521668874e+00 6.510227501180403387e+00 8.082632357799102607e+00
2.985045886291473050e+00 8.537519907018454646e+00 -9.314398562565195050e+00 9.542689696049660997e-01
3.777909155419362897e+00 8.923044731002134355e+00 -7.969909466166813949e+00 1.551338824935616811e+00
-2.971639740159040421e+00 3.004006112417041408e+00 5.676496761287176618e+00 -4.750825217319289528e+00
-1.497203542270182153e+00 3.332781013059868513e+00 5.147412587451291266e+00 -4.630973592686844498e+00
-3.026749368170325472e+00 -5.135378480725640848e+00 8.056086941459598805e+00 5.875030946354359074e+00
3.464509334135996266e+00 1.142003020034529825e+01 -8.278090454073796067e+00 4.618527384678261072e+00
2.301954905400839468e+00 9.576432982528546134e+00 -9.684690467787314461e+00 1.361104579953259508e+00
3.452814317350499707e+00 4.535087180417002983e+00 -4.983727045354533480e+00 2.323215430000061588e+00
6.958555523455268066e+00 -6.276295384815226974e+00 3.128745251612249589e+00 5.941117057590050266e+00
-2.471817902202858797e+00 3.493254534526246680e+00 4.914165591315017956e+00 -2.757691554131273204e+00
4.340367811329328696e+00 6.125312596532528353e+00 -8.130186139783610599e+00 4.783971519829573360e+00
4.109522610716785707e+00 9.856448338332086223e+00 -8.077400403345377455e+00 1.515180819908840570e+00
1.759902442771040354e+00 9.503933663871565685e+00 -9.119469775840164161e+00 -6.519082459570735288e-02
-1.951060294432668263e+00 -3.017086712471137577e-01 6.030253030869389796e+00 -3.567305898009264897e+00
7.746651397779833914e+00 -2.383530334756318592e+00 7.628294092106388646e+00 -5.222752301474237413e+00
2.187226165568604053e+00 8.127015680385802909e+00 -9.625255792547310563e+00 1.358582000353877994e+00
3.833392085577929098e-01 9.716507298559415418e+00 -8.666615374806452721e+00 4.554757467744297017e-02
9.151572448934782500e+00 1.667188221428735684e+00 -4.487530435171882992e+00 -1.081835217735548138e+00
4.252156436728855127e+00 7.586940160770801356e+00 -4.583852759443421299e+00 4.039697590078960232e+00
8.699847423144754899e+00 2.262809218128704281e+00 -4.538896937866061521e+00 -3.418852329084521191e+00
6.206061403909663099e+00 -6.152559653071897117e+00 2.752595050544491606e+00 5.990658927199691952e+00
-1.736198068308738574e-01 -6.653757955875773789e+00 6.365139053483924059e+00 6.417476284048997393e+00
6.823398120697643954e+00 -1.085273620581080012e+00 8.126313259822905977e+00 -5.753004445387859711e+00
7.758068015293516417e+00 -1.890220786771801054e+00 7.074116954721296757e+00 -4.132672972163599745e+00
6.606313435036485160e+00 1.681178732419615907e+00 -4.207966818149618149e+00 -5.333933948991356644e+00
-8.706018377060998903e-01 9.977148371535643490e-01 5.877888107058065081e+00 -4.510182541550673108e+00
1.127719502960310294e+01 1.333797240769944992e+00 -3.520952713954144997e+00 -4.215831843803595547e+00
3.036472365960474207e-02 -3.458844462065722158e+00 8.708683038858620051e+00 4.528759809723337248e+00
2.253888091219975021e+00 8.168616268918473367e+00 -9.454514976948066973e+00 1.208622370289064829e+00
-4.704438180888040222e+00 7.830646861918690860e-01 3.479345159440038415e+00 -5.427414423492503914e+00
-2.253703472479140935e+00 1.764044248048268759e-01 5.293661796463075220e+00 -3.754604608222543494e+00
-1.537208538409184921e+00 2.509402314418434976e+00 4.337950319636806107e+00 8.255128732088722998e+00
-1.838466529510179415e+00 -4.710746740432400159e+00 7.937861197589582751e+00 5.448787257503963311e+00
7.642237142133605055e+00 2.355695296938033145e+00 -3.932589888058592553e+00 -2.476288824608689154e+00
8.260423640426055591e-01 4.659561528301443545e+00 5.762475143974010727e+00 7.088273477677928369e+00
6.679662097225907758e+00 -5.909079182174274969e+00 4.224464049644211627e+00 7.039470318509725821e+00
-9.357737949486357731e-01 -5.216285446562856976e+00 6.025768032094299009e+00 2.991816042511926010e+00
5.784511611756585125e+00 -2.920129902047136738e+00 8.226718543119424965e+00 -7.131119687243417715e+00
-2.115146163203319052e+00 2.606982916375271131e+00 5.195884375162691526e+00 -5.525031358377027857e+00
3.038346930349954178e+00 1.011579547210672025e+01 -8.439373072064235259e+00 2.577060605448099562e+00
9.240876141260461196e+00 1.748479724227204768e+00 -3.867428549982168562e+00 -2.836263137420188762e+00
5.536149466342166647e+00 -2.263934502518557323e+00 5.715866844911742461e+00 -5.696174543134670643e+00
7.607673402789638217e+00 1.290279304205301347e+00 -2.702868619251099780e+00 -2.815353847076596416e+00
2.878451691005608382e+00 8.418917296419913043e+00 -9.624580114685658216e+00 1.272441267100673956e+00
-1.890082065636405462e+00 -3.851745373516796800e+00 7.418143878310269557e+00 2.787155111453350820e+00
-8.994111775996345148e-01 -5.015464885301144982e+00 6.205098605010272550e+00 4.821477671354155170e+00
1.085662540924213282e+01 1.187165706286085198e-01 -4.552206706978664918e+00 -3.353303593297467966e+00
-1.626951217812086403e+00 -4.744562743347162659e+00 6.836645185953155845e+00 4.103205895265796599e+00
8.788712325790990931e+00 4.539823396188371163e+00 -3.855797492874573074e+00 4.449985709901109310e+00
1.794916952651997022e-01 4.124427406596552714e+00 3.806705318938731430e+00 7.449564966600913607e+00
1.247000162161681747e+00 2.524874159319087319e+00 4.840131937258535189e+00 8.857808543215023533e+00
-2.220217443496445675e+00 -1.486769557700551303e-01 3.663481022739487170e+00 -5.235755688458018753e+00
9.378037930818033274e+00 9.306981243429777173e-01 -4.312280234851141536e+00 -3.727511762313819865e+00
-1.275964993404423486e+00 1.058175129575928519e+00 5.141055648963162028e+00 -3.723628925781936605e+00
8.570806804767146403e+00 -1.658100357143057479e-01 -6.181243949838832741e+00 -5.116250488866726620e+00
6.750518199543552811e+00 -6.107239167945975211e+00 1.868009016379327036e+00 7.259793621530330476e+00
8.150283757345492930e+00 -6.549807968987446216e+00 2.616064075971648251e+00 5.918439411282864882e+00
-1.579355724236386482e-01 8.342167262483713985e-01 5.373643235602582280e+00 -4.460567878020474275e+00
-3.319222881777096568e+00 2.492502082430510857e+00 3.709188198984943341e+00 9.047758452554285569e+00
5.762152504491390381e+00 -5.677798382730999682e-01 6.385452924252916773e+00 -6.382648558928830873e+00
7.135903073955672582e+00 7.565381704387406092e-01 -5.643295777068821906e+00 -3.235101384547180547e+00
8.636170971419399933e+00 -6.937219973212322977e-01 -4.661052175654095464e+00 -6.144265354474626406e+00
8.559014895349296381e+00 2.626554476785935677e+00 -3.585580747055479023e+00 -2.681211631006262142e+00
1.378602816865737823e+00 9.927501858186117190e+00 -7.453984652829539925e+00 3.900050739731672600e+00
4.347537144703546019e+00 5.522164381351129414e+00 -5.773202939633768516e+00 4.212191056390802046e+00
-8.007459585279016467e-01 -4.709661816063770878e+00 6.389039044033503423e+00 4.392650111007458058e+00
2.053433620557391759e+00 1.125434839588922031e+01 -8.367459148236843447e+00 1.003289815715354472e+00
3.520092796651067779e+00 8.313670710145878218e+00 -7.033273166712286084e+00 3.536917222667572247e+00
-1.002368017746978923e+00 3.125152604723985039e+00 5.537925195448241134e+00 1.055413865289694542e+01
7.655001078344261245e+00 -5.462942307990547697e+00 2.601465939215554801e+00 9.455419574237600600e+00
5.884191507473541805e+00 4.901244381276191220e+00 -5.591859052222746485e+00 5.572234388959969920e+00
-2.812636677605412583e+00 1.880925841467022686e+00 4.835136395190430036e+00 -2.781409758175541924e+00
6.491733316519009200e+00 -1.122552904014011421e+00 9.387602517673943936e+00 -2.878399599428120403e+00
3.826292388440334147e+00 9.768037821687160616e+00 -8.923044838554456959e+00 3.620532835216220047e+00
6.507781485078757200e+00 5.102489168217372306e-01 9.863415954671944874e+00 -2.797446783017407235e+00
9.883256849620250861e+00 7.883345383873588963e-01 -5.667373607296869231e+00 -2.765471680075703098e+00
3.301081076643268553e-01 -3.969038427614236753e+00 5.745320173437290734e+00 5.214411135369780403e+00
-1.043470730992259288e+00 2.402946673683113321e+00 5.128595018371012060e+00 -3.203882072783304835e+00
1.684904097034259696e+00 1.071700411143468656e+01 -8.646634089316650673e+00 4.268615549961507494e-01
2.138622418957975668e+00 1.045597335948036744e+01 -7.766339846339854525e+00 2.309572185544828127e+00
-6.935710357426685402e-01 1.434145238183830884e+00 3.994082490305836508e+00 -4.614851009242991964e+00
7.008523293514482333e+00 2.060927076235345545e+00 -2.104327148671919279e+00 -2.832937254100294844e+00
1.061095803921489100e+01 3.048968222907587067e-01 -4.400944045240117397e+00 -1.426583974040993352e+00
-1.601955324625841781e+00 -5.016705069996636013e+00 7.505833902312578410e+00 5.219759618941025359e+00
8.119750752368187108e+00 -5.565486571161571305e+00 2.017466104622847922e+00 9.433257935464849808e+00
7.578883054933752028e+00 5.670560688366417246e-01 -3.182098342237048350e+00 -9.957772076159550068e-01
4.235001763929893137e+00 9.026698755390928142e+00 -7.500430620257082737e+00 1.127302363378324124e+00
1.875732801890209522e+00 9.907881414905228112e+00 -8.620483640071180176e+00 1.700507889174974530e+00
5.058519499313454126e+00 9.461013980051302674e-02 7.412808850971226882e+00 -5.476020341504820088e+00
4.713143626889619853e+00 6.517963358955525699e+00 -5.061084871044044142e+00 5.414462987165903129e+00
5.134440286408119114e+00 7.843386521068004491e+00 -6.793023093188415018e+00 1.776537911504019629e+00
-1.996827615258459643e+00 6.553478265574899098e-01 5.310630959796402095e+00 -2.494223688201186562e+00
8.500891822817157717e+00 1.125755559001214268e+00 -4.462914007470618394e+00 -2.274099167251389275e+00
4.370132678977503460e+00 -1.408328151794428829e+00 8.852629409274159755e+00 -3.518526927819896066e+00
3.058424280532124229e+00 1.032997135186291970e+01 -8.886561606748848874e+00 1.135287469268326799e-01
4.172970109351098245e+00 5.677287416634436035e+00 -5.713524000017663695e+00 2.973957143759555777e+00
2.557028245474244343e-01 8.730560289903441795e-01 4.191040853603739791e+00 -6.176405678857741499e+00
-1.956039206323305635e-01 1.158814306454574172e+01 -7.813811695462571372e+00 1.019481917082539990e+00
5.971133560756771708e+00 -7.199781200242477475e+00 3.459309153839445816e+00 7.559608039295976134e+00
5.543867746668552421e+00 6.475707654031672256e+00 -7.777852629154465625e+00 4.093921450579273369e+00
6.897149728685048942e+00 -9.447665912265534871e+00 1.408864855481386513e-01 8.490177582995722005e+00
4.090451589061999016e+00 9.648627676868269276e+00 -8.946152015314693173e+00 2.525759968232289765e+00
7.834805138353319265e+00 -4.156804914406833085e-01 -4.719074874556411281e+00 -3.699391205871973565e+00
5.434408658432149153e+00 -2.330648523607489420e+00 4.470050400383156486e+00 -4.088544500892998812e+00
-2.421631193503003932e+00 -5.797058594987043456e+00 8.306985548271716979e+00 6.825090510363937213e+00
4.497126853708490302e+00 8.277081551465707676e+00 -6.434433515467464559e+00 2.121931898743639522e+00
1.049838096035190205e+01 -3.661929557335152907e-01 -4.242191727771086995e+00 -5.363527175161414640e+00
2.859563804324833924e+00 9.452488753216346851e+00 -8.319142495346989463e+00 2.853341742182930130e+00
7.742278993974613499e+00 3.364633933092500140e+00 -4.329076059959348299e+00 -3.762927799674123719e+00
5.341727965911838183e+00 1.103731040647444317e+01 -8.184412920303859806e+00 4.147817695283435135e+00
6.398904094146748989e+00 6.471467260062836679e+00 -5.777953127279126910e+00 2.674435555839372647e+00
-2.464451923594014104e+00 4.725100027572909589e+00 3.567801659590287944e+00 7.030654128514512990e+00
1.309454912555929607e-01 2.402679547305822005e+00 3.228953755530037384e+00 -3.940663307714379116e+00
6.113962704869813081e+00 7.562747055258192574e+00 -6.376705823470913970e+00 5.108765970954950220e+00
7.870188785383106733e+00 -7.313583350981022413e+00 3.492703565586858350e+00 8.211151051245172638e+00
6.785833884273332117e+00 6.957349793383161618e+00 -5.369700855448221510e+00 3.393458035795158256e+00
8.554708145112009277e+00 1.049623041039999594e+00 -5.163321516347021856e+00 -3.548591268945876287e+00
1.734781912887100264e+00 1.186084838927177110e+01 -1.107926949654824433e+01 3.114438709003386485e+00
7.057315219864197964e+00 4.579787257309945181e-01 -3.289152520143260983e+00 -2.892474959218903408e+00
-1.671372682459274284e+00 -4.381313145424061695e+00 5.327991911184696505e+00 6.034633585954230384e+00
8.388664922740307617e+00 5.357601113029064610e-01 7.534801888457700159e+00 -4.690436372834033918e+00
-1.276277857932412996e+00 4.188803781190696185e+00 6.052012952237636689e+00 9.443735135485660237e+00
6.407354371934167681e+00 -4.444563136837414774e+00 1.376073923175809455e+00 8.408550187353547756e+00
6.536872705769601666e+00 3.945970488743929305e+00 -4.036688694727780913e+00 -4.462714778620035183e+00
-1.909084478357473191e+00 4.222504213945785345e+00 6.915648658698821727e+00 7.780090535631816628e+00
6.555655281679598545e+00 -6.028895956672437606e+00 3.392930290199546395e+00 7.468421858174597361e+00
9.116560139022842790e+00 -3.158590903542055628e-01 6.162085109854595899e+00 -8.025724142842392439e+00
2.843807729630659864e+00 6.344153303256521603e+00 -7.007527320599475473e+00 4.955155798853203564e+00
3.694114360199464375e+00 1.093076226201323919e+01 -8.363037479590319734e+00 1.906690071107421058e+00
6.491680060972209176e+00 6.743668720101678282e+00 -4.624616322814346425e+00 4.337564176745011935e+00
5.723289935652916327e+00 4.955302674525148277e+00 -3.213552083786158864e+00 4.981731463572042884e+00
5.523300134022805175e+00 3.845454052824017754e-01 9.140080050576889548e+00 -3.928814645613998735e+00
7.468697043110268829e+00 1.906898289584884498e+00 8.157424429681384481e+00 -6.263995674942994363e+00
9.071533317099072846e+00 2.039151498424910613e+00 -4.596775843743576395e+00 -3.305074335821012177e+00
7.075006713368113154e+00 -5.955617781893087326e+00 1.488870891104285832e+00 7.388011866200471012e+00
7.862032557964485413e+00 1.123538680898851005e+00 -4.575216686673035937e+00 -4.106170495187921432e+00
9.160879417530672697e+00 9.361103658513516557e-01 8.623552373863857312e+00 -4.316545192462795555e+00
-1.370395734955727196e-01 -4.888199970368414249e+00 7.564815663387040701e+00 4.816925109920594750e+00
-2.282423683627840649e+00 -5.127671986209885624e+00 6.532677983534815880e+00 5.559732537132744845e+00
5.654684201528094256e+00 -5.312491411233065008e+00 2.159446524910316523e+00 6.483135473521158154e+00
-1.615816198392864944e+00 -3.118390680055295849e+00 6.510232000185219192e+00 5.293355956142526964e+00
8.467113349424797875e+00 1.497311824002081959e+00 -3.844891715105778207e+00 -3.093428724997737689e+00
5.371686910917479629e+00 4.582603088379617162e+00 -3.666328804352905646e+00 2.503241035144399440e+00
-4.139890381143414011e-01 1.734359362684489980e+00 3.262953783396783880e+00 -2.711256614702059586e+00
-1.908881191218629869e-01 2.826772118890000129e+00 6.438762753710993714e+00 7.156253082585667613e+00
-1.770184840611482180e+00 -2.605271609156414758e+00 6.829623499232163830e+00 6.773711544382148730e+00
-8.669997614489475257e-01 1.072024155809270241e+00 7.117243374793872590e+00 -4.051123334376329765e+00
-4.678489752363479415e-02 5.050900358311859684e+00 7.660627117289005028e+00 7.876801758136069864e+00
9.244694437977393875e+00 5.860065057565871927e-01 -4.561931851025674334e+00 -3.580313241083143083e+00
9.470196745527440285e+00 -7.492847632095585020e-01 -3.858190733851237120e+00 -2.478015849815124572e+00
-4.834660838752531831e+00 1.980070174642940328e+00 5.975984501721854691e+00 -3.092123882606006902e+00
3.558045030509512152e+00 4.191517267343443542e+00 -6.033212961205511426e+00 3.655657288394226878e+00
7.519393017716131666e+00 -5.594061497490617541e+00 3.817496006085950633e+00 6.886572921441211470e+00
-1.606327505814859835e+00 -4.220738498343176381e+00 6.134269845148675238e+00 5.220783970557225651e+00
8.195512742684883278e+00 -2.422904851116147729e-02 -4.757299256231863005e+00 -3.275768685914587586e+00
-2.252266111636371804e+00 -3.830214031880256442e+00 5.891557833565422619e+00 3.839977838382945485e+00
7.579443992896529814e+00 -6.706374713142786881e+00 1.419232039647416510e+00 4.538747661779924059e+00
3.614506345544707955e+00 8.623150428096218789e+00 -8.777394887538322976e+00 2.996503810333851270e+00
-2.136895417308307898e+00 3.168924441297432004e+00 5.770790581374837913e+00 -3.463408670485074392e+00
3.662505966474716157e-01 5.612890488293913016e+00 6.508491313693697933e+00 1.073072343471877765e+01
5.005729250835565303e+00 7.006137574925082490e+00 -5.900282898325070136e+00 1.706155761710963947e+00
6.317842557174341955e+00 1.192982629963756036e+00 6.641089249757555990e+00 -5.267578486713938801e+00
9.991469785672235204e+00 1.018875423985759809e+00 -5.257960727928088218e+00 -2.160812747921583288e+00
8.171739739786046286e+00 1.445632958415696168e+00 -5.714064570423450284e+00 -1.489711005670018906e+00
9.898149067316419192e+00 5.505749122364507198e-01 -4.239068346940940479e+00 -3.053518106131984933e+00
-7.025421163551879289e-01 -6.921397871609034524e+00 7.621733466733637385e+00 6.083973796978281889e+00
9.267918909459060828e+00 -1.127167318069550506e+00 -3.930310359981926016e+00 -3.748542676623683345e+00
7.324881539671516784e+00 1.630862744893841532e+00 -2.155576179683377003e+00 -2.931389985459223801e+00
5.937213358649947814e+00 -6.722305501350405166e-01 7.736547334526173714e+00 -6.265027303148850812e+00
5.221219020755918372e+00 5.113459199657810927e+00 -7.917176672982138896e+00 5.426048738290932150e+00
5.777670360448700748e+00 -3.582859674738806177e+00 7.584143763013230455e+00 -4.699223237740104864e+00
5.737852327962765564e+00 6.784401355106481901e+00 -4.177074173701678994e+00 2.673464383177441839e+00
9.717139926235038416e+00 -6.306788274142106632e-01 8.817679137535137102e+00 -2.039033094229195431e+00
3.821044656336032297e-01 3.343371902671078200e+00 6.595096732335764322e+00 8.526532163810914611e+00
5.910165336657449586e+00 4.726781838112762202e+00 -6.368005678891545784e+00 2.690816803033057703e+00
1.011328082550828533e+01 -3.703347332183082319e-02 -2.348352910271424676e+00 -2.505330529019207386e+00
8.778783991103933815e+00 1.716454587257611797e+00 -5.288416476093587448e+00 -4.144358881821628593e+00
-1.550163318282471003e+00 1.129287506734616642e+00 5.284945508475964893e+00 -3.399815504847773617e+00
3.791734997524276451e-03 7.291946417015419790e+00 -7.082076210558250651e+00 3.137710011535754795e+00
2.788892958283691215e+00 1.027555271706102680e+01 -9.398599421775946539e+00 1.099267529715869163e+00
4.073548890075637807e+00 8.610406270281320218e+00 -5.735518078869179526e+00 4.367724876014738911e+00
9.433789718316551998e+00 -6.484900740815997544e+00 2.551916192269524597e+00 5.171765305832317416e+00
5.390655163687548601e+00 -5.388067051309677780e+00 7.848369733220030842e-01 9.115145950136575692e+00
6.476756537494760657e+00 -1.797323814900231742e+00 3.739394980355683629e+00 -6.163221222455408821e+00
4.854724453925073568e+00 5.012224210128224833e+00 -4.571994241102185441e+00 3.237939239455990492e+00
6.512033617808082653e+00 6.976532164316198603e+00 -6.652321293376846079e+00 4.026832750286123641e+00
3.161636219910100465e+00 9.742097110112739600e+00 -8.931506138958621221e+00 1.517649348507827067e+00
-2.518576556013101708e+00 -4.054156681513489957e+00 9.220454193643323748e+00 6.694288432209508422e+00
5.133053269802179130e-02 2.756381167446638081e+00 3.771940361974375655e+00 -4.910811869626012793e+00
-2.123066680587927468e+00 -7.014852056259565316e+00 6.307297006676316542e+00 3.881129942044360792e+00
4.158297449749349006e+00 6.321735630158810793e+00 -7.143291772341481050e+00 1.232026645997533976e+00
8.272361009338002447e+00 2.102643555671859232e-01 -5.464126158238230779e+00 -2.156128692099102295e+00
5.315642995302799712e+00 -6.818901617511574642e+00 3.284664664224825614e+00 6.615857966861267592e+00
-2.187211051686428487e+00 -4.544012236203816002e+00 5.358285425844356631e+00 6.458485146112336928e+00
-1.563388931112496882e+00 1.867540186365229893e+00 5.008018705835239004e+00 -4.135744247003165341e+00
-2.618826245080866144e+00 -3.896924445686259730e+00 7.945769195063363988e+00 5.003360914462414044e+00
-2.777835922290570636e+00 4.387050631839480630e+00 7.845013811557052463e+00 8.182051658981521314e+00
8.195665965518333707e+00 -8.591136165299169125e-01 7.438928100166708468e+00 -4.370280354491712593e+00
-1.425109427815966834e+00 -7.317458548660546569e+00 6.481090093481507886e+00 6.310512648324444918e+00
-2.583380853320705661e+00 3.166248640090746136e+00 3.715204261466469760e+00 -4.538150979643652327e+00
1.892301281014049152e+00 9.158810162348302697e+00 -8.799319250319580732e+00 2.851108266396045199e-01
-1.030040589848393529e+00 -4.046799729055854833e+00 6.967587785671695677e+00 4.382003775148564984e+00
6.383656395666419847e+00 3.412156189781221816e+00 -3.433509252569241887e+00 5.712589773124701509e+00
6.423575416286827711e+00 -7.653719288202975868e-02 8.907931401663951476e+00 -3.823436383826317897e+00
4.437936465501688410e+00 8.346006957400163628e+00 -8.592159741821243202e+00 3.201348723957612386e+00
6.037019811011263393e+00 -3.337873627332281767e-01 7.742221913791074606e+00 -2.478116219433641465e+00
3.704300120820581910e+00 5.231156825866493776e+00 -4.796041718656239183e+00 5.444555321090758682e+00
4.587912188628964216e-01 1.414205229408596720e+00 4.540854657118813087e+00 8.390072221493429794e+00
7.209085177222375407e+00 6.193341595831284074e+00 -4.837502684158586419e+00 5.279697765964946221e+00
3.454991624199532652e+00 4.917739939921763614e+00 -6.022847467804934851e+00 4.614192941359755551e+00
8.994996850561047808e+00 -4.017578727942268557e+00 5.440870879865780552e+00 -7.868470196562466157e+00
-2.276004569297440217e+00 3.572675944293514316e+00 5.877433336926350727e+00 7.722269765709982359e+00
1.047701166356430313e+01 4.302897649247204304e-01 -4.862346608104679113e+00 -1.624948884472950494e+00
-1.991426683035868450e+00 3.013886405458591433e+00 5.591719156908105504e+00 7.219094358321848759e+00
6.062499784790642110e+00 5.208167612510832711e+00 -6.312022555525294010e+00 4.908360160143732998e+00
1.063727879237198870e+01 1.676540888392588968e+00 -3.520685923986486277e+00 -3.635632956619757827e+00
-1.112879228083644367e+00 3.172835754836186961e+00 4.387666977768231114e+00 8.567809891619296181e+00
9.474181885698286010e+00 1.177829298800965097e+00 -2.950243738627945422e+00 -1.762988508644954155e+00
1.970213982843335376e+00 8.841541574363965594e+00 -8.628919095728754485e+00 -1.613283522822950289e-01
7.273838541911182176e+00 -4.592042981174641270e+00 2.948057135633218806e+00 6.538533861460042118e+00
8.176304969877890017e+00 -1.136193448055751176e-01 -3.638059501253307904e+00 -3.830280807315534553e+00
6.990121571659209998e+00 -5.599726221474069732e+00 1.368525873261844383e+00 7.637613446882999035e+00
5.579091224646901992e+00 4.686329528906407305e+00 -7.718464518601266811e+00 4.325679539470089097e+00
6.437489484575153575e+00 -8.348518457182244390e+00 3.935978141673027508e+00 5.526963439199237271e+00
7.217196902006877135e-01 1.740789327678069709e+00 5.765410633284299813e+00 8.495217900918950349e+00
7.808755366351040728e+00 -4.495732880974292023e+00 2.975814258763054276e+00 6.425565191043259183e+00
-4.683359440843079535e-01 4.457364033339810128e+00 4.818061369098979085e+00 7.084091743860617463e+00
-2.159887192582365500e+00 1.751776657672869275e+00 5.664996232868509729e+00 9.135337304704735928e+00
5.320631537955319068e+00 -2.793243308268311687e+00 8.491125754806386539e+00 -3.156729586218368411e+00
6.199174924007986753e+00 -6.320765353034278000e+00 1.316983354664395200e+00 2.867507217456105373e+00
5.507269136514889141e+00 5.792067091571149184e+00 -6.992833036679334313e+00 4.648171442855955959e+00
4.689157666161062110e+00 9.785109609299990296e+00 -7.420783255082820773e+00 1.551821965641985823e+00
1.151216791485848034e+01 -2.736118535481437686e-01 -3.379245421147292205e+00 -2.935820580949716430e+00
-1.869615717937942900e+00 -7.326473739352618253e+00 1.000868048601786775e+01 5.736910032241724799e+00
7.555429488869003229e+00 -2.039771088640870644e+00 7.722884587594829320e+00 -5.814956266258537454e+00
7.341669742971340007e+00 -6.391029276102416112e+00 1.871638158243178029e+00 6.632378700463978483e+00
-1.150175735945482502e+00 4.191765310267149047e+00 4.342998179734191666e+00 8.180376920622331127e+00
4.039848481027860316e+00 9.561812104980329963e+00 -8.561780398595065122e+00 2.771352798075824353e+00
1.954410004259021783e+00 9.416190112069971363e+00 -9.503085003898076977e+00 2.196449631584100892e+00
-2.200739507552849084e+00 -6.125227516349122325e+00 7.330096985720888192e+00 4.153975042215137137e+00
6.137411334806826879e+00 -7.084599219218591593e+00 2.870538940412095563e+00 7.118810836757648808e+00
-2.843809769969682044e+00 -6.025238539917671332e+00 8.071835198907278297e+00 4.827443137289824548e+00
-2.789754792079786050e-01 2.281892475386440022e+00 3.919883415749701783e+00 -5.087057003998493698e+00
2.690603169207909762e+00 8.691944703650225534e+00 -8.493654264317575198e+00 -1.752659367365555720e+00
9.089484047294918767e+00 -1.064744143359391604e+00 7.173452889739228233e+00 -4.056832256580136686e+00
7.836283383584427220e+00 -5.613033718530433092e+00 -6.561020615397028521e-01 3.876922270602502607e+00
4.162941152116710342e+00 -4.387241764271764488e+00 2.653070388147541703e+00 6.930936189240528122e+00
-2.938266788963716181e+00 -6.207719357384466008e+00 6.484955431687699168e+00 5.971216500670906591e+00
6.753507902516131978e+00 -4.209379241661541649e+00 5.644076146559327434e+00 -5.977053213905752393e+00
5.225364449936784617e+00 7.396845636851302253e+00 -5.570221488738139826e+00 4.625604315483869300e+00
6.906120011559486294e+00 2.116113247626756788e+00 -5.678494138553711323e+00 -2.560021241954769877e+00
9.273145451085607505e+00 1.185265358297641125e+00 -3.932576077612590204e+00 -2.820989471228478873e+00
-2.554712709687378958e-01 -5.930943873564245905e+00 9.324789173949671550e+00 5.406115704284445656e+00
-4.520733920475561440e+00 2.167697683973107914e+00 5.399511358593516164e+00 -4.071174811150191530e+00
7.814182527325874261e+00 6.945755496508764004e+00 -6.185614746690418997e+00 3.585808700638987379e+00
-8.787374000625500781e-01 5.888210391355639395e-01 5.949257019925518364e+00 -5.623198097239510140e+00
-2.454924126431378362e+00 1.033939855669139263e+00 4.834487054081365365e+00 -2.789944720547335333e+00
8.436229378440568638e+00 -4.995804880921159707e-01 -2.045318768424425393e+00 -2.814607419520058773e+00
3.247355537580735696e+00 1.021275008395923045e+01 -9.364162456870825935e+00 1.823371231881440568e+00
7.094111297057517085e+00 8.641768085505530550e+00 -7.297805248573171255e+00 5.426015903951855179e+00
1.091706126565491708e+00 6.170407544864451310e-01 4.627455168323220569e+00 -4.802103711436665812e+00
6.635265855142107316e-01 2.935665301525157478e+00 3.193193509985903678e+00 1.069546204886724894e+01
-9.496253872715783029e-01 -5.234779576888055175e+00 6.610320395072638355e+00 3.330788779868703919e+00
-2.212837555930864397e+00 -4.086293650270235389e+00 8.147313611532869260e+00 5.497010866760299486e+00
5.068427818939331253e+00 -1.780715341064206481e+00 8.791215444136888379e+00 -5.748183104782550679e+00
-3.186846511181595787e+00 3.484301817250762934e+00 5.163268604161626030e+00 9.270678762488190117e+00
1.596381948924991523e+00 1.049613423506108489e+01 -8.729828139900165596e+00 2.240137741051698050e+00
5.683688864099186944e+00 -7.062099200709816671e+00 2.969768250989551106e+00 4.581802278348507507e+00
7.840670093051833600e-01 9.320861156595229957e+00 -8.475279569677754310e+00 -1.082145133874279352e-03
1.815509916938238488e+00 9.852785396465502998e+00 -7.431206321292119554e+00 3.404294055858205326e+00
7.057719365643302378e-01 1.167429941539764471e+01 -7.692474650922769719e+00 2.851382261812656971e+00
2.010354590813618003e+00 8.999144698866402337e+00 -9.528358824472613620e+00 2.826585478197021217e+00
7.450695963274234224e+00 -6.922251982387686908e+00 2.135274677891583650e+00 6.964189680245726599e+00
7.838401858940713396e+00 -2.805018246922365677e+00 7.426853380961908613e+00 -3.759733826514148003e+00
-3.665033499318326449e-01 1.505789301208373177e+00 2.387468976813792221e+00 -3.932066022771854019e+00
-1.190023373998561729e+00 -5.272861457364461657e+00 6.743239574456506347e+00 5.557595150461397182e+00
7.614829902791028005e+00 2.573479048958582815e+00 -4.263231493228508029e+00 -3.983092232477575045e+00
-2.027513418211420060e+00 1.221873935574046444e+00 3.919968900283040014e+00 -3.971566585587650078e+00
5.425389795986029995e+00 -7.554540119540789966e+00 2.322941624747318023e+00 5.163321081379337762e+00
7.028360393735171741e+00 -6.260704907705607170e+00 8.454347315353316628e-01 6.253526736134926267e+00
5.865644831833650485e+00 6.750808934054385979e+00 -5.098857185141791426e+00 4.393617252285340058e+00
2.376558458857776834e+00 8.492293664193525160e+00 -6.369184256626796881e+00 1.348220617131416610e+00
-2.281469461331127935e+00 -5.961122070771826209e+00 5.840154245372927377e+00 4.064721883541551506e+00
1.105142212581625039e+01 2.125083157171294701e+00 -5.262243104676876726e+00 -2.605228498323353570e+00
-3.635075917703047832e-01 3.545678609774927104e+00 5.873194713868372219e+00 5.751399306338218942e+00
3.531915450824358871e+00 6.218154946832538776e+00 -5.559599562917836302e+00 2.752519381092237261e+00
1.599372572783124280e+00 3.677422380349163689e+00 6.384598917113891048e+00 5.809665230767753208e+00
-3.422496399170698034e+00 -4.061370813846650663e+00 6.692713121124600484e+00 4.514296566800950927e+00
-2.912138730524458374e-01 3.716943279651233834e+00 4.986122404309075051e+00 8.663911726474102792e+00
-3.227599921183350151e+00 4.358373730547632441e+00 4.374558398438567863e+00 -3.112533149395351195e+00
6.252726878640679331e+00 4.876312613296116538e+00 -8.370782338795283550e+00 3.993641196495601342e+00
-1.069372241549449098e+00 7.128217798529825622e-01 5.193469584794432770e+00 -4.763894519930810034e+00
6.738802511333029877e+00 -2.757294063570580711e+00 8.481713362762526742e+00 -4.522049693338946241e+00
-1.280125071369514256e+00 9.572199762828903502e+00 -5.868589375910470807e+00 -7.692031789813378317e-01
5.079826067073403451e+00 7.499296940089513974e+00 -4.662647957503403440e+00 2.774455085036828805e+00
-1.808783705153067967e+00 2.009879074005456179e+00 3.672419108563028889e+00 -1.430569248296876150e+00
-1.262736742677947666e+00 2.208129993689033732e+00 3.459687901336020222e+00 7.158787250645482381e+00
1.189664343885573405e+00 1.008301212205609154e+01 -6.691093021797808404e+00 3.847016682959734091e-01
4.874241181668812040e+00 5.061387892490994744e+00 -6.665221614424388541e+00 2.958315482374956229e+00
-2.043297404735864298e+00 -5.965511679519376997e+00 7.107363531623682285e+00 4.542101816300565531e+00
-2.633215596159086402e+00 4.711287652844102780e+00 3.675058921648781229e+00 6.857179405430121832e+00
5.358027316629206283e+00 7.734126733214267801e+00 -5.846831101938458453e+00 3.775078221622941044e+00
4.383235856569623223e+00 6.365803237856719754e+00 -5.082238459484591964e+00 3.672090344123166705e+00
2.156686406194834760e+00 1.117220562879707124e+01 -1.026590235761122116e+01 2.118898980905369545e+00
-2.241656129749913795e+00 -3.989012268350132118e+00 7.039231743122574159e+00 4.444863996303695330e+00
2.511696341530457843e+00 9.796848544794045210e+00 -9.167999313964331876e+00 4.790291556502124237e-02
4.432404664295872543e+00 6.176854175374986156e+00 -5.679461269030255721e+00 3.346861213710619953e+00
-2.961804441443538494e+00 -5.959502419379436589e+00 9.043604085051297758e+00 5.554195402772934997e+00
-9.753176188056498219e-01 2.977801612002394016e+00 7.413733909558371415e+00 7.821508081896053177e+00
1.322484385392738382e+00 1.041315284040242339e+01 -9.773651412168776531e+00 1.969510960672606226e+00
2.270123078212971990e+00 9.697038445085928160e+00 -8.242938169162240314e+00 2.426973880699880848e+00
4.681338672801311773e+00 -6.805827161306266859e+00 3.477672231886928422e+00 6.264494320520073600e+00
3.896875662482061298e+00 8.791235923527777274e+00 -4.073153131378335345e+00 4.515499106325395751e+00
-8.006307939845767052e-01 1.422013853688869123e+00 4.312569886818043763e+00 -2.295374998484834617e+00
7.655705065585060254e+00 -8.648219919767032859e-01 -5.240238498750255047e+00 -4.727787100026039191e+00
-2.426450504387803964e+00 -7.597702942360111678e+00 6.081037475739118570e+00 4.960560699660248929e+00
8.324395618309841538e+00 1.226224869328958356e+00 -6.111232260494397828e+00 -4.291270106099337234e+00
8.408772203513374066e+00 1.709177868984212312e+00 -5.654128700897302018e+00 -4.362630213104109700e+00
-2.207525143161025660e+00 3.222856053890660100e+00 5.416006889710036631e+00 -3.453983900531870876e+00
6.524056691220068593e+00 6.411741209730442037e+00 -5.892167489929580171e+00 4.182484280199548543e+00
-1.301386852338674016e+00 -5.134493646884491724e+00 6.054242447930280768e+00 5.777947642563733943e+00
6.349675066906984355e+00 -7.591407226982504142e+00 2.918228467310322927e+00 6.139030629598031474e+00
2.476165459705658378e+00 4.901888070131628083e+00 -5.621788249018118577e+00 2.511565514437711588e+00
-2.546152566366714165e+00 3.741796965722966384e+00 4.477718338089050398e+00 1.024566867879663334e+01
7.838615995841442086e+00 4.339108833991903724e-01 -4.805098959900032440e+00 -2.910009098895899982e+00
1.744469020762523526e+00 1.125769858022012038e+01 -8.181230319353748115e+00 2.168040683192795637e-01
6.816492319507931441e+00 -8.986985519445772397e+00 2.285397791393400269e+00 4.032823212430836080e+00
-6.479296815590684933e-01 -5.399110350125567948e+00 8.418411742353201888e+00 7.264505111854746566e+00
1.991729681735455282e+00 1.012636584878741708e+01 -1.011933011527182913e+01 1.043418199936470447e+00
-6.445195478281411372e-01 1.537282133660111239e+00 4.963101236898123325e+00 -5.988104102661321981e+00
2.452525042772381259e+00 1.074901784823318351e+01 -8.265115809721303108e+00 2.802803996412748244e-01
8.800479798911560181e+00 -6.751113143623172164e+00 1.173767266745216808e+00 7.375429846609502960e+00
6.262750217615765003e+00 -1.170706844597635410e-03 -4.048226404855704175e+00 -2.526954477819638001e+00
6.561424284000945129e+00 -7.451286114499286128e+00 3.684233251653336261e+00 7.365156712030666242e+00
1.259690673073547318e+00 9.253139283876109289e+00 -7.320466771598643341e+00 2.455589935663048617e+00
4.768815501936859214e+00 7.601699139941656469e+00 -3.991499634515304429e+00 -5.057499567911971639e-02
