2.989999999999999858e+01 1.994999999999999929e+01
2.905000000000000071e+01 1.600000000000000000e+01
2.714999999999999858e+01 1.484999999999999964e+01
2.994999999999999929e+01 9.849999999999999645e+00
2.800000000000000000e+01 9.750000000000000000e+00
3.660000000000000142e+01 1.319999999999999929e+01
4.029999999999999716e+01 1.550000000000000000e+01
4.070000000000000284e+01 1.280000000000000071e+01
4.079999999999999716e+01 1.065000000000000036e+01
4.289999999999999858e+01 1.125000000000000000e+01
4.195000000000000284e+01 8.500000000000000000e+00
4.095000000000000284e+01 2.064999999999999858e+01
3.839999999999999858e+01 2.000000000000000000e+01
3.525000000000000000e+01 2.019999999999999929e+01
3.654999999999999716e+01 2.139999999999999858e+01
3.279999999999999716e+01 1.889999999999999858e+01
3.320000000000000284e+01 1.919999999999999929e+01
3.370000000000000284e+01 1.905000000000000071e+01
3.414999999999999858e+01 1.785000000000000142e+01
3.710000000000000142e+01 1.850000000000000000e+01
3.804999999999999716e+01 1.810000000000000142e+01
3.879999999999999716e+01 1.730000000000000071e+01
3.764999999999999858e+01 1.639999999999999858e+01
3.700000000000000000e+01 1.714999999999999858e+01
3.489999999999999858e+01 1.700000000000000000e+01
3.429999999999999716e+01 1.680000000000000071e+01
3.335000000000000142e+01 1.705000000000000071e+01
3.354999999999999716e+01 1.660000000000000142e+01
3.169999999999999929e+01 1.664999999999999858e+01
3.119999999999999929e+01 1.635000000000000142e+01
3.094999999999999929e+01 1.575000000000000000e+01
3.114999999999999858e+01 1.534999999999999964e+01
3.144999999999999929e+01 1.509999999999999964e+01
3.404999999999999716e+01 1.534999999999999964e+01
3.194999999999999929e+01 1.625000000000000000e+01
1.090000000000000036e+01 2.235000000000000142e+01
1.465000000000000036e+01 2.030000000000000071e+01
8.500000000000000000e+00 1.919999999999999929e+01
1.215000000000000036e+01 2.000000000000000000e+01
1.005000000000000071e+01 1.810000000000000142e+01
1.259999999999999964e+01 1.580000000000000071e+01
1.789999999999999858e+01 2.194999999999999929e+01
1.910000000000000142e+01 1.994999999999999929e+01
1.894999999999999929e+01 1.930000000000000071e+01
1.855000000000000071e+01 1.919999999999999929e+01
1.844999999999999929e+01 1.885000000000000142e+01
2.025000000000000000e+01 1.719999999999999929e+01
2.010000000000000142e+01 1.540000000000000036e+01
1.205000000000000071e+01 1.275000000000000000e+01
1.384999999999999964e+01 1.240000000000000036e+01
1.340000000000000036e+01 1.165000000000000036e+01
1.069999999999999929e+01 1.225000000000000000e+01
1.290000000000000036e+01 9.699999999999999289e+00
1.115000000000000036e+01 9.800000000000000711e+00
1.169999999999999929e+01 9.400000000000000355e+00
1.284999999999999964e+01 9.050000000000000711e+00
1.194999999999999929e+01 8.250000000000000000e+00
1.319999999999999929e+01 7.549999999999999822e+00
1.409999999999999964e+01 6.750000000000000000e+00
1.444999999999999929e+01 6.299999999999999822e+00
1.625000000000000000e+01 6.099999999999999645e+00
1.584999999999999964e+01 1.155000000000000071e+01
1.910000000000000142e+01 1.180000000000000071e+01
1.885000000000000142e+01 1.144999999999999929e+01
1.989999999999999858e+01 1.059999999999999964e+01
1.944999999999999929e+01 9.750000000000000000e+00
1.989999999999999858e+01 9.449999999999999289e+00
2.164999999999999858e+01 9.650000000000000355e+00
2.114999999999999858e+01 9.349999999999999645e+00
1.950000000000000000e+01 9.199999999999999289e+00
2.175000000000000000e+01 8.250000000000000000e+00
2.030000000000000071e+01 8.199999999999999289e+00
1.939999999999999858e+01 8.699999999999999289e+00
1.960000000000000142e+01 8.050000000000000711e+00
1.894999999999999929e+01 8.099999999999999645e+00
2.000000000000000000e+01 7.599999999999999645e+00
2.125000000000000000e+01 7.250000000000000000e+00
1.894999999999999929e+01 6.849999999999999645e+00
1.960000000000000142e+01 6.250000000000000000e+00
1.534999999999999964e+01 9.900000000000000355e+00
1.559999999999999964e+01 9.449999999999999289e+00
